         101           4   20.000000000000000                1
     0.0000000        0.25000000        0.00000000
     0.1000000        0.19720519        0.00133302
     0.2000000        0.15519789        0.00172150
     0.3000000        0.12491559        0.00154909
     0.4000000        0.10157381        0.00129577
     0.5000000        0.08316567        0.00155310
     0.6000000        0.06901011        0.00233727
     0.7000000        0.05834729        0.00280319
     0.8000000        0.05004614        0.00153245
     0.9000000        0.04238890        0.00144085
     1.0000000        0.03502071        0.00127393
     1.1000000        0.03055640        0.00042840
     1.2000000        0.02686561        0.00108850
     1.3000000        0.02434258        0.00131420
     1.4000000        0.02113180        0.00100065
     1.5000000        0.01875207        0.00064653
     1.6000000        0.01693147        0.00068977
     1.7000000        0.01552316        0.00097102
     1.8000000        0.01415789        0.00085192
     1.9000000        0.01337054        0.00095542
     2.0000000        0.01295200        0.00100614
     2.1000000        0.01285146        0.00120489
     2.2000000        0.01150487        0.00111667
     2.3000000        0.01061137        0.00066821
     2.4000000        0.00994434        0.00077197
     2.5000000        0.00889575        0.00053351
     2.6000000        0.00861714        0.00050666
     2.7000000        0.00845700        0.00061173
     2.8000000        0.00794391        0.00053422
     2.9000000        0.00768071        0.00044460
     3.0000000        0.00728917        0.00041122
     3.1000000        0.00725138        0.00045498
     3.2000000        0.00710901        0.00053554
     3.3000000        0.00724788        0.00076025
     3.4000000        0.00690577        0.00065534
     3.5000000        0.00692893        0.00085339
     3.6000000        0.00710289        0.00100408
     3.7000000        0.00692064        0.00087133
     3.8000000        0.00662376        0.00077744
     3.9000000        0.00655147        0.00073597
     4.0000000        0.00655739        0.00086947
     4.1000000        0.00626881        0.00084222
     4.2000000        0.00608383        0.00066417
     4.3000000        0.00585417        0.00049136
     4.4000000        0.00577604        0.00049694
     4.5000000        0.00611598        0.00073337
     4.6000000        0.00632021        0.00093176
     4.7000000        0.00606612        0.00096341
     4.8000000        0.00604905        0.00097492
     4.9000000        0.00631023        0.00161597
     5.0000000        0.00683087        0.00203695
     5.1000000        0.00736053        0.00256536
     5.2000000        0.00734586        0.00281617
     5.3000000        0.01031158        0.00612659
     5.4000000        0.00678626        0.00219898
     5.5000000        0.00648322        0.00185282
     5.6000000        0.00694644        0.00218504
     5.7000000        0.00698183        0.00179827
     5.8000000        0.00867857        0.00267445
     5.9000000        0.00863694        0.00291717
     6.0000000        0.00773660        0.00213848
     6.1000000        0.00802687        0.00225977
     6.2000000        0.00838582        0.00283732
     6.3000000        0.00779810        0.00225603
     6.4000000        0.00703206        0.00150558
     6.5000000        0.00613479        0.00103518
     6.6000000        0.00622878        0.00118921
     6.7000000        0.00581661        0.00106099
     6.8000000        0.00653617        0.00171645
     6.9000000        0.00723748        0.00266742
     7.0000000        0.00628281        0.00196316
     7.1000000        0.00619604        0.00190278
     7.2000000        0.00613823        0.00187610
     7.3000000        0.00620391        0.00202008
     7.4000000        0.00657262        0.00201971
     7.5000000        0.00637945        0.00206740
     7.6000000        0.00653880        0.00214720
     7.7000000        0.00607149        0.00169626
     7.8000000        0.00590485        0.00168003
     7.9000000        0.00600900        0.00188256
     8.0000000        0.00561537        0.00171488
     8.1000000        0.00567482        0.00168675
     8.2000000        0.00543509        0.00190391
     8.3000000        0.00592804        0.00239187
     8.4000000        0.00603597        0.00263032
     8.5000000        0.00587557        0.00253097
     8.6000000        0.00566361        0.00240506
     8.7000000        0.00564465        0.00230580
     8.8000000        0.00513861        0.00167053
     8.9000000        0.00485389        0.00127288
     9.0000000        0.00496791        0.00146080
     9.1000000        0.00473965        0.00117961
     9.2000000        0.00463714        0.00134273
     9.3000000        0.00478125        0.00142754
     9.4000000        0.00494641        0.00139999
     9.5000000        0.00480445        0.00123140
     9.6000000        0.00499638        0.00132851
     9.7000000        0.00507212        0.00155107
     9.8000000        0.00527790        0.00193680
     9.9000000        0.00506997        0.00174415
    10.0000000        0.00498616        0.00177611
