   1.0000000000000000                1          28
              (0.49999999999941608,0.0000000000000000)
  -2.9171931783333798        0.0000000000000000     
       (0.58371810383122158,-9.03657557348131280E-016)
  -2.6927937030769660        0.0000000000000000     
        (0.44410322810419278,1.66292772512816248E-015)
  -2.4683942278205522        0.0000000000000000     
       (0.33028669812066624,-6.03209269978797024E-016)
  -2.2439947525641384        0.0000000000000000     
        (0.28902965997824831,1.89380045668658150E-015)
  -2.0195952773077246        0.0000000000000000     
       (0.19890050956669011,-1.86649386215684253E-015)
  -1.7951958020513106        0.0000000000000000     
        (0.19466574442208656,8.54356393777126660E-016)
  -1.5707963267948968        0.0000000000000000     
       (0.14950530283303787,-8.58770457093820417E-016)
  -1.3463968515384830        0.0000000000000000     
        (0.12573736758998702,6.72860573331916093E-016)
  -1.1219973762820692        0.0000000000000000     
  (9.74845355409151570E-002,-7.40715952341476008E-016)
 -0.89759790102565529        0.0000000000000000     
   (7.87323353553008864E-002,3.47876552272480706E-016)
 -0.67319842576924149        0.0000000000000000     
  (5.74954514665216021E-002,-2.72988970973091937E-016)
 -0.44879895051282764        0.0000000000000000     
   (3.32562606887219225E-002,3.00820907521972497E-016)
 -0.22439947525641382        0.0000000000000000     
  (1.71726676708596447E-002,-1.02829466991336704E-016)
   0.0000000000000000        0.0000000000000000     
               (7.0001272156910446,0.0000000000000000)
  0.22439947525641382        0.0000000000000000     
   (1.71726676708596447E-002,1.02829466991336704E-016)
  0.44879895051282764        0.0000000000000000     
  (3.32562606887219225E-002,-3.00820907521972497E-016)
  0.67319842576924149        0.0000000000000000     
   (5.74954514665216021E-002,2.72988970973091937E-016)
  0.89759790102565529        0.0000000000000000     
  (7.87323353553008864E-002,-3.47876552272480706E-016)
   1.1219973762820692        0.0000000000000000     
   (9.74845355409151570E-002,7.40715952341476008E-016)
   1.3463968515384830        0.0000000000000000     
       (0.12573736758998702,-6.72860573331916093E-016)
   1.5707963267948968        0.0000000000000000     
        (0.14950530283303787,8.58770457093820417E-016)
   1.7951958020513106        0.0000000000000000     
       (0.19466574442208656,-8.54356393777126660E-016)
   2.0195952773077246        0.0000000000000000     
        (0.19890050956669011,1.86649386215684253E-015)
   2.2439947525641384        0.0000000000000000     
       (0.28902965997824831,-1.89380045668658150E-015)
   2.4683942278205522        0.0000000000000000     
        (0.33028669812066624,6.03209269978797024E-016)
   2.6927937030769660        0.0000000000000000     
       (0.44410322810419278,-1.66292772512816248E-015)
   2.9171931783333798        0.0000000000000000     
        (0.58371810383122158,9.03657557348131280E-016)
   3.1415926535897936        0.0000000000000000     
        (1.7996970539557118,-1.59065828280190950E-015)
   1.0000000000000000                1          28
              (0.50000000000064182,0.0000000000000000)
  -2.9171931783333798        0.0000000000000000     
       (0.62312276693059487,-5.73556495356530356E-016)
  -2.6927937030769660        0.0000000000000000     
        (0.44067511056139907,1.41967893282173951E-015)
  -2.4683942278205522        0.0000000000000000     
       (0.29991207342897946,-4.45961033392568075E-016)
  -2.2439947525641384        0.0000000000000000     
        (0.25815868954022836,1.53791856916763343E-015)
  -2.0195952773077246        0.0000000000000000     
       (0.22274132119878617,-1.57324789395575530E-015)
  -1.7951958020513106        0.0000000000000000     
        (0.18335661479745777,6.47110981296233756E-016)
  -1.5707963267948968        0.0000000000000000     
       (0.15253746966823709,-7.77602279623654911E-016)
  -1.3463968515384830        0.0000000000000000     
        (0.11870810857053986,8.12931604411777075E-016)
  -1.1219973762820692        0.0000000000000000     
       (0.11009649615194901,-7.53098955660600150E-016)
 -0.89759790102565529        0.0000000000000000     
   (6.10060316273796227E-002,2.12533188185601224E-016)
 -0.67319842576924149        0.0000000000000000     
  (5.44017025817391184E-002,-6.12650078207703380E-016)
 -0.44879895051282764        0.0000000000000000     
   (3.13509879604882968E-002,1.85568238708883211E-016)
 -0.22439947525641382        0.0000000000000000     
   (1.77873624886039881E-002,5.09908379727786222E-016)
   0.0000000000000000        0.0000000000000000     
               (7.0000133172210308,0.0000000000000000)
  0.22439947525641382        0.0000000000000000     
  (1.77873624886039881E-002,-5.09908379727786222E-016)
  0.44879895051282764        0.0000000000000000     
  (3.13509879604882968E-002,-1.85568238708883211E-016)
  0.67319842576924149        0.0000000000000000     
   (5.44017025817391184E-002,6.12650078207703380E-016)
  0.89759790102565529        0.0000000000000000     
  (6.10060316273796227E-002,-2.12533188185601224E-016)
   1.1219973762820692        0.0000000000000000     
        (0.11009649615194901,7.53098955660600150E-016)
   1.3463968515384830        0.0000000000000000     
       (0.11870810857053986,-8.12931604411777075E-016)
   1.5707963267948968        0.0000000000000000     
        (0.15253746966823709,7.77602279623654911E-016)
   1.7951958020513106        0.0000000000000000     
       (0.18335661479745777,-6.47110981296233756E-016)
   2.0195952773077246        0.0000000000000000     
        (0.22274132119878617,1.57324789395575530E-015)
   2.2439947525641384        0.0000000000000000     
       (0.25815868954022836,-1.53791856916763343E-015)
   2.4683942278205522        0.0000000000000000     
        (0.29991207342897946,4.45961033392568075E-016)
   2.6927937030769660        0.0000000000000000     
       (0.44067511056139907,-1.41967893282173951E-015)
   2.9171931783333798        0.0000000000000000     
        (0.62312276693059487,5.73556495356530356E-016)
   3.1415926535897936        0.0000000000000000     
        (1.8522772117841815,-1.55520455924730923E-015)
   1.0000000000000000                1          28
              (0.49999999999997741,0.0000000000000000)
  -2.9171931783333798        0.0000000000000000     
       (0.66504480806755206,-6.11809681177197737E-016)
  -2.6927937030769660        0.0000000000000000     
        (0.43034110851978036,1.49695444818825450E-015)
  -2.4683942278205522        0.0000000000000000     
       (0.32901898536116403,-6.48591789307289433E-016)
  -2.2439947525641384        0.0000000000000000     
        (0.26467402154207792,1.64475885878086195E-015)
  -2.0195952773077246        0.0000000000000000     
       (0.22352919735891633,-1.48868629469052613E-015)
  -1.7951958020513106        0.0000000000000000     
        (0.18836029477789898,5.92742649039911569E-016)
  -1.5707963267948968        0.0000000000000000     
       (0.15195568679290000,-5.31832058488874843E-016)
  -1.3463968515384830        0.0000000000000000     
        (0.12745940229739786,8.83290019941467702E-016)
  -1.1219973762820692        0.0000000000000000     
       (0.10162453644358964,-1.20302732354762743E-015)
 -0.89759790102565529        0.0000000000000000     
   (7.06946894626735572E-002,6.13577902984286331E-016)
 -0.67319842576924149        0.0000000000000000     
  (5.45629288540961446E-002,-7.27130930588631219E-016)
 -0.44879895051282764        0.0000000000000000     
  (3.40126654261736147E-002,-1.04176269721873096E-017)
 -0.22439947525641382        0.0000000000000000     
  (1.64774889641520345E-002,-1.61324640207679840E-016)
   0.0000000000000000        0.0000000000000000     
               (7.0000967995589418,0.0000000000000000)
  0.22439947525641382        0.0000000000000000     
   (1.64774889641520345E-002,1.61324640207679840E-016)
  0.44879895051282764        0.0000000000000000     
   (3.40126654261736147E-002,1.04176269721873096E-017)
  0.67319842576924149        0.0000000000000000     
   (5.45629288540961446E-002,7.27130930588631219E-016)
  0.89759790102565529        0.0000000000000000     
  (7.06946894626735572E-002,-6.13577902984286331E-016)
   1.1219973762820692        0.0000000000000000     
        (0.10162453644358964,1.20302732354762743E-015)
   1.3463968515384830        0.0000000000000000     
       (0.12745940229739786,-8.83290019941467702E-016)
   1.5707963267948968        0.0000000000000000     
        (0.15195568679290000,5.31832058488874843E-016)
   1.7951958020513106        0.0000000000000000     
       (0.18836029477789898,-5.92742649039911569E-016)
   2.0195952773077246        0.0000000000000000     
        (0.22352919735891633,1.48868629469052613E-015)
   2.2439947525641384        0.0000000000000000     
       (0.26467402154207792,-1.64475885878086195E-015)
   2.4683942278205522        0.0000000000000000     
        (0.32901898536116403,6.48591789307289433E-016)
   2.6927937030769660        0.0000000000000000     
       (0.43034110851978036,-1.49695444818825450E-015)
   2.9171931783333798        0.0000000000000000     
        (0.66504480806755206,6.11809681177197737E-016)
   3.1415926535897936        0.0000000000000000     
        (1.6843915727036838,-1.50775332682781151E-015)
   1.0000000000000000                1          28
              (0.49999999999985778,0.0000000000000000)
  -2.9171931783333798        0.0000000000000000     
       (0.62984014540869915,-5.08000988617334689E-016)
  -2.6927937030769660        0.0000000000000000     
        (0.45323953369158532,1.47704311728697508E-015)
  -2.4683942278205522        0.0000000000000000     
       (0.33985795049893669,-6.97347998098421350E-016)
  -2.2439947525641384        0.0000000000000000     
        (0.26686947633728103,1.43641535738142240E-015)
  -2.0195952773077246        0.0000000000000000     
       (0.21044127148281622,-1.56677460219920278E-015)
  -1.7951958020513106        0.0000000000000000     
        (0.18757294206256464,8.98101785473164504E-016)
  -1.5707963267948968        0.0000000000000000     
       (0.14597283375106621,-7.74695767519480643E-016)
  -1.3463968515384830        0.0000000000000000     
        (0.12304196862413760,6.83010407412229713E-016)
  -1.1219973762820692        0.0000000000000000     
  (9.39344741640301545E-002,-7.18207678690711199E-016)
 -0.89759790102565529        0.0000000000000000     
   (7.71170600640131293E-002,4.64911221659798816E-016)
 -0.67319842576924149        0.0000000000000000     
  (5.25948729844261734E-002,-3.73225861552547887E-016)
 -0.44879895051282764        0.0000000000000000     
   (3.53456794371673419E-002,1.69014295137033299E-016)
 -0.22439947525641382        0.0000000000000000     
   (1.55057353102328044E-002,1.53397786279731149E-016)
   0.0000000000000000        0.0000000000000000     
               (7.0001895505921494,0.0000000000000000)
  0.22439947525641382        0.0000000000000000     
  (1.55057353102328044E-002,-1.53397786279731149E-016)
  0.44879895051282764        0.0000000000000000     
  (3.53456794371673419E-002,-1.69014295137033299E-016)
  0.67319842576924149        0.0000000000000000     
   (5.25948729844261734E-002,3.73225861552547887E-016)
  0.89759790102565529        0.0000000000000000     
  (7.71170600640131293E-002,-4.64911221659798816E-016)
   1.1219973762820692        0.0000000000000000     
   (9.39344741640301545E-002,7.18207678690711199E-016)
   1.3463968515384830        0.0000000000000000     
       (0.12304196862413760,-6.83010407412229713E-016)
   1.5707963267948968        0.0000000000000000     
        (0.14597283375106621,7.74695767519480643E-016)
   1.7951958020513106        0.0000000000000000     
       (0.18757294206256464,-8.98101785473164504E-016)
   2.0195952773077246        0.0000000000000000     
        (0.21044127148281622,1.56677460219920278E-015)
   2.2439947525641384        0.0000000000000000     
       (0.26686947633728103,-1.43641535738142240E-015)
   2.4683942278205522        0.0000000000000000     
        (0.33985795049893669,6.97347998098421350E-016)
   2.6927937030769660        0.0000000000000000     
       (0.45323953369158532,-1.47704311728697508E-015)
   2.9171931783333798        0.0000000000000000     
        (0.62984014540869915,5.08000988617334689E-016)
   3.1415926535897936        0.0000000000000000     
        (1.7371425617699590,-1.54939153503896109E-015)
   1.0000000000000000                1          28
              (0.49999999999890682,0.0000000000000000)
  -2.9171931783333798        0.0000000000000000     
       (0.59307166867761507,-4.11865577260713769E-016)
  -2.6927937030769660        0.0000000000000000     
        (0.44761191478257217,1.59220183653450977E-015)
  -2.4683942278205522        0.0000000000000000     
       (0.31933837968862150,-3.08665543436532224E-016)
  -2.2439947525641384        0.0000000000000000     
        (0.26655401354807623,1.55244311840319433E-015)
  -2.0195952773077246        0.0000000000000000     
       (0.22223970947460808,-1.61979556841522737E-015)
  -1.7951958020513106        0.0000000000000000     
        (0.17459199421570512,8.75510458706611681E-016)
  -1.5707963267948968        0.0000000000000000     
       (0.15629337031375107,-9.42862908718644722E-016)
  -1.3463968515384830        0.0000000000000000     
        (0.12080429959892421,9.78494700884244831E-016)
  -1.1219973762820692        0.0000000000000000     
       (0.10484655739714466,-9.82405835203412008E-016)
 -0.89759790102565529        0.0000000000000000     
   (7.25620262800584920E-002,4.06034571506872811E-016)
 -0.67319842576924149        0.0000000000000000     
  (5.34439233453245788E-002,-3.94085376902823326E-016)
 -0.44879895051282764        0.0000000000000000     
   (3.19164721762978318E-002,2.82318930369519030E-016)
 -0.22439947525641382        0.0000000000000000     
  (1.40767485562397956E-002,-1.57019794107976030E-016)
   0.0000000000000000        0.0000000000000000     
               (6.9999719429541312,0.0000000000000000)
  0.22439947525641382        0.0000000000000000     
   (1.40767485562397956E-002,1.57019794107976030E-016)
  0.44879895051282764        0.0000000000000000     
  (3.19164721762978318E-002,-2.82318930369519030E-016)
  0.67319842576924149        0.0000000000000000     
   (5.34439233453245788E-002,3.94085376902823326E-016)
  0.89759790102565529        0.0000000000000000     
  (7.25620262800584920E-002,-4.06034571506872811E-016)
   1.1219973762820692        0.0000000000000000     
        (0.10484655739714466,9.82405835203412008E-016)
   1.3463968515384830        0.0000000000000000     
       (0.12080429959892421,-9.78494700884244831E-016)
   1.5707963267948968        0.0000000000000000     
        (0.15629337031375107,9.42862908718644722E-016)
   1.7951958020513106        0.0000000000000000     
       (0.17459199421570512,-8.75510458706611681E-016)
   2.0195952773077246        0.0000000000000000     
        (0.22223970947460808,1.61979556841522737E-015)
   2.2439947525641384        0.0000000000000000     
       (0.26655401354807623,-1.55244311840319433E-015)
   2.4683942278205522        0.0000000000000000     
        (0.31933837968862150,3.08665543436532224E-016)
   2.6927937030769660        0.0000000000000000     
       (0.44761191478257217,-1.59220183653450977E-015)
   2.9171931783333798        0.0000000000000000     
        (0.59307166867761507,4.11865577260713769E-016)
   3.1415926535897936        0.0000000000000000     
        (1.8453259009053893,-1.56851923897295816E-015)
   1.0000000000000000                1          28
              (0.50000000000028422,0.0000000000000000)
  -2.9171931783333798        0.0000000000000000     
       (0.62962147523320167,-5.68916141462351483E-016)
  -2.6927937030769660        0.0000000000000000     
        (0.42863442110653366,1.73247287371434388E-015)
  -2.4683942278205522        0.0000000000000000     
       (0.34895842457608861,-5.58702823750143939E-016)
  -2.2439947525641384        0.0000000000000000     
        (0.27938271468651737,1.40505297753780624E-015)
  -2.0195952773077246        0.0000000000000000     
       (0.22070255812937770,-1.69336240376120807E-015)
  -1.7951958020513106        0.0000000000000000     
        (0.18503132170354200,9.16100576877421045E-016)
  -1.5707963267948968        0.0000000000000000     
       (0.15508273481235191,-7.92041451097193188E-016)
  -1.3463968515384830        0.0000000000000000     
        (0.12298665019748607,6.36261667470532401E-016)
  -1.1219973762820692        0.0000000000000000     
  (9.83187495705479114E-002,-1.01973306723323362E-015)
 -0.89759790102565529        0.0000000000000000     
   (7.62625078156413672E-002,5.84932919824442642E-016)
 -0.67319842576924149        0.0000000000000000     
  (5.61596502688063923E-002,-3.18130833735266200E-016)
 -0.44879895051282764        0.0000000000000000     
   (3.48529609173893820E-002,1.81444157449705692E-016)
 -0.22439947525641382        0.0000000000000000     
  (1.66349018483814698E-002,-8.27919142632445760E-017)
   0.0000000000000000        0.0000000000000000     
               (6.9996864125782645,0.0000000000000000)
  0.22439947525641382        0.0000000000000000     
   (1.66349018483814698E-002,8.27919142632445760E-017)
  0.44879895051282764        0.0000000000000000     
  (3.48529609173893820E-002,-1.81444157449705692E-016)
  0.67319842576924149        0.0000000000000000     
   (5.61596502688063923E-002,3.18130833735266200E-016)
  0.89759790102565529        0.0000000000000000     
  (7.62625078156413672E-002,-5.84932919824442642E-016)
   1.1219973762820692        0.0000000000000000     
   (9.83187495705479114E-002,1.01973306723323362E-015)
   1.3463968515384830        0.0000000000000000     
       (0.12298665019748607,-6.36261667470532401E-016)
   1.5707963267948968        0.0000000000000000     
        (0.15508273481235191,7.92041451097193188E-016)
   1.7951958020513106        0.0000000000000000     
       (0.18503132170354200,-9.16100576877421045E-016)
   2.0195952773077246        0.0000000000000000     
        (0.22070255812937770,1.69336240376120807E-015)
   2.2439947525641384        0.0000000000000000     
       (0.27938271468651737,-1.40505297753780624E-015)
   2.4683942278205522        0.0000000000000000     
        (0.34895842457608861,5.58702823750143939E-016)
   2.6927937030769660        0.0000000000000000     
       (0.42863442110653366,-1.73247287371434388E-015)
   2.9171931783333798        0.0000000000000000     
        (0.62962147523320167,5.68916141462351483E-016)
   3.1415926535897936        0.0000000000000000     
        (1.6950554456979667,-1.52064158650151992E-015)
   1.0000000000000000                1          28
              (0.50000000000007216,0.0000000000000000)
  -2.9171931783333798        0.0000000000000000     
       (0.66853700060901877,-4.66596705718798353E-016)
  -2.6927937030769660        0.0000000000000000     
        (0.44918905684537436,1.60781133442243188E-015)
  -2.4683942278205522        0.0000000000000000     
       (0.34151488179004108,-5.59572052804514178E-016)
  -2.2439947525641384        0.0000000000000000     
        (0.25792210155354550,1.50253256996794140E-015)
  -2.0195952773077246        0.0000000000000000     
       (0.20264036240775568,-1.28335973404692257E-015)
  -1.7951958020513106        0.0000000000000000     
        (0.16579633700174948,6.31628675509417690E-016)
  -1.5707963267948968        0.0000000000000000     
       (0.14710513197968014,-6.02779786666997046E-016)
  -1.3463968515384830        0.0000000000000000     
        (0.11904647504917115,7.95975502749607611E-016)
  -1.1219973762820692        0.0000000000000000     
  (9.27419832266520167E-002,-9.89171218832218472E-016)
 -0.89759790102565529        0.0000000000000000     
   (7.44750489083602224E-002,2.68233350985059251E-016)
 -0.67319842576924149        0.0000000000000000     
  (5.35198018086837923E-002,-3.50406764605154260E-016)
 -0.44879895051282764        0.0000000000000000     
   (3.52626120303000598E-002,7.20948845651540950E-016)
 -0.22439947525641382        0.0000000000000000     
   (1.66606287198268269E-002,5.18941291778590927E-017)
   0.0000000000000000        0.0000000000000000     
               (7.0000964443886247,0.0000000000000000)
  0.22439947525641382        0.0000000000000000     
  (1.66606287198268269E-002,-5.18941291778590927E-017)
  0.44879895051282764        0.0000000000000000     
  (3.52626120303000598E-002,-7.20948845651540950E-016)
  0.67319842576924149        0.0000000000000000     
   (5.35198018086837923E-002,3.50406764605154260E-016)
  0.89759790102565529        0.0000000000000000     
  (7.44750489083602224E-002,-2.68233350985059251E-016)
   1.1219973762820692        0.0000000000000000     
   (9.27419832266520167E-002,9.89171218832218472E-016)
   1.3463968515384830        0.0000000000000000     
       (0.11904647504917115,-7.95975502749607611E-016)
   1.5707963267948968        0.0000000000000000     
        (0.14710513197968014,6.02779786666997046E-016)
   1.7951958020513106        0.0000000000000000     
       (0.16579633700174948,-6.31628675509417690E-016)
   2.0195952773077246        0.0000000000000000     
        (0.20264036240775568,1.28335973404692257E-015)
   2.2439947525641384        0.0000000000000000     
       (0.25792210155354550,-1.50253256996794140E-015)
   2.4683942278205522        0.0000000000000000     
        (0.34151488179004108,5.59572052804514178E-016)
   2.6927937030769660        0.0000000000000000     
       (0.44918905684537436,-1.60781133442243188E-015)
   2.9171931783333798        0.0000000000000000     
        (0.66853700060901877,4.66596705718798353E-016)
   3.1415926535897936        0.0000000000000000     
        (1.7510807117530838,-1.52276615179832400E-015)
