   -2.917193      0.000000        1.15901903        0.79390479        0.32066967        1.10569296
   -2.692794      0.000000        0.18543385        0.33824712       -0.50994831        0.60993575
   -2.468394      0.000000        1.23509892        0.74637473        0.08906264        0.25888512
   -2.243995      0.000000        0.03483664        0.25500115        0.43623270        0.38220835
   -2.019595      0.000000       -0.24450681        0.29507891       -0.03125592        0.13942781
   -1.795196      0.000000        0.06438493        0.16040107        0.11988782        0.22956800
   -1.570796      0.000000       -0.14478328        0.15728487        0.09905932        0.11031334
   -1.346397      0.000000       -0.08691243        0.10464063        0.02995325        0.13091441
   -1.121997      0.000000        0.21601548        0.09513069       -0.10943691        0.04588313
   -0.897598      0.000000        0.08196254        0.04722860       -0.13109957        0.10631953
   -0.673198      0.000000        0.02646502        0.03129176       -0.04005199        0.01537253
   -0.448799      0.000000        0.05418324        0.01464908       -0.03352751        0.02592759
   -0.224399      0.000000        0.04979062        0.00909961       -0.00377241        0.01076155
    0.000000      0.000000       -0.00154078        0.00276328        0.00000000        0.00000000
    0.224399      0.000000        0.04979062        0.00909961        0.00377241        0.01076155
    0.448799      0.000000        0.05418324        0.01464908        0.03352751        0.02592759
    0.673198      0.000000        0.02646502        0.03129176        0.04005199        0.01537253
    0.897598      0.000000        0.08196254        0.04722860        0.13109957        0.10631953
    1.121997      0.000000        0.21601548        0.09513069        0.10943691        0.04588313
    1.346397      0.000000       -0.08691243        0.10464063       -0.02995325        0.13091441
    1.570796      0.000000       -0.14478328        0.15728487       -0.09905932        0.11031334
    1.795196      0.000000        0.06438493        0.16040107       -0.11988782        0.22956800
    2.019595      0.000000       -0.24450681        0.29507891        0.03125592        0.13942781
    2.243995      0.000000        0.03483664        0.25500115       -0.43623270        0.38220835
    2.468394      0.000000        1.23509892        0.74637473       -0.08906264        0.25888512
    2.692794      0.000000        0.18543385        0.33824712        0.50994831        0.60993575
    2.917193      0.000000        1.15901903        0.79390479       -0.32066967        1.10569296
    3.141593      0.000000       18.71917461        6.30358064       -0.00000000        0.00000000
