   -2.917193      0.000000
  1    1        0.03566429        0.00036459       -0.00053720        0.00036826
   -2.692794      0.000000
  1    1        0.04161228        0.00045450       -0.00052108        0.00042295
   -2.468394      0.000000
  1    1        0.05164958        0.00053031        0.00039266        0.00030225
   -2.243995      0.000000
  1    1        0.06976210        0.00129120        0.00030637        0.00104165
   -2.019595      0.000000
  1    1        0.10301237        0.00055129        0.00116256        0.00071264
   -1.795196      0.000000
  1    1        0.16392109        0.00254754        0.00129774        0.00063113
   -1.570796      0.000000
  1    1        0.50000000        0.00000000       -0.00000000        0.00000000
   -1.346397      0.000000
  1    1        0.83607891        0.00254754       -0.00129774        0.00063113
   -1.121997      0.000000
  1    1        0.89698763        0.00055129       -0.00116256        0.00071264
   -0.897598      0.000000
  1    1        0.93023790        0.00129120       -0.00030637        0.00104165
   -0.673198      0.000000
  1    1        0.94835042        0.00053031       -0.00039266        0.00030225
   -0.448799      0.000000
  1    1        0.95838772        0.00045450        0.00052108        0.00042295
   -0.224399      0.000000
  1    1        0.96433571        0.00036459        0.00053720        0.00036826
    0.000000      0.000000
  1    1        0.96590099        0.00053319        0.00000000        0.00000000
    0.224399      0.000000
  1    1        0.96433571        0.00036459       -0.00053720        0.00036826
    0.448799      0.000000
  1    1        0.95838772        0.00045450       -0.00052108        0.00042295
    0.673198      0.000000
  1    1        0.94835042        0.00053031        0.00039266        0.00030225
    0.897598      0.000000
  1    1        0.93023790        0.00129120        0.00030637        0.00104165
    1.121997      0.000000
  1    1        0.89698763        0.00055129        0.00116256        0.00071264
    1.346397      0.000000
  1    1        0.83607891        0.00254754        0.00129774        0.00063113
    1.570796      0.000000
  1    1        0.50000000        0.00000000        0.00000000        0.00000000
    1.795196      0.000000
  1    1        0.16392109        0.00254754       -0.00129774        0.00063113
    2.019595      0.000000
  1    1        0.10301237        0.00055129       -0.00116256        0.00071264
    2.243995      0.000000
  1    1        0.06976210        0.00129120       -0.00030637        0.00104165
    2.468394      0.000000
  1    1        0.05164958        0.00053031       -0.00039266        0.00030225
    2.692794      0.000000
  1    1        0.04161228        0.00045450        0.00052108        0.00042295
    2.917193      0.000000
  1    1        0.03566429        0.00036459        0.00053720        0.00036826
    3.141593      0.000000
  1    1        0.03409901        0.00053319       -0.00000000        0.00000000
