   -2.917193      0.000000        0.27753415        0.00401523       -0.00494759        0.01210880
   -2.692794      0.000000        0.28110776        0.01855440        0.00092205        0.00838542
   -2.468394      0.000000        0.34030448        0.02429431       -0.00671560        0.01416550
   -2.243995      0.000000        0.37552734        0.02010427       -0.00577516        0.01794169
   -2.019595      0.000000        0.51663166        0.02839663       -0.03108905        0.02023542
   -1.795196      0.000000        0.84333510        0.04149573        0.03109697        0.05041547
   -1.570796      0.000000        1.84455791        0.09539076        0.07212237        0.07715594
   -1.346397      0.000000        0.84138778        0.05906039        0.00395172        0.03461732
   -1.121997      0.000000        0.55030321        0.02502700       -0.01026849        0.02141438
   -0.897598      0.000000        0.42015890        0.02176199       -0.02439110        0.01886717
   -0.673198      0.000000        0.35511375        0.00781157        0.00541139        0.02108997
   -0.448799      0.000000        0.29521257        0.01748687       -0.00631160        0.01153885
   -0.224399      0.000000        0.28808697        0.01966718        0.00587294        0.01530789
    0.000000      0.000000        0.28690006        0.02011341        0.00000000        0.00000000
    0.224399      0.000000        0.28808697        0.01966718       -0.00587294        0.01530789
    0.448799      0.000000        0.29521257        0.01748687        0.00631160        0.01153885
    0.673198      0.000000        0.35511375        0.00781157       -0.00541139        0.02108997
    0.897598      0.000000        0.42015890        0.02176199        0.02439110        0.01886717
    1.121997      0.000000        0.55030321        0.02502700        0.01026849        0.02141438
    1.346397      0.000000        0.84138778        0.05906039       -0.00395172        0.03461732
    1.570796      0.000000        1.84455791        0.09539076       -0.07212237        0.07715594
    1.795196      0.000000        0.84333510        0.04149573       -0.03109697        0.05041547
    2.019595      0.000000        0.51663166        0.02839663        0.03108905        0.02023542
    2.243995      0.000000        0.37552734        0.02010427        0.00577516        0.01794169
    2.468394      0.000000        0.34030448        0.02429431        0.00671560        0.01416550
    2.692794      0.000000        0.28110776        0.01855440       -0.00092205        0.00838542
    2.917193      0.000000        0.27753415        0.00401523        0.00494759        0.01210880
    3.141593      0.000000        0.26344576        0.02448777        0.00000000        0.00000000
