   1.0000000000000000                1          28
               (0.0000000000000000,0.0000000000000000)
  -2.9171931783333798        0.0000000000000000     
  (3.65290246071354185E-002,-8.63831344291983937E-004)
  -2.6927937030769660        0.0000000000000000     
  (4.01967996730833235E-002,-6.65087516213150320E-004)
  -2.4683942278205522        0.0000000000000000     
  (5.21622290646241576E-002,-6.63640853843161169E-004)
  -2.2439947525641384        0.0000000000000000     
  (7.04534553721787166E-002,-1.07617898060361297E-003)
  -2.0195952773077246        0.0000000000000000     
   (9.71209057265679937E-002,1.43629267768532570E-004)
  -1.7951958020513106        0.0000000000000000     
       (0.15905469590510096,-1.83630671332297144E-003)
  -1.5707963267948968        0.0000000000000000     
        (0.49999999977111720,3.94685978344355807E-010)
  -1.3463968515384830        0.0000000000000000     
        (0.84094530377551602,1.83630669546872927E-003)
  -1.1219973762820692        0.0000000000000000     
       (0.90287909479924366,-1.43629286756020232E-004)
 -0.89759790102565529        0.0000000000000000     
        (0.92954654461624719,1.07617882278294107E-003)
 -0.67319842576924149        0.0000000000000000     
        (0.94783777101393840,6.63640677530619020E-004)
 -0.44879895051282764        0.0000000000000000     
        (0.95980320025317667,6.65087363378564296E-004)
 -0.22439947525641382        0.0000000000000000     
        (0.96347097526881609,8.63831359085912931E-004)
   0.0000000000000000        0.0000000000000000     
              (0.96600897638383965,0.0000000000000000)
  0.22439947525641382        0.0000000000000000     
       (0.96347097526881609,-8.63831359085912931E-004)
  0.44879895051282764        0.0000000000000000     
       (0.95980320025317667,-6.65087363378564296E-004)
  0.67319842576924149        0.0000000000000000     
       (0.94783777101393840,-6.63640677530619020E-004)
  0.89759790102565529        0.0000000000000000     
       (0.92954654461624719,-1.07617882278294107E-003)
   1.1219973762820692        0.0000000000000000     
        (0.90287909479924366,1.43629286756020232E-004)
   1.3463968515384830        0.0000000000000000     
       (0.84094530377551602,-1.83630669546872927E-003)
   1.5707963267948968        0.0000000000000000     
       (0.49999999977111720,-3.94685978344355807E-010)
   1.7951958020513106        0.0000000000000000     
        (0.15905469590510096,1.83630671332297144E-003)
   2.0195952773077246        0.0000000000000000     
  (9.71209057265679937E-002,-1.43629267768532570E-004)
   2.2439947525641384        0.0000000000000000     
   (7.04534553721787166E-002,1.07617898060361297E-003)
   2.4683942278205522        0.0000000000000000     
   (5.21622290646241576E-002,6.63640853843161169E-004)
   2.6927937030769660        0.0000000000000000     
   (4.01967996730833235E-002,6.65087516213150320E-004)
   2.9171931783333798        0.0000000000000000     
   (3.65290246071354185E-002,8.63831344291983937E-004)
   3.1415926535897936        0.0000000000000000     
  (3.39910239063165379E-002,-2.58095273352155719E-019)
   1.0000000000000000                1          28
               (0.0000000000000000,0.0000000000000000)
  -2.9171931783333798        0.0000000000000000     
   (3.41523624563052006E-002,9.59979842001006806E-004)
  -2.6927937030769660        0.0000000000000000     
   (4.06834353278392943E-002,1.52981635704841929E-003)
  -2.4683942278205522        0.0000000000000000     
   (5.13584798206563956E-002,4.34406697681169267E-004)
  -2.2439947525641384        0.0000000000000000     
   (6.75561840917932033E-002,2.89141749979726984E-003)
  -2.0195952773077246        0.0000000000000000     
  (9.98054397800335752E-002,-1.34139727746939298E-003)
  -1.7951958020513106        0.0000000000000000     
       (0.16051166460070174,-1.74306666729019243E-003)
  -1.5707963267948968        0.0000000000000000     
        (0.50000000036585002,1.61619915367561391E-010)
  -1.3463968515384830        0.0000000000000000     
        (0.83948833533908984,1.74306686791091819E-003)
  -1.1219973762820692        0.0000000000000000     
        (0.90019456057442393,1.34139708182492751E-003)
 -0.89759790102565529        0.0000000000000000     
       (0.93244381561459777,-2.89141792907499778E-003)
 -0.67319842576924149        0.0000000000000000     
       (0.94864152002967761,-4.34406668366940163E-004)
 -0.44879895051282764        0.0000000000000000     
       (0.95931656473161708,-1.52981628197499959E-003)
 -0.22439947525641382        0.0000000000000000     
       (0.96584763736827983,-9.59980084658710198E-004)
   0.0000000000000000        0.0000000000000000     
              (0.96610229180278873,0.0000000000000000)
  0.22439947525641382        0.0000000000000000     
        (0.96584763736827983,9.59980084658710198E-004)
  0.44879895051282764        0.0000000000000000     
        (0.95931656473161708,1.52981628197499959E-003)
  0.67319842576924149        0.0000000000000000     
        (0.94864152002967761,4.34406668366940163E-004)
  0.89759790102565529        0.0000000000000000     
        (0.93244381561459777,2.89141792907499778E-003)
   1.1219973762820692        0.0000000000000000     
       (0.90019456057442393,-1.34139708182492751E-003)
   1.3463968515384830        0.0000000000000000     
       (0.83948833533908984,-1.74306686791091819E-003)
   1.5707963267948968        0.0000000000000000     
       (0.50000000036585002,-1.61619915367561391E-010)
   1.7951958020513106        0.0000000000000000     
        (0.16051166460070174,1.74306666729019243E-003)
   2.0195952773077246        0.0000000000000000     
   (9.98054397800335752E-002,1.34139727746939298E-003)
   2.2439947525641384        0.0000000000000000     
  (6.75561840917932033E-002,-2.89141749979726984E-003)
   2.4683942278205522        0.0000000000000000     
  (5.13584798206563956E-002,-4.34406697681169267E-004)
   2.6927937030769660        0.0000000000000000     
  (4.06834353278392943E-002,-1.52981635704841929E-003)
   2.9171931783333798        0.0000000000000000     
  (3.41523624563052006E-002,-9.59979842001006806E-004)
   3.1415926535897936        0.0000000000000000     
  (3.38977080134503922E-002,-3.38723966580928040E-018)
   1.0000000000000000                1          28
               (0.0000000000000000,0.0000000000000000)
  -2.9171931783333798        0.0000000000000000     
   (3.56549607074637953E-002,6.84501724305799594E-004)
  -2.6927937030769660        0.0000000000000000     
  (4.08315821790187286E-002,-9.14857874621395449E-005)
  -2.4683942278205522        0.0000000000000000     
   (5.07639987805808685E-002,3.54045674473470336E-004)
  -2.2439947525641384        0.0000000000000000     
  (7.02141235290010685E-002,-2.38125141273277724E-003)
  -2.0195952773077246        0.0000000000000000     
       (0.10318775779820952,-2.92524776647992777E-004)
  -1.7951958020513106        0.0000000000000000     
        (0.16693952312988344,1.96570586848527663E-003)
  -1.5707963267948968        0.0000000000000000     
       (0.49999999997782518,-3.01777420017420825E-011)
  -1.3463968515384830        0.0000000000000000     
       (0.83306047699613384,-1.96570594344874262E-003)
  -1.1219973762820692        0.0000000000000000     
        (0.89681224238630308,2.92524560049363391E-004)
 -0.89759790102565529        0.0000000000000000     
        (0.92978587653087741,2.38125120932338981E-003)
 -0.67319842576924149        0.0000000000000000     
       (0.94923600116895490,-3.54045813209145845E-004)
 -0.44879895051282764        0.0000000000000000     
        (0.95916841776672812,9.14858181515037892E-005)
 -0.22439947525641382        0.0000000000000000     
       (0.96434503916427106,-6.84501639674124011E-004)
   0.0000000000000000        0.0000000000000000     
              (0.96640944445092214,0.0000000000000000)
  0.22439947525641382        0.0000000000000000     
        (0.96434503916427106,6.84501639674124011E-004)
  0.44879895051282764        0.0000000000000000     
       (0.95916841776672812,-9.14858181515037892E-005)
  0.67319842576924149        0.0000000000000000     
        (0.94923600116895490,3.54045813209145845E-004)
  0.89759790102565529        0.0000000000000000     
       (0.92978587653087741,-2.38125120932338981E-003)
   1.1219973762820692        0.0000000000000000     
       (0.89681224238630308,-2.92524560049363391E-004)
   1.3463968515384830        0.0000000000000000     
        (0.83306047699613384,1.96570594344874262E-003)
   1.5707963267948968        0.0000000000000000     
        (0.49999999997782518,3.01777420017420825E-011)
   1.7951958020513106        0.0000000000000000     
       (0.16693952312988344,-1.96570586848527663E-003)
   2.0195952773077246        0.0000000000000000     
        (0.10318775779820952,2.92524776647992777E-004)
   2.2439947525641384        0.0000000000000000     
   (7.02141235290010685E-002,2.38125141273277724E-003)
   2.4683942278205522        0.0000000000000000     
  (5.07639987805808685E-002,-3.54045674473470336E-004)
   2.6927937030769660        0.0000000000000000     
   (4.08315821790187286E-002,9.14857874621395449E-005)
   2.9171931783333798        0.0000000000000000     
  (3.56549607074637953E-002,-6.84501724305799594E-004)
   3.1415926535897936        0.0000000000000000     
   (3.35905553179423055E-002,4.78869948869079920E-018)
   1.0000000000000000                1          28
               (0.0000000000000000,0.0000000000000000)
  -2.9171931783333798        0.0000000000000000     
  (3.52834538380275287E-002,-6.94453929651443974E-004)
  -2.6927937030769660        0.0000000000000000     
   (4.13802484316103114E-002,2.36908245555533808E-004)
  -2.4683942278205522        0.0000000000000000     
   (5.32585286079866188E-002,9.01396834892897059E-004)
  -2.2439947525641384        0.0000000000000000     
   (7.23302364158606020E-002,1.55079626270230664E-003)
  -2.0195952773077246        0.0000000000000000     
        (0.10483205283563607,1.06203585320942089E-003)
  -1.7951958020513106        0.0000000000000000     
        (0.15994149939044419,1.02214936134776744E-003)
  -1.5707963267948968        0.0000000000000000     
       (0.50000000055209726,-1.84069202340581648E-010)
  -1.3463968515384830        0.0000000000000000     
       (0.84005850068677068,-1.02214909225673608E-003)
  -1.1219973762820692        0.0000000000000000     
       (0.89516794667004862,-1.06203601310475332E-003)
 -0.89759790102565529        0.0000000000000000     
       (0.92766976354011454,-1.55079604075286344E-003)
 -0.67319842576924149        0.0000000000000000     
       (0.94674147171685819,-9.01396432205115393E-004)
 -0.44879895051282764        0.0000000000000000     
       (0.95861975175394432,-2.36907975308170638E-004)
 -0.22439947525641382        0.0000000000000000     
        (0.96471654604890844,6.94453964568642231E-004)
   0.0000000000000000        0.0000000000000000     
              (0.96485203491174132,0.0000000000000000)
  0.22439947525641382        0.0000000000000000     
       (0.96471654604890844,-6.94453964568642231E-004)
  0.44879895051282764        0.0000000000000000     
        (0.95861975175394432,2.36907975308170638E-004)
  0.67319842576924149        0.0000000000000000     
        (0.94674147171685819,9.01396432205115393E-004)
  0.89759790102565529        0.0000000000000000     
        (0.92766976354011454,1.55079604075286344E-003)
   1.1219973762820692        0.0000000000000000     
        (0.89516794667004862,1.06203601310475332E-003)
   1.3463968515384830        0.0000000000000000     
        (0.84005850068677068,1.02214909225673608E-003)
   1.5707963267948968        0.0000000000000000     
        (0.50000000055209726,1.84069202340581648E-010)
   1.7951958020513106        0.0000000000000000     
       (0.15994149939044419,-1.02214936134776744E-003)
   2.0195952773077246        0.0000000000000000     
       (0.10483205283563607,-1.06203585320942089E-003)
   2.2439947525641384        0.0000000000000000     
  (7.23302364158606020E-002,-1.55079626270230664E-003)
   2.4683942278205522        0.0000000000000000     
  (5.32585286079866188E-002,-9.01396834892897059E-004)
   2.6927937030769660        0.0000000000000000     
  (4.13802484316103114E-002,-2.36908245555533808E-004)
   2.9171931783333798        0.0000000000000000     
   (3.52834538380275287E-002,6.94453929651443974E-004)
   3.1415926535897936        0.0000000000000000     
  (3.51479641076593158E-002,-2.81111920665811126E-018)
   1.0000000000000000                1          28
               (0.0000000000000000,0.0000000000000000)
  -2.9171931783333798        0.0000000000000000     
  (3.54179868785969021E-002,-1.30779912235985544E-003)
  -2.6927937030769660        0.0000000000000000     
  (4.22090319993806140E-002,-1.15487848814030836E-003)
  -2.4683942278205522        0.0000000000000000     
  (5.12982131694659227E-002,-1.81074138369652956E-004)
  -2.2439947525641384        0.0000000000000000     
   (6.63776596673295166E-002,1.24741294420711401E-003)
  -2.0195952773077246        0.0000000000000000     
        (0.10270234955697635,1.34357290295771025E-003)
  -1.7951958020513106        0.0000000000000000     
       (0.17116071458297177,-1.95959956481787116E-005)
  -1.5707963267948968        0.0000000000000000     
        (0.50000000015320201,3.43356970583915828E-010)
  -1.3463968515384830        0.0000000000000000     
        (0.82883928577192600,1.95964494860614152E-005)
  -1.1219973762820692        0.0000000000000000     
       (0.89729765044878051,-1.34357230579247155E-003)
 -0.89759790102565529        0.0000000000000000     
       (0.93362234003616973,-1.24741264559075581E-003)
 -0.67319842576924149        0.0000000000000000     
        (0.94870178657334758,1.81074313176476486E-004)
 -0.44879895051282764        0.0000000000000000     
        (0.95779096793960239,1.15487844547338889E-003)
 -0.22439947525641382        0.0000000000000000     
        (0.96458201318745795,1.30779908176284227E-003)
   0.0000000000000000        0.0000000000000000     
              (0.96486768798527056,0.0000000000000000)
  0.22439947525641382        0.0000000000000000     
       (0.96458201318745795,-1.30779908176284227E-003)
  0.44879895051282764        0.0000000000000000     
       (0.95779096793960239,-1.15487844547338889E-003)
  0.67319842576924149        0.0000000000000000     
       (0.94870178657334758,-1.81074313176476486E-004)
  0.89759790102565529        0.0000000000000000     
        (0.93362234003616973,1.24741264559075581E-003)
   1.1219973762820692        0.0000000000000000     
        (0.89729765044878051,1.34357230579247155E-003)
   1.3463968515384830        0.0000000000000000     
       (0.82883928577192600,-1.95964494860614152E-005)
   1.5707963267948968        0.0000000000000000     
       (0.50000000015320201,-3.43356970583915828E-010)
   1.7951958020513106        0.0000000000000000     
        (0.17116071458297177,1.95959956481787116E-005)
   2.0195952773077246        0.0000000000000000     
       (0.10270234955697635,-1.34357290295771025E-003)
   2.2439947525641384        0.0000000000000000     
  (6.63776596673295166E-002,-1.24741294420711401E-003)
   2.4683942278205522        0.0000000000000000     
   (5.12982131694659227E-002,1.81074138369652956E-004)
   2.6927937030769660        0.0000000000000000     
   (4.22090319993806140E-002,1.15487848814030836E-003)
   2.9171931783333798        0.0000000000000000     
   (3.54179868785969021E-002,1.30779912235985544E-003)
   3.1415926535897936        0.0000000000000000     
  (3.51323120537039083E-002,-2.83564892961164984E-018)
   1.0000000000000000                1          28
               (0.0000000000000000,0.0000000000000000)
  -2.9171931783333798        0.0000000000000000     
  (3.50555940518637796E-002,-5.95759346202959163E-004)
  -2.6927937030769660        0.0000000000000000     
  (4.07716569480995328E-002,-1.67774885430921989E-003)
  -2.4683942278205522        0.0000000000000000     
  (5.07801850173986991E-002,-2.13893250433194981E-004)
  -2.2439947525641384        0.0000000000000000     
  (6.79003881010829119E-002,-1.38893675357181835E-003)
  -2.0195952773077246        0.0000000000000000     
        (0.10221906100321101,2.65417030663983177E-004)
  -1.7951958020513106        0.0000000000000000     
        (0.16262160053790140,3.11814835390412373E-003)
  -1.5707963267948968        0.0000000000000000     
        (0.49999999988734301,1.14007799480770534E-010)
  -1.3463968515384830        0.0000000000000000     
       (0.83737839954431137,-3.11814847969486180E-003)
  -1.1219973762820692        0.0000000000000000     
       (0.89778093897417410,-2.65417142675896051E-004)
 -0.89759790102565529        0.0000000000000000     
        (0.93209961193972357,1.38893685887149726E-003)
 -0.67319842576924149        0.0000000000000000     
        (0.94921981503238428,2.13893474442907047E-004)
 -0.44879895051282764        0.0000000000000000     
        (0.95922834295280146,1.67774881859804716E-003)
 -0.22439947525641382        0.0000000000000000     
        (0.96494440594017816,5.95759486854742894E-004)
   0.0000000000000000        0.0000000000000000     
              (0.96735263500557789,0.0000000000000000)
  0.22439947525641382        0.0000000000000000     
       (0.96494440594017816,-5.95759486854742894E-004)
  0.44879895051282764        0.0000000000000000     
       (0.95922834295280146,-1.67774881859804716E-003)
  0.67319842576924149        0.0000000000000000     
       (0.94921981503238428,-2.13893474442907047E-004)
  0.89759790102565529        0.0000000000000000     
       (0.93209961193972357,-1.38893685887149726E-003)
   1.1219973762820692        0.0000000000000000     
        (0.89778093897417410,2.65417142675896051E-004)
   1.3463968515384830        0.0000000000000000     
        (0.83737839954431137,3.11814847969486180E-003)
   1.5707963267948968        0.0000000000000000     
       (0.49999999988734301,-1.14007799480770534E-010)
   1.7951958020513106        0.0000000000000000     
       (0.16262160053790140,-3.11814835390412373E-003)
   2.0195952773077246        0.0000000000000000     
       (0.10221906100321101,-2.65417030663983177E-004)
   2.2439947525641384        0.0000000000000000     
   (6.79003881010829119E-002,1.38893675357181835E-003)
   2.4683942278205522        0.0000000000000000     
   (5.07801850173986991E-002,2.13893250433194981E-004)
   2.6927937030769660        0.0000000000000000     
   (4.07716569480995328E-002,1.67774885430921989E-003)
   2.9171931783333798        0.0000000000000000     
   (3.50555940518637796E-002,5.95759346202959163E-004)
   3.1415926535897936        0.0000000000000000     
   (3.26473651414332378E-002,1.37418043363952677E-018)
   1.0000000000000000                1          28
               (0.0000000000000000,0.0000000000000000)
  -2.9171931783333798        0.0000000000000000     
  (3.69094737066720177E-002,-7.72477740631579216E-004)
  -2.6927937030769660        0.0000000000000000     
   (4.28688581292444026E-002,8.18064797714160318E-005)
  -2.4683942278205522        0.0000000000000000     
   (5.21469795314754223E-002,1.10280478337561522E-003)
  -2.2439947525641384        0.0000000000000000     
   (7.19881080869284457E-002,2.50384386640879622E-003)
  -2.0195952773077246        0.0000000000000000     
        (0.10212061420046697,3.43428687274819396E-003)
  -1.7951958020513106        0.0000000000000000     
        (0.15894209618573216,4.02284623386019874E-004)
  -1.5707963267948968        0.0000000000000000     
       (0.49999999979602600,-1.63788105498964719E-009)
  -1.3463968515384830        0.0000000000000000     
       (0.84105790436136962,-4.02285066159320537E-004)
  -1.1219973762820692        0.0000000000000000     
       (0.89787938477783291,-3.43428688668992324E-003)
 -0.89759790102565529        0.0000000000000000     
       (0.92801189108347371,-2.50384559237692419E-003)
 -0.67319842576924149        0.0000000000000000     
       (0.94785302084602130,-1.10280468612417785E-003)
 -0.44879895051282764        0.0000000000000000     
       (0.95713114200257865,-8.18067265822568939E-005)
 -0.22439947525641382        0.0000000000000000     
        (0.96309052759789693,7.72476707659141702E-004)
   0.0000000000000000        0.0000000000000000     
              (0.96602316700236979,0.0000000000000000)
  0.22439947525641382        0.0000000000000000     
       (0.96309052759789693,-7.72476707659141702E-004)
  0.44879895051282764        0.0000000000000000     
        (0.95713114200257865,8.18067265822568939E-005)
  0.67319842576924149        0.0000000000000000     
        (0.94785302084602130,1.10280468612417785E-003)
  0.89759790102565529        0.0000000000000000     
        (0.92801189108347371,2.50384559237692419E-003)
   1.1219973762820692        0.0000000000000000     
        (0.89787938477783291,3.43428688668992324E-003)
   1.3463968515384830        0.0000000000000000     
        (0.84105790436136962,4.02285066159320537E-004)
   1.5707963267948968        0.0000000000000000     
        (0.49999999979602600,1.63788105498964719E-009)
   1.7951958020513106        0.0000000000000000     
       (0.15894209618573216,-4.02284623386019874E-004)
   2.0195952773077246        0.0000000000000000     
       (0.10212061420046697,-3.43428687274819396E-003)
   2.2439947525641384        0.0000000000000000     
  (7.19881080869284457E-002,-2.50384386640879622E-003)
   2.4683942278205522        0.0000000000000000     
  (5.21469795314754223E-002,-1.10280478337561522E-003)
   2.6927937030769660        0.0000000000000000     
  (4.28688581292444026E-002,-8.18064797714160318E-005)
   2.9171931783333798        0.0000000000000000     
   (3.69094737066720177E-002,7.72477740631579216E-004)
   3.1415926535897936        0.0000000000000000     
  (3.39768323882138623E-002,-1.17184682587965581E-018)
