   1.0000000000000000                1          28
               (0.0000000000000000,0.0000000000000000)
  -2.9171931783333798        0.0000000000000000     
       (0.58371810383123113,-1.28003426754134438E-016)
  -2.6927937030769660        0.0000000000000000     
        (0.44410322810423652,3.01545912245032548E-016)
  -2.4683942278205522        0.0000000000000000     
       (0.33028669812070094,-1.62831022507987304E-016)
  -2.2439947525641384        0.0000000000000000     
        (0.28902965997825059,2.49141698921194532E-016)
  -2.0195952773077246        0.0000000000000000     
       (0.19890050956667196,-2.62590414567316812E-016)
  -1.7951958020513106        0.0000000000000000     
        (0.19466574442202228,1.23875524830271641E-016)
  -1.5707963267948968        0.0000000000000000     
       (0.14950530283301824,-1.05603582629960916E-016)
  -1.3463968515384830        0.0000000000000000     
        (0.12573736758994158,1.19052298276083220E-016)
  -1.1219973762820692        0.0000000000000000     
  (9.74845355409222070E-002,-1.24570849460597266E-016)
 -0.89759790102565529        0.0000000000000000     
   (7.87323353553666255E-002,9.36584202615688629E-017)
 -0.67319842576924149        0.0000000000000000     
  (5.74954514665327460E-002,-6.34912313688457385E-017)
 -0.44879895051282764        0.0000000000000000     
   (3.32562606887826032E-002,8.84625735542278017E-017)
 -0.22439947525641382        0.0000000000000000     
  (1.71726676708580349E-002,-3.82836634309077016E-017)
   0.0000000000000000        0.0000000000000000     
         (1.27215707224166106E-004,0.0000000000000000)
  0.22439947525641382        0.0000000000000000     
   (1.71726676708580349E-002,3.82836634309077016E-017)
  0.44879895051282764        0.0000000000000000     
  (3.32562606887826032E-002,-8.84625735542278017E-017)
  0.67319842576924149        0.0000000000000000     
   (5.74954514665327460E-002,6.34912313688457385E-017)
  0.89759790102565529        0.0000000000000000     
  (7.87323353553666255E-002,-9.36584202615688629E-017)
   1.1219973762820692        0.0000000000000000     
   (9.74845355409222070E-002,1.24570849460597266E-016)
   1.3463968515384830        0.0000000000000000     
       (0.12573736758994158,-1.19052298276083220E-016)
   1.5707963267948968        0.0000000000000000     
        (0.14950530283301824,1.05603582629960916E-016)
   1.7951958020513106        0.0000000000000000     
       (0.19466574442202228,-1.23875524830271641E-016)
   2.0195952773077246        0.0000000000000000     
        (0.19890050956667196,2.62590414567316812E-016)
   2.2439947525641384        0.0000000000000000     
       (0.28902965997825059,-2.49141698921194532E-016)
   2.4683942278205522        0.0000000000000000     
        (0.33028669812070094,1.62831022507987304E-016)
   2.6927937030769660        0.0000000000000000     
       (0.44410322810423652,-3.01545912245032548E-016)
   2.9171931783333798        0.0000000000000000     
        (0.58371810383123113,1.28003426754134438E-016)
   3.1415926535897936        0.0000000000000000     
        (1.7996970539556592,-2.42927823106354812E-016)
   1.0000000000000000                1          28
               (0.0000000000000000,0.0000000000000000)
  -2.9171931783333798        0.0000000000000000     
       (0.62312276693053270,-6.55454153394625999E-017)
  -2.6927937030769660        0.0000000000000000     
        (0.44067511056137654,2.68446478164474449E-016)
  -2.4683942278205522        0.0000000000000000     
       (0.29991207342892529,-9.67796772276103114E-017)
  -2.2439947525641384        0.0000000000000000     
        (0.25815868954020199,1.50990156397467301E-016)
  -2.0195952773077246        0.0000000000000000     
       (0.22274132119877527,-2.38970038053716516E-016)
  -1.7951958020513106        0.0000000000000000     
        (0.18335661479742082,9.90238949632854087E-017)
  -1.5707963267948968        0.0000000000000000     
       (0.15253746966837575,-1.27527543157472667E-016)
  -1.3463968515384830        0.0000000000000000     
        (0.11870810857049312,1.16380369043618651E-016)
  -1.1219973762820692        0.0000000000000000     
       (0.11009649615188312,-4.97220436985068078E-017)
 -0.89759790102565529        0.0000000000000000     
   (6.10060316273621922E-002,7.72675230972716117E-017)
 -0.67319842576924149        0.0000000000000000     
  (5.44017025816887281E-002,-1.09736253522263024E-016)
 -0.44879895051282764        0.0000000000000000     
   (3.13509879604668210E-002,5.25115493564502626E-017)
 -0.22439947525641382        0.0000000000000000     
   (1.77873624885066840E-002,2.72728354376306283E-017)
   0.0000000000000000        0.0000000000000000     
         (1.33172036317590646E-005,0.0000000000000000)
  0.22439947525641382        0.0000000000000000     
  (1.77873624885066840E-002,-2.72728354376306283E-017)
  0.44879895051282764        0.0000000000000000     
  (3.13509879604668210E-002,-5.25115493564502626E-017)
  0.67319842576924149        0.0000000000000000     
   (5.44017025816887281E-002,1.09736253522263024E-016)
  0.89759790102565529        0.0000000000000000     
  (6.10060316273621922E-002,-7.72675230972716117E-017)
   1.1219973762820692        0.0000000000000000     
        (0.11009649615188312,4.97220436985068078E-017)
   1.3463968515384830        0.0000000000000000     
       (0.11870810857049312,-1.16380369043618651E-016)
   1.5707963267948968        0.0000000000000000     
        (0.15253746966837575,1.27527543157472667E-016)
   1.7951958020513106        0.0000000000000000     
       (0.18335661479742082,-9.90238949632854087E-017)
   2.0195952773077246        0.0000000000000000     
        (0.22274132119877527,2.38970038053716516E-016)
   2.2439947525641384        0.0000000000000000     
       (0.25815868954020199,-1.50990156397467301E-016)
   2.4683942278205522        0.0000000000000000     
        (0.29991207342892529,9.67796772276103114E-017)
   2.6927937030769660        0.0000000000000000     
       (0.44067511056137654,-2.68446478164474449E-016)
   2.9171931783333798        0.0000000000000000     
        (0.62312276693053270,6.55454153394625999E-017)
   3.1415926535897936        0.0000000000000000     
        (1.8522772117841699,-2.07474099545295593E-016)
   1.0000000000000000                1          28
               (0.0000000000000000,0.0000000000000000)
  -2.9171931783333798        0.0000000000000000     
       (0.66504480806755539,-1.19658930084589507E-016)
  -2.6927937030769660        0.0000000000000000     
        (0.43034110851987056,2.16856821033428314E-016)
  -2.4683942278205522        0.0000000000000000     
       (0.32901898536120050,-2.02926583342023827E-018)
  -2.2439947525641384        0.0000000000000000     
        (0.26467402154199515,1.78528801398341652E-016)
  -2.0195952773077246        0.0000000000000000     
       (0.22352919735893137,-1.46478274330684857E-016)
  -1.7951958020513106        0.0000000000000000     
        (0.18836029477784688,7.24111383242234142E-017)
  -1.5707963267948968        0.0000000000000000     
       (0.15195568679282789,-9.58717624878244703E-017)
  -1.3463968515384830        0.0000000000000000     
        (0.12745940229738426,6.77863176509718283E-017)
  -1.1219973762820692        0.0000000000000000     
       (0.10162453644362528,-7.93516951221604982E-017)
 -0.89759790102565529        0.0000000000000000     
   (7.06946894626327982E-002,1.83626991234931216E-017)
 -0.67319842576924149        0.0000000000000000     
  (5.45629288541245802E-002,-3.38931588254859141E-017)
 -0.44879895051282764        0.0000000000000000     
  (3.40126654262043332E-002,-1.06440615922740906E-017)
 -0.22439947525641382        0.0000000000000000     
   (1.64774889641577452E-002,1.35694856533291522E-018)
   0.0000000000000000        0.0000000000000000     
         (9.67995596186258325E-005,0.0000000000000000)
  0.22439947525641382        0.0000000000000000     
  (1.64774889641577452E-002,-1.35694856533291522E-018)
  0.44879895051282764        0.0000000000000000     
   (3.40126654262043332E-002,1.06440615922740906E-017)
  0.67319842576924149        0.0000000000000000     
   (5.45629288541245802E-002,3.38931588254859141E-017)
  0.89759790102565529        0.0000000000000000     
  (7.06946894626327982E-002,-1.83626991234931216E-017)
   1.1219973762820692        0.0000000000000000     
        (0.10162453644362528,7.93516951221604982E-017)
   1.3463968515384830        0.0000000000000000     
       (0.12745940229738426,-6.77863176509718283E-017)
   1.5707963267948968        0.0000000000000000     
        (0.15195568679282789,9.58717624878244703E-017)
   1.7951958020513106        0.0000000000000000     
       (0.18836029477784688,-7.24111383242234142E-017)
   2.0195952773077246        0.0000000000000000     
        (0.22352919735893137,1.46478274330684857E-016)
   2.2439947525641384        0.0000000000000000     
       (0.26467402154199515,-1.78528801398341652E-016)
   2.4683942278205522        0.0000000000000000     
        (0.32901898536120050,2.02926583342023827E-018)
   2.6927937030769660        0.0000000000000000     
       (0.43034110851987056,-2.16856821033428314E-016)
   2.9171931783333798        0.0000000000000000     
        (0.66504480806755539,1.19658930084589507E-016)
   3.1415926535897936        0.0000000000000000     
        (1.6843915727036536,-1.60022867129215960E-016)
   1.0000000000000000                1          28
               (0.0000000000000000,0.0000000000000000)
  -2.9171931783333798        0.0000000000000000     
       (0.62984014540869759,-8.22653648909530700E-017)
  -2.6927937030769660        0.0000000000000000     
        (0.45323953369158670,2.06858195709899382E-016)
  -2.4683942278205522        0.0000000000000000     
       (0.33985795049896483,-5.07854746248415947E-017)
  -2.2439947525641384        0.0000000000000000     
        (0.26686947633728025,2.04125151617117856E-016)
  -2.0195952773077246        0.0000000000000000     
       (0.21044127148276093,-2.36461828532562144E-016)
  -1.7951958020513106        0.0000000000000000     
        (0.18757294206246702,8.83192719091126444E-017)
  -1.5707963267948968        0.0000000000000000     
       (0.14597283375100134,-1.08760702132144595E-016)
  -1.3463968515384830        0.0000000000000000     
        (0.12304196862403702,6.17957344315063208E-017)
  -1.1219973762820692        0.0000000000000000     
  (9.39344741640303488E-002,-9.80974935777547991E-017)
 -0.89759790102565529        0.0000000000000000     
   (7.71170600640116721E-002,9.57057049550100205E-017)
 -0.67319842576924149        0.0000000000000000     
   (5.25948729844270546E-002,6.77041397688607879E-018)
 -0.44879895051282764        0.0000000000000000     
   (3.53456794371790964E-002,2.20798179772781611E-017)
 -0.22439947525641382        0.0000000000000000     
  (1.55057353102286792E-002,-2.09526145656494055E-017)
   0.0000000000000000        0.0000000000000000     
         (1.89550596499308904E-004,0.0000000000000000)
  0.22439947525641382        0.0000000000000000     
   (1.55057353102286792E-002,2.09526145656494055E-017)
  0.44879895051282764        0.0000000000000000     
  (3.53456794371790964E-002,-2.20798179772781611E-017)
  0.67319842576924149        0.0000000000000000     
  (5.25948729844270546E-002,-6.77041397688607879E-018)
  0.89759790102565529        0.0000000000000000     
  (7.71170600640116721E-002,-9.57057049550100205E-017)
   1.1219973762820692        0.0000000000000000     
   (9.39344741640303488E-002,9.80974935777547991E-017)
   1.3463968515384830        0.0000000000000000     
       (0.12304196862403702,-6.17957344315063208E-017)
   1.5707963267948968        0.0000000000000000     
        (0.14597283375100134,1.08760702132144595E-016)
   1.7951958020513106        0.0000000000000000     
       (0.18757294206246702,-8.83192719091126444E-017)
   2.0195952773077246        0.0000000000000000     
        (0.21044127148276093,2.36461828532562144E-016)
   2.2439947525641384        0.0000000000000000     
       (0.26686947633728025,-2.04125151617117856E-016)
   2.4683942278205522        0.0000000000000000     
        (0.33985795049896483,5.07854746248415947E-017)
   2.6927937030769660        0.0000000000000000     
       (0.45323953369158670,-2.06858195709899382E-016)
   2.9171931783333798        0.0000000000000000     
        (0.62984014540869759,8.22653648909530700E-017)
   3.1415926535897936        0.0000000000000000     
        (1.7371425617698715,-2.01661075341072528E-016)
   1.0000000000000000                1          28
               (0.0000000000000000,0.0000000000000000)
  -2.9171931783333798        0.0000000000000000     
       (0.59307166867756134,-7.23704920562451966E-017)
  -2.6927937030769660        0.0000000000000000     
        (0.44761191478262691,1.95134283577229769E-016)
  -2.4683942278205522        0.0000000000000000     
       (0.31933837968865447,-9.42969831227661676E-017)
  -2.2439947525641384        0.0000000000000000     
        (0.26655401354810171,2.68606843644204451E-016)
  -2.0195952773077246        0.0000000000000000     
       (0.22223970947449598,-2.85517712523671074E-016)
  -1.7951958020513106        0.0000000000000000     
        (0.17459199421566193,1.13308931914733180E-016)
  -1.5707963267948968        0.0000000000000000     
       (0.15629337031373888,-1.73835705333045256E-016)
  -1.3463968515384830        0.0000000000000000     
        (0.12080429959895253,1.55060834135274782E-016)
  -1.1219973762820692        0.0000000000000000     
       (0.10484655739705870,-1.12495469552679486E-016)
 -0.89759790102565529        0.0000000000000000     
   (7.25620262801014992E-002,5.10839695691289155E-018)
 -0.67319842576924149        0.0000000000000000     
  (5.34439233452740498E-002,-4.18446769904002139E-017)
 -0.44879895051282764        0.0000000000000000     
   (3.19164721763053258E-002,3.82399385556936168E-017)
 -0.22439947525641382        0.0000000000000000     
  (1.40767485562321992E-002,-5.67882504704860499E-017)
   0.0000000000000000        0.0000000000000000     
        (-2.80570151526985226E-005,0.0000000000000000)
  0.22439947525641382        0.0000000000000000     
   (1.40767485562321992E-002,5.67882504704860499E-017)
  0.44879895051282764        0.0000000000000000     
  (3.19164721763053258E-002,-3.82399385556936168E-017)
  0.67319842576924149        0.0000000000000000     
   (5.34439233452740498E-002,4.18446769904002139E-017)
  0.89759790102565529        0.0000000000000000     
  (7.25620262801014992E-002,-5.10839695691289155E-018)
   1.1219973762820692        0.0000000000000000     
        (0.10484655739705870,1.12495469552679486E-016)
   1.3463968515384830        0.0000000000000000     
       (0.12080429959895253,-1.55060834135274782E-016)
   1.5707963267948968        0.0000000000000000     
        (0.15629337031373888,1.73835705333045256E-016)
   1.7951958020513106        0.0000000000000000     
       (0.17459199421566193,-1.13308931914733180E-016)
   2.0195952773077246        0.0000000000000000     
        (0.22223970947449598,2.85517712523671074E-016)
   2.2439947525641384        0.0000000000000000     
       (0.26655401354810171,-2.68606843644204451E-016)
   2.4683942278205522        0.0000000000000000     
        (0.31933837968865447,9.42969831227661676E-017)
   2.6927937030769660        0.0000000000000000     
       (0.44761191478262691,-1.95134283577229769E-016)
   2.9171931783333798        0.0000000000000000     
        (0.59307166867756134,7.23704920562451966E-017)
   3.1415926535897936        0.0000000000000000     
        (1.8453259009054053,-2.20788779280358096E-016)
   1.0000000000000000                1          28
               (0.0000000000000000,0.0000000000000000)
  -2.9171931783333798        0.0000000000000000     
       (0.62962147523314183,-5.39661675420768037E-017)
  -2.6927937030769660        0.0000000000000000     
        (0.42863442110649397,2.04557607132699758E-016)
  -2.4683942278205522        0.0000000000000000     
       (0.34895842457606530,-5.88483428154169610E-017)
  -2.2439947525641384        0.0000000000000000     
        (0.27938271468647768,1.88623100694318273E-016)
  -2.0195952773077246        0.0000000000000000     
       (0.22070255812931563,-1.37039942936282077E-016)
  -1.7951958020513106        0.0000000000000000     
        (0.18503132170354228,9.44228166199066403E-017)
  -1.5707963267948968        0.0000000000000000     
       (0.15508273481240212,-5.86999877850869721E-017)
  -1.3463968515384830        0.0000000000000000     
        (0.12298665019750236,3.48724056426796717E-017)
  -1.1219973762820692        0.0000000000000000     
  (9.83187495705297315E-002,-7.84512214239426091E-017)
 -0.89759790102565529        0.0000000000000000     
   (7.62625078156247277E-002,3.72987027329429983E-017)
 -0.67319842576924149        0.0000000000000000     
  (5.61596502687522134E-002,-7.69124362834017947E-017)
 -0.44879895051282764        0.0000000000000000     
  (3.48529609173969038E-002,-5.14114201835328407E-018)
 -0.22439947525641382        0.0000000000000000     
  (1.66349018483483331E-002,-1.52722990294419442E-017)
   0.0000000000000000        0.0000000000000000     
        (-3.13587429250865096E-004,0.0000000000000000)
  0.22439947525641382        0.0000000000000000     
   (1.66349018483483331E-002,1.52722990294419442E-017)
  0.44879895051282764        0.0000000000000000     
   (3.48529609173969038E-002,5.14114201835328407E-018)
  0.67319842576924149        0.0000000000000000     
   (5.61596502687522134E-002,7.69124362834017947E-017)
  0.89759790102565529        0.0000000000000000     
  (7.62625078156247277E-002,-3.72987027329429983E-017)
   1.1219973762820692        0.0000000000000000     
   (9.83187495705297315E-002,7.84512214239426091E-017)
   1.3463968515384830        0.0000000000000000     
       (0.12298665019750236,-3.48724056426796717E-017)
   1.5707963267948968        0.0000000000000000     
        (0.15508273481240212,5.86999877850869721E-017)
   1.7951958020513106        0.0000000000000000     
       (0.18503132170354228,-9.44228166199066403E-017)
   2.0195952773077246        0.0000000000000000     
        (0.22070255812931563,1.37039942936282077E-016)
   2.2439947525641384        0.0000000000000000     
       (0.27938271468647768,-1.88623100694318273E-016)
   2.4683942278205522        0.0000000000000000     
        (0.34895842457606530,5.88483428154169610E-017)
   2.6927937030769660        0.0000000000000000     
       (0.42863442110649397,-2.04557607132699758E-016)
   2.9171931783333798        0.0000000000000000     
        (0.62962147523314183,5.39661675420768037E-017)
   3.1415926535897936        0.0000000000000000     
        (1.6950554456978797,-1.72911126801431747E-016)
   1.0000000000000000                1          28
               (0.0000000000000000,0.0000000000000000)
  -2.9171931783333798        0.0000000000000000     
        (0.66853700060837618,6.91699499128084929E-017)
  -2.6927937030769660        0.0000000000000000     
        (0.44918905684498522,1.79023123612010654E-016)
  -2.4683942278205522        0.0000000000000000     
        (0.34151488178968742,1.16539082842490004E-017)
  -2.2439947525641384        0.0000000000000000     
        (0.25792210155323114,1.86975637355518527E-016)
  -2.0195952773077246        0.0000000000000000     
       (0.20264036240759908,-2.26637634304509611E-016)
  -1.7951958020513106        0.0000000000000000     
        (0.16579633700156537,3.59606024082499661E-017)
  -1.5707963267948968        0.0000000000000000     
       (0.14710513197943195,-1.19238503896086503E-016)
  -1.3463968515384830        0.0000000000000000     
        (0.11904647504910353,5.97734450749743427E-017)
  -1.1219973762820692        0.0000000000000000     
  (9.27419832265249655E-002,-1.15295770947181978E-016)
 -0.89759790102565529        0.0000000000000000     
   (7.44750489082445372E-002,4.97009590505580253E-017)
 -0.67319842576924149        0.0000000000000000     
   (5.35198018085817004E-002,3.35545931553789131E-017)
 -0.44879895051282764        0.0000000000000000     
   (3.52626120302172025E-002,3.04252725585629649E-018)
 -0.22439947525641382        0.0000000000000000     
  (1.66606287197848917E-002,-3.50380474333021358E-018)
   0.0000000000000000        0.0000000000000000     
         (9.64443867303710345E-005,0.0000000000000000)
  0.22439947525641382        0.0000000000000000     
   (1.66606287197848917E-002,3.50380474333021358E-018)
  0.44879895051282764        0.0000000000000000     
  (3.52626120302172025E-002,-3.04252725585629649E-018)
  0.67319842576924149        0.0000000000000000     
  (5.35198018085817004E-002,-3.35545931553789131E-017)
  0.89759790102565529        0.0000000000000000     
  (7.44750489082445372E-002,-4.97009590505580253E-017)
   1.1219973762820692        0.0000000000000000     
   (9.27419832265249655E-002,1.15295770947181978E-016)
   1.3463968515384830        0.0000000000000000     
       (0.11904647504910353,-5.97734450749743427E-017)
   1.5707963267948968        0.0000000000000000     
        (0.14710513197943195,1.19238503896086503E-016)
   1.7951958020513106        0.0000000000000000     
       (0.16579633700156537,-3.59606024082499661E-017)
   2.0195952773077246        0.0000000000000000     
        (0.20264036240759908,2.26637634304509611E-016)
   2.2439947525641384        0.0000000000000000     
       (0.25792210155323114,-1.86975637355518527E-016)
   2.4683942278205522        0.0000000000000000     
       (0.34151488178968742,-1.16539082842490004E-017)
   2.6927937030769660        0.0000000000000000     
       (0.44918905684498522,-1.79023123612010654E-016)
   2.9171931783333798        0.0000000000000000     
       (0.66853700060837618,-6.91699499128084929E-017)
   3.1415926535897936        0.0000000000000000     
        (1.7510807117521583,-1.75035692099306871E-016)
