   -2.917193      0.000000
  1    1        0.63722302        0.01544395       -0.00000000        0.00000000
   -2.692794      0.000000
  1    1        0.44180321        0.00572210        0.00000000        0.00000000
   -2.468394      0.000000
  1    1        0.33573772        0.00580527       -0.00000000        0.00000000
   -2.243995      0.000000
  1    1        0.26708047        0.00388373        0.00000000        0.00000000
   -2.019595      0.000000
  1    1        0.21591062        0.00452131       -0.00000000        0.00000000
   -1.795196      0.000000
  1    1        0.18027058        0.00489376        0.00000000        0.00000000
   -1.570796      0.000000
  1    1        0.15128195        0.00231364       -0.00000000        0.00000000
   -1.346397      0.000000
  1    1        0.12266776        0.00157694        0.00000000        0.00000000
   -1.121997      0.000000
  1    1        0.09829326        0.00254779       -0.00000000        0.00000000
   -0.897598      0.000000
  1    1        0.07422227        0.00131830        0.00000000        0.00000000
   -0.673198      0.000000
  1    1        0.05405624        0.00068371       -0.00000000        0.00000000
   -0.448799      0.000000
  1    1        0.03427808        0.00071095        0.00000000        0.00000000
   -0.224399      0.000000
  1    1        0.01587110        0.00055496       -0.00000000        0.00000000
    0.000000      0.000000
  1    1        0.00000823        0.00009791        0.00000000        0.00000000
    0.224399      0.000000
  1    1        0.01587110        0.00055496        0.00000000        0.00000000
    0.448799      0.000000
  1    1        0.03427808        0.00071095       -0.00000000        0.00000000
    0.673198      0.000000
  1    1        0.05405624        0.00068371        0.00000000        0.00000000
    0.897598      0.000000
  1    1        0.07422227        0.00131830       -0.00000000        0.00000000
    1.121997      0.000000
  1    1        0.09829326        0.00254779        0.00000000        0.00000000
    1.346397      0.000000
  1    1        0.12266776        0.00157694       -0.00000000        0.00000000
    1.570796      0.000000
  1    1        0.15128195        0.00231364        0.00000000        0.00000000
    1.795196      0.000000
  1    1        0.18027058        0.00489376       -0.00000000        0.00000000
    2.019595      0.000000
  1    1        0.21591062        0.00452131        0.00000000        0.00000000
    2.243995      0.000000
  1    1        0.26708047        0.00388373       -0.00000000        0.00000000
    2.468394      0.000000
  1    1        0.33573772        0.00580527        0.00000000        0.00000000
    2.692794      0.000000
  1    1        0.44180321        0.00572210       -0.00000000        0.00000000
    2.917193      0.000000
  1    1        0.63722302        0.01544395        0.00000000        0.00000000
    3.141593      0.000000
  1    1        1.74259924        0.03192082       -0.00000000        0.00000000
