     0.0000000        0.45703938        0.00375146
     0.0500000        0.45757272        0.00296992
     0.1000000        0.46091682        0.00330452
     0.1500000        0.46304002        0.00346163
     0.2000000        0.45974013        0.00397194
     0.2500000        0.46119340        0.00464871
     0.3000000        0.45836916        0.00586901
     0.3500000        0.45265830        0.00635843
     0.4000000        0.45904373        0.00655440
     0.4500000        0.45584137        0.00949684
     0.5000000        0.44480670        0.00891749
     0.5500000        0.44516625        0.00901856
     0.6000000        0.44552372        0.00999025
     0.6500000        0.45618147        0.01277755
     0.7000000        0.45126853        0.01532214
     0.7500000        0.48007217        0.02121596
     0.8000000        0.45538716        0.01165934
     0.8500000        0.45429725        0.01446560
     0.9000000        0.45721293        0.01534515
     0.9500000        0.42661880        0.02992116
     1.0000000        0.45635187        0.01506509
     1.0500000        0.45638512        0.01551776
     1.1000000        0.46188665        0.01644523
     1.1500000        0.45541260        0.01279031
     1.2000000        0.43213932        0.01180057
     1.2500000        0.44751199        0.01522815
     1.3000000        0.45717463        0.01243186
     1.3500000        0.46144180        0.01179521
     1.4000000        0.43638396        0.01837270
     1.4500000        0.44923855        0.00983033
     1.5000000        0.45990204        0.01205197
     1.5500000        0.45617920        0.00902072
     1.6000000        0.44085273        0.01320003
     1.6500000        0.46090338        0.00964736
     1.7000000        0.46099247        0.00554292
     1.7500000        0.46205474        0.00484497
     1.8000000        0.46283355        0.00593058
     1.8500000        0.46136662        0.00393407
     1.9000000        0.46192817        0.00326994
     1.9500000        0.46082555        0.00361487
     2.0000000        0.45703938        0.00375146
