     0.0000000        0.46447023        0.00311213
     0.1000000        0.22693125        0.00164433
     0.2000000        0.11804506        0.00111494
     0.3000000        0.06669732        0.00061040
     0.4000000        0.03997240        0.00055037
     0.5000000        0.02544697        0.00043209
     0.6000000        0.01762614        0.00050298
     0.7000000        0.01275599        0.00092572
     0.8000000        0.00937924        0.00069378
     0.9000000        0.00719902        0.00052032
     1.0000000        0.00538055        0.00035492
     1.1000000        0.00410908        0.00028789
     1.2000000        0.00312120        0.00024961
     1.3000000        0.00239718        0.00028177
     1.4000000        0.00181952        0.00025844
     1.5000000        0.00132004        0.00026894
     1.6000000        0.00104145        0.00022089
     1.7000000        0.00084056        0.00020131
     1.8000000        0.00062301        0.00019836
     1.9000000        0.00043588        0.00023891
     2.0000000        0.00037574        0.00017699
     2.1000000        0.00033838        0.00009569
     2.2000000        0.00025689        0.00007720
     2.3000000        0.00029344        0.00006344
     2.4000000        0.00022884        0.00004139
     2.5000000        0.00018584        0.00003070
     2.6000000        0.00014984        0.00002565
     2.7000000        0.00011128        0.00002044
     2.8000000        0.00008961        0.00001975
     2.9000000        0.00007260        0.00001858
     3.0000000        0.00006300        0.00002060
     3.1000000        0.00005035        0.00001879
     3.2000000        0.00004408        0.00001652
     3.3000000        0.00003694        0.00001636
     3.4000000        0.00003190        0.00001604
     3.5000000        0.00002818        0.00001611
     3.6000000        0.00002236        0.00001345
     3.7000000        0.00001914        0.00001327
     3.8000000        0.00001694        0.00001127
     3.9000000        0.00001385        0.00001100
     4.0000000        0.00000920        0.00000891
     4.1000000        0.00000892        0.00000539
     4.2000000        0.00000648        0.00000418
     4.3000000        0.00000455        0.00000493
     4.4000000        0.00000251        0.00000591
     4.5000000        0.00000237        0.00000565
     4.6000000        0.00000099        0.00000565
     4.7000000       -0.00000034        0.00000712
     4.8000000        0.00000079        0.00000664
     4.9000000       -0.00000005        0.00000635
     5.0000000       -0.00000039        0.00000738
     5.1000000       -0.00000027        0.00000916
     5.2000000        0.00000185        0.00000756
     5.3000000        0.00000300        0.00000553
     5.4000000        0.00000087        0.00000704
     5.5000000        0.00000260        0.00000611
     5.6000000        0.00000270        0.00000617
     5.7000000        0.00000631        0.00000491
     5.8000000        0.00001093        0.00000429
     5.9000000        0.00001270        0.00000297
     6.0000000        0.00001552        0.00000234
     6.1000000        0.00001876        0.00000447
     6.2000000        0.00002250        0.00000557
     6.3000000        0.00002601        0.00000723
     6.4000000        0.00002441        0.00000903
     6.5000000        0.00002749        0.00001063
     6.6000000        0.00003546        0.00001138
     6.7000000        0.00004262        0.00000994
     6.8000000        0.00004993        0.00001034
     6.9000000        0.00005761        0.00001055
     7.0000000        0.00008111        0.00001658
     7.1000000        0.00010071        0.00002027
     7.2000000        0.00011835        0.00002776
     7.3000000        0.00014007        0.00003144
     7.4000000        0.00017043        0.00003736
     7.5000000        0.00021502        0.00005100
     7.6000000        0.00026351        0.00006168
     7.7000000        0.00034089        0.00008192
     7.8000000        0.00041503        0.00008627
     7.9000000        0.00053325        0.00010063
     8.0000000        0.00065893        0.00010643
     8.1000000        0.00081409        0.00012464
     8.2000000        0.00100960        0.00014222
     8.3000000        0.00119839        0.00017684
     8.4000000        0.00145483        0.00018105
     8.5000000        0.00172055        0.00015846
     8.6000000        0.00201190        0.00015509
     8.7000000        0.00255267        0.00018084
     8.8000000        0.00325931        0.00021215
     8.9000000        0.00420390        0.00027252
     9.0000000        0.00519568        0.00027357
     9.1000000        0.00653043        0.00034156
     9.2000000        0.00860507        0.00037728
     9.3000000        0.01170175        0.00046277
     9.4000000        0.01639071        0.00069743
     9.5000000        0.02357200        0.00165905
     9.6000000        0.03762088        0.00205864
     9.7000000        0.06367268        0.00244951
     9.8000000        0.11572052        0.00310311
     9.9000000        0.22518123        0.00287711
    10.0000000        0.46447023        0.00311213
