   -2.917193      0.000000        0.81442849        0.04719464       -0.00844453        0.03604969
   -2.692794      0.000000        0.46582292        0.01147874        0.01375430        0.02792833
   -2.468394      0.000000        0.31469999        0.01597894       -0.01262397        0.00824053
   -2.243995      0.000000        0.24643262        0.00439533       -0.00956629        0.00883188
   -2.019595      0.000000        0.19047822        0.01135108        0.00759792        0.01667826
   -1.795196      0.000000        0.16311545        0.00378556       -0.00365917        0.00446886
   -1.570796      0.000000        0.14146144        0.00488731       -0.00034327        0.00379825
   -1.346397      0.000000        0.12693269        0.00732892       -0.01000424        0.00913668
   -1.121997      0.000000        0.11770946        0.00774065        0.00154502        0.01159159
   -0.897598      0.000000        0.10212978        0.00428598       -0.00782719        0.00818880
   -0.673198      0.000000        0.10236954        0.00325603       -0.00156903        0.00573917
   -0.448799      0.000000        0.09856015        0.00693216       -0.00633384        0.00250366
   -0.224399      0.000000        0.08548358        0.01222426       -0.00522190        0.00494860
    0.000000      0.000000        0.11297764        0.00744984        0.00000000        0.00000000
    0.224399      0.000000        0.08548358        0.01222426        0.00522190        0.00494860
    0.448799      0.000000        0.09856015        0.00693216        0.00633384        0.00250366
    0.673198      0.000000        0.10236954        0.00325603        0.00156903        0.00573917
    0.897598      0.000000        0.10212978        0.00428598        0.00782719        0.00818880
    1.121997      0.000000        0.11770946        0.00774065       -0.00154502        0.01159159
    1.346397      0.000000        0.12693269        0.00732892        0.01000424        0.00913668
    1.570796      0.000000        0.14146144        0.00488731        0.00034327        0.00379825
    1.795196      0.000000        0.16311545        0.00378556        0.00365917        0.00446886
    2.019595      0.000000        0.19047822        0.01135108       -0.00759792        0.01667826
    2.243995      0.000000        0.24643262        0.00439533        0.00956629        0.00883188
    2.468394      0.000000        0.31469999        0.01597894        0.01262397        0.00824053
    2.692794      0.000000        0.46582292        0.01147874       -0.01375430        0.02792833
    2.917193      0.000000        0.81442849        0.04719464        0.00844453        0.03604969
    3.141593      0.000000        3.57602295        0.61811119       -0.00000000        0.00000000
