   -2.917193      0.000000
  1    1        0.57668378        0.00062559       -0.00000000        0.00000000
   -2.692794      0.000000
  1    1        0.47528130        0.00073357        0.00000000        0.00000000
   -2.468394      0.000000
  1    1        0.40123846        0.00029748       -0.00000000        0.00000000
   -2.243995      0.000000
  1    1        0.34217641        0.00023221        0.00000000        0.00000000
   -2.019595      0.000000
  1    1        0.29232817        0.00008765       -0.00000000        0.00000000
   -1.795196      0.000000
  1    1        0.24898859        0.00026207        0.00000000        0.00000000
   -1.570796      0.000000
  1    1        0.21015904        0.00018718       -0.00000000        0.00000000
   -1.346397      0.000000
  1    1        0.17485203        0.00023741        0.00000000        0.00000000
   -1.121997      0.000000
  1    1        0.14198944        0.00015559       -0.00000000        0.00000000
   -0.897598      0.000000
  1    1        0.11146398        0.00010029        0.00000000        0.00000000
   -0.673198      0.000000
  1    1        0.08226021        0.00008078       -0.00000000        0.00000000
   -0.448799      0.000000
  1    1        0.05418198        0.00009709        0.00000000        0.00000000
   -0.224399      0.000000
  1    1        0.02685960        0.00010108       -0.00000000        0.00000000
    0.000000      0.000000
  1    1        0.00564855        0.00027394        0.00000000        0.00000000
    0.224399      0.000000
  1    1        0.02685960        0.00010108        0.00000000        0.00000000
    0.448799      0.000000
  1    1        0.05418198        0.00009709       -0.00000000        0.00000000
    0.673198      0.000000
  1    1        0.08226021        0.00008078        0.00000000        0.00000000
    0.897598      0.000000
  1    1        0.11146398        0.00010029       -0.00000000        0.00000000
    1.121997      0.000000
  1    1        0.14198944        0.00015559        0.00000000        0.00000000
    1.346397      0.000000
  1    1        0.17485203        0.00023741       -0.00000000        0.00000000
    1.570796      0.000000
  1    1        0.21015904        0.00018718        0.00000000        0.00000000
    1.795196      0.000000
  1    1        0.24898859        0.00026207       -0.00000000        0.00000000
    2.019595      0.000000
  1    1        0.29232817        0.00008765        0.00000000        0.00000000
    2.243995      0.000000
  1    1        0.34217641        0.00023221       -0.00000000        0.00000000
    2.468394      0.000000
  1    1        0.40123846        0.00029748        0.00000000        0.00000000
    2.692794      0.000000
  1    1        0.47528130        0.00073357       -0.00000000        0.00000000
    2.917193      0.000000
  1    1        0.57668378        0.00062559        0.00000000        0.00000000
    3.141593      0.000000
  1    1        0.71742548        0.00174318       -0.00000000        0.00000000
