   1.0000000000000000                1          28
              (0.49999999999999967,0.0000000000000000)
  -2.9171931783333798        0.0000000000000000     
       (0.57539315444651895,-5.98614207200598207E-016)
  -2.6927937030769660        0.0000000000000000     
        (0.47338896632084687,1.44021251598850457E-015)
  -2.4683942278205522        0.0000000000000000     
       (0.40137554934727782,-6.52585192548405094E-016)
  -2.2439947525641384        0.0000000000000000     
        (0.34241563697984351,1.23248807410323888E-015)
  -2.0195952773077246        0.0000000000000000     
       (0.29285666698170215,-1.54892456962584376E-015)
  -1.7951958020513106        0.0000000000000000     
        (0.24916784862085750,5.23392312337496614E-016)
  -1.5707963267948968        0.0000000000000000     
       (0.21051784823291719,-4.27460255856472104E-016)
  -1.3463968515384830        0.0000000000000000     
        (0.17485877133666211,7.43896751379077081E-016)
  -1.1219973762820692        0.0000000000000000     
       (0.14190027454362966,-7.43126668437351661E-016)
 -0.89759790102565529        0.0000000000000000     
        (0.11134008054180836,6.10623392479511834E-016)
 -0.67319842576924149        0.0000000000000000     
  (8.21193824843325093E-002,-6.41573967384219443E-016)
 -0.44879895051282764        0.0000000000000000     
   (5.40060989029339661E-002,2.10149722700456778E-016)
 -0.22439947525641382        0.0000000000000000     
  (2.67227598563804583E-002,-1.28865354735053161E-016)
   0.0000000000000000        0.0000000000000000     
               (7.0055099569654216,0.0000000000000000)
  0.22439947525641382        0.0000000000000000     
   (2.67227598563804583E-002,1.28865354735053161E-016)
  0.44879895051282764        0.0000000000000000     
  (5.40060989029339661E-002,-2.10149722700456778E-016)
  0.67319842576924149        0.0000000000000000     
   (8.21193824843325093E-002,6.41573967384219443E-016)
  0.89759790102565529        0.0000000000000000     
       (0.11134008054180836,-6.10623392479511834E-016)
   1.1219973762820692        0.0000000000000000     
        (0.14190027454362966,7.43126668437351661E-016)
   1.3463968515384830        0.0000000000000000     
       (0.17485877133666211,-7.43896751379077081E-016)
   1.5707963267948968        0.0000000000000000     
        (0.21051784823291719,4.27460255856472104E-016)
   1.7951958020513106        0.0000000000000000     
       (0.24916784862085750,-5.23392312337496614E-016)
   2.0195952773077246        0.0000000000000000     
        (0.29285666698170215,1.54892456962584376E-015)
   2.2439947525641384        0.0000000000000000     
       (0.34241563697984351,-1.23248807410323888E-015)
   2.4683942278205522        0.0000000000000000     
        (0.40137554934727782,6.52585192548405094E-016)
   2.6927937030769660        0.0000000000000000     
       (0.47338896632084687,-1.44021251598850457E-015)
   2.9171931783333798        0.0000000000000000     
        (0.57539315444651895,5.98614207200598207E-016)
   3.1415926535897936        0.0000000000000000     
       (0.72236396584314855,-1.36245103725587328E-015)
   1.0000000000000000                1          28
              (0.50000000000000011,0.0000000000000000)
  -2.9171931783333798        0.0000000000000000     
       (0.57827272005512720,-9.07221324172680288E-016)
  -2.6927937030769660        0.0000000000000000     
        (0.47495403149520943,1.59689194602519894E-015)
  -2.4683942278205522        0.0000000000000000     
       (0.40159624911838510,-4.29787681287849400E-016)
  -2.2439947525641384        0.0000000000000000     
        (0.34272982387142248,1.23048060560288391E-015)
  -2.0195952773077246        0.0000000000000000     
       (0.29272997940471890,-1.61031661216591279E-015)
  -1.7951958020513106        0.0000000000000000     
        (0.24902076111948496,4.59072676351779617E-016)
  -1.5707963267948968        0.0000000000000000     
       (0.21009528636353625,-3.63098815218312857E-016)
  -1.3463968515384830        0.0000000000000000     
        (0.17448035610686460,4.89169559009877307E-016)
  -1.1219973762820692        0.0000000000000000     
       (0.14183148955760883,-7.42122934187174172E-016)
 -0.89759790102565529        0.0000000000000000     
        (0.11119794901808414,2.29536338175889809E-016)
 -0.67319842576924149        0.0000000000000000     
  (8.21713790129558058E-002,-2.92165766274588198E-016)
 -0.44879895051282764        0.0000000000000000     
   (5.39434102625745218E-002,1.14768169087944904E-016)
 -0.22439947525641382        0.0000000000000000     
  (2.65780586283160952E-002,-2.47708031622570718E-016)
   0.0000000000000000        0.0000000000000000     
               (7.0047581214105765,0.0000000000000000)
  0.22439947525641382        0.0000000000000000     
   (2.65780586283160952E-002,2.47708031622570718E-016)
  0.44879895051282764        0.0000000000000000     
  (5.39434102625745218E-002,-1.14768169087944904E-016)
  0.67319842576924149        0.0000000000000000     
   (8.21713790129558058E-002,2.92165766274588198E-016)
  0.89759790102565529        0.0000000000000000     
       (0.11119794901808414,-2.29536338175889809E-016)
   1.1219973762820692        0.0000000000000000     
        (0.14183148955760883,7.42122934187174172E-016)
   1.3463968515384830        0.0000000000000000     
       (0.17448035610686460,-4.89169559009877307E-016)
   1.5707963267948968        0.0000000000000000     
        (0.21009528636353625,3.63098815218312857E-016)
   1.7951958020513106        0.0000000000000000     
       (0.24902076111948496,-4.59072676351779617E-016)
   2.0195952773077246        0.0000000000000000     
        (0.29272997940471890,1.61031661216591279E-015)
   2.2439947525641384        0.0000000000000000     
       (0.34272982387142248,-1.23048060560288391E-015)
   2.4683942278205522        0.0000000000000000     
        (0.40159624911838510,4.29787681287849400E-016)
   2.6927937030769660        0.0000000000000000     
       (0.47495403149520943,-1.59689194602519894E-015)
   2.9171931783333798        0.0000000000000000     
        (0.57827272005512720,9.07221324172680288E-016)
   3.1415926535897936        0.0000000000000000     
       (0.71603889056084902,-1.36061078736528769E-015)
   1.0000000000000000                1          28
              (0.49999999999999989,0.0000000000000000)
  -2.9171931783333798        0.0000000000000000     
       (0.57715443550570555,-4.71686913724523187E-016)
  -2.6927937030769660        0.0000000000000000     
        (0.47627290484591078,1.02771558514967696E-015)
  -2.4683942278205522        0.0000000000000000     
       (0.40133776602993387,-3.03607714910939906E-016)
  -2.2439947525641384        0.0000000000000000     
        (0.34173390094261358,1.35923674741741412E-015)
  -2.0195952773077246        0.0000000000000000     
       (0.29211116958322336,-1.73911176901470568E-015)
  -1.7951958020513106        0.0000000000000000     
        (0.24834416206129356,5.55054360002689641E-016)
  -1.5707963267948968        0.0000000000000000     
       (0.20978147153127902,-7.44605434521382921E-016)
  -1.3463968515384830        0.0000000000000000     
        (0.17454270845566816,1.31480440319727256E-015)
  -1.1219973762820692        0.0000000000000000     
       (0.14177293950682490,-9.33383636480171398E-016)
 -0.89759790102565529        0.0000000000000000     
        (0.11146117131223332,2.93387508924561336E-016)
 -0.67319842576924149        0.0000000000000000     
   (8.21898577193661412E-002,5.63125999461070663E-017)
 -0.44879895051282764        0.0000000000000000     
  (5.40843456055586022E-002,-2.02233481848482785E-016)
 -0.22439947525641382        0.0000000000000000     
   (2.66974487441021015E-002,4.56055896929835714E-017)
   0.0000000000000000        0.0000000000000000     
               (7.0057750698228576,0.0000000000000000)
  0.22439947525641382        0.0000000000000000     
  (2.66974487441021015E-002,-4.56055896929835714E-017)
  0.44879895051282764        0.0000000000000000     
   (5.40843456055586022E-002,2.02233481848482785E-016)
  0.67319842576924149        0.0000000000000000     
  (8.21898577193661412E-002,-5.63125999461070663E-017)
  0.89759790102565529        0.0000000000000000     
       (0.11146117131223332,-2.93387508924561336E-016)
   1.1219973762820692        0.0000000000000000     
        (0.14177293950682490,9.33383636480171398E-016)
   1.3463968515384830        0.0000000000000000     
       (0.17454270845566816,-1.31480440319727256E-015)
   1.5707963267948968        0.0000000000000000     
        (0.20978147153127902,7.44605434521382921E-016)
   1.7951958020513106        0.0000000000000000     
       (0.24834416206129356,-5.55054360002689641E-016)
   2.0195952773077246        0.0000000000000000     
        (0.29211116958322336,1.73911176901470568E-015)
   2.2439947525641384        0.0000000000000000     
       (0.34173390094261358,-1.35923674741741412E-015)
   2.4683942278205522        0.0000000000000000     
        (0.40133776602993387,3.03607714910939906E-016)
   2.6927937030769660        0.0000000000000000     
       (0.47627290484591078,-1.02771558514967696E-015)
   2.9171931783333798        0.0000000000000000     
        (0.57715443550570555,4.71686913724523187E-016)
   3.1415926535897936        0.0000000000000000     
       (0.71925636648971625,-1.36232823765703274E-015)
   1.0000000000000000                1          28
              (0.49999999999999967,0.0000000000000000)
  -2.9171931783333798        0.0000000000000000     
       (0.57523030026251953,-8.20462248725366944E-016)
  -2.6927937030769660        0.0000000000000000     
        (0.47520288732330151,1.56653013619418357E-015)
  -2.4683942278205522        0.0000000000000000     
       (0.40167680553495266,-4.62040127158183204E-016)
  -2.2439947525641384        0.0000000000000000     
        (0.34253319635787322,1.29533982370469068E-015)
  -2.0195952773077246        0.0000000000000000     
       (0.29242452229594335,-1.35799877900015056E-015)
  -1.7951958020513106        0.0000000000000000     
        (0.24921021194284115,8.72061597969594720E-016)
  -1.5707963267948968        0.0000000000000000     
       (0.21040770605775250,-9.66441211111487819E-016)
  -1.3463968515384830        0.0000000000000000     
        (0.17508075936009349,3.94687009478286994E-016)
  -1.1219973762820692        0.0000000000000000     
       (0.14230726410996103,-4.57345964773747063E-016)
 -0.89759790102565529        0.0000000000000000     
        (0.11169265376234352,4.51891127908013875E-016)
 -0.67319842576924149        0.0000000000000000     
  (8.24583384702477079E-002,-6.41432714589206064E-016)
 -0.44879895051282764        0.0000000000000000     
   (5.41930345770644459E-002,1.46643919337924338E-016)
 -0.22439947525641382        0.0000000000000000     
  (2.70824703971692671E-002,-2.16064919977910865E-016)
   0.0000000000000000        0.0000000000000000     
               (7.0062414440998140,0.0000000000000000)
  0.22439947525641382        0.0000000000000000     
   (2.70824703971692671E-002,2.16064919977910865E-016)
  0.44879895051282764        0.0000000000000000     
  (5.41930345770644459E-002,-1.46643919337924338E-016)
  0.67319842576924149        0.0000000000000000     
   (8.24583384702477079E-002,6.41432714589206064E-016)
  0.89759790102565529        0.0000000000000000     
       (0.11169265376234352,-4.51891127908013875E-016)
   1.1219973762820692        0.0000000000000000     
        (0.14230726410996103,4.57345964773747063E-016)
   1.3463968515384830        0.0000000000000000     
       (0.17508075936009349,-3.94687009478286994E-016)
   1.5707963267948968        0.0000000000000000     
        (0.21040770605775250,9.66441211111487819E-016)
   1.7951958020513106        0.0000000000000000     
       (0.24921021194284115,-8.72061597969594720E-016)
   2.0195952773077246        0.0000000000000000     
        (0.29242452229594335,1.35799877900015056E-015)
   2.2439947525641384        0.0000000000000000     
       (0.34253319635787322,-1.29533982370469068E-015)
   2.4683942278205522        0.0000000000000000     
        (0.40167680553495266,4.62040127158183204E-016)
   2.6927937030769660        0.0000000000000000     
       (0.47520288732330151,-1.56653013619418357E-015)
   2.9171931783333798        0.0000000000000000     
        (0.57523030026251953,8.20462248725366944E-016)
   3.1415926535897936        0.0000000000000000     
       (0.71475825499605117,-1.36191058098718130E-015)
   1.0000000000000000                1          28
              (0.50000000000000000,0.0000000000000000)
  -2.9171931783333798        0.0000000000000000     
       (0.57658139546516218,-6.06488722669638970E-016)
  -2.6927937030769660        0.0000000000000000     
        (0.47351385704568227,1.42419222695614585E-015)
  -2.4683942278205522        0.0000000000000000     
       (0.40049533785321906,-6.84243249670269708E-016)
  -2.2439947525641384        0.0000000000000000     
        (0.34193774612075867,1.70813102995859153E-015)
  -2.0195952773077246        0.0000000000000000     
       (0.29244086008215014,-1.51703352407226711E-015)
  -1.7951958020513106        0.0000000000000000     
        (0.24937934457650959,5.86760599707792790E-016)
  -1.5707963267948968        0.0000000000000000     
       (0.21045002098458826,-4.59104409514334628E-016)
  -1.3463968515384830        0.0000000000000000     
        (0.17531424345436919,4.90051508553041617E-016)
  -1.1219973762820692        0.0000000000000000     
       (0.14211883917749868,-6.79601896823913952E-016)
 -0.89759790102565529        0.0000000000000000     
        (0.11143080942198948,2.61659642007463365E-016)
 -0.67319842576924149        0.0000000000000000     
  (8.22527276650372313E-002,-1.97444767506871264E-016)
 -0.44879895051282764        0.0000000000000000     
   (5.44142567801164656E-002,3.84595083775195996E-016)
 -0.22439947525641382        0.0000000000000000     
  (2.67451328637538892E-002,-4.22272311274237588E-016)
   0.0000000000000000        0.0000000000000000     
               (7.0051321441523315,0.0000000000000000)
  0.22439947525641382        0.0000000000000000     
   (2.67451328637538892E-002,4.22272311274237588E-016)
  0.44879895051282764        0.0000000000000000     
  (5.44142567801164656E-002,-3.84595083775195996E-016)
  0.67319842576924149        0.0000000000000000     
   (8.22527276650372313E-002,1.97444767506871264E-016)
  0.89759790102565529        0.0000000000000000     
       (0.11143080942198948,-2.61659642007463365E-016)
   1.1219973762820692        0.0000000000000000     
        (0.14211883917749868,6.79601896823913952E-016)
   1.3463968515384830        0.0000000000000000     
       (0.17531424345436919,-4.90051508553041617E-016)
   1.5707963267948968        0.0000000000000000     
        (0.21045002098458826,4.59104409514334628E-016)
   1.7951958020513106        0.0000000000000000     
       (0.24937934457650959,-5.86760599707792790E-016)
   2.0195952773077246        0.0000000000000000     
        (0.29244086008215014,1.51703352407226711E-015)
   2.2439947525641384        0.0000000000000000     
       (0.34193774612075867,-1.70813102995859153E-015)
   2.4683942278205522        0.0000000000000000     
        (0.40049533785321906,6.84243249670269708E-016)
   2.6927937030769660        0.0000000000000000     
       (0.47351385704568227,-1.42419222695614585E-015)
   2.9171931783333798        0.0000000000000000     
        (0.57658139546516218,6.06488722669638970E-016)
   3.1415926535897936        0.0000000000000000     
       (0.72071871286599909,-1.36229802887873286E-015)
   1.0000000000000000                1          28
              (0.49999999999999950,0.0000000000000000)
  -2.9171931783333798        0.0000000000000000     
       (0.57776897244257996,-2.65134914734409499E-016)
  -2.6927937030769660        0.0000000000000000     
        (0.47613556892358028,1.59763042595063006E-015)
  -2.4683942278205522        0.0000000000000000     
       (0.40144392661956624,-6.20400634035793723E-016)
  -2.2439947525641384        0.0000000000000000     
        (0.34250080599083149,1.38985446847782768E-015)
  -2.0195952773077246        0.0000000000000000     
       (0.29233612244053359,-1.19873468066373593E-015)
  -1.7951958020513106        0.0000000000000000     
        (0.24902064510272751,1.09382297952580817E-015)
  -1.5707963267948968        0.0000000000000000     
       (0.20999695949890521,-1.21990977017604652E-015)
  -1.3463968515384830        0.0000000000000000     
        (0.17447039784935656,8.70186693129789322E-016)
  -1.1219973762820692        0.0000000000000000     
       (0.14175870801650198,-6.47346247469264246E-016)
 -0.89759790102565529        0.0000000000000000     
       (0.11127128707283625,-5.57810093193236955E-017)
 -0.67319842576924149        0.0000000000000000     
  (8.21399006878445193E-002,-1.97188412716646838E-016)
 -0.44879895051282764        0.0000000000000000     
  (5.40362985239118479E-002,-1.20301757364453266E-017)
 -0.22439947525641382        0.0000000000000000     
  (2.69133446201666529E-002,-8.12167212094682059E-017)
   0.0000000000000000        0.0000000000000000     
               (7.0054455585374820,0.0000000000000000)
  0.22439947525641382        0.0000000000000000     
   (2.69133446201666529E-002,8.12167212094682059E-017)
  0.44879895051282764        0.0000000000000000     
   (5.40362985239118479E-002,1.20301757364453266E-017)
  0.67319842576924149        0.0000000000000000     
   (8.21399006878445193E-002,1.97188412716646838E-016)
  0.89759790102565529        0.0000000000000000     
        (0.11127128707283625,5.57810093193236955E-017)
   1.1219973762820692        0.0000000000000000     
        (0.14175870801650198,6.47346247469264246E-016)
   1.3463968515384830        0.0000000000000000     
       (0.17447039784935656,-8.70186693129789322E-016)
   1.5707963267948968        0.0000000000000000     
        (0.20999695949890521,1.21990977017604652E-015)
   1.7951958020513106        0.0000000000000000     
       (0.24902064510272751,-1.09382297952580817E-015)
   2.0195952773077246        0.0000000000000000     
        (0.29233612244053359,1.19873468066373593E-015)
   2.2439947525641384        0.0000000000000000     
       (0.34250080599083149,-1.38985446847782768E-015)
   2.4683942278205522        0.0000000000000000     
        (0.40144392661956624,6.20400634035793723E-016)
   2.6927937030769660        0.0000000000000000     
       (0.47613556892358028,-1.59763042595063006E-015)
   2.9171931783333798        0.0000000000000000     
        (0.57776897244257996,2.65134914734409499E-016)
   3.1415926535897936        0.0000000000000000     
       (0.71496856588382074,-1.36131717357336982E-015)
