   -2.917193      0.000000
  1    1        0.00423992        0.00015941       -0.00000390        0.00006081
   -2.692794      0.000000
  1    1        0.00541520        0.00030182       -0.00005788        0.00016347
   -2.468394      0.000000
  1    1        0.00809118        0.00019906       -0.00018403        0.00008631
   -2.243995      0.000000
  1    1        0.01214093        0.00026893       -0.00011021        0.00006440
   -2.019595      0.000000
  1    1        0.01922255        0.00062362       -0.00047889        0.00051936
   -1.795196      0.000000
  1    1        0.03253337        0.00120150        0.00051011        0.00072162
   -1.570796      0.000000
  1    1        0.50000000        0.00000000        0.00000000        0.00000000
   -1.346397      0.000000
  1    1        0.96746663        0.00120150       -0.00051011        0.00072162
   -1.121997      0.000000
  1    1        0.98077745        0.00062362        0.00047889        0.00051936
   -0.897598      0.000000
  1    1        0.98785907        0.00026893        0.00011021        0.00006440
   -0.673198      0.000000
  1    1        0.99190882        0.00019906        0.00018403        0.00008631
   -0.448799      0.000000
  1    1        0.99458480        0.00030182        0.00005788        0.00016347
   -0.224399      0.000000
  1    1        0.99576008        0.00015941        0.00000390        0.00006081
    0.000000      0.000000
  1    1        0.99611702        0.00014753        0.00000000        0.00000000
    0.224399      0.000000
  1    1        0.99576008        0.00015941       -0.00000390        0.00006081
    0.448799      0.000000
  1    1        0.99458480        0.00030182       -0.00005788        0.00016347
    0.673198      0.000000
  1    1        0.99190882        0.00019906       -0.00018403        0.00008631
    0.897598      0.000000
  1    1        0.98785907        0.00026893       -0.00011021        0.00006440
    1.121997      0.000000
  1    1        0.98077745        0.00062362       -0.00047889        0.00051936
    1.346397      0.000000
  1    1        0.96746663        0.00120150        0.00051011        0.00072162
    1.570796      0.000000
  1    1        0.50000000        0.00000000       -0.00000000        0.00000000
    1.795196      0.000000
  1    1        0.03253337        0.00120150       -0.00051011        0.00072162
    2.019595      0.000000
  1    1        0.01922255        0.00062362        0.00047889        0.00051936
    2.243995      0.000000
  1    1        0.01214093        0.00026893        0.00011021        0.00006440
    2.468394      0.000000
  1    1        0.00809118        0.00019906        0.00018403        0.00008631
    2.692794      0.000000
  1    1        0.00541520        0.00030182        0.00005788        0.00016347
    2.917193      0.000000
  1    1        0.00423992        0.00015941        0.00000390        0.00006081
    3.141593      0.000000
  1    1        0.00388298        0.00014753       -0.00000000        0.00000000
