   -2.917193      0.000000        0.37938496        0.00576297        0.00011153        0.00366475
   -2.692794      0.000000        0.42103511        0.00703629        0.00576079        0.00506495
   -2.468394      0.000000        0.48045066        0.00965315       -0.00168111        0.00678366
   -2.243995      0.000000        0.60505037        0.00704467       -0.00767303        0.00558391
   -2.019595      0.000000        0.87985556        0.01914382        0.00026898        0.02471422
   -1.795196      0.000000        1.68076743        0.03221287       -0.01904629        0.01435396
   -1.570796      0.000000        7.40725372        0.28915487        0.03111130        0.10242998
   -1.346397      0.000000        1.61280634        0.01853712       -0.01469217        0.02090861
   -1.121997      0.000000        0.84918223        0.01579217        0.00472161        0.01983427
   -0.897598      0.000000        0.60582688        0.00243092       -0.00032770        0.00647594
   -0.673198      0.000000        0.48412463        0.00292578       -0.00153300        0.00663356
   -0.448799      0.000000        0.42552217        0.00297605        0.00085170        0.00684441
   -0.224399      0.000000        0.39311763        0.00202283        0.00288762        0.00685296
    0.000000      0.000000        0.38166652        0.01146514        0.00000000        0.00000000
    0.224399      0.000000        0.39311763        0.00202283       -0.00288762        0.00685296
    0.448799      0.000000        0.42552217        0.00297605       -0.00085170        0.00684441
    0.673198      0.000000        0.48412463        0.00292578        0.00153300        0.00663356
    0.897598      0.000000        0.60582688        0.00243092        0.00032770        0.00647594
    1.121997      0.000000        0.84918223        0.01579217       -0.00472161        0.01983427
    1.346397      0.000000        1.61280634        0.01853712        0.01469217        0.02090861
    1.570796      0.000000        7.40725372        0.28915487       -0.03111130        0.10242998
    1.795196      0.000000        1.68076743        0.03221287        0.01904629        0.01435396
    2.019595      0.000000        0.87985556        0.01914382       -0.00026898        0.02471422
    2.243995      0.000000        0.60505037        0.00704467        0.00767303        0.00558391
    2.468394      0.000000        0.48045066        0.00965315        0.00168111        0.00678366
    2.692794      0.000000        0.42103511        0.00703629       -0.00576079        0.00506495
    2.917193      0.000000        0.37938496        0.00576297       -0.00011153        0.00366475
    3.141593      0.000000        0.38117292        0.00639211        0.00000000        0.00000000
