  -13.000000      0.000000
  1    1        0.00361980        0.00002767       -0.00000000        0.00000000
  -12.000000      0.000000
  1    1       -0.00008916        0.00002174       -0.00000000        0.00000000
  -11.000000      0.000000
  1    1       -0.01119125        0.00002979        0.00000000        0.00000000
  -10.000000      0.000000
  1    1        0.00011306        0.00003856        0.00000000        0.00000000
   -9.000000      0.000000
  1    1        0.02012720        0.00009273        0.00000000        0.00000000
   -8.000000      0.000000
  1    1       -0.00008944        0.00006356       -0.00000000        0.00000000
   -7.000000      0.000000
  1    1       -0.03230484        0.00021552       -0.00000000        0.00000000
   -6.000000      0.000000
  1    1        0.00007010        0.00011587        0.00000000        0.00000000
   -5.000000      0.000000
  1    1        0.05195964        0.00018411       -0.00000000        0.00000000
   -4.000000      0.000000
  1    1       -0.00000335        0.00018322       -0.00000000        0.00000000
   -3.000000      0.000000
  1    1       -0.09534947        0.00020008       -0.00000000        0.00000000
   -2.000000      0.000000
  1    1       -0.00006956        0.00008044       -0.00000000        0.00000000
   -1.000000      0.000000
  1    1        0.31119742        0.00013175        0.00000000        0.00000000
    0.000000      0.000000
  1    1        0.50000000        0.00000000       -0.00000000        0.00000000
    1.000000      0.000000
  1    1        0.31119742        0.00013175       -0.00000000        0.00000000
    2.000000      0.000000
  1    1        0.00006956        0.00008044        0.00000000        0.00000000
    3.000000      0.000000
  1    1       -0.09534947        0.00020008       -0.00000000        0.00000000
    4.000000      0.000000
  1    1        0.00000335        0.00018322        0.00000000        0.00000000
    5.000000      0.000000
  1    1        0.05195964        0.00018411       -0.00000000        0.00000000
    6.000000      0.000000
  1    1       -0.00007010        0.00011587       -0.00000000        0.00000000
    7.000000      0.000000
  1    1       -0.03230484        0.00021552       -0.00000000        0.00000000
    8.000000      0.000000
  1    1        0.00008944        0.00006356       -0.00000000        0.00000000
    9.000000      0.000000
  1    1        0.02012720        0.00009273       -0.00000000        0.00000000
   10.000000      0.000000
  1    1       -0.00011306        0.00003856        0.00000000        0.00000000
   11.000000      0.000000
  1    1       -0.01119125        0.00002979       -0.00000000        0.00000000
   12.000000      0.000000
  1    1        0.00008916        0.00002174        0.00000000        0.00000000
   13.000000      0.000000
  1    1        0.00361980        0.00002767       -0.00000000        0.00000000
   14.000000      0.000000
  1    1       -0.00000000        0.00000000        0.00000000        0.00000000
