   1.0000000000000000                1          28
               (0.0000000000000000,0.0000000000000000)
  -2.9171931783333798        0.0000000000000000     
       (0.57539315444644556,-2.38162733596671901E-017)
  -2.6927937030769660        0.0000000000000000     
       (0.47338896632086502,-9.14455889377064528E-018)
  -2.4683942278205522        0.0000000000000000     
       (0.40137554934729891,-3.32826094113151380E-017)
  -2.2439947525641384        0.0000000000000000     
       (0.34241563697986177,-1.71493664216033954E-017)
  -2.0195952773077246        0.0000000000000000     
       (0.29285666698167084,-2.38271313701645831E-017)
  -1.7951958020513106        0.0000000000000000     
       (0.24916784862082988,-2.46947739938193728E-017)
  -1.5707963267948968        0.0000000000000000     
       (0.21051784823289671,-4.60198405289795898E-017)
  -1.3463968515384830        0.0000000000000000     
       (0.17485877133670735,-1.95652466321134394E-017)
  -1.1219973762820692        0.0000000000000000     
       (0.14190027454364887,-3.57846742463195072E-017)
 -0.89759790102565529        0.0000000000000000     
       (0.11134008054178926,-4.41722253530142428E-018)
 -0.67319842576924149        0.0000000000000000     
  (8.21193824843443887E-002,-2.71422049583067438E-017)
 -0.44879895051282764        0.0000000000000000     
  (5.40060989029280819E-002,-1.78211225514419744E-017)
 -0.22439947525641382        0.0000000000000000     
  (2.67227598563519290E-002,-9.92357932059863200E-018)
   0.0000000000000000        0.0000000000000000     
         (5.50995696560084309E-003,0.0000000000000000)
  0.22439947525641382        0.0000000000000000     
   (2.67227598563519290E-002,9.92357932059863200E-018)
  0.44879895051282764        0.0000000000000000     
   (5.40060989029280819E-002,1.78211225514419744E-017)
  0.67319842576924149        0.0000000000000000     
   (8.21193824843443887E-002,2.71422049583067438E-017)
  0.89759790102565529        0.0000000000000000     
        (0.11134008054178926,4.41722253530142428E-018)
   1.1219973762820692        0.0000000000000000     
        (0.14190027454364887,3.57846742463195072E-017)
   1.3463968515384830        0.0000000000000000     
        (0.17485877133670735,1.95652466321134394E-017)
   1.5707963267948968        0.0000000000000000     
        (0.21051784823289671,4.60198405289795898E-017)
   1.7951958020513106        0.0000000000000000     
        (0.24916784862082988,2.46947739938193728E-017)
   2.0195952773077246        0.0000000000000000     
        (0.29285666698167084,2.38271313701645831E-017)
   2.2439947525641384        0.0000000000000000     
        (0.34241563697986177,1.71493664216033954E-017)
   2.4683942278205522        0.0000000000000000     
        (0.40137554934729891,3.32826094113151380E-017)
   2.6927937030769660        0.0000000000000000     
        (0.47338896632086502,9.14455889377064528E-018)
   2.9171931783333798        0.0000000000000000     
        (0.57539315444644556,2.38162733596671901E-017)
   3.1415926535897936        0.0000000000000000     
       (0.72236396584312312,-1.47205775572786259E-017)
   1.0000000000000000                1          28
               (0.0000000000000000,0.0000000000000000)
  -2.9171931783333798        0.0000000000000000     
       (0.57827272005512154,-2.64925144612624395E-017)
  -2.6927937030769660        0.0000000000000000     
       (0.47495403149515686,-8.83805933443030304E-018)
  -2.4683942278205522        0.0000000000000000     
        (0.40159624911838498,4.30042967775003108E-019)
  -2.2439947525641384        0.0000000000000000     
        (0.34272982387148360,1.85114462706637917E-017)
  -2.0195952773077246        0.0000000000000000     
       (0.29272997940469159,-1.73171407076953493E-017)
  -1.7951958020513106        0.0000000000000000     
        (0.24902076111946120,1.35820927425129978E-017)
  -1.5707963267948968        0.0000000000000000     
        (0.21009528636356598,7.43762397447609595E-018)
  -1.3463968515384830        0.0000000000000000     
        (0.17448035610686558,1.51585638473802434E-017)
  -1.1219973762820692        0.0000000000000000     
       (0.14183148955750829,-9.99917605360767075E-018)
 -0.89759790102565529        0.0000000000000000     
       (0.11119794901806268,-2.37820628747805227E-018)
 -0.67319842576924149        0.0000000000000000     
  (8.21713790130015331E-002,-5.84455844771331460E-018)
 -0.44879895051282764        0.0000000000000000     
  (5.39434102625652792E-002,-8.37581468707151314E-018)
 -0.22439947525641382        0.0000000000000000     
  (2.65780586282903415E-002,-1.41505979739333458E-017)
   0.0000000000000000        0.0000000000000000     
         (4.75812141086664250E-003,0.0000000000000000)
  0.22439947525641382        0.0000000000000000     
   (2.65780586282903415E-002,1.41505979739333458E-017)
  0.44879895051282764        0.0000000000000000     
   (5.39434102625652792E-002,8.37581468707151314E-018)
  0.67319842576924149        0.0000000000000000     
   (8.21713790130015331E-002,5.84455844771331460E-018)
  0.89759790102565529        0.0000000000000000     
        (0.11119794901806268,2.37820628747805227E-018)
   1.1219973762820692        0.0000000000000000     
        (0.14183148955750829,9.99917605360767075E-018)
   1.3463968515384830        0.0000000000000000     
       (0.17448035610686558,-1.51585638473802434E-017)
   1.5707963267948968        0.0000000000000000     
       (0.21009528636356598,-7.43762397447609595E-018)
   1.7951958020513106        0.0000000000000000     
       (0.24902076111946120,-1.35820927425129978E-017)
   2.0195952773077246        0.0000000000000000     
        (0.29272997940469159,1.73171407076953493E-017)
   2.2439947525641384        0.0000000000000000     
       (0.34272982387148360,-1.85114462706637917E-017)
   2.4683942278205522        0.0000000000000000     
       (0.40159624911838498,-4.30042967775003108E-019)
   2.6927937030769660        0.0000000000000000     
        (0.47495403149515686,8.83805933443030304E-018)
   2.9171931783333798        0.0000000000000000     
        (0.57827272005512154,2.64925144612624395E-017)
   3.1415926535897936        0.0000000000000000     
       (0.71603889056081649,-1.28803276666767185E-017)
   1.0000000000000000                1          28
               (0.0000000000000000,0.0000000000000000)
  -2.9171931783333798        0.0000000000000000     
        (0.57715443550565171,8.32077303622172611E-018)
  -2.6927937030769660        0.0000000000000000     
        (0.47627290484595403,2.07129966415590804E-017)
  -2.4683942278205522        0.0000000000000000     
       (0.40133776602995774,-1.71242215219995846E-017)
  -2.2439947525641384        0.0000000000000000     
        (0.34173390094258338,1.54286039110483826E-017)
  -2.0195952773077246        0.0000000000000000     
       (0.29211116958316613,-1.57602192188961303E-017)
  -1.7951958020513106        0.0000000000000000     
       (0.24834416206129756,-4.67255511351536219E-019)
  -1.5707963267948968        0.0000000000000000     
       (0.20978147153126095,-7.29888897925395477E-018)
  -1.3463968515384830        0.0000000000000000     
        (0.17454270845564521,1.30824923544573795E-017)
  -1.1219973762820692        0.0000000000000000     
       (0.14177293950676303,-2.01449624874325353E-018)
 -0.89759790102565529        0.0000000000000000     
        (0.11146117131224728,4.97054267225465260E-018)
 -0.67319842576924149        0.0000000000000000     
  (8.21898577193641705E-002,-5.93622831022494979E-019)
 -0.44879895051282764        0.0000000000000000     
  (5.40843456055549870E-002,-2.22326381295257812E-018)
 -0.22439947525641382        0.0000000000000000     
   (2.66974487440790609E-002,2.35072010360257987E-018)
   0.0000000000000000        0.0000000000000000     
         (5.77506982319079057E-003,0.0000000000000000)
  0.22439947525641382        0.0000000000000000     
  (2.66974487440790609E-002,-2.35072010360257987E-018)
  0.44879895051282764        0.0000000000000000     
   (5.40843456055549870E-002,2.22326381295257812E-018)
  0.67319842576924149        0.0000000000000000     
   (8.21898577193641705E-002,5.93622831022494979E-019)
  0.89759790102565529        0.0000000000000000     
       (0.11146117131224728,-4.97054267225465260E-018)
   1.1219973762820692        0.0000000000000000     
        (0.14177293950676303,2.01449624874325353E-018)
   1.3463968515384830        0.0000000000000000     
       (0.17454270845564521,-1.30824923544573795E-017)
   1.5707963267948968        0.0000000000000000     
        (0.20978147153126095,7.29888897925395477E-018)
   1.7951958020513106        0.0000000000000000     
        (0.24834416206129756,4.67255511351536219E-019)
   2.0195952773077246        0.0000000000000000     
        (0.29211116958316613,1.57602192188961303E-017)
   2.2439947525641384        0.0000000000000000     
       (0.34173390094258338,-1.54286039110483826E-017)
   2.4683942278205522        0.0000000000000000     
        (0.40133776602995774,1.71242215219995846E-017)
   2.6927937030769660        0.0000000000000000     
       (0.47627290484595403,-2.07129966415590804E-017)
   2.9171931783333798        0.0000000000000000     
       (0.57715443550565171,-8.32077303622172611E-018)
   3.1415926535897936        0.0000000000000000     
       (0.71925636648976055,-1.45977779585078756E-017)
   1.0000000000000000                1          28
               (0.0000000000000000,0.0000000000000000)
  -2.9171931783333798        0.0000000000000000     
       (0.57523030026256139,-1.19221359138708768E-018)
  -2.6927937030769660        0.0000000000000000     
        (0.47520288732326943,1.85416408205644228E-017)
  -2.4683942278205522        0.0000000000000000     
       (0.40167680553490520,-8.52754479655521603E-018)
  -2.2439947525641384        0.0000000000000000     
        (0.34253319635784163,1.39817253333201611E-017)
  -2.0195952773077246        0.0000000000000000     
       (0.29242452229597504,-1.62863939190653021E-017)
  -1.7951958020513106        0.0000000000000000     
        (0.24921021194286452,6.76793317390661610E-018)
  -1.5707963267948968        0.0000000000000000     
       (0.21040770605781428,-9.56823703850227788E-018)
  -1.3463968515384830        0.0000000000000000     
        (0.17508075936010403,1.58379878550515523E-017)
  -1.1219973762820692        0.0000000000000000     
       (0.14230726410994188,-1.41775742099925677E-017)
 -0.89759790102565529        0.0000000000000000     
       (0.11169265376227537,-2.06802148040237128E-018)
 -0.67319842576924149        0.0000000000000000     
  (8.24583384702426009E-002,-1.28753467160309386E-017)
 -0.44879895051282764        0.0000000000000000     
  (5.41930345770551061E-002,-1.14423515960620282E-017)
 -0.22439947525641382        0.0000000000000000     
  (2.70824703971174682E-002,-5.55452679581823201E-018)
   0.0000000000000000        0.0000000000000000     
         (6.24144410011600280E-003,0.0000000000000000)
  0.22439947525641382        0.0000000000000000     
   (2.70824703971174682E-002,5.55452679581823201E-018)
  0.44879895051282764        0.0000000000000000     
   (5.41930345770551061E-002,1.14423515960620282E-017)
  0.67319842576924149        0.0000000000000000     
   (8.24583384702426009E-002,1.28753467160309386E-017)
  0.89759790102565529        0.0000000000000000     
        (0.11169265376227537,2.06802148040237128E-018)
   1.1219973762820692        0.0000000000000000     
        (0.14230726410994188,1.41775742099925677E-017)
   1.3463968515384830        0.0000000000000000     
       (0.17508075936010403,-1.58379878550515523E-017)
   1.5707963267948968        0.0000000000000000     
        (0.21040770605781428,9.56823703850227788E-018)
   1.7951958020513106        0.0000000000000000     
       (0.24921021194286452,-6.76793317390661610E-018)
   2.0195952773077246        0.0000000000000000     
        (0.29242452229597504,1.62863939190653021E-017)
   2.2439947525641384        0.0000000000000000     
       (0.34253319635784163,-1.39817253333201611E-017)
   2.4683942278205522        0.0000000000000000     
        (0.40167680553490520,8.52754479655521603E-018)
   2.6927937030769660        0.0000000000000000     
       (0.47520288732326943,-1.85416408205644228E-017)
   2.9171931783333798        0.0000000000000000     
        (0.57523030026256139,1.19221359138708768E-018)
   3.1415926535897936        0.0000000000000000     
       (0.71475825499594958,-1.41801212884994041E-017)
   1.0000000000000000                1          28
               (0.0000000000000000,0.0000000000000000)
  -2.9171931783333798        0.0000000000000000     
       (0.57658139546511067,-1.29805570521170813E-017)
  -2.6927937030769660        0.0000000000000000     
        (0.47351385704567128,1.39903391031078609E-017)
  -2.4683942278205522        0.0000000000000000     
       (0.40049533785320174,-1.78553150423987542E-017)
  -2.2439947525641384        0.0000000000000000     
       (0.34193774612072531,-1.23599254741929908E-017)
  -2.0195952773077246        0.0000000000000000     
       (0.29244086008210785,-3.55519903554827183E-017)
  -1.7951958020513106        0.0000000000000000     
       (0.24937934457658012,-6.92493227774966384E-018)
  -1.5707963267948968        0.0000000000000000     
       (0.21045002098464954,-5.30124347468886890E-018)
  -1.3463968515384830        0.0000000000000000     
       (0.17531424345434946,-1.41932386193056406E-017)
  -1.1219973762820692        0.0000000000000000     
       (0.14211883917748555,-3.02492302584164497E-017)
 -0.89759790102565529        0.0000000000000000     
       (0.11143080942202624,-9.90572476393154344E-018)
 -0.67319842576924149        0.0000000000000000     
  (8.22527276650063394E-002,-2.83413031281590934E-017)
 -0.44879895051282764        0.0000000000000000     
   (5.44142567801255139E-002,7.93365486814765131E-018)
 -0.22439947525641382        0.0000000000000000     
  (2.67451328636869046E-002,-2.97555687637279347E-018)
   0.0000000000000000        0.0000000000000000     
         (5.13214415254476409E-003,0.0000000000000000)
  0.22439947525641382        0.0000000000000000     
   (2.67451328636869046E-002,2.97555687637279347E-018)
  0.44879895051282764        0.0000000000000000     
  (5.44142567801255139E-002,-7.93365486814765131E-018)
  0.67319842576924149        0.0000000000000000     
   (8.22527276650063394E-002,2.83413031281590934E-017)
  0.89759790102565529        0.0000000000000000     
        (0.11143080942202624,9.90572476393154344E-018)
   1.1219973762820692        0.0000000000000000     
        (0.14211883917748555,3.02492302584164497E-017)
   1.3463968515384830        0.0000000000000000     
        (0.17531424345434946,1.41932386193056406E-017)
   1.5707963267948968        0.0000000000000000     
        (0.21045002098464954,5.30124347468886890E-018)
   1.7951958020513106        0.0000000000000000     
        (0.24937934457658012,6.92493227774966384E-018)
   2.0195952773077246        0.0000000000000000     
        (0.29244086008210785,3.55519903554827183E-017)
   2.2439947525641384        0.0000000000000000     
        (0.34193774612072531,1.23599254741929908E-017)
   2.4683942278205522        0.0000000000000000     
        (0.40049533785320174,1.78553150423987542E-017)
   2.6927937030769660        0.0000000000000000     
       (0.47351385704567128,-1.39903391031078609E-017)
   2.9171931783333798        0.0000000000000000     
        (0.57658139546511067,1.29805570521170813E-017)
   3.1415926535897936        0.0000000000000000     
       (0.72071871286600342,-1.45675691801818742E-017)
   1.0000000000000000                1          28
               (0.0000000000000000,0.0000000000000000)
  -2.9171931783333798        0.0000000000000000     
        (0.57776897244260361,1.61230252073083578E-017)
  -2.6927937030769660        0.0000000000000000     
        (0.47613556892361986,3.13034252596183435E-017)
  -2.4683942278205522        0.0000000000000000     
        (0.40144392661954442,3.60745950150907350E-017)
  -2.2439947525641384        0.0000000000000000     
        (0.34250080599076144,4.20812427405679794E-017)
  -2.0195952773077246        0.0000000000000000     
        (0.29233612244052470,5.68673217567507703E-018)
  -1.7951958020513106        0.0000000000000000     
        (0.24902064510274777,3.82053676515567565E-017)
  -1.5707963267948968        0.0000000000000000     
        (0.20999695949887726,3.48400064860626276E-017)
  -1.3463968515384830        0.0000000000000000     
        (0.17447039784931165,3.48575796852666784E-017)
  -1.1219973762820692        0.0000000000000000     
        (0.14175870801647353,2.43100066445382520E-017)
 -0.89759790102565529        0.0000000000000000     
        (0.11127128707281306,3.00066599604897385E-017)
 -0.67319842576924149        0.0000000000000000     
   (8.21399006878411053E-002,6.85733882104196011E-018)
 -0.44879895051282764        0.0000000000000000     
   (5.40362985239520935E-002,1.82249592927732261E-017)
 -0.22439947525641382        0.0000000000000000     
  (2.69133446201520014E-002,-2.91703866075515884E-018)
   0.0000000000000000        0.0000000000000000     
         (5.44555853775300150E-003,0.0000000000000000)
  0.22439947525641382        0.0000000000000000     
   (2.69133446201520014E-002,2.91703866075515884E-018)
  0.44879895051282764        0.0000000000000000     
  (5.40362985239520935E-002,-1.82249592927732261E-017)
  0.67319842576924149        0.0000000000000000     
  (8.21399006878411053E-002,-6.85733882104196011E-018)
  0.89759790102565529        0.0000000000000000     
       (0.11127128707281306,-3.00066599604897385E-017)
   1.1219973762820692        0.0000000000000000     
       (0.14175870801647353,-2.43100066445382520E-017)
   1.3463968515384830        0.0000000000000000     
       (0.17447039784931165,-3.48575796852666784E-017)
   1.5707963267948968        0.0000000000000000     
       (0.20999695949887726,-3.48400064860626276E-017)
   1.7951958020513106        0.0000000000000000     
       (0.24902064510274777,-3.82053676515567565E-017)
   2.0195952773077246        0.0000000000000000     
       (0.29233612244052470,-5.68673217567507703E-018)
   2.2439947525641384        0.0000000000000000     
       (0.34250080599076144,-4.20812427405679794E-017)
   2.4683942278205522        0.0000000000000000     
       (0.40144392661954442,-3.60745950150907350E-017)
   2.6927937030769660        0.0000000000000000     
       (0.47613556892361986,-3.13034252596183435E-017)
   2.9171931783333798        0.0000000000000000     
       (0.57776897244260361,-1.61230252073083578E-017)
   3.1415926535897936        0.0000000000000000     
       (0.71496856588380320,-1.35867138747614946E-017)
