     0.0000000        1.94966498        0.14788412
     0.1000000        1.63528232        0.14941666
     0.2000000        1.43625948        0.14411293
     0.3000000        1.28115423        0.14154899
     0.4000000        1.18528917        0.13903467
     0.5000000        1.09456169        0.13887782
     0.6000000        1.02470285        0.13226000
     0.7000000        0.97187479        0.12771066
     0.8000000        0.90937567        0.12593205
     0.9000000        0.86674371        0.12240980
     1.0000000        0.80938404        0.13043301
     1.1000000        0.76128888        0.14347637
     1.2000000        0.71629653        0.13891006
     1.3000000        0.67309299        0.12664258
     1.4000000        0.65235475        0.12709849
     1.5000000        0.61357298        0.12206287
     1.6000000        0.59749760        0.11531498
     1.7000000        0.59114776        0.11806424
     1.8000000        0.54905112        0.11863457
     1.9000000        0.49550071        0.11712895
     2.0000000        0.46130567        0.12595674
     2.1000000        0.40979685        0.12640606
     2.2000000        0.36080123        0.12179724
     2.3000000        0.31497128        0.12385735
     2.4000000        0.28981820        0.11958023
     2.5000000        0.27262382        0.11535724
     2.6000000        0.27716661        0.11221399
     2.7000000        0.28572889        0.10674935
     2.8000000        0.26631852        0.09710696
     2.9000000        0.26061504        0.10084669
     3.0000000        0.23223273        0.09826304
     3.1000000        0.19901974        0.09338325
     3.2000000        0.17575683        0.08696556
     3.3000000        0.15532755        0.09264482
     3.4000000        0.13505487        0.10008564
     3.5000000        0.13915395        0.10672345
     3.6000000        0.14173451        0.11645617
     3.7000000        0.13695546        0.12443114
     3.8000000        0.14439849        0.11997417
     3.9000000        0.12704833        0.11411697
     4.0000000        0.11766163        0.11360334
     4.1000000        0.10593305        0.10657187
     4.2000000        0.11129953        0.09734189
     4.3000000        0.09808189        0.09009512
     4.4000000        0.12215323        0.09237266
     4.5000000        0.12916190        0.08085765
     4.6000000        0.14389916        0.07115990
     4.7000000        0.15697009        0.07886323
     4.8000000        0.15649062        0.08656847
     4.9000000        0.15118180        0.09036099
     5.0000000        0.15298981        0.09308407
     5.1000000        0.15090811        0.08885779
     5.2000000        0.16172849        0.08204189
     5.3000000        0.18113087        0.06799569
     5.4000000        0.18198774        0.05775082
     5.5000000        0.16764287        0.05196009
     5.6000000        0.16855199        0.03615502
     5.7000000        0.15471972        0.04244215
     5.8000000        0.16126072        0.05126663
     5.9000000        0.16657407        0.05366880
     6.0000000        0.17453758        0.05944481
     6.1000000        0.15853046        0.07786625
     6.2000000        0.17033238        0.08526931
     6.3000000        0.18434668        0.07828280
     6.4000000        0.20673997        0.08613990
     6.5000000        0.19784725        0.09978538
     6.6000000        0.20034020        0.09953030
     6.7000000        0.21202076        0.10011628
     6.8000000        0.23182841        0.10539143
     6.9000000        0.24002606        0.10335634
     7.0000000        0.27371008        0.10517631
     7.1000000        0.27793161        0.11654377
     7.2000000        0.29800137        0.12670851
     7.3000000        0.30131268        0.13229423
     7.4000000        0.30743716        0.13317044
     7.5000000        0.32931879        0.12400474
     7.6000000        0.35504570        0.11727735
     7.7000000        0.38838591        0.12112721
     7.8000000        0.40922713        0.12087932
     7.9000000        0.43608980        0.10760943
     8.0000000        0.47509043        0.10475682
     8.1000000        0.51292280        0.09840301
     8.2000000        0.56121094        0.10136464
     8.3000000        0.63041091        0.09441724
     8.4000000        0.67876396        0.10009384
     8.5000000        0.70575807        0.10733927
     8.6000000        0.71972237        0.10822938
     8.7000000        0.73416869        0.10911354
     8.8000000        0.76303673        0.10309992
     8.9000000        0.80385957        0.09672524
     9.0000000        0.83311692        0.09178067
     9.1000000        0.89001214        0.09483167
     9.2000000        0.95518420        0.09319983
     9.3000000        1.01352140        0.09167036
     9.4000000        1.08799376        0.10280873
     9.5000000        1.17644187        0.11134629
     9.6000000        1.26768777        0.11178703
     9.7000000        1.36210820        0.11259619
     9.8000000        1.47365639        0.12355952
     9.9000000        1.66725562        0.13511721
    10.0000000        1.94966498        0.14788412
