   1.0000000000000000                1          28
              (0.50000000000000244,0.0000000000000000)
  -2.9171931783333798        0.0000000000000000     
       (0.65394135914991292,-5.66524416158530076E-016)
  -2.6927937030769660        0.0000000000000000     
        (0.45834097818678871,1.76823576237996110E-015)
  -2.4683942278205522        0.0000000000000000     
       (0.36070413994337258,-6.56132525530143236E-016)
  -2.2439947525641384        0.0000000000000000     
        (0.29474960661372079,1.42168482636312027E-015)
  -2.0195952773077246        0.0000000000000000     
       (0.24778139954598580,-1.29599034512434925E-015)
  -1.7951958020513106        0.0000000000000000     
        (0.20072368494152273,6.91417633817459967E-016)
  -1.5707963267948968        0.0000000000000000     
       (0.16531440606437239,-7.56047099657287227E-016)
  -1.3463968515384830        0.0000000000000000     
        (0.13312031477485417,1.04272117042214560E-015)
  -1.1219973762820692        0.0000000000000000     
       (0.10941992882641929,-1.13907129410840628E-015)
 -0.89759790102565529        0.0000000000000000     
   (8.52423859138281975E-002,3.45708816908729983E-016)
 -0.67319842576924149        0.0000000000000000     
  (6.19188718484919506E-002,-2.83455651362825075E-016)
 -0.44879895051282764        0.0000000000000000     
   (3.96865978787971224E-002,7.76924349150658649E-017)
 -0.22439947525641382        0.0000000000000000     
  (1.98742240318143804E-002,-2.29858885343164113E-017)
   0.0000000000000000        0.0000000000000000     
               (7.0006381477838167,0.0000000000000000)
  0.22439947525641382        0.0000000000000000     
   (1.98742240318143804E-002,2.29858885343164113E-017)
  0.44879895051282764        0.0000000000000000     
  (3.96865978787971224E-002,-7.76924349150658649E-017)
  0.67319842576924149        0.0000000000000000     
   (6.19188718484919506E-002,2.83455651362825075E-016)
  0.89759790102565529        0.0000000000000000     
  (8.52423859138281975E-002,-3.45708816908729983E-016)
   1.1219973762820692        0.0000000000000000     
        (0.10941992882641929,1.13907129410840628E-015)
   1.3463968515384830        0.0000000000000000     
       (0.13312031477485417,-1.04272117042214560E-015)
   1.5707963267948968        0.0000000000000000     
        (0.16531440606437239,7.56047099657287227E-016)
   1.7951958020513106        0.0000000000000000     
       (0.20072368494152273,-6.91417633817459967E-016)
   2.0195952773077246        0.0000000000000000     
        (0.24778139954598580,1.29599034512434925E-015)
   2.2439947525641384        0.0000000000000000     
       (0.29474960661372079,-1.42168482636312027E-015)
   2.4683942278205522        0.0000000000000000     
        (0.36070413994337258,6.56132525530143236E-016)
   2.6927937030769660        0.0000000000000000     
       (0.45834097818678871,-1.76823576237996110E-015)
   2.9171931783333798        0.0000000000000000     
        (0.65394135914991292,5.66524416158530076E-016)
   3.1415926535897936        0.0000000000000000     
        (1.3377260567764917,-1.44865288362170859E-015)
   1.0000000000000000                1          28
              (0.49999999999996114,0.0000000000000000)
  -2.9171931783333798        0.0000000000000000     
       (0.66276713988386793,-5.67175083503854075E-016)
  -2.6927937030769660        0.0000000000000000     
        (0.47730219452819139,1.20806004649689822E-015)
  -2.4683942278205522        0.0000000000000000     
       (0.37253384487066299,-2.03854455955063185E-016)
  -2.2439947525641384        0.0000000000000000     
        (0.29674007594572943,1.24124764202852055E-015)
  -2.0195952773077246        0.0000000000000000     
       (0.24730575203119218,-1.27370176871754828E-015)
  -1.7951958020513106        0.0000000000000000     
        (0.20550733387218895,2.69496178175713096E-016)
  -1.5707963267948968        0.0000000000000000     
       (0.16602204134988113,-6.19156883329071173E-016)
  -1.3463968515384830        0.0000000000000000     
        (0.13823970353638412,1.00053824632886223E-015)
  -1.1219973762820692        0.0000000000000000     
       (0.11194492065383128,-1.15987500440362208E-015)
 -0.89759790102565529        0.0000000000000000     
   (8.65844577089741191E-002,4.04373680782537425E-016)
 -0.67319842576924149        0.0000000000000000     
  (6.37527364513258005E-002,-5.31989781010864146E-016)
 -0.44879895051282764        0.0000000000000000     
   (4.07540163228235566E-002,5.03533089932382645E-016)
 -0.22439947525641382        0.0000000000000000     
  (2.06171764079389683E-002,-4.55822689643765293E-017)
   0.0000000000000000        0.0000000000000000     
               (7.0004024861657355,0.0000000000000000)
  0.22439947525641382        0.0000000000000000     
   (2.06171764079389683E-002,4.55822689643765293E-017)
  0.44879895051282764        0.0000000000000000     
  (4.07540163228235566E-002,-5.03533089932382645E-016)
  0.67319842576924149        0.0000000000000000     
   (6.37527364513258005E-002,5.31989781010864146E-016)
  0.89759790102565529        0.0000000000000000     
  (8.65844577089741191E-002,-4.04373680782537425E-016)
   1.1219973762820692        0.0000000000000000     
        (0.11194492065383128,1.15987500440362208E-015)
   1.3463968515384830        0.0000000000000000     
       (0.13823970353638412,-1.00053824632886223E-015)
   1.5707963267948968        0.0000000000000000     
        (0.16602204134988113,6.19156883329071173E-016)
   1.7951958020513106        0.0000000000000000     
       (0.20550733387218895,-2.69496178175713096E-016)
   2.0195952773077246        0.0000000000000000     
        (0.24730575203119218,1.27370176871754828E-015)
   2.2439947525641384        0.0000000000000000     
       (0.29674007594572943,-1.24124764202852055E-015)
   2.4683942278205522        0.0000000000000000     
        (0.37253384487066299,2.03854455955063185E-016)
   2.6927937030769660        0.0000000000000000     
       (0.47730219452819139,-1.20806004649689822E-015)
   2.9171931783333798        0.0000000000000000     
        (0.66276713988386793,5.67175083503854075E-016)
   3.1415926535897936        0.0000000000000000     
        (1.2194547267071931,-1.42863771373673915E-015)
   1.0000000000000000                1          28
              (0.50000000000000511,0.0000000000000000)
  -2.9171931783333798        0.0000000000000000     
       (0.61768379276625629,-6.15446001865493735E-016)
  -2.6927937030769660        0.0000000000000000     
        (0.45293895025623038,1.51832398091039879E-015)
  -2.4683942278205522        0.0000000000000000     
       (0.39210256509161939,-4.99037304296331351E-016)
  -2.2439947525641384        0.0000000000000000     
        (0.28299971403318630,1.33054380318676222E-015)
  -2.0195952773077246        0.0000000000000000     
       (0.25210127963379847,-1.71246358202143947E-015)
  -1.7951958020513106        0.0000000000000000     
        (0.20603729205474811,5.02852958328773654E-016)
  -1.5707963267948968        0.0000000000000000     
       (0.15580539299249077,-7.89610763624151823E-016)
  -1.3463968515384830        0.0000000000000000     
        (0.14282248432092168,1.20325120030526191E-015)
  -1.1219973762820692        0.0000000000000000     
       (0.11177232826323413,-1.01419913790414463E-015)
 -0.89759790102565529        0.0000000000000000     
   (8.35272504837809848E-002,3.14867794857252887E-016)
 -0.67319842576924149        0.0000000000000000     
  (6.47938214181673355E-002,-3.47860337381166668E-016)
 -0.44879895051282764        0.0000000000000000     
   (4.12294295608339745E-002,4.58780146969740425E-016)
 -0.22439947525641382        0.0000000000000000     
  (1.99089389346732218E-002,-3.08691718100952787E-016)
   0.0000000000000000        0.0000000000000000     
               (7.0004886845381966,0.0000000000000000)
  0.22439947525641382        0.0000000000000000     
   (1.99089389346732218E-002,3.08691718100952787E-016)
  0.44879895051282764        0.0000000000000000     
  (4.12294295608339745E-002,-4.58780146969740425E-016)
  0.67319842576924149        0.0000000000000000     
   (6.47938214181673355E-002,3.47860337381166668E-016)
  0.89759790102565529        0.0000000000000000     
  (8.35272504837809848E-002,-3.14867794857252887E-016)
   1.1219973762820692        0.0000000000000000     
        (0.11177232826323413,1.01419913790414463E-015)
   1.3463968515384830        0.0000000000000000     
       (0.14282248432092168,-1.20325120030526191E-015)
   1.5707963267948968        0.0000000000000000     
        (0.15580539299249077,7.89610763624151823E-016)
   1.7951958020513106        0.0000000000000000     
       (0.20603729205474811,-5.02852958328773654E-016)
   2.0195952773077246        0.0000000000000000     
        (0.25210127963379847,1.71246358202143947E-015)
   2.2439947525641384        0.0000000000000000     
       (0.28299971403318630,-1.33054380318676222E-015)
   2.4683942278205522        0.0000000000000000     
        (0.39210256509161939,4.99037304296331351E-016)
   2.6927937030769660        0.0000000000000000     
       (0.45293895025623038,-1.51832398091039879E-015)
   2.9171931783333798        0.0000000000000000     
        (0.61768379276625629,6.15446001865493735E-016)
   3.1415926535897936        0.0000000000000000     
        (1.3520648358420657,-1.45233889586257133E-015)
   1.0000000000000000                1          28
              (0.50000000000009848,0.0000000000000000)
  -2.9171931783333798        0.0000000000000000     
       (0.61317815241262763,-5.22744162812092336E-016)
  -2.6927937030769660        0.0000000000000000     
        (0.45326933967532135,1.71571945548145078E-015)
  -2.4683942278205522        0.0000000000000000     
       (0.37966598651883909,-5.49385748197686941E-016)
  -2.2439947525641384        0.0000000000000000     
        (0.32048118524580488,1.94061515240725170E-015)
  -2.0195952773077246        0.0000000000000000     
       (0.23814489545842155,-1.68827543563617247E-015)
  -1.7951958020513106        0.0000000000000000     
        (0.19641446478613109,7.59846662200656495E-016)
  -1.5707963267948968        0.0000000000000000     
       (0.17994216804921398,-6.97830892508175240E-016)
  -1.3463968515384830        0.0000000000000000     
        (0.14568725699162441,6.67535780662127114E-016)
  -1.1219973762820692        0.0000000000000000     
       (0.10707586998180894,-7.64123300201811108E-016)
 -0.89759790102565529        0.0000000000000000     
   (8.46160058636660217E-002,1.57878726175296939E-016)
 -0.67319842576924149        0.0000000000000000     
  (6.85275158864474959E-002,-3.17907561407847042E-016)
 -0.44879895051282764        0.0000000000000000     
   (4.22348201850004656E-002,6.30790341644319424E-017)
 -0.22439947525641382        0.0000000000000000     
  (1.88503513406671000E-002,-2.45653957545639040E-016)
   0.0000000000000000        0.0000000000000000     
               (7.0004977639461359,0.0000000000000000)
  0.22439947525641382        0.0000000000000000     
   (1.88503513406671000E-002,2.45653957545639040E-016)
  0.44879895051282764        0.0000000000000000     
  (4.22348201850004656E-002,-6.30790341644319424E-017)
  0.67319842576924149        0.0000000000000000     
   (6.85275158864474959E-002,3.17907561407847042E-016)
  0.89759790102565529        0.0000000000000000     
  (8.46160058636660217E-002,-1.57878726175296939E-016)
   1.1219973762820692        0.0000000000000000     
        (0.10707586998180894,7.64123300201811108E-016)
   1.3463968515384830        0.0000000000000000     
       (0.14568725699162441,-6.67535780662127114E-016)
   1.5707963267948968        0.0000000000000000     
        (0.17994216804921398,6.97830892508175240E-016)
   1.7951958020513106        0.0000000000000000     
       (0.19641446478613109,-7.59846662200656495E-016)
   2.0195952773077246        0.0000000000000000     
        (0.23814489545842155,1.68827543563617247E-015)
   2.2439947525641384        0.0000000000000000     
       (0.32048118524580488,-1.94061515240725170E-015)
   2.4683942278205522        0.0000000000000000     
        (0.37966598651883909,5.49385748197686941E-016)
   2.6927937030769660        0.0000000000000000     
       (0.45326933967532135,-1.71571945548145078E-015)
   2.9171931783333798        0.0000000000000000     
        (0.61317815241262763,5.22744162812092336E-016)
   3.1415926535897936        0.0000000000000000     
        (1.3033262112654764,-1.45910310070921772E-015)
   1.0000000000000000                1          28
              (0.49999999999994499,0.0000000000000000)
  -2.9171931783333798        0.0000000000000000     
       (0.65836817867009212,-5.26552978392019855E-016)
  -2.6927937030769660        0.0000000000000000     
        (0.45974377319299287,1.41838693375704346E-015)
  -2.4683942278205522        0.0000000000000000     
       (0.35911677193962976,-6.87492516290219379E-016)
  -2.2439947525641384        0.0000000000000000     
        (0.30106380399964089,1.73792976088740843E-015)
  -2.0195952773077246        0.0000000000000000     
       (0.24416404524598620,-1.80253920091329153E-015)
  -1.7951958020513106        0.0000000000000000     
        (0.20443739436508859,4.68952284364239682E-016)
  -1.5707963267948968        0.0000000000000000     
       (0.17022377008645967,-9.14209618547319534E-016)
  -1.3463968515384830        0.0000000000000000     
        (0.13639660383503144,8.20215769341037385E-016)
  -1.1219973762820692        0.0000000000000000     
       (0.10936429303312127,-8.84825209366920780E-016)
 -0.89759790102565529        0.0000000000000000     
   (8.37743638842865235E-002,1.55174497566037217E-016)
 -0.67319842576924149        0.0000000000000000     
   (5.99580872508136062E-002,1.92584614411709147E-016)
 -0.44879895051282764        0.0000000000000000     
   (3.96955951134470020E-002,4.89955800786648195E-016)
 -0.22439947525641382        0.0000000000000000     
  (1.89038454465328340E-002,-1.65676255777241473E-016)
   0.0000000000000000        0.0000000000000000     
               (7.0003892397925984,0.0000000000000000)
  0.22439947525641382        0.0000000000000000     
   (1.89038454465328340E-002,1.65676255777241473E-016)
  0.44879895051282764        0.0000000000000000     
  (3.96955951134470020E-002,-4.89955800786648195E-016)
  0.67319842576924149        0.0000000000000000     
  (5.99580872508136062E-002,-1.92584614411709147E-016)
  0.89759790102565529        0.0000000000000000     
  (8.37743638842865235E-002,-1.55174497566037217E-016)
   1.1219973762820692        0.0000000000000000     
        (0.10936429303312127,8.84825209366920780E-016)
   1.3463968515384830        0.0000000000000000     
       (0.13639660383503144,-8.20215769341037385E-016)
   1.5707963267948968        0.0000000000000000     
        (0.17022377008645967,9.14209618547319534E-016)
   1.7951958020513106        0.0000000000000000     
       (0.20443739436508859,-4.68952284364239682E-016)
   2.0195952773077246        0.0000000000000000     
        (0.24416404524598620,1.80253920091329153E-015)
   2.2439947525641384        0.0000000000000000     
       (0.30106380399964089,-1.73792976088740843E-015)
   2.4683942278205522        0.0000000000000000     
        (0.35911677193962976,6.87492516290219379E-016)
   2.6927937030769660        0.0000000000000000     
       (0.45974377319299287,-1.41838693375704346E-015)
   2.9171931783333798        0.0000000000000000     
        (0.65836817867009212,5.26552978392019855E-016)
   3.1415926535897936        0.0000000000000000     
        (1.3091897080796167,-1.44777134293744310E-015)
   1.0000000000000000                1          28
              (0.49999999999997724,0.0000000000000000)
  -2.9171931783333798        0.0000000000000000     
       (0.62847178697708472,-3.80172418894812657E-016)
  -2.6927937030769660        0.0000000000000000     
        (0.44543388376326359,1.68449095016886782E-015)
  -2.4683942278205522        0.0000000000000000     
       (0.36252932892671297,-6.76460984510875544E-016)
  -2.2439947525641384        0.0000000000000000     
        (0.30275964361239449,1.68736343070542510E-015)
  -2.0195952773077246        0.0000000000000000     
       (0.24482178600065210,-1.33987243466294042E-015)
  -1.7951958020513106        0.0000000000000000     
        (0.20404778303372886,4.42864771467463699E-016)
  -1.5707963267948968        0.0000000000000000     
       (0.17342216341084168,-7.29786932353639710E-016)
  -1.3463968515384830        0.0000000000000000     
        (0.13928553996353860,8.58105804007650374E-016)
  -1.1219973762820692        0.0000000000000000     
       (0.11106469051670000,-1.04986599135452739E-015)
 -0.89759790102565529        0.0000000000000000     
   (8.39305956626566901E-002,4.11756332812330128E-016)
 -0.67319842576924149        0.0000000000000000     
  (6.55943086370754797E-002,-3.65611586310959127E-016)
 -0.44879895051282764        0.0000000000000000     
   (3.91640814359543663E-002,3.32760797791897233E-016)
 -0.22439947525641382        0.0000000000000000     
  (1.88695979077324605E-002,-1.58450234434340359E-016)
   0.0000000000000000        0.0000000000000000     
               (7.0004106326665285,0.0000000000000000)
  0.22439947525641382        0.0000000000000000     
   (1.88695979077324605E-002,1.58450234434340359E-016)
  0.44879895051282764        0.0000000000000000     
  (3.91640814359543663E-002,-3.32760797791897233E-016)
  0.67319842576924149        0.0000000000000000     
   (6.55943086370754797E-002,3.65611586310959127E-016)
  0.89759790102565529        0.0000000000000000     
  (8.39305956626566901E-002,-4.11756332812330128E-016)
   1.1219973762820692        0.0000000000000000     
        (0.11106469051670000,1.04986599135452739E-015)
   1.3463968515384830        0.0000000000000000     
       (0.13928553996353860,-8.58105804007650374E-016)
   1.5707963267948968        0.0000000000000000     
        (0.17342216341084168,7.29786932353639710E-016)
   1.7951958020513106        0.0000000000000000     
       (0.20404778303372886,-4.42864771467463699E-016)
   2.0195952773077246        0.0000000000000000     
        (0.24482178600065210,1.33987243466294042E-015)
   2.2439947525641384        0.0000000000000000     
       (0.30275964361239449,-1.68736343070542510E-015)
   2.4683942278205522        0.0000000000000000     
        (0.36252932892671297,6.76460984510875544E-016)
   2.6927937030769660        0.0000000000000000     
       (0.44543388376326359,-1.68449095016886782E-015)
   2.9171931783333798        0.0000000000000000     
        (0.62847178697708472,3.80172418894812657E-016)
   3.1415926535897936        0.0000000000000000     
        (1.3607989876361641,-1.45957386470727863E-015)
   1.0000000000000000                1          28
              (0.50000000000004752,0.0000000000000000)
  -2.9171931783333798        0.0000000000000000     
       (0.63789969321839635,-5.04528872818691465E-016)
  -2.6927937030769660        0.0000000000000000     
        (0.46209394910229384,1.34416267821986501E-015)
  -2.4683942278205522        0.0000000000000000     
       (0.39298181781359365,-4.03993642548948591E-016)
  -2.2439947525641384        0.0000000000000000     
        (0.27593505520798450,1.71150715118500969E-015)
  -2.0195952773077246        0.0000000000000000     
       (0.24216159974063103,-1.61762363151129260E-015)
  -1.7951958020513106        0.0000000000000000     
        (0.20929852029717702,9.78800845381490269E-016)
  -1.5707963267948968        0.0000000000000000     
       (0.15264782670520280,-7.58034694322041161E-016)
  -1.3463968515384830        0.0000000000000000     
        (0.14376794387539402,5.68989201109025082E-016)
  -1.1219973762820692        0.0000000000000000     
       (0.10610889343681748,-7.28870944206772726E-016)
 -0.89759790102565529        0.0000000000000000     
   (8.02558359151141765E-002,5.36981409460394729E-016)
 -0.67319842576924149        0.0000000000000000     
  (6.18433151775164974E-002,-5.69980521172410057E-016)
 -0.44879895051282764        0.0000000000000000     
  (3.80864883174777541E-002,-1.13488696448353784E-018)
 -0.22439947525641382        0.0000000000000000     
  (2.01494825670324000E-002,-4.67312259752645644E-016)
   0.0000000000000000        0.0000000000000000     
               (7.0005797740595810,0.0000000000000000)
  0.22439947525641382        0.0000000000000000     
   (2.01494825670324000E-002,4.67312259752645644E-016)
  0.44879895051282764        0.0000000000000000     
   (3.80864883174777541E-002,1.13488696448353784E-018)
  0.67319842576924149        0.0000000000000000     
   (6.18433151775164974E-002,5.69980521172410057E-016)
  0.89759790102565529        0.0000000000000000     
  (8.02558359151141765E-002,-5.36981409460394729E-016)
   1.1219973762820692        0.0000000000000000     
        (0.10610889343681748,7.28870944206772726E-016)
   1.3463968515384830        0.0000000000000000     
       (0.14376794387539402,-5.68989201109025082E-016)
   1.5707963267948968        0.0000000000000000     
        (0.15264782670520280,7.58034694322041161E-016)
   1.7951958020513106        0.0000000000000000     
       (0.20929852029717702,-9.78800845381490269E-016)
   2.0195952773077246        0.0000000000000000     
        (0.24216159974063103,1.61762363151129260E-015)
   2.2439947525641384        0.0000000000000000     
       (0.27593505520798450,-1.71150715118500969E-015)
   2.4683942278205522        0.0000000000000000     
        (0.39298181781359365,4.03993642548948591E-016)
   2.6927937030769660        0.0000000000000000     
       (0.46209394910229384,-1.34416267821986501E-015)
   2.9171931783333798        0.0000000000000000     
        (0.63789969321839635,5.04528872818691465E-016)
   3.1415926535897936        0.0000000000000000     
        (1.3529593831924900,-1.45262807295121646E-015)
   1.0000000000000000                1          28
              (0.49999999999995282,0.0000000000000000)
  -2.9171931783333798        0.0000000000000000     
       (0.62463993755511937,-7.49028036078486773E-016)
  -2.6927937030769660        0.0000000000000000     
        (0.46185965839504162,1.50586040496236020E-015)
  -2.4683942278205522        0.0000000000000000     
       (0.35906158116867198,-6.81037221885241412E-016)
  -2.2439947525641384        0.0000000000000000     
        (0.30042427662987276,1.76300633369505357E-015)
  -2.0195952773077246        0.0000000000000000     
       (0.24699452191086799,-1.63781403528993611E-015)
  -1.7951958020513106        0.0000000000000000     
        (0.19914296070017476,7.01968549750301671E-016)
  -1.5707963267948968        0.0000000000000000     
       (0.16943589874313897,-8.30541514116648256E-016)
  -1.3463968515384830        0.0000000000000000     
        (0.13862940126291601,6.73628557865097474E-016)
  -1.1219973762820692        0.0000000000000000     
       (0.10876742600826025,-7.70480864385011129E-016)
 -0.89759790102565529        0.0000000000000000     
   (8.31057542529465287E-002,3.19263617028717756E-016)
 -0.67319842576924149        0.0000000000000000     
  (6.09299785937705701E-002,-3.05093621086115707E-016)
 -0.44879895051282764        0.0000000000000000     
   (4.02559167691461453E-002,2.38933453130441502E-016)
 -0.22439947525641382        0.0000000000000000     
  (2.04205472360889304E-002,-1.90838206719695118E-016)
   0.0000000000000000        0.0000000000000000     
               (6.9997289000906591,0.0000000000000000)
  0.22439947525641382        0.0000000000000000     
   (2.04205472360889304E-002,1.90838206719695118E-016)
  0.44879895051282764        0.0000000000000000     
  (4.02559167691461453E-002,-2.38933453130441502E-016)
  0.67319842576924149        0.0000000000000000     
   (6.09299785937705701E-002,3.05093621086115707E-016)
  0.89759790102565529        0.0000000000000000     
  (8.31057542529465287E-002,-3.19263617028717756E-016)
   1.1219973762820692        0.0000000000000000     
        (0.10876742600826025,7.70480864385011129E-016)
   1.3463968515384830        0.0000000000000000     
       (0.13862940126291601,-6.73628557865097474E-016)
   1.5707963267948968        0.0000000000000000     
        (0.16943589874313897,8.30541514116648256E-016)
   1.7951958020513106        0.0000000000000000     
       (0.19914296070017476,-7.01968549750301671E-016)
   2.0195952773077246        0.0000000000000000     
        (0.24699452191086799,1.63781403528993611E-015)
   2.2439947525641384        0.0000000000000000     
       (0.30042427662987276,-1.76300633369505357E-015)
   2.4683942278205522        0.0000000000000000     
        (0.35906158116867198,6.81037221885241412E-016)
   2.6927937030769660        0.0000000000000000     
       (0.46185965839504162,-1.50586040496236020E-015)
   2.9171931783333798        0.0000000000000000     
        (0.62463993755511937,7.49028036078486773E-016)
   3.1415926535897936        0.0000000000000000     
        (1.3729353814559899,-1.47075908115469794E-015)
   1.0000000000000000                1          28
              (0.50000000000000377,0.0000000000000000)
  -2.9171931783333798        0.0000000000000000     
       (0.66010978456711011,-6.36819497693273144E-016)
  -2.6927937030769660        0.0000000000000000     
        (0.47557062531162647,1.28239733061839100E-015)
  -2.4683942278205522        0.0000000000000000     
       (0.37153764325210503,-3.92235590130823455E-016)
  -2.2439947525641384        0.0000000000000000     
        (0.30794537033885921,1.64843608659977751E-015)
  -2.0195952773077246        0.0000000000000000     
       (0.25048496886501448,-1.58562036628061456E-015)
  -1.7951958020513106        0.0000000000000000     
        (0.20652563545344213,6.16156981176964485E-016)
  -1.5707963267948968        0.0000000000000000     
       (0.17229212468337565,-8.70547839322131933E-016)
  -1.3463968515384830        0.0000000000000000     
        (0.13921184637785836,8.71173434695835141E-016)
  -1.1219973762820692        0.0000000000000000     
       (0.11285301132179813,-6.18033767298073912E-016)
 -0.89759790102565529        0.0000000000000000     
   (8.76121615100434320E-002,1.81195859202750049E-016)
 -0.67319842576924149        0.0000000000000000     
  (6.36871943553760367E-002,-5.30748690887216611E-016)
 -0.44879895051282764        0.0000000000000000     
   (4.10791960467233250E-002,2.49201218833540236E-016)
 -0.22439947525641382        0.0000000000000000     
  (2.01448606453555577E-002,-5.05248503573966723E-016)
   0.0000000000000000        0.0000000000000000     
               (7.0001561989203926,0.0000000000000000)
  0.22439947525641382        0.0000000000000000     
   (2.01448606453555577E-002,5.05248503573966723E-016)
  0.44879895051282764        0.0000000000000000     
  (4.10791960467233250E-002,-2.49201218833540236E-016)
  0.67319842576924149        0.0000000000000000     
   (6.36871943553760367E-002,5.30748690887216611E-016)
  0.89759790102565529        0.0000000000000000     
  (8.76121615100434320E-002,-1.81195859202750049E-016)
   1.1219973762820692        0.0000000000000000     
        (0.11285301132179813,6.18033767298073912E-016)
   1.3463968515384830        0.0000000000000000     
       (0.13921184637785836,-8.71173434695835141E-016)
   1.5707963267948968        0.0000000000000000     
        (0.17229212468337565,8.70547839322131933E-016)
   1.7951958020513106        0.0000000000000000     
       (0.20652563545344213,-6.16156981176964485E-016)
   2.0195952773077246        0.0000000000000000     
        (0.25048496886501448,1.58562036628061456E-015)
   2.2439947525641384        0.0000000000000000     
       (0.30794537033885921,-1.64843608659977751E-015)
   2.4683942278205522        0.0000000000000000     
        (0.37153764325210503,3.92235590130823455E-016)
   2.6927937030769660        0.0000000000000000     
       (0.47557062531162647,-1.28239733061839100E-015)
   2.9171931783333798        0.0000000000000000     
        (0.66010978456711011,6.36819497693273144E-016)
   3.1415926535897936        0.0000000000000000     
        (1.1817349556223402,-1.42388910017993376E-015)
   1.0000000000000000                1          28
              (0.49999999999998973,0.0000000000000000)
  -2.9171931783333798        0.0000000000000000     
       (0.61602777409720910,-6.11615188115597809E-016)
  -2.6927937030769660        0.0000000000000000     
        (0.44370836337194153,1.76801228327986187E-015)
  -2.4683942278205522        0.0000000000000000     
       (0.37090717881707186,-9.47737960157790587E-016)
  -2.2439947525641384        0.0000000000000000     
        (0.29784566435427268,1.59660452977912617E-015)
  -2.0195952773077246        0.0000000000000000     
       (0.24981916318438002,-1.28092588364211838E-015)
  -1.7951958020513106        0.0000000000000000     
        (0.19400972303508043,6.35115178675429111E-016)
  -1.5707963267948968        0.0000000000000000     
       (0.16850741591955992,-7.31805084542051109E-016)
  -1.3463968515384830        0.0000000000000000     
        (0.14182486500115549,8.91936306101539068E-016)
  -1.1219973762820692        0.0000000000000000     
       (0.11500212227236051,-1.24239147473962580E-015)
 -0.89759790102565529        0.0000000000000000     
   (8.42456937726400040E-002,3.80998905030580615E-016)
 -0.67319842576924149        0.0000000000000000     
  (6.14719339199817499E-002,-6.04571442282934782E-016)
 -0.44879895051282764        0.0000000000000000     
   (4.19280925623198714E-002,1.60358343599085753E-017)
 -0.22439947525641382        0.0000000000000000     
   (1.77970167956836359E-002,3.96420470362067044E-016)
   0.0000000000000000        0.0000000000000000     
               (7.0006042242695292,0.0000000000000000)
  0.22439947525641382        0.0000000000000000     
  (1.77970167956836359E-002,-3.96420470362067044E-016)
  0.44879895051282764        0.0000000000000000     
  (4.19280925623198714E-002,-1.60358343599085753E-017)
  0.67319842576924149        0.0000000000000000     
   (6.14719339199817499E-002,6.04571442282934782E-016)
  0.89759790102565529        0.0000000000000000     
  (8.42456937726400040E-002,-3.80998905030580615E-016)
   1.1219973762820692        0.0000000000000000     
        (0.11500212227236051,1.24239147473962580E-015)
   1.3463968515384830        0.0000000000000000     
       (0.14182486500115549,-8.91936306101539068E-016)
   1.5707963267948968        0.0000000000000000     
        (0.16850741591955992,7.31805084542051109E-016)
   1.7951958020513106        0.0000000000000000     
       (0.19400972303508043,-6.35115178675429111E-016)
   2.0195952773077246        0.0000000000000000     
        (0.24981916318438002,1.28092588364211838E-015)
   2.2439947525641384        0.0000000000000000     
       (0.29784566435427268,-1.59660452977912617E-015)
   2.4683942278205522        0.0000000000000000     
        (0.37090717881707186,9.47737960157790587E-016)
   2.6927937030769660        0.0000000000000000     
       (0.44370836337194153,-1.76801228327986187E-015)
   2.9171931783333798        0.0000000000000000     
        (0.61602777409720910,6.11615188115597809E-016)
   3.1415926535897936        0.0000000000000000     
        (1.3932057615228708,-1.46361016908410301E-015)
   1.0000000000000000                1          28
              (0.50000000000000544,0.0000000000000000)
  -2.9171931783333798        0.0000000000000000     
       (0.60749235811204805,-4.37064492289706915E-016)
  -2.6927937030769660        0.0000000000000000     
        (0.45583913811829641,1.36232794379450494E-015)
  -2.4683942278205522        0.0000000000000000     
       (0.36156849623054699,-7.66236866707333112E-016)
  -2.2439947525641384        0.0000000000000000     
        (0.29894249378394605,1.90561475867555436E-015)
  -2.0195952773077246        0.0000000000000000     
       (0.24847679277386428,-1.71730862734279949E-015)
  -1.7951958020513106        0.0000000000000000     
        (0.20407600022869263,6.13687024712698990E-016)
  -1.5707963267948968        0.0000000000000000     
       (0.16636599252596845,-6.15704840458542699E-016)
  -1.3463968515384830        0.0000000000000000     
        (0.13900605635629351,8.39767261129417716E-016)
  -1.1219973762820692        0.0000000000000000     
       (0.10846914408403510,-8.10064419028828395E-016)
 -0.89759790102565529        0.0000000000000000     
   (8.53940836135293341E-002,1.95821209893833841E-016)
 -0.67319842576924149        0.0000000000000000     
  (6.08158330843317080E-002,-2.13699354562894040E-016)
 -0.44879895051282764        0.0000000000000000     
   (3.98149012593662296E-002,2.88234552025515174E-016)
 -0.22439947525641382        0.0000000000000000     
  (1.83425764249771639E-002,-4.45463525553871470E-016)
   0.0000000000000000        0.0000000000000000     
               (7.0005513771795647,0.0000000000000000)
  0.22439947525641382        0.0000000000000000     
   (1.83425764249771639E-002,4.45463525553871470E-016)
  0.44879895051282764        0.0000000000000000     
  (3.98149012593662296E-002,-2.88234552025515174E-016)
  0.67319842576924149        0.0000000000000000     
   (6.08158330843317080E-002,2.13699354562894040E-016)
  0.89759790102565529        0.0000000000000000     
  (8.53940836135293341E-002,-1.95821209893833841E-016)
   1.1219973762820692        0.0000000000000000     
        (0.10846914408403510,8.10064419028828395E-016)
   1.3463968515384830        0.0000000000000000     
       (0.13900605635629351,-8.39767261129417716E-016)
   1.5707963267948968        0.0000000000000000     
        (0.16636599252596845,6.15704840458542699E-016)
   1.7951958020513106        0.0000000000000000     
       (0.20407600022869263,-6.13687024712698990E-016)
   2.0195952773077246        0.0000000000000000     
        (0.24847679277386428,1.71730862734279949E-015)
   2.2439947525641384        0.0000000000000000     
       (0.29894249378394605,-1.90561475867555436E-015)
   2.4683942278205522        0.0000000000000000     
        (0.36156849623054699,7.66236866707333112E-016)
   2.6927937030769660        0.0000000000000000     
       (0.45583913811829641,-1.36232794379450494E-015)
   2.9171931783333798        0.0000000000000000     
        (0.60749235811204805,4.37064492289706915E-016)
   3.1415926535897936        0.0000000000000000     
        (1.4102408896287977,-1.48517494368854924E-015)
   1.0000000000000000                1          28
              (0.50000000000002831,0.0000000000000000)
  -2.9171931783333798        0.0000000000000000     
       (0.62556004035960910,-6.37284885489436010E-016)
  -2.6927937030769660        0.0000000000000000     
        (0.40723104561995227,1.79820010167477921E-015)
  -2.4683942278205522        0.0000000000000000     
       (0.39343292910486977,-5.60283213038064686E-016)
  -2.2439947525641384        0.0000000000000000     
        (0.31428029454631473,1.48329349537516001E-015)
  -2.0195952773077246        0.0000000000000000     
       (0.22623043822005656,-1.42100216576464940E-015)
  -1.7951958020513106        0.0000000000000000     
        (0.19877193862333492,5.63733171285131440E-016)
  -1.5707963267948968        0.0000000000000000     
       (0.18171538600281134,-7.86927762292518299E-016)
  -1.3463968515384830        0.0000000000000000     
        (0.13197831212593619,9.46681037607039198E-016)
  -1.1219973762820692        0.0000000000000000     
       (0.11442249581466865,-9.79551681535827779E-016)
 -0.89759790102565529        0.0000000000000000     
   (8.67777490438218363E-002,4.08749217028297889E-016)
 -0.67319842576924149        0.0000000000000000     
  (6.05694125904359740E-002,-9.26926246463230303E-017)
 -0.44879895051282764        0.0000000000000000     
   (4.05162636371766555E-002,2.04374608514148944E-016)
 -0.22439947525641382        0.0000000000000000     
  (1.92050599762761467E-002,-1.89419113334765329E-016)
   0.0000000000000000        0.0000000000000000     
               (7.0011390820050732,0.0000000000000000)
  0.22439947525641382        0.0000000000000000     
   (1.92050599762761467E-002,1.89419113334765329E-016)
  0.44879895051282764        0.0000000000000000     
  (4.05162636371766555E-002,-2.04374608514148944E-016)
  0.67319842576924149        0.0000000000000000     
   (6.05694125904359740E-002,9.26926246463230303E-017)
  0.89759790102565529        0.0000000000000000     
  (8.67777490438218363E-002,-4.08749217028297889E-016)
   1.1219973762820692        0.0000000000000000     
        (0.11442249581466865,9.79551681535827779E-016)
   1.3463968515384830        0.0000000000000000     
       (0.13197831212593619,-9.46681037607039198E-016)
   1.5707963267948968        0.0000000000000000     
        (0.18171538600281134,7.86927762292518299E-016)
   1.7951958020513106        0.0000000000000000     
       (0.19877193862333492,-5.63733171285131440E-016)
   2.0195952773077246        0.0000000000000000     
        (0.22623043822005656,1.42100216576464940E-015)
   2.2439947525641384        0.0000000000000000     
       (0.31428029454631473,-1.48329349537516001E-015)
   2.4683942278205522        0.0000000000000000     
        (0.39343292910486977,5.60283213038064686E-016)
   2.6927937030769660        0.0000000000000000     
       (0.40723104561995227,-1.79820010167477921E-015)
   2.9171931783333798        0.0000000000000000     
        (0.62556004035960910,6.37284885489436010E-016)
   3.1415926535897936        0.0000000000000000     
        (1.3974781866651951,-1.44697289319930468E-015)
   1.0000000000000000                1          28
              (0.50000000000006917,0.0000000000000000)
  -2.9171931783333798        0.0000000000000000     
       (0.64230983666762065,-4.95286885911386955E-016)
  -2.6927937030769660        0.0000000000000000     
        (0.47081349587637600,1.33345740072012514E-015)
  -2.4683942278205522        0.0000000000000000     
       (0.38649890216361771,-5.20479768083326619E-016)
  -2.2439947525641384        0.0000000000000000     
        (0.30870288893394304,1.55690439443227132E-015)
  -2.0195952773077246        0.0000000000000000     
       (0.25436100016025370,-1.27211966820793138E-015)
  -1.7951958020513106        0.0000000000000000     
        (0.20730804287946381,6.81186640496164267E-016)
  -1.5707963267948968        0.0000000000000000     
       (0.16578675319949385,-5.86725861350422512E-016)
  -1.3463968515384830        0.0000000000000000     
        (0.14141928967201570,5.55706397897546916E-016)
  -1.1219973762820692        0.0000000000000000     
       (0.11326651613493866,-8.41893512909001816E-016)
 -0.89759790102565529        0.0000000000000000     
   (8.58436468263135133E-002,2.13710688862349940E-016)
 -0.67319842576924149        0.0000000000000000     
  (6.38789061592178325E-002,-4.04735830334505627E-016)
 -0.44879895051282764        0.0000000000000000     
   (4.16535220431846834E-002,3.44760278279422781E-016)
 -0.22439947525641382        0.0000000000000000     
  (2.06864832970764037E-002,-4.89586717604041813E-016)
   0.0000000000000000        0.0000000000000000     
               (7.0008557407404410,0.0000000000000000)
  0.22439947525641382        0.0000000000000000     
   (2.06864832970764037E-002,4.89586717604041813E-016)
  0.44879895051282764        0.0000000000000000     
  (4.16535220431846834E-002,-3.44760278279422781E-016)
  0.67319842576924149        0.0000000000000000     
   (6.38789061592178325E-002,4.04735830334505627E-016)
  0.89759790102565529        0.0000000000000000     
  (8.58436468263135133E-002,-2.13710688862349940E-016)
   1.1219973762820692        0.0000000000000000     
        (0.11326651613493866,8.41893512909001816E-016)
   1.3463968515384830        0.0000000000000000     
       (0.14141928967201570,-5.55706397897546916E-016)
   1.5707963267948968        0.0000000000000000     
        (0.16578675319949385,5.86725861350422512E-016)
   1.7951958020513106        0.0000000000000000     
       (0.20730804287946381,-6.81186640496164267E-016)
   2.0195952773077246        0.0000000000000000     
        (0.25436100016025370,1.27211966820793138E-015)
   2.2439947525641384        0.0000000000000000     
       (0.30870288893394304,-1.55690439443227132E-015)
   2.4683942278205522        0.0000000000000000     
        (0.38649890216361771,5.20479768083326619E-016)
   2.6927937030769660        0.0000000000000000     
       (0.47081349587637600,-1.33345740072012514E-015)
   2.9171931783333798        0.0000000000000000     
        (0.64230983666762065,4.95286885911386955E-016)
   3.1415926535897936        0.0000000000000000     
        (1.1940856912344671,-1.42721698547230847E-015)
   1.0000000000000000                1          28
              (0.49999999999995237,0.0000000000000000)
  -2.9171931783333798        0.0000000000000000     
       (0.65946571386627817,-3.55572843795055503E-016)
  -2.6927937030769660        0.0000000000000000     
        (0.47406763530929258,1.54834814313435238E-015)
  -2.4683942278205522        0.0000000000000000     
       (0.36676439875836320,-7.14211009072710512E-016)
  -2.2439947525641384        0.0000000000000000     
        (0.30032980469788967,1.50254792086998609E-015)
  -2.0195952773077246        0.0000000000000000     
       (0.24591502181503661,-1.66204159235479299E-015)
  -1.7951958020513106        0.0000000000000000     
        (0.20730291768310183,6.21720182291336075E-016)
  -1.5707963267948968        0.0000000000000000     
       (0.17226841043769919,-5.59169248851111566E-016)
  -1.3463968515384830        0.0000000000000000     
        (0.13949042963786593,8.45545551721650583E-016)
  -1.1219973762820692        0.0000000000000000     
       (0.10963962199910300,-6.87832644742126984E-016)
 -0.89759790102565529        0.0000000000000000     
   (8.54227462208102667E-002,3.42580748992101117E-016)
 -0.67319842576924149        0.0000000000000000     
  (6.16512504950809601E-002,-5.02074420476907916E-016)
 -0.44879895051282764        0.0000000000000000     
   (4.00015523352549446E-002,1.07849058803184461E-016)
 -0.22439947525641382        0.0000000000000000     
  (2.02701276768647749E-002,-1.42737070935509279E-017)
   0.0000000000000000        0.0000000000000000     
               (7.0004484165228931,0.0000000000000000)
  0.22439947525641382        0.0000000000000000     
   (2.02701276768647749E-002,1.42737070935509279E-017)
  0.44879895051282764        0.0000000000000000     
  (4.00015523352549446E-002,-1.07849058803184461E-016)
  0.67319842576924149        0.0000000000000000     
   (6.16512504950809601E-002,5.02074420476907916E-016)
  0.89759790102565529        0.0000000000000000     
  (8.54227462208102667E-002,-3.42580748992101117E-016)
   1.1219973762820692        0.0000000000000000     
        (0.10963962199910300,6.87832644742126984E-016)
   1.3463968515384830        0.0000000000000000     
       (0.13949042963786593,-8.45545551721650583E-016)
   1.5707963267948968        0.0000000000000000     
        (0.17226841043769919,5.59169248851111566E-016)
   1.7951958020513106        0.0000000000000000     
       (0.20730291768310183,-6.21720182291336075E-016)
   2.0195952773077246        0.0000000000000000     
        (0.24591502181503661,1.66204159235479299E-015)
   2.2439947525641384        0.0000000000000000     
       (0.30032980469788967,-1.50254792086998609E-015)
   2.4683942278205522        0.0000000000000000     
        (0.36676439875836320,7.14211009072710512E-016)
   2.6927937030769660        0.0000000000000000     
       (0.47406763530929258,-1.54834814313435238E-015)
   2.9171931783333798        0.0000000000000000     
        (0.65946571386627817,3.55572843795055503E-016)
   3.1415926535897936        0.0000000000000000     
        (1.2343723216104958,-1.43554507616655343E-015)
   1.0000000000000000                1          28
              (0.50000000000004441,0.0000000000000000)
  -2.9171931783333798        0.0000000000000000     
       (0.61596313395123159,-5.86511494697536989E-016)
  -2.6927937030769660        0.0000000000000000     
        (0.46284665005013370,1.62842911109416278E-015)
  -2.4683942278205522        0.0000000000000000     
       (0.36802142358811374,-7.96578233666815053E-016)
  -2.2439947525641384        0.0000000000000000     
        (0.29953331011421785,1.58473058729197650E-015)
  -2.0195952773077246        0.0000000000000000     
       (0.23688125936228185,-1.65011313446857432E-015)
  -1.7951958020513106        0.0000000000000000     
        (0.20111849173706225,5.48636665346545596E-016)
  -1.5707963267948968        0.0000000000000000     
       (0.16644156345736363,-8.04343159601741495E-016)
  -1.3463968515384830        0.0000000000000000     
        (0.13955674389325878,7.42843075392606996E-016)
  -1.1219973762820692        0.0000000000000000     
       (0.10839855648532264,-7.44784306876338755E-016)
 -0.89759790102565529        0.0000000000000000     
   (8.56312927725062789E-002,5.43943924367953700E-016)
 -0.67319842576924149        0.0000000000000000     
  (6.09472326621582280E-002,-5.42149592319730633E-017)
 -0.44879895051282764        0.0000000000000000     
  (3.88214929744277529E-002,-1.24536260896436221E-016)
 -0.22439947525641382        0.0000000000000000     
   (1.92555294329141667E-002,1.33639610602692453E-016)
   0.0000000000000000        0.0000000000000000     
               (7.0003579468106452,0.0000000000000000)
  0.22439947525641382        0.0000000000000000     
  (1.92555294329141667E-002,-1.33639610602692453E-016)
  0.44879895051282764        0.0000000000000000     
   (3.88214929744277529E-002,1.24536260896436221E-016)
  0.67319842576924149        0.0000000000000000     
   (6.09472326621582280E-002,5.42149592319730633E-017)
  0.89759790102565529        0.0000000000000000     
  (8.56312927725062789E-002,-5.43943924367953700E-016)
   1.1219973762820692        0.0000000000000000     
        (0.10839855648532264,7.44784306876338755E-016)
   1.3463968515384830        0.0000000000000000     
       (0.13955674389325878,-7.42843075392606996E-016)
   1.5707963267948968        0.0000000000000000     
        (0.16644156345736363,8.04343159601741495E-016)
   1.7951958020513106        0.0000000000000000     
       (0.20111849173706225,-5.48636665346545596E-016)
   2.0195952773077246        0.0000000000000000     
        (0.23688125936228185,1.65011313446857432E-015)
   2.2439947525641384        0.0000000000000000     
       (0.29953331011421785,-1.58473058729197650E-015)
   2.4683942278205522        0.0000000000000000     
        (0.36802142358811374,7.96578233666815053E-016)
   2.6927937030769660        0.0000000000000000     
       (0.46284665005013370,-1.62842911109416278E-015)
   2.9171931783333798        0.0000000000000000     
        (0.61596313395123159,5.86511494697536989E-016)
   3.1415926535897936        0.0000000000000000     
        (1.3928086922286163,-1.48180368781775107E-015)
   1.0000000000000000                1          28
              (0.49999999999998002,0.0000000000000000)
  -2.9171931783333798        0.0000000000000000     
       (0.62255316512445447,-6.00986060087241655E-016)
  -2.6927937030769660        0.0000000000000000     
        (0.48172363521243017,1.73546810899286594E-015)
  -2.4683942278205522        0.0000000000000000     
       (0.36217186326999962,-4.14371464905136862E-016)
  -2.2439947525641384        0.0000000000000000     
        (0.29820265204579638,1.61229482950362735E-015)
  -2.0195952773077246        0.0000000000000000     
       (0.24102795361126542,-1.51898753191257483E-015)
  -1.7951958020513106        0.0000000000000000     
        (0.20430167461064361,5.46818124135609135E-016)
  -1.5707963267948968        0.0000000000000000     
       (0.16564058979426696,-7.70717405008887211E-016)
  -1.3463968515384830        0.0000000000000000     
        (0.13990310822272617,6.45689449571401661E-016)
  -1.1219973762820692        0.0000000000000000     
       (0.10799494392576681,-5.84102809826782368E-016)
 -0.89759790102565529        0.0000000000000000     
   (8.72850474491343870E-002,3.78347037312371471E-018)
 -0.67319842576924149        0.0000000000000000     
  (6.27427100317082681E-002,-2.91124066939267801E-016)
 -0.44879895051282764        0.0000000000000000     
   (4.12090888082851242E-002,1.76355353341943596E-016)
 -0.22439947525641382        0.0000000000000000     
  (1.87249302671916862E-002,-1.75409485748662667E-016)
   0.0000000000000000        0.0000000000000000     
               (7.0001971047168912,0.0000000000000000)
  0.22439947525641382        0.0000000000000000     
   (1.87249302671916862E-002,1.75409485748662667E-016)
  0.44879895051282764        0.0000000000000000     
  (4.12090888082851242E-002,-1.76355353341943596E-016)
  0.67319842576924149        0.0000000000000000     
   (6.27427100317082681E-002,2.91124066939267801E-016)
  0.89759790102565529        0.0000000000000000     
  (8.72850474491343870E-002,-3.78347037312371471E-018)
   1.1219973762820692        0.0000000000000000     
        (0.10799494392576681,5.84102809826782368E-016)
   1.3463968515384830        0.0000000000000000     
       (0.13990310822272617,-6.45689449571401661E-016)
   1.5707963267948968        0.0000000000000000     
        (0.16564058979426696,7.70717405008887211E-016)
   1.7951958020513106        0.0000000000000000     
       (0.20430167461064361,-5.46818124135609135E-016)
   2.0195952773077246        0.0000000000000000     
        (0.24102795361126542,1.51898753191257483E-015)
   2.2439947525641384        0.0000000000000000     
       (0.29820265204579638,-1.61229482950362735E-015)
   2.4683942278205522        0.0000000000000000     
        (0.36217186326999962,4.14371464905136862E-016)
   2.6927937030769660        0.0000000000000000     
       (0.48172363521243017,-1.73546810899286594E-015)
   2.9171931783333798        0.0000000000000000     
        (0.62255316512445447,6.00986060087241655E-016)
   3.1415926535897936        0.0000000000000000     
        (1.3328401705352133,-1.47799349432490856E-015)
   1.0000000000000000                1          28
              (0.50000000000004863,0.0000000000000000)
  -2.9171931783333798        0.0000000000000000     
       (0.61478374715504158,-7.62841596973692805E-016)
  -2.6927937030769660        0.0000000000000000     
        (0.45419310452657619,1.70616135366490760E-015)
  -2.4683942278205522        0.0000000000000000     
       (0.36303450501494788,-4.72550493392095352E-016)
  -2.2439947525641384        0.0000000000000000     
        (0.29510969491809774,1.53482271700743413E-015)
  -2.0195952773077246        0.0000000000000000     
       (0.25176894776759784,-1.79015047052785249E-015)
  -1.7951958020513106        0.0000000000000000     
        (0.20918081857428625,6.67561912717555704E-016)
  -1.5707963267948968        0.0000000000000000     
       (0.17440748663460942,-7.64286377005808819E-016)
  -1.3463968515384830        0.0000000000000000     
        (0.14008709406405687,7.65848867754762942E-016)
  -1.1219973762820692        0.0000000000000000     
       (0.11074026098526517,-7.67411358503717065E-016)
 -0.89759790102565529        0.0000000000000000     
   (8.72597304713580157E-002,3.81361943128427446E-016)
 -0.67319842576924149        0.0000000000000000     
  (6.33159518080666922E-002,-4.62226078493464046E-016)
 -0.44879895051282764        0.0000000000000000     
   (4.08677055764324129E-002,3.65144589719595412E-016)
 -0.22439947525641382        0.0000000000000000     
   (1.95063691474884407E-002,2.36119811420170561E-017)
   0.0000000000000000        0.0000000000000000     
               (7.0015640927733482,0.0000000000000000)
  0.22439947525641382        0.0000000000000000     
  (1.95063691474884407E-002,-2.36119811420170561E-017)
  0.44879895051282764        0.0000000000000000     
  (4.08677055764324129E-002,-3.65144589719595412E-016)
  0.67319842576924149        0.0000000000000000     
   (6.33159518080666922E-002,4.62226078493464046E-016)
  0.89759790102565529        0.0000000000000000     
  (8.72597304713580157E-002,-3.81361943128427446E-016)
   1.1219973762820692        0.0000000000000000     
        (0.11074026098526517,7.67411358503717065E-016)
   1.3463968515384830        0.0000000000000000     
       (0.14008709406405687,-7.65848867754762942E-016)
   1.5707963267948968        0.0000000000000000     
        (0.17440748663460942,7.64286377005808819E-016)
   1.7951958020513106        0.0000000000000000     
       (0.20918081857428625,-6.67561912717555704E-016)
   2.0195952773077246        0.0000000000000000     
        (0.25176894776759784,1.79015047052785249E-015)
   2.2439947525641384        0.0000000000000000     
       (0.29510969491809774,-1.53482271700743413E-015)
   2.4683942278205522        0.0000000000000000     
        (0.36303450501494788,4.72550493392095352E-016)
   2.6927937030769660        0.0000000000000000     
       (0.45419310452657619,-1.70616135366490760E-015)
   2.9171931783333798        0.0000000000000000     
        (0.61478374715504158,7.62841596973692805E-016)
   3.1415926535897936        0.0000000000000000     
        (1.3499250739403672,-1.46513143831875158E-015)
   1.0000000000000000                1          28
              (0.49999999999998485,0.0000000000000000)
  -2.9171931783333798        0.0000000000000000     
       (0.58778544382678011,-3.71689429385239449E-016)
  -2.6927937030769660        0.0000000000000000     
        (0.49901478988254205,1.56988827761647834E-015)
  -2.4683942278205522        0.0000000000000000     
       (0.32985954415929403,-7.88842691772465263E-016)
  -2.2439947525641384        0.0000000000000000     
        (0.30077490945328750,1.79671759292510588E-015)
  -2.0195952773077246        0.0000000000000000     
       (0.24156230608098841,-1.79910994811690399E-015)
  -1.7951958020513106        0.0000000000000000     
        (0.20075445631164462,7.48438770578210011E-016)
  -1.5707963267948968        0.0000000000000000     
       (0.18478917158687816,-7.82551783616441056E-016)
  -1.3463968515384830        0.0000000000000000     
        (0.13107057085974083,8.48385454501105230E-016)
  -1.1219973762820692        0.0000000000000000     
       (0.12072565095354891,-6.92174520460738194E-016)
 -0.89759790102565529        0.0000000000000000     
   (7.76739379905196509E-002,3.26638398519455461E-016)
 -0.67319842576924149        0.0000000000000000     
  (6.62284843092314363E-002,-2.33868780171954386E-016)
 -0.44879895051282764        0.0000000000000000     
  (3.92405432249292654E-002,-5.87254056653035901E-017)
 -0.22439947525641382        0.0000000000000000     
   (1.91721656320770033E-002,9.28040185255178857E-017)
   0.0000000000000000        0.0000000000000000     
               (7.0005272609474138,0.0000000000000000)
  0.22439947525641382        0.0000000000000000     
  (1.91721656320770033E-002,-9.28040185255178857E-017)
  0.44879895051282764        0.0000000000000000     
   (3.92405432249292654E-002,5.87254056653035901E-017)
  0.67319842576924149        0.0000000000000000     
   (6.62284843092314363E-002,2.33868780171954386E-016)
  0.89759790102565529        0.0000000000000000     
  (7.76739379905196509E-002,-3.26638398519455461E-016)
   1.1219973762820692        0.0000000000000000     
        (0.12072565095354891,6.92174520460738194E-016)
   1.3463968515384830        0.0000000000000000     
       (0.13107057085974083,-8.48385454501105230E-016)
   1.5707963267948968        0.0000000000000000     
        (0.18478917158687816,7.82551783616441056E-016)
   1.7951958020513106        0.0000000000000000     
       (0.20075445631164462,-7.48438770578210011E-016)
   2.0195952773077246        0.0000000000000000     
        (0.24156230608098841,1.79910994811690399E-015)
   2.2439947525641384        0.0000000000000000     
       (0.30077490945328750,-1.79671759292510588E-015)
   2.4683942278205522        0.0000000000000000     
        (0.32985954415929403,7.88842691772465263E-016)
   2.6927937030769660        0.0000000000000000     
       (0.49901478988254205,-1.56988827761647834E-015)
   2.9171931783333798        0.0000000000000000     
        (0.58778544382678011,3.71689429385239449E-016)
   3.1415926535897936        0.0000000000000000     
        (1.4021687905092410,-1.50166225154001605E-015)
   1.0000000000000000                1          28
              (0.49999999999997413,0.0000000000000000)
  -2.9171931783333798        0.0000000000000000     
       (0.65505514527607189,-8.89140413700091149E-016)
  -2.6927937030769660        0.0000000000000000     
        (0.46558754033614747,1.38034211788298297E-015)
  -2.4683942278205522        0.0000000000000000     
       (0.36741096870233292,-4.94693596689168235E-016)
  -2.2439947525641384        0.0000000000000000     
        (0.30937992162901728,1.41412418179890641E-015)
  -2.0195952773077246        0.0000000000000000     
       (0.24493551289728493,-1.54203751621938348E-015)
  -1.7951958020513106        0.0000000000000000     
        (0.19384544584868243,8.46712942104166824E-016)
  -1.5707963267948968        0.0000000000000000     
       (0.17166062002929822,-7.52581671599612591E-016)
  -1.3463968515384830        0.0000000000000000     
        (0.13992998554902991,6.26729743248625426E-016)
  -1.1219973762820692        0.0000000000000000     
       (0.10661068075324527,-6.91201761976236639E-016)
 -0.89759790102565529        0.0000000000000000     
   (8.41207517583663217E-002,3.12334168589567758E-016)
 -0.67319842576924149        0.0000000000000000     
  (6.16375128926854379E-002,-4.40247503010044882E-016)
 -0.44879895051282764        0.0000000000000000     
  (3.96282090436067408E-002,-1.13458507399896999E-016)
 -0.22439947525641382        0.0000000000000000     
  (2.06434615220034701E-002,-3.71499627226897577E-016)
   0.0000000000000000        0.0000000000000000     
               (7.0004773918605148,0.0000000000000000)
  0.22439947525641382        0.0000000000000000     
   (2.06434615220034701E-002,3.71499627226897577E-016)
  0.44879895051282764        0.0000000000000000     
   (3.96282090436067408E-002,1.13458507399896999E-016)
  0.67319842576924149        0.0000000000000000     
   (6.16375128926854379E-002,4.40247503010044882E-016)
  0.89759790102565529        0.0000000000000000     
  (8.41207517583663217E-002,-3.12334168589567758E-016)
   1.1219973762820692        0.0000000000000000     
        (0.10661068075324527,6.91201761976236639E-016)
   1.3463968515384830        0.0000000000000000     
       (0.13992998554902991,-6.26729743248625426E-016)
   1.5707963267948968        0.0000000000000000     
        (0.17166062002929822,7.52581671599612591E-016)
   1.7951958020513106        0.0000000000000000     
       (0.19384544584868243,-8.46712942104166824E-016)
   2.0195952773077246        0.0000000000000000     
        (0.24493551289728493,1.54203751621938348E-015)
   2.2439947525641384        0.0000000000000000     
       (0.30937992162901728,-1.41412418179890641E-015)
   2.4683942278205522        0.0000000000000000     
        (0.36741096870233292,4.94693596689168235E-016)
   2.6927937030769660        0.0000000000000000     
       (0.46558754033614747,-1.38034211788298297E-015)
   2.9171931783333798        0.0000000000000000     
        (0.65505514527607189,8.89140413700091149E-016)
   3.1415926535897936        0.0000000000000000     
        (1.2786310956632216,-1.44172202750636031E-015)
