  -13.000000      0.000000
  1    1        0.00258427        0.00006975        0.00000000        0.00000000
  -12.000000      0.000000
  1    1        0.00006487        0.00009597       -0.00000000        0.00000000
  -11.000000      0.000000
  1    1       -0.00793808        0.00014149        0.00000000        0.00000000
  -10.000000      0.000000
  1    1        0.00001740        0.00012221       -0.00000000        0.00000000
   -9.000000      0.000000
  1    1        0.01462595        0.00013643        0.00000000        0.00000000
   -8.000000      0.000000
  1    1       -0.00008449        0.00011683       -0.00000000        0.00000000
   -7.000000      0.000000
  1    1       -0.02391265        0.00014832        0.00000000        0.00000000
   -6.000000      0.000000
  1    1       -0.00005269        0.00010976       -0.00000000        0.00000000
   -5.000000      0.000000
  1    1        0.03994667        0.00016662        0.00000000        0.00000000
   -4.000000      0.000000
  1    1        0.00002611        0.00011148        0.00000000        0.00000000
   -3.000000      0.000000
  1    1       -0.07852723        0.00018846        0.00000000        0.00000000
   -2.000000      0.000000
  1    1        0.00009416        0.00011884       -0.00000000        0.00000000
   -1.000000      0.000000
  1    1        0.29367426        0.00019251        0.00000000        0.00000000
    0.000000      0.000000
  1    1        0.50000000        0.00000000        0.00000000        0.00000000
    1.000000      0.000000
  1    1        0.29367426        0.00019251        0.00000000        0.00000000
    2.000000      0.000000
  1    1       -0.00009416        0.00011884       -0.00000000        0.00000000
    3.000000      0.000000
  1    1       -0.07852723        0.00018846       -0.00000000        0.00000000
    4.000000      0.000000
  1    1       -0.00002611        0.00011148        0.00000000        0.00000000
    5.000000      0.000000
  1    1        0.03994667        0.00016662       -0.00000000        0.00000000
    6.000000      0.000000
  1    1        0.00005269        0.00010976        0.00000000        0.00000000
    7.000000      0.000000
  1    1       -0.02391265        0.00014832       -0.00000000        0.00000000
    8.000000      0.000000
  1    1        0.00008449        0.00011683        0.00000000        0.00000000
    9.000000      0.000000
  1    1        0.01462595        0.00013643       -0.00000000        0.00000000
   10.000000      0.000000
  1    1       -0.00001740        0.00012221        0.00000000        0.00000000
   11.000000      0.000000
  1    1       -0.00793808        0.00014149       -0.00000000        0.00000000
   12.000000      0.000000
  1    1       -0.00006487        0.00009597        0.00000000        0.00000000
   13.000000      0.000000
  1    1        0.00258427        0.00006975       -0.00000000        0.00000000
   14.000000      0.000000
  1    1        0.00000000        0.00000000        0.00000000        0.00000000
