   1.0000000000000000                1          28
               (0.0000000000000000,0.0000000000000000)
  -2.9171931783333798        0.0000000000000000     
  (2.04224850006047495E-002,-3.82783788588582222E-004)
  -2.6927937030769660        0.0000000000000000     
  (2.53748121134084736E-002,-6.02607570381286160E-004)
  -2.4683942278205522        0.0000000000000000     
   (3.28844216558327393E-002,7.89237973671509012E-004)
  -2.2439947525641384        0.0000000000000000     
  (4.62767337170324408E-002,-4.62833364345635536E-004)
  -2.0195952773077246        0.0000000000000000     
   (7.03110655215804931E-002,3.04931323460999398E-004)
  -1.7951958020513106        0.0000000000000000     
        (0.10514857379642163,2.40931305910477549E-003)
  -1.5707963267948968        0.0000000000000000     
        (0.49999999999892969,6.26458706338387660E-013)
  -1.3463968515384830        0.0000000000000000     
       (0.89485142620069769,-2.40931305904503942E-003)
  -1.1219973762820692        0.0000000000000000     
       (0.92968893447495304,-3.04931322359780564E-004)
 -0.89759790102565529        0.0000000000000000     
        (0.95372326628498683,4.62833363886719644E-004)
 -0.67319842576924149        0.0000000000000000     
       (0.96711557834612705,-7.89237972995780117E-004)
 -0.44879895051282764        0.0000000000000000     
        (0.97462518788960062,6.02607565578723516E-004)
 -0.22439947525641382        0.0000000000000000     
        (0.97957751499882484,3.82783788697456666E-004)
   0.0000000000000000        0.0000000000000000     
              (0.98019180087876412,0.0000000000000000)
  0.22439947525641382        0.0000000000000000     
       (0.97957751499882484,-3.82783788697456666E-004)
  0.44879895051282764        0.0000000000000000     
       (0.97462518788960062,-6.02607565578723516E-004)
  0.67319842576924149        0.0000000000000000     
        (0.96711557834612705,7.89237972995780117E-004)
  0.89759790102565529        0.0000000000000000     
       (0.95372326628498683,-4.62833363886719644E-004)
   1.1219973762820692        0.0000000000000000     
        (0.92968893447495304,3.04931322359780564E-004)
   1.3463968515384830        0.0000000000000000     
        (0.89485142620069769,2.40931305904503942E-003)
   1.5707963267948968        0.0000000000000000     
       (0.49999999999892969,-6.26458706338387660E-013)
   1.7951958020513106        0.0000000000000000     
       (0.10514857379642163,-2.40931305910477549E-003)
   2.0195952773077246        0.0000000000000000     
  (7.03110655215804931E-002,-3.04931323460999398E-004)
   2.2439947525641384        0.0000000000000000     
   (4.62767337170324408E-002,4.62833364345635536E-004)
   2.4683942278205522        0.0000000000000000     
  (3.28844216558327393E-002,-7.89237973671509012E-004)
   2.6927937030769660        0.0000000000000000     
   (2.53748121134084736E-002,6.02607570381286160E-004)
   2.9171931783333798        0.0000000000000000     
   (2.04224850006047495E-002,3.82783788588582222E-004)
   3.1415926535897936        0.0000000000000000     
   (1.98081991233018222E-002,5.97873568359514663E-019)
   1.0000000000000000                1          28
               (0.0000000000000000,0.0000000000000000)
  -2.9171931783333798        0.0000000000000000     
   (2.14413456654153588E-002,6.09687026438918904E-004)
  -2.6927937030769660        0.0000000000000000     
   (2.64403927215620706E-002,2.40329839312861896E-003)
  -2.4683942278205522        0.0000000000000000     
   (3.54126579229683061E-002,2.43839440201738420E-003)
  -2.2439947525641384        0.0000000000000000     
   (4.91877944610466522E-002,2.32353732800297556E-003)
  -2.0195952773077246        0.0000000000000000     
  (7.05013787099881134E-002,-1.16993677055572719E-003)
  -1.7951958020513106        0.0000000000000000     
       (0.11620500577813052,-1.05622216284636215E-003)
  -1.5707963267948968        0.0000000000000000     
       (0.50000000000786959,-1.54393382999020112E-011)
  -1.3463968515384830        0.0000000000000000     
        (0.88379499422487917,1.05622216111419891E-003)
  -1.1219973762820692        0.0000000000000000     
        (0.92949862128873029,1.16993676509450978E-003)
 -0.89759790102565529        0.0000000000000000     
       (0.95081220554453227,-2.32353733448199427E-003)
 -0.67319842576924149        0.0000000000000000     
       (0.96458734206997310,-2.43839440071328632E-003)
 -0.44879895051282764        0.0000000000000000     
       (0.97355960727701907,-2.40329840228981290E-003)
 -0.22439947525641382        0.0000000000000000     
       (0.97855865432726785,-6.09687024156104125E-004)
   0.0000000000000000        0.0000000000000000     
              (0.97987292434047035,0.0000000000000000)
  0.22439947525641382        0.0000000000000000     
        (0.97855865432726785,6.09687024156104125E-004)
  0.44879895051282764        0.0000000000000000     
        (0.97355960727701907,2.40329840228981290E-003)
  0.67319842576924149        0.0000000000000000     
        (0.96458734206997310,2.43839440071328632E-003)
  0.89759790102565529        0.0000000000000000     
        (0.95081220554453227,2.32353733448199427E-003)
   1.1219973762820692        0.0000000000000000     
       (0.92949862128873029,-1.16993676509450978E-003)
   1.3463968515384830        0.0000000000000000     
       (0.88379499422487917,-1.05622216111419891E-003)
   1.5707963267948968        0.0000000000000000     
        (0.50000000000786959,1.54393382999020112E-011)
   1.7951958020513106        0.0000000000000000     
        (0.11620500577813052,1.05622216284636215E-003)
   2.0195952773077246        0.0000000000000000     
   (7.05013787099881134E-002,1.16993677055572719E-003)
   2.2439947525641384        0.0000000000000000     
  (4.91877944610466522E-002,-2.32353732800297556E-003)
   2.4683942278205522        0.0000000000000000     
  (3.54126579229683061E-002,-2.43839440201738420E-003)
   2.6927937030769660        0.0000000000000000     
  (2.64403927215620706E-002,-2.40329839312861896E-003)
   2.9171931783333798        0.0000000000000000     
  (2.14413456654153588E-002,-6.09687026438918904E-004)
   3.1415926535897936        0.0000000000000000     
  (2.01270756596751352E-002,-2.96852728251354260E-018)
   1.0000000000000000                1          28
               (0.0000000000000000,0.0000000000000000)
  -2.9171931783333798        0.0000000000000000     
   (2.17761381469670258E-002,8.20852015135504565E-004)
  -2.6927937030769660        0.0000000000000000     
  (2.78873543345876072E-002,-1.24883440334594420E-005)
  -2.4683942278205522        0.0000000000000000     
   (3.50543729186401920E-002,1.07879167339895591E-003)
  -2.2439947525641384        0.0000000000000000     
   (4.66881489529544155E-002,2.96347208792515976E-003)
  -2.0195952773077246        0.0000000000000000     
   (6.79993883310767017E-002,1.89018523972178253E-003)
  -1.7951958020513106        0.0000000000000000     
        (0.11596534167025459,8.20876462504358385E-004)
  -1.5707963267948968        0.0000000000000000     
       (0.49999999999096439,-8.01156512163027578E-012)
  -1.3463968515384830        0.0000000000000000     
       (0.88403465833490569,-8.20876458830372357E-004)
  -1.1219973762820692        0.0000000000000000     
       (0.93200061167603732,-1.89018522440887707E-003)
 -0.89759790102565529        0.0000000000000000     
       (0.95331185104800675,-2.96347207249838748E-003)
 -0.67319842576924149        0.0000000000000000     
       (0.96494562708554998,-1.07879166837519954E-003)
 -0.44879895051282764        0.0000000000000000     
        (0.97211264566295430,1.24883457859286428E-005)
 -0.22439947525641382        0.0000000000000000     
       (0.97822386184810584,-8.20852007938341886E-004)
   0.0000000000000000        0.0000000000000000     
              (0.97971441944799775,0.0000000000000000)
  0.22439947525641382        0.0000000000000000     
        (0.97822386184810584,8.20852007938341886E-004)
  0.44879895051282764        0.0000000000000000     
       (0.97211264566295430,-1.24883457859286428E-005)
  0.67319842576924149        0.0000000000000000     
        (0.96494562708554998,1.07879166837519954E-003)
  0.89759790102565529        0.0000000000000000     
        (0.95331185104800675,2.96347207249838748E-003)
   1.1219973762820692        0.0000000000000000     
        (0.93200061167603732,1.89018522440887707E-003)
   1.3463968515384830        0.0000000000000000     
        (0.88403465833490569,8.20876458830372357E-004)
   1.5707963267948968        0.0000000000000000     
        (0.49999999999096439,8.01156512163027578E-012)
   1.7951958020513106        0.0000000000000000     
       (0.11596534167025459,-8.20876462504358385E-004)
   2.0195952773077246        0.0000000000000000     
  (6.79993883310767017E-002,-1.89018523972178253E-003)
   2.2439947525641384        0.0000000000000000     
  (4.66881489529544155E-002,-2.96347208792515976E-003)
   2.4683942278205522        0.0000000000000000     
  (3.50543729186401920E-002,-1.07879167339895591E-003)
   2.6927937030769660        0.0000000000000000     
   (2.78873543345876072E-002,1.24883440334594420E-005)
   2.9171931783333798        0.0000000000000000     
  (2.17761381469670258E-002,-8.20852015135504565E-004)
   3.1415926535897936        0.0000000000000000     
   (2.02855805501338422E-002,1.47214567866698095E-018)
   1.0000000000000000                1          28
               (0.0000000000000000,0.0000000000000000)
  -2.9171931783333798        0.0000000000000000     
  (2.02796423258216375E-002,-1.32448988594925958E-003)
  -2.6927937030769660        0.0000000000000000     
  (2.30453605924775193E-002,-7.37302987314463268E-004)
  -2.4683942278205522        0.0000000000000000     
   (3.11800813755457006E-002,4.24050451675448000E-004)
  -2.2439947525641384        0.0000000000000000     
   (4.38453471478333495E-002,6.95420238272396042E-004)
  -2.0195952773077246        0.0000000000000000     
   (6.75325097735428453E-002,2.49898003753936098E-003)
  -1.7951958020513106        0.0000000000000000     
       (0.10484305051595426,-2.16962485642565152E-003)
  -1.5707963267948968        0.0000000000000000     
        (0.50000000000634848,1.16591954345070247E-012)
  -1.3463968515384830        0.0000000000000000     
        (0.89515694949501723,2.16962486661834066E-003)
  -1.1219973762820692        0.0000000000000000     
       (0.93246749022378617,-2.49898002763007448E-003)
 -0.89759790102565529        0.0000000000000000     
       (0.95615465284898182,-6.95420228311870799E-004)
 -0.67319842576924149        0.0000000000000000     
       (0.96881991861691896,-4.24050453125747191E-004)
 -0.44879895051282764        0.0000000000000000     
        (0.97695463940718119,7.37302983715116753E-004)
 -0.22439947525641382        0.0000000000000000     
        (0.97972035767309162,1.32448988353280257E-003)
   0.0000000000000000        0.0000000000000000     
              (0.98073824784691799,0.0000000000000000)
  0.22439947525641382        0.0000000000000000     
       (0.97972035767309162,-1.32448988353280257E-003)
  0.44879895051282764        0.0000000000000000     
       (0.97695463940718119,-7.37302983715116753E-004)
  0.67319842576924149        0.0000000000000000     
        (0.96881991861691896,4.24050453125747191E-004)
  0.89759790102565529        0.0000000000000000     
        (0.95615465284898182,6.95420228311870799E-004)
   1.1219973762820692        0.0000000000000000     
        (0.93246749022378617,2.49898002763007448E-003)
   1.3463968515384830        0.0000000000000000     
       (0.89515694949501723,-2.16962486661834066E-003)
   1.5707963267948968        0.0000000000000000     
       (0.50000000000634848,-1.16591954345070247E-012)
   1.7951958020513106        0.0000000000000000     
        (0.10484305051595426,2.16962485642565152E-003)
   2.0195952773077246        0.0000000000000000     
  (6.75325097735428453E-002,-2.49898003753936098E-003)
   2.2439947525641384        0.0000000000000000     
  (4.38453471478333495E-002,-6.95420238272396042E-004)
   2.4683942278205522        0.0000000000000000     
  (3.11800813755457006E-002,-4.24050451675448000E-004)
   2.6927937030769660        0.0000000000000000     
   (2.30453605924775193E-002,7.37302987314463268E-004)
   2.9171931783333798        0.0000000000000000     
   (2.02796423258216375E-002,1.32448988594925958E-003)
   3.1415926535897936        0.0000000000000000     
  (1.92617521508368257E-002,-2.20727431928037958E-019)
   1.0000000000000000                1          28
               (0.0000000000000000,0.0000000000000000)
  -2.9171931783333798        0.0000000000000000     
  (2.02300328528078228E-002,-6.27446560480914321E-004)
  -2.6927937030769660        0.0000000000000000     
   (2.36752978008372243E-002,2.01594140003092569E-004)
  -2.4683942278205522        0.0000000000000000     
   (3.22450838511265242E-002,1.32712756494783092E-003)
  -2.2439947525641384        0.0000000000000000     
  (4.78249909370544388E-002,-7.03590089591919960E-004)
  -2.0195952773077246        0.0000000000000000     
  (7.08224440549617140E-002,-1.68670321807304390E-003)
  -1.7951958020513106        0.0000000000000000     
       (0.11165838979278882,-8.98565564633880816E-004)
  -1.5707963267948968        0.0000000000000000     
        (0.50000000000395250,4.60211977653430498E-012)
  -1.3463968515384830        0.0000000000000000     
        (0.88834161020559943,8.98565575978905453E-004)
  -1.1219973762820692        0.0000000000000000     
        (0.92917755593862350,1.68670322188963244E-003)
 -0.89759790102565529        0.0000000000000000     
        (0.95217500906142838,7.03590090334896279E-004)
 -0.67319842576924149        0.0000000000000000     
       (0.96775491615225706,-1.32712756509173490E-003)
 -0.44879895051282764        0.0000000000000000     
       (0.97632470220340362,-2.01594139878226442E-004)
 -0.22439947525641382        0.0000000000000000     
        (0.97976996714649700,6.27446555402959663E-004)
   0.0000000000000000        0.0000000000000000     
              (0.98174679835472323,0.0000000000000000)
  0.22439947525641382        0.0000000000000000     
       (0.97976996714649700,-6.27446555402959663E-004)
  0.44879895051282764        0.0000000000000000     
        (0.97632470220340362,2.01594139878226442E-004)
  0.67319842576924149        0.0000000000000000     
        (0.96775491615225706,1.32712756509173490E-003)
  0.89759790102565529        0.0000000000000000     
       (0.95217500906142838,-7.03590090334896279E-004)
   1.1219973762820692        0.0000000000000000     
       (0.92917755593862350,-1.68670322188963244E-003)
   1.3463968515384830        0.0000000000000000     
       (0.88834161020559943,-8.98565575978905453E-004)
   1.5707963267948968        0.0000000000000000     
       (0.50000000000395250,-4.60211977653430498E-012)
   1.7951958020513106        0.0000000000000000     
        (0.11165838979278882,8.98565564633880816E-004)
   2.0195952773077246        0.0000000000000000     
   (7.08224440549617140E-002,1.68670321807304390E-003)
   2.2439947525641384        0.0000000000000000     
   (4.78249909370544388E-002,7.03590089591919960E-004)
   2.4683942278205522        0.0000000000000000     
  (3.22450838511265242E-002,-1.32712756494783092E-003)
   2.6927937030769660        0.0000000000000000     
  (2.36752978008372243E-002,-2.01594140003092569E-004)
   2.9171931783333798        0.0000000000000000     
   (2.02300328528078228E-002,6.27446560480914321E-004)
   3.1415926535897936        0.0000000000000000     
  (1.82532016410594349E-002,-1.47960109343281494E-018)
   1.0000000000000000                1          28
               (0.0000000000000000,0.0000000000000000)
  -2.9171931783333798        0.0000000000000000     
   (2.08974652830638541E-002,1.30373027570025073E-003)
  -2.6927937030769660        0.0000000000000000     
   (2.63353731529664230E-002,1.20029953426839401E-003)
  -2.4683942278205522        0.0000000000000000     
   (3.35733961024499220E-002,9.44505452820705734E-004)
  -2.2439947525641384        0.0000000000000000     
  (4.73431089536287542E-002,-8.51910813810896270E-004)
  -2.0195952773077246        0.0000000000000000     
  (7.10559874271989023E-002,-1.54694287185981215E-003)
  -1.7951958020513106        0.0000000000000000     
       (0.10867368876659338,-5.32651344940341027E-004)
  -1.5707963267948968        0.0000000000000000     
       (0.50000000000535227,-3.79928816581934604E-011)
  -1.3463968515384830        0.0000000000000000     
        (0.89132631124974682,5.32651263143461427E-004)
  -1.1219973762820692        0.0000000000000000     
        (0.92894401257090309,1.54694279798470885E-003)
 -0.89759790102565529        0.0000000000000000     
        (0.95265689102395001,8.51910770448659400E-004)
 -0.67319842576924149        0.0000000000000000     
       (0.96642660388266910,-9.44505478356444947E-004)
 -0.44879895051282764        0.0000000000000000     
       (0.97366462684992172,-1.20029955454399942E-003)
 -0.22439947525641382        0.0000000000000000     
       (0.97910253472824949,-1.30373028242196831E-003)
   0.0000000000000000        0.0000000000000000     
              (0.98032444545664366,0.0000000000000000)
  0.22439947525641382        0.0000000000000000     
        (0.97910253472824949,1.30373028242196831E-003)
  0.44879895051282764        0.0000000000000000     
        (0.97366462684992172,1.20029955454399942E-003)
  0.67319842576924149        0.0000000000000000     
        (0.96642660388266910,9.44505478356444947E-004)
  0.89759790102565529        0.0000000000000000     
       (0.95265689102395001,-8.51910770448659400E-004)
   1.1219973762820692        0.0000000000000000     
       (0.92894401257090309,-1.54694279798470885E-003)
   1.3463968515384830        0.0000000000000000     
       (0.89132631124974682,-5.32651263143461427E-004)
   1.5707963267948968        0.0000000000000000     
        (0.50000000000535227,3.79928816581934604E-011)
   1.7951958020513106        0.0000000000000000     
        (0.10867368876659338,5.32651344940341027E-004)
   2.0195952773077246        0.0000000000000000     
   (7.10559874271989023E-002,1.54694287185981215E-003)
   2.2439947525641384        0.0000000000000000     
   (4.73431089536287542E-002,8.51910813810896270E-004)
   2.4683942278205522        0.0000000000000000     
  (3.35733961024499220E-002,-9.44505452820705734E-004)
   2.6927937030769660        0.0000000000000000     
  (2.63353731529664230E-002,-1.20029953426839401E-003)
   2.9171931783333798        0.0000000000000000     
  (2.08974652830638541E-002,-1.30373027570025073E-003)
   3.1415926535897936        0.0000000000000000     
   (1.96755545493310820E-002,2.95728115045684515E-018)
   1.0000000000000000                1          28
               (0.0000000000000000,0.0000000000000000)
  -2.9171931783333798        0.0000000000000000     
  (2.39192035903904934E-002,-1.18896847127528439E-004)
  -2.6927937030769660        0.0000000000000000     
  (2.57110493839318097E-002,-7.01850219986527649E-004)
  -2.4683942278205522        0.0000000000000000     
   (3.33102969642914554E-002,1.52765011327524766E-003)
  -2.2439947525641384        0.0000000000000000     
   (4.99444352612350290E-002,3.28563856625596796E-005)
  -2.0195952773077246        0.0000000000000000     
   (7.12160362837847977E-002,1.31457572260963577E-004)
  -1.7951958020513106        0.0000000000000000     
       (0.11946435672410917,-3.23083883189543848E-004)
  -1.5707963267948968        0.0000000000000000     
        (0.49999999998489381,1.50315216622993517E-011)
  -1.3463968515384830        0.0000000000000000     
        (0.88053564334270307,3.23083890523529209E-004)
  -1.1219973762820692        0.0000000000000000     
       (0.92878396375567207,-1.31457519367236716E-004)
 -0.89759790102565529        0.0000000000000000     
       (0.95005556468459562,-3.28563214078792391E-005)
 -0.67319842576924149        0.0000000000000000     
       (0.96668970302052881,-1.52765006164743366E-003)
 -0.44879895051282764        0.0000000000000000     
        (0.97428895057822495,7.01850239961729155E-004)
 -0.22439947525641382        0.0000000000000000     
        (0.97608079642454759,1.18896846080148564E-004)
   0.0000000000000000        0.0000000000000000     
              (0.97902700035388501,0.0000000000000000)
  0.22439947525641382        0.0000000000000000     
       (0.97608079642454759,-1.18896846080148564E-004)
  0.44879895051282764        0.0000000000000000     
       (0.97428895057822495,-7.01850239961729155E-004)
  0.67319842576924149        0.0000000000000000     
        (0.96668970302052881,1.52765006164743366E-003)
  0.89759790102565529        0.0000000000000000     
        (0.95005556468459562,3.28563214078792391E-005)
   1.1219973762820692        0.0000000000000000     
        (0.92878396375567207,1.31457519367236716E-004)
   1.3463968515384830        0.0000000000000000     
       (0.88053564334270307,-3.23083890523529209E-004)
   1.5707963267948968        0.0000000000000000     
       (0.49999999998489381,-1.50315216622993517E-011)
   1.7951958020513106        0.0000000000000000     
        (0.11946435672410917,3.23083883189543848E-004)
   2.0195952773077246        0.0000000000000000     
  (7.12160362837847977E-002,-1.31457572260963577E-004)
   2.2439947525641384        0.0000000000000000     
  (4.99444352612350290E-002,-3.28563856625596796E-005)
   2.4683942278205522        0.0000000000000000     
  (3.33102969642914554E-002,-1.52765011327524766E-003)
   2.6927937030769660        0.0000000000000000     
   (2.57110493839318097E-002,7.01850219986527649E-004)
   2.9171931783333798        0.0000000000000000     
   (2.39192035903904934E-002,1.18896847127528439E-004)
   3.1415926535897936        0.0000000000000000     
   (2.09729996496273163E-002,2.31416385992997653E-018)
   1.0000000000000000                1          28
               (0.0000000000000000,0.0000000000000000)
  -2.9171931783333798        0.0000000000000000     
   (2.11576335713445397E-002,1.20958668182731609E-003)
  -2.6927937030769660        0.0000000000000000     
   (2.48238660602128798E-002,1.15737442010310480E-004)
  -2.4683942278205522        0.0000000000000000     
   (3.36992931965439182E-002,2.15050543720616801E-003)
  -2.2439947525641384        0.0000000000000000     
   (4.85731909020652233E-002,1.15900367241116822E-003)
  -2.0195952773077246        0.0000000000000000     
   (7.22593996472883360E-002,4.43182004334321568E-003)
  -1.7951958020513106        0.0000000000000000     
        (0.11773906785901608,2.02958234755899183E-003)
  -1.5707963267948968        0.0000000000000000     
       (0.50000000000258438,-1.05933763745141026E-012)
  -1.3463968515384830        0.0000000000000000     
       (0.88226093214945234,-2.02958234957459913E-003)
  -1.1219973762820692        0.0000000000000000     
       (0.92774060034997652,-4.43182003904809586E-003)
 -0.89759790102565529        0.0000000000000000     
       (0.95142680909299082,-1.15900367050326470E-003)
 -0.67319842576924149        0.0000000000000000     
       (0.96630070680084945,-2.15050543802010807E-003)
 -0.44879895051282764        0.0000000000000000     
       (0.97517613393728297,-1.15737446799582880E-004)
 -0.22439947525641382        0.0000000000000000     
       (0.97884236643138711,-1.20958668064288246E-003)
   0.0000000000000000        0.0000000000000000     
              (0.98081482127225161,0.0000000000000000)
  0.22439947525641382        0.0000000000000000     
        (0.97884236643138711,1.20958668064288246E-003)
  0.44879895051282764        0.0000000000000000     
        (0.97517613393728297,1.15737446799582880E-004)
  0.67319842576924149        0.0000000000000000     
        (0.96630070680084945,2.15050543802010807E-003)
  0.89759790102565529        0.0000000000000000     
        (0.95142680909299082,1.15900367050326470E-003)
   1.1219973762820692        0.0000000000000000     
        (0.92774060034997652,4.43182003904809586E-003)
   1.3463968515384830        0.0000000000000000     
        (0.88226093214945234,2.02958234957459913E-003)
   1.5707963267948968        0.0000000000000000     
        (0.50000000000258438,1.05933763745141026E-012)
   1.7951958020513106        0.0000000000000000     
       (0.11773906785901608,-2.02958234755899183E-003)
   2.0195952773077246        0.0000000000000000     
  (7.22593996472883360E-002,-4.43182004334321568E-003)
   2.2439947525641384        0.0000000000000000     
  (4.85731909020652233E-002,-1.15900367241116822E-003)
   2.4683942278205522        0.0000000000000000     
  (3.36992931965439182E-002,-2.15050543720616801E-003)
   2.6927937030769660        0.0000000000000000     
  (2.48238660602128798E-002,-1.15737442010310480E-004)
   2.9171931783333798        0.0000000000000000     
  (2.11576335713445397E-002,-1.20958668182731609E-003)
   3.1415926535897936        0.0000000000000000     
   (1.91851787244359320E-002,8.25546077029234439E-018)
   1.0000000000000000                1          28
               (0.0000000000000000,0.0000000000000000)
  -2.9171931783333798        0.0000000000000000     
   (2.00995667545128230E-002,1.72079671550402834E-003)
  -2.6927937030769660        0.0000000000000000     
   (2.52600114289271774E-002,1.56644110480515047E-003)
  -2.4683942278205522        0.0000000000000000     
   (3.36666224179995102E-002,6.51938518124480485E-005)
  -2.2439947525641384        0.0000000000000000     
  (4.79321728520858831E-002,-6.24306702595747568E-004)
  -2.0195952773077246        0.0000000000000000     
  (6.79772320268917929E-002,-1.25482780737453748E-003)
  -1.7951958020513106        0.0000000000000000     
        (0.11572042712687351,1.09092928556054876E-003)
  -1.5707963267948968        0.0000000000000000     
        (0.50000000000087941,3.09325878403551374E-012)
  -1.3463968515384830        0.0000000000000000     
       (0.88427957288069836,-1.09092928199244700E-003)
  -1.1219973762820692        0.0000000000000000     
        (0.93202276797274553,1.25482780628179374E-003)
 -0.89759790102565529        0.0000000000000000     
        (0.95206782713970795,6.24306703165134771E-004)
 -0.67319842576924149        0.0000000000000000     
       (0.96633337757951077,-6.51938525730526812E-005)
 -0.44879895051282764        0.0000000000000000     
       (0.97473998857558530,-1.56644110640476392E-003)
 -0.22439947525641382        0.0000000000000000     
       (0.97990043324531795,-1.72079671076246139E-003)
   0.0000000000000000        0.0000000000000000     
              (0.98192665471812901,0.0000000000000000)
  0.22439947525641382        0.0000000000000000     
        (0.97990043324531795,1.72079671076246139E-003)
  0.44879895051282764        0.0000000000000000     
        (0.97473998857558530,1.56644110640476392E-003)
  0.67319842576924149        0.0000000000000000     
        (0.96633337757951077,6.51938525730526812E-005)
  0.89759790102565529        0.0000000000000000     
       (0.95206782713970795,-6.24306703165134771E-004)
   1.1219973762820692        0.0000000000000000     
       (0.93202276797274553,-1.25482780628179374E-003)
   1.3463968515384830        0.0000000000000000     
        (0.88427957288069836,1.09092928199244700E-003)
   1.5707963267948968        0.0000000000000000     
       (0.50000000000087941,-3.09325878403551374E-012)
   1.7951958020513106        0.0000000000000000     
       (0.11572042712687351,-1.09092928556054876E-003)
   2.0195952773077246        0.0000000000000000     
   (6.79772320268917929E-002,1.25482780737453748E-003)
   2.2439947525641384        0.0000000000000000     
   (4.79321728520858831E-002,6.24306702595747568E-004)
   2.4683942278205522        0.0000000000000000     
  (3.36666224179995102E-002,-6.51938518124480485E-005)
   2.6927937030769660        0.0000000000000000     
  (2.52600114289271774E-002,-1.56644110480515047E-003)
   2.9171931783333798        0.0000000000000000     
  (2.00995667545128230E-002,-1.72079671550402834E-003)
   3.1415926535897936        0.0000000000000000     
   (1.80733452785031765E-002,2.36333702204362408E-018)
   1.0000000000000000                1          28
               (0.0000000000000000,0.0000000000000000)
  -2.9171931783333798        0.0000000000000000     
  (2.09183583692349358E-002,-9.90237972507801949E-005)
  -2.6927937030769660        0.0000000000000000     
   (2.56733168149392531E-002,6.09437816384066577E-004)
  -2.4683942278205522        0.0000000000000000     
   (3.20986969391160865E-002,7.10257129407271421E-006)
  -2.2439947525641384        0.0000000000000000     
  (4.70447212106369014E-002,-2.22797438933252387E-003)
  -2.0195952773077246        0.0000000000000000     
  (6.74327022393410858E-002,-2.54208367799731811E-003)
  -1.7951958020513106        0.0000000000000000     
        (0.11714215331543146,3.84016757204076438E-003)
  -1.5707963267948968        0.0000000000000000     
       (0.49999999999140571,-6.91566595656389732E-012)
  -1.3463968515384830        0.0000000000000000     
       (0.88285784665031974,-3.84016757616348348E-003)
  -1.1219973762820692        0.0000000000000000     
        (0.93256729775510394,2.54208369096484534E-003)
 -0.89759790102565529        0.0000000000000000     
        (0.95295527880495634,2.22797438250049978E-003)
 -0.67319842576924149        0.0000000000000000     
       (0.96790130305816802,-7.10256948146932414E-006)
 -0.44879895051282764        0.0000000000000000     
       (0.97432668319529636,-6.09437817672101143E-004)
 -0.22439947525641382        0.0000000000000000     
        (0.97908164165260281,9.90238127908012200E-005)
   0.0000000000000000        0.0000000000000000     
              (0.98106609450484228,0.0000000000000000)
  0.22439947525641382        0.0000000000000000     
       (0.97908164165260281,-9.90238127908012200E-005)
  0.44879895051282764        0.0000000000000000     
        (0.97432668319529636,6.09437817672101143E-004)
  0.67319842576924149        0.0000000000000000     
        (0.96790130305816802,7.10256948146932414E-006)
  0.89759790102565529        0.0000000000000000     
       (0.95295527880495634,-2.22797438250049978E-003)
   1.1219973762820692        0.0000000000000000     
       (0.93256729775510394,-2.54208369096484534E-003)
   1.3463968515384830        0.0000000000000000     
        (0.88285784665031974,3.84016757616348348E-003)
   1.5707963267948968        0.0000000000000000     
        (0.49999999999140571,6.91566595656389732E-012)
   1.7951958020513106        0.0000000000000000     
       (0.11714215331543146,-3.84016757204076438E-003)
   2.0195952773077246        0.0000000000000000     
   (6.74327022393410858E-002,2.54208367799731811E-003)
   2.2439947525641384        0.0000000000000000     
   (4.70447212106369014E-002,2.22797438933252387E-003)
   2.4683942278205522        0.0000000000000000     
  (3.20986969391160865E-002,-7.10257129407271421E-006)
   2.6927937030769660        0.0000000000000000     
  (2.56733168149392531E-002,-6.09437816384066577E-004)
   2.9171931783333798        0.0000000000000000     
   (2.09183583692349358E-002,9.90237972507801949E-005)
   3.1415926535897936        0.0000000000000000     
  (1.89339055017645232E-002,-2.13027589464155587E-018)
   1.0000000000000000                1          28
               (0.0000000000000000,0.0000000000000000)
  -2.9171931783333798        0.0000000000000000     
   (2.19413780962846618E-002,4.46987594850663676E-005)
  -2.6927937030769660        0.0000000000000000     
  (2.58025265248045602E-002,-9.35985978805218698E-004)
  -2.4683942278205522        0.0000000000000000     
  (3.40735669225527629E-002,-5.61361788222574580E-004)
  -2.2439947525641384        0.0000000000000000     
  (5.04465202496044984E-002,-3.63095448161051678E-005)
  -2.0195952773077246        0.0000000000000000     
  (7.26207768158929345E-002,-2.20308113438313869E-003)
  -1.7951958020513106        0.0000000000000000     
        (0.12194782391056561,4.13094448918826292E-003)
  -1.5707963267948968        0.0000000000000000     
       (0.49999999999972605,-5.19706797438449930E-013)
  -1.3463968515384830        0.0000000000000000     
       (0.87805217609090902,-4.13094449532415853E-003)
  -1.1219973762820692        0.0000000000000000     
        (0.92737922318451405,2.20308113401932381E-003)
 -0.89759790102565529        0.0000000000000000     
        (0.94955347975391546,3.63095457124809013E-005)
 -0.67319842576924149        0.0000000000000000     
        (0.96592643307668680,5.61361783265907992E-004)
 -0.44879895051282764        0.0000000000000000     
        (0.97419747347442021,9.35985981316342494E-004)
 -0.22439947525641382        0.0000000000000000     
       (0.97805862190287496,-4.46987557684216252E-005)
   0.0000000000000000        0.0000000000000000     
              (0.97932768951877058,0.0000000000000000)
  0.22439947525641382        0.0000000000000000     
        (0.97805862190287496,4.46987557684216252E-005)
  0.44879895051282764        0.0000000000000000     
       (0.97419747347442021,-9.35985981316342494E-004)
  0.67319842576924149        0.0000000000000000     
       (0.96592643307668680,-5.61361783265907992E-004)
  0.89759790102565529        0.0000000000000000     
       (0.94955347975391546,-3.63095457124809013E-005)
   1.1219973762820692        0.0000000000000000     
       (0.92737922318451405,-2.20308113401932381E-003)
   1.3463968515384830        0.0000000000000000     
        (0.87805217609090902,4.13094449532415853E-003)
   1.5707963267948968        0.0000000000000000     
        (0.49999999999972605,5.19706797438449930E-013)
   1.7951958020513106        0.0000000000000000     
       (0.12194782391056561,-4.13094448918826292E-003)
   2.0195952773077246        0.0000000000000000     
   (7.26207768158929345E-002,2.20308113438313869E-003)
   2.2439947525641384        0.0000000000000000     
   (5.04465202496044984E-002,3.63095448161051678E-005)
   2.4683942278205522        0.0000000000000000     
   (3.40735669225527629E-002,5.61361788222574580E-004)
   2.6927937030769660        0.0000000000000000     
   (2.58025265248045602E-002,9.35985978805218698E-004)
   2.9171931783333798        0.0000000000000000     
  (2.19413780962846618E-002,-4.46987594850663676E-005)
   3.1415926535897936        0.0000000000000000     
  (2.06723104758763168E-002,-2.74259221759229351E-018)
   1.0000000000000000                1          28
               (0.0000000000000000,0.0000000000000000)
  -2.9171931783333798        0.0000000000000000     
  (2.19433670540247414E-002,-2.63538001146217083E-004)
  -2.6927937030769660        0.0000000000000000     
   (2.49731573802600935E-002,6.33961767744616739E-005)
  -2.4683942278205522        0.0000000000000000     
   (3.30774359153882050E-002,1.76896138443548875E-003)
  -2.2439947525641384        0.0000000000000000     
  (4.57973132198006838E-002,-8.55182163769742029E-004)
  -2.0195952773077246        0.0000000000000000     
  (6.88846766517339643E-002,-6.71137849100210534E-004)
  -1.7951958020513106        0.0000000000000000     
        (0.11237383467613737,1.04555842762269315E-003)
  -1.5707963267948968        0.0000000000000000     
       (0.50000000000986655,-5.15136296714529129E-012)
  -1.3463968515384830        0.0000000000000000     
       (0.88762616532538485,-1.04555845307081658E-003)
  -1.1219973762820692        0.0000000000000000     
        (0.93111532334596436,6.71137842020729652E-004)
 -0.89759790102565529        0.0000000000000000     
        (0.95420268677814613,8.55182151418092053E-004)
 -0.67319842576924149        0.0000000000000000     
       (0.96692256408748223,-1.76896139377259102E-003)
 -0.44879895051282764        0.0000000000000000     
       (0.97502684261997363,-6.33961822844901154E-005)
 -0.22439947525641382        0.0000000000000000     
        (0.97805663293981537,2.63537998043259305E-004)
   0.0000000000000000        0.0000000000000000     
              (0.98073971999486986,0.0000000000000000)
  0.22439947525641382        0.0000000000000000     
       (0.97805663293981537,-2.63537998043259305E-004)
  0.44879895051282764        0.0000000000000000     
        (0.97502684261997363,6.33961822844901154E-005)
  0.67319842576924149        0.0000000000000000     
        (0.96692256408748223,1.76896139377259102E-003)
  0.89759790102565529        0.0000000000000000     
       (0.95420268677814613,-8.55182151418092053E-004)
   1.1219973762820692        0.0000000000000000     
       (0.93111532334596436,-6.71137842020729652E-004)
   1.3463968515384830        0.0000000000000000     
        (0.88762616532538485,1.04555845307081658E-003)
   1.5707963267948968        0.0000000000000000     
        (0.50000000000986655,5.15136296714529129E-012)
   1.7951958020513106        0.0000000000000000     
       (0.11237383467613737,-1.04555842762269315E-003)
   2.0195952773077246        0.0000000000000000     
   (6.88846766517339643E-002,6.71137849100210534E-004)
   2.2439947525641384        0.0000000000000000     
   (4.57973132198006838E-002,8.55182163769742029E-004)
   2.4683942278205522        0.0000000000000000     
  (3.30774359153882050E-002,-1.76896138443548875E-003)
   2.6927937030769660        0.0000000000000000     
  (2.49731573802600935E-002,-6.33961767744616739E-005)
   2.9171931783333798        0.0000000000000000     
   (2.19433670540247414E-002,2.63538001146217083E-004)
   3.1415926535897936        0.0000000000000000     
   (1.92602799979647542E-002,9.34583694623858276E-019)
   1.0000000000000000                1          28
               (0.0000000000000000,0.0000000000000000)
  -2.9171931783333798        0.0000000000000000     
  (1.98233381141007733E-002,-1.69260308053142028E-003)
  -2.6927937030769660        0.0000000000000000     
   (2.32711365599963006E-002,6.66695955035373944E-004)
  -2.4683942278205522        0.0000000000000000     
   (2.96075251772097807E-002,5.29183240441383727E-004)
  -2.2439947525641384        0.0000000000000000     
   (4.35105112674082362E-002,7.65700488768575327E-004)
  -2.0195952773077246        0.0000000000000000     
  (6.70046322708220260E-002,-2.23758124716008850E-004)
  -1.7951958020513106        0.0000000000000000     
        (0.11463976765133939,1.68276662600419898E-004)
  -1.5707963267948968        0.0000000000000000     
       (0.49999999999439054,-6.58197702690140943E-013)
  -1.3463968515384830        0.0000000000000000     
       (0.88536023235088768,-1.68276689432497392E-004)
  -1.1219973762820692        0.0000000000000000     
        (0.93299536772800629,2.23758096559543843E-004)
 -0.89759790102565529        0.0000000000000000     
       (0.95648948873918005,-7.65700507793674423E-004)
 -0.67319842576924149        0.0000000000000000     
       (0.97039247483106117,-5.29183234808259227E-004)
 -0.44879895051282764        0.0000000000000000     
       (0.97672886344050946,-6.66695964229772442E-004)
 -0.22439947525641382        0.0000000000000000     
        (0.98017666188099928,1.69260307551289215E-003)
   0.0000000000000000        0.0000000000000000     
              (0.98115997813612998,0.0000000000000000)
  0.22439947525641382        0.0000000000000000     
       (0.98017666188099928,-1.69260307551289215E-003)
  0.44879895051282764        0.0000000000000000     
        (0.97672886344050946,6.66695964229772442E-004)
  0.67319842576924149        0.0000000000000000     
        (0.97039247483106117,5.29183234808259227E-004)
  0.89759790102565529        0.0000000000000000     
        (0.95648948873918005,7.65700507793674423E-004)
   1.1219973762820692        0.0000000000000000     
       (0.93299536772800629,-2.23758096559543843E-004)
   1.3463968515384830        0.0000000000000000     
        (0.88536023235088768,1.68276689432497392E-004)
   1.5707963267948968        0.0000000000000000     
        (0.49999999999439054,6.58197702690140943E-013)
   1.7951958020513106        0.0000000000000000     
       (0.11463976765133939,-1.68276662600419898E-004)
   2.0195952773077246        0.0000000000000000     
   (6.70046322708220260E-002,2.23758124716008850E-004)
   2.2439947525641384        0.0000000000000000     
  (4.35105112674082362E-002,-7.65700488768575327E-004)
   2.4683942278205522        0.0000000000000000     
  (2.96075251772097807E-002,-5.29183240441383727E-004)
   2.6927937030769660        0.0000000000000000     
  (2.32711365599963006E-002,-6.66695955035373944E-004)
   2.9171931783333798        0.0000000000000000     
   (1.98233381141007733E-002,1.69260308053142028E-003)
   3.1415926535897936        0.0000000000000000     
  (1.88400218539824561E-002,-6.91664080078600263E-018)
   1.0000000000000000                1          28
               (0.0000000000000000,0.0000000000000000)
  -2.9171931783333798        0.0000000000000000     
   (1.85060578209489887E-002,9.98753472219218600E-004)
  -2.6927937030769660        0.0000000000000000     
   (2.28259977211352043E-002,2.72759711080590645E-004)
  -2.4683942278205522        0.0000000000000000     
   (3.22990271199127196E-002,4.23570992347982879E-004)
  -2.2439947525641384        0.0000000000000000     
  (4.57058076187103340E-002,-1.09912152615783648E-003)
  -2.0195952773077246        0.0000000000000000     
  (6.57332105994074961E-002,-8.09392320025119501E-004)
  -1.7951958020513106        0.0000000000000000     
       (0.10619063900673732,-8.90696491942853164E-004)
  -1.5707963267948968        0.0000000000000000     
        (0.50000000000616773,5.91693162719865823E-012)
  -1.3463968515384830        0.0000000000000000     
        (0.89380936098615893,8.90696488628119911E-004)
  -1.1219973762820692        0.0000000000000000     
        (0.93426678940061081,8.09392320857191543E-004)
 -0.89759790102565529        0.0000000000000000     
        (0.95429419237721247,1.09912152614736699E-003)
 -0.67319842576924149        0.0000000000000000     
       (0.96770097287834578,-4.23570975089926078E-004)
 -0.44879895051282764        0.0000000000000000     
       (0.97717400228335560,-2.72759707914615567E-004)
 -0.22439947525641382        0.0000000000000000     
       (0.98149394217788077,-9.98753465678519194E-004)
   0.0000000000000000        0.0000000000000000     
              (0.98191006799531455,0.0000000000000000)
  0.22439947525641382        0.0000000000000000     
        (0.98149394217788077,9.98753465678519194E-004)
  0.44879895051282764        0.0000000000000000     
        (0.97717400228335560,2.72759707914615567E-004)
  0.67319842576924149        0.0000000000000000     
        (0.96770097287834578,4.23570975089926078E-004)
  0.89759790102565529        0.0000000000000000     
       (0.95429419237721247,-1.09912152614736699E-003)
   1.1219973762820692        0.0000000000000000     
       (0.93426678940061081,-8.09392320857191543E-004)
   1.3463968515384830        0.0000000000000000     
       (0.89380936098615893,-8.90696488628119911E-004)
   1.5707963267948968        0.0000000000000000     
       (0.50000000000616773,-5.91693162719865823E-012)
   1.7951958020513106        0.0000000000000000     
        (0.10619063900673732,8.90696491942853164E-004)
   2.0195952773077246        0.0000000000000000     
   (6.57332105994074961E-002,8.09392320025119501E-004)
   2.2439947525641384        0.0000000000000000     
   (4.57058076187103340E-002,1.09912152615783648E-003)
   2.4683942278205522        0.0000000000000000     
  (3.22990271199127196E-002,-4.23570992347982879E-004)
   2.6927937030769660        0.0000000000000000     
  (2.28259977211352043E-002,-2.72759711080590645E-004)
   2.9171931783333798        0.0000000000000000     
  (1.85060578209489887E-002,-9.98753472219218600E-004)
   3.1415926535897936        0.0000000000000000     
   (1.80899320101841864E-002,3.99789975324792201E-018)
   1.0000000000000000                1          28
               (0.0000000000000000,0.0000000000000000)
  -2.9171931783333798        0.0000000000000000     
  (2.09128465452296693E-002,-1.70982916510890073E-004)
  -2.6927937030769660        0.0000000000000000     
   (2.59989408910716070E-002,1.24609458373496385E-004)
  -2.4683942278205522        0.0000000000000000     
  (3.39681547160844630E-002,-5.58636646674076642E-007)
  -2.2439947525641384        0.0000000000000000     
  (4.78986385158309061E-002,-9.09109387812772631E-004)
  -2.0195952773077246        0.0000000000000000     
  (7.43954333330505563E-002,-7.37448189837943140E-004)
  -1.7951958020513106        0.0000000000000000     
       (0.11223531931746401,-5.28688175808614096E-003)
  -1.5707963267948968        0.0000000000000000     
        (0.49999999996761130,1.55833748682887445E-011)
  -1.3463968515384830        0.0000000000000000     
        (0.88776468074382731,5.28688176212178257E-003)
  -1.1219973762820692        0.0000000000000000     
        (0.92560456671607361,7.37448162520039558E-004)
 -0.89759790102565529        0.0000000000000000     
        (0.95210136148750746,9.09109371817164039E-004)
 -0.67319842576924149        0.0000000000000000     
        (0.96603184524568686,5.58609220906566473E-007)
 -0.44879895051282764        0.0000000000000000     
       (0.97400105909537615,-1.24609436253352506E-004)
 -0.22439947525641382        0.0000000000000000     
        (0.97908715344513075,1.70982950016039927E-004)
   0.0000000000000000        0.0000000000000000     
              (0.97944457881633995,0.0000000000000000)
  0.22439947525641382        0.0000000000000000     
       (0.97908715344513075,-1.70982950016039927E-004)
  0.44879895051282764        0.0000000000000000     
        (0.97400105909537615,1.24609436253352506E-004)
  0.67319842576924149        0.0000000000000000     
       (0.96603184524568686,-5.58609220906566473E-007)
  0.89759790102565529        0.0000000000000000     
       (0.95210136148750746,-9.09109371817164039E-004)
   1.1219973762820692        0.0000000000000000     
       (0.92560456671607361,-7.37448162520039558E-004)
   1.3463968515384830        0.0000000000000000     
       (0.88776468074382731,-5.28688176212178257E-003)
   1.5707963267948968        0.0000000000000000     
       (0.49999999996761130,-1.55833748682887445E-011)
   1.7951958020513106        0.0000000000000000     
        (0.11223531931746401,5.28688175808614096E-003)
   2.0195952773077246        0.0000000000000000     
   (7.43954333330505563E-002,7.37448189837943140E-004)
   2.2439947525641384        0.0000000000000000     
   (4.78986385158309061E-002,9.09109387812772631E-004)
   2.4683942278205522        0.0000000000000000     
   (3.39681547160844630E-002,5.58636646674076642E-007)
   2.6927937030769660        0.0000000000000000     
  (2.59989408910716070E-002,-1.24609458373496385E-004)
   2.9171931783333798        0.0000000000000000     
   (2.09128465452296693E-002,1.70982916510890073E-004)
   3.1415926535897936        0.0000000000000000     
   (2.05554211450133528E-002,1.39350564578567123E-018)
   1.0000000000000000                1          28
               (0.0000000000000000,0.0000000000000000)
  -2.9171931783333798        0.0000000000000000     
  (2.04888627423367095E-002,-5.94851238118602283E-004)
  -2.6927937030769660        0.0000000000000000     
  (2.41435141958661788E-002,-8.74962165176232788E-004)
  -2.4683942278205522        0.0000000000000000     
   (3.44506462119687842E-002,5.08340598870385602E-004)
  -2.2439947525641384        0.0000000000000000     
  (4.82723159555906237E-002,-1.18170406029329900E-003)
  -2.0195952773077246        0.0000000000000000     
   (7.11334685464328487E-002,2.57857585697723966E-003)
  -1.7951958020513106        0.0000000000000000     
       (0.11652801601609294,-2.24012825906580795E-003)
  -1.5707963267948968        0.0000000000000000     
        (0.49999999999875133,1.68702502364607102E-012)
  -1.3463968515384830        0.0000000000000000     
        (0.88347198398535665,2.24012825826072279E-003)
  -1.1219973762820692        0.0000000000000000     
       (0.92886653145432507,-2.57857586121845641E-003)
 -0.89759790102565529        0.0000000000000000     
        (0.95172768404456876,1.18170405885649802E-003)
 -0.67319842576924149        0.0000000000000000     
       (0.96554935378808715,-5.08340603243226451E-004)
 -0.44879895051282764        0.0000000000000000     
        (0.97585648580244844,8.74962166731447079E-004)
 -0.22439947525641382        0.0000000000000000     
        (0.97951113726101358,5.94851238563367602E-004)
   0.0000000000000000        0.0000000000000000     
              (0.98171495147141141,0.0000000000000000)
  0.22439947525641382        0.0000000000000000     
       (0.97951113726101358,-5.94851238563367602E-004)
  0.44879895051282764        0.0000000000000000     
       (0.97585648580244844,-8.74962166731447079E-004)
  0.67319842576924149        0.0000000000000000     
        (0.96554935378808715,5.08340603243226451E-004)
  0.89759790102565529        0.0000000000000000     
       (0.95172768404456876,-1.18170405885649802E-003)
   1.1219973762820692        0.0000000000000000     
        (0.92886653145432507,2.57857586121845641E-003)
   1.3463968515384830        0.0000000000000000     
       (0.88347198398535665,-2.24012825826072279E-003)
   1.5707963267948968        0.0000000000000000     
       (0.49999999999875133,-1.68702502364607102E-012)
   1.7951958020513106        0.0000000000000000     
        (0.11652801601609294,2.24012825906580795E-003)
   2.0195952773077246        0.0000000000000000     
  (7.11334685464328487E-002,-2.57857585697723966E-003)
   2.2439947525641384        0.0000000000000000     
   (4.82723159555906237E-002,1.18170406029329900E-003)
   2.4683942278205522        0.0000000000000000     
  (3.44506462119687842E-002,-5.08340598870385602E-004)
   2.6927937030769660        0.0000000000000000     
   (2.41435141958661788E-002,8.74962165176232788E-004)
   2.9171931783333798        0.0000000000000000     
   (2.04888627423367095E-002,5.94851238118602283E-004)
   3.1415926535897936        0.0000000000000000     
   (1.82850485223488395E-002,4.88293588546478653E-018)
   1.0000000000000000                1          28
               (0.0000000000000000,0.0000000000000000)
  -2.9171931783333798        0.0000000000000000     
  (2.01403982143621707E-002,-1.04533752506890429E-003)
  -2.6927937030769660        0.0000000000000000     
  (2.39449997008309677E-002,-7.54743853970274588E-004)
  -2.4683942278205522        0.0000000000000000     
  (3.31246455902684117E-002,-1.58397981124808597E-003)
  -2.2439947525641384        0.0000000000000000     
  (4.65560593123569358E-002,-1.12094043518708319E-004)
  -2.0195952773077246        0.0000000000000000     
  (7.11555466453367841E-002,-3.00473720176142457E-004)
  -1.7951958020513106        0.0000000000000000     
       (0.11691752265493552,-4.52506760769641643E-003)
  -1.5707963267948968        0.0000000000000000     
       (0.49999999999722805,-5.65198136308937497E-012)
  -1.3463968515384830        0.0000000000000000     
        (0.88308247734743917,4.52506759182316320E-003)
  -1.1219973762820692        0.0000000000000000     
        (0.92884445335658605,3.00473708122405217E-004)
 -0.89759790102565529        0.0000000000000000     
        (0.95344394069178395,1.12094039879152146E-004)
 -0.67319842576924149        0.0000000000000000     
        (0.96687535440894723,1.58397981015356631E-003)
 -0.44879895051282764        0.0000000000000000     
        (0.97605500029966286,7.54743848876290326E-004)
 -0.22439947525641382        0.0000000000000000     
        (0.97985960178108689,1.04533752430014748E-003)
   0.0000000000000000        0.0000000000000000     
              (0.98327233909155798,0.0000000000000000)
  0.22439947525641382        0.0000000000000000     
       (0.97985960178108689,-1.04533752430014748E-003)
  0.44879895051282764        0.0000000000000000     
       (0.97605500029966286,-7.54743848876290326E-004)
  0.67319842576924149        0.0000000000000000     
       (0.96687535440894723,-1.58397981015356631E-003)
  0.89759790102565529        0.0000000000000000     
       (0.95344394069178395,-1.12094039879152146E-004)
   1.1219973762820692        0.0000000000000000     
       (0.92884445335658605,-3.00473708122405217E-004)
   1.3463968515384830        0.0000000000000000     
       (0.88308247734743917,-4.52506759182316320E-003)
   1.5707963267948968        0.0000000000000000     
        (0.49999999999722805,5.65198136308937497E-012)
   1.7951958020513106        0.0000000000000000     
        (0.11691752265493552,4.52506760769641643E-003)
   2.0195952773077246        0.0000000000000000     
   (7.11555466453367841E-002,3.00473720176142457E-004)
   2.2439947525641384        0.0000000000000000     
   (4.65560593123569358E-002,1.12094043518708319E-004)
   2.4683942278205522        0.0000000000000000     
   (3.31246455902684117E-002,1.58397981124808597E-003)
   2.6927937030769660        0.0000000000000000     
   (2.39449997008309677E-002,7.54743853970274588E-004)
   2.9171931783333798        0.0000000000000000     
   (2.01403982143621707E-002,1.04533752506890429E-003)
   3.1415926535897936        0.0000000000000000     
  (1.67276609081539497E-002,-2.49550273186022643E-018)
   1.0000000000000000                1          28
               (0.0000000000000000,0.0000000000000000)
  -2.9171931783333798        0.0000000000000000     
  (2.10903381271105202E-002,-1.07468801605156488E-003)
  -2.6927937030769660        0.0000000000000000     
   (2.48426056762388291E-002,3.71785343378822357E-004)
  -2.4683942278205522        0.0000000000000000     
   (3.23355042009217455E-002,6.89571433697754727E-004)
  -2.2439947525641384        0.0000000000000000     
   (4.45315096225916002E-002,7.53913279499881942E-004)
  -2.0195952773077246        0.0000000000000000     
   (7.52329829024097757E-002,1.89808872638579291E-003)
  -1.7951958020513106        0.0000000000000000     
       (0.11258925105537840,-1.87616209306077871E-003)
  -1.5707963267948968        0.0000000000000000     
       (0.49999999999740280,-6.81104924444524885E-012)
  -1.3463968515384830        0.0000000000000000     
        (0.88741074894794658,1.87616208697932870E-003)
  -1.1219973762820692        0.0000000000000000     
       (0.92476701710740927,-1.89808873353161352E-003)
 -0.89759790102565529        0.0000000000000000     
       (0.95546849038296344,-7.53913281573593912E-004)
 -0.67319842576924149        0.0000000000000000     
       (0.96766449578972924,-6.89571432147063402E-004)
 -0.44879895051282764        0.0000000000000000     
       (0.97515739431738790,-3.71785335804333198E-004)
 -0.22439947525641382        0.0000000000000000     
        (0.97890966186995987,1.07468801958912489E-003)
   0.0000000000000000        0.0000000000000000     
              (0.98237767780915242,0.0000000000000000)
  0.22439947525641382        0.0000000000000000     
       (0.97890966186995987,-1.07468801958912489E-003)
  0.44879895051282764        0.0000000000000000     
        (0.97515739431738790,3.71785335804333198E-004)
  0.67319842576924149        0.0000000000000000     
        (0.96766449578972924,6.89571432147063402E-004)
  0.89759790102565529        0.0000000000000000     
        (0.95546849038296344,7.53913281573593912E-004)
   1.1219973762820692        0.0000000000000000     
        (0.92476701710740927,1.89808873353161352E-003)
   1.3463968515384830        0.0000000000000000     
       (0.88741074894794658,-1.87616208697932870E-003)
   1.5707963267948968        0.0000000000000000     
        (0.49999999999740280,6.81104924444524885E-012)
   1.7951958020513106        0.0000000000000000     
        (0.11258925105537840,1.87616209306077871E-003)
   2.0195952773077246        0.0000000000000000     
  (7.52329829024097757E-002,-1.89808872638579291E-003)
   2.2439947525641384        0.0000000000000000     
  (4.45315096225916002E-002,-7.53913279499881942E-004)
   2.4683942278205522        0.0000000000000000     
  (3.23355042009217455E-002,-6.89571433697754727E-004)
   2.6927937030769660        0.0000000000000000     
  (2.48426056762388291E-002,-3.71785343378822357E-004)
   2.9171931783333798        0.0000000000000000     
   (2.10903381271105202E-002,1.07468801605156488E-003)
   3.1415926535897936        0.0000000000000000     
  (1.76223221955227813E-002,-1.52056914700056015E-018)
   1.0000000000000000                1          28
               (0.0000000000000000,0.0000000000000000)
  -2.9171931783333798        0.0000000000000000     
  (1.98432246033898099E-002,-1.31330709115709841E-004)
  -2.6927937030769660        0.0000000000000000     
   (2.45230642149934820E-002,3.61393860335205747E-004)
  -2.4683942278205522        0.0000000000000000     
   (3.23879811653610822E-002,2.61441917431275215E-004)
  -2.2439947525641384        0.0000000000000000     
   (4.50272709307419292E-002,2.22816996032396261E-003)
  -2.0195952773077246        0.0000000000000000     
  (7.04309553289976659E-002,-6.91875993138559562E-004)
  -1.7951958020513106        0.0000000000000000     
        (0.11626650958374864,6.87130423646581823E-003)
  -1.5707963267948968        0.0000000000000000     
        (0.49999999999872557,5.43642363269393610E-012)
  -1.3463968515384830        0.0000000000000000     
       (0.88373349042617100,-6.87130423456410074E-003)
  -1.1219973762820692        0.0000000000000000     
        (0.92956904466187873,6.91875995621269455E-004)
 -0.89759790102565529        0.0000000000000000     
       (0.95497272906354846,-2.22816997664506290E-003)
 -0.67319842576924149        0.0000000000000000     
       (0.96761201883734294,-2.61441921070351072E-004)
 -0.44879895051282764        0.0000000000000000     
       (0.97547693578328798,-3.61393875787573919E-004)
 -0.22439947525641382        0.0000000000000000     
        (0.98015677540274415,1.31330707783684043E-004)
   0.0000000000000000        0.0000000000000000     
              (0.98010243294104427,0.0000000000000000)
  0.22439947525641382        0.0000000000000000     
       (0.98015677540274415,-1.31330707783684043E-004)
  0.44879895051282764        0.0000000000000000     
        (0.97547693578328798,3.61393875787573919E-004)
  0.67319842576924149        0.0000000000000000     
        (0.96761201883734294,2.61441921070351072E-004)
  0.89759790102565529        0.0000000000000000     
        (0.95497272906354846,2.22816997664506290E-003)
   1.1219973762820692        0.0000000000000000     
       (0.92956904466187873,-6.91875995621269455E-004)
   1.3463968515384830        0.0000000000000000     
        (0.88373349042617100,6.87130423456410074E-003)
   1.5707963267948968        0.0000000000000000     
       (0.49999999999872557,-5.43642363269393610E-012)
   1.7951958020513106        0.0000000000000000     
       (0.11626650958374864,-6.87130423646581823E-003)
   2.0195952773077246        0.0000000000000000     
   (7.04309553289976659E-002,6.91875993138559562E-004)
   2.2439947525641384        0.0000000000000000     
  (4.50272709307419292E-002,-2.22816996032396261E-003)
   2.4683942278205522        0.0000000000000000     
  (3.23879811653610822E-002,-2.61441917431275215E-004)
   2.6927937030769660        0.0000000000000000     
  (2.45230642149934820E-002,-3.61393860335205747E-004)
   2.9171931783333798        0.0000000000000000     
   (1.98432246033898099E-002,1.31330709115709841E-004)
   3.1415926535897936        0.0000000000000000     
  (1.98975670563667668E-002,-6.49718641118250893E-018)
