           2              (-16.461337346016411,0.0000000000000000)   1.0000000000000000     
           2              (-16.393758612464726,0.0000000000000000)   1.0000000000000000     
           2              (-16.403904267337666,0.0000000000000000)   1.0000000000000000     
           2              (-16.514403387547645,0.0000000000000000)   1.0000000000000000     
           2              (-16.464220688948750,0.0000000000000000)   1.0000000000000000     
           2              (-16.432750608251656,0.0000000000000000)   1.0000000000000000     
           2              (-16.377398635085914,0.0000000000000000)   1.0000000000000000     
           2              (-16.416339503793257,0.0000000000000000)   1.0000000000000000     
           2              (-16.447754433213657,0.0000000000000000)   1.0000000000000000     
           2              (-16.448539642422986,0.0000000000000000)   1.0000000000000000     
           2              (-16.376792658765133,0.0000000000000000)   1.0000000000000000     
           2              (-16.447835041254486,0.0000000000000000)   1.0000000000000000     
           2              (-16.513920309682348,0.0000000000000000)   1.0000000000000000     
           2              (-16.522072836304947,0.0000000000000000)   1.0000000000000000     
           2              (-16.408364333843689,0.0000000000000000)   1.0000000000000000     
           2              (-16.432925207013970,0.0000000000000000)   1.0000000000000000     
           2              (-16.459387621563689,0.0000000000000000)   1.0000000000000000     
           2              (-16.450516347928026,0.0000000000000000)   1.0000000000000000     
           2              (-16.460766305358430,0.0000000000000000)   1.0000000000000000     
