           2               (2.7935808645226232,0.0000000000000000)   1.0000000000000000     
           2               (2.8499272850491497,0.0000000000000000)   1.0000000000000000     
           2               (2.8305293562642220,0.0000000000000000)   1.0000000000000000     
           2               (2.8807114763564683,0.0000000000000000)   1.0000000000000000     
           2               (2.8014409167964853,0.0000000000000000)   1.0000000000000000     
           2               (2.8368287576130116,0.0000000000000000)   1.0000000000000000     
           2               (2.7700385286173312,0.0000000000000000)   1.0000000000000000     
           2               (2.8048999731368860,0.0000000000000000)   1.0000000000000000     
           2               (2.8821400524663550,0.0000000000000000)   1.0000000000000000     
           2               (2.8265301753620808,0.0000000000000000)   1.0000000000000000     
           2               (2.8048843364405771,0.0000000000000000)   1.0000000000000000     
           2               (2.8296322575592074,0.0000000000000000)   1.0000000000000000     
           2               (2.8872442545234684,0.0000000000000000)   1.0000000000000000     
           2               (2.8440631984680755,0.0000000000000000)   1.0000000000000000     
           2               (2.7942058660221281,0.0000000000000000)   1.0000000000000000     
           2               (2.8208811430425467,0.0000000000000000)   1.0000000000000000     
           2               (2.8651741467209493,0.0000000000000000)   1.0000000000000000     
           2               (2.8348571414148847,0.0000000000000000)   1.0000000000000000     
           2               (2.8142341397936903,0.0000000000000000)   1.0000000000000000     
