   1.0000000000000000                1          28
               (0.0000000000000000,0.0000000000000000)
  -2.9171931783333798        0.0000000000000000     
       (0.65394135914990470,-5.80177008638372029E-017)
  -2.6927937030769660        0.0000000000000000     
        (0.45834097818678210,1.13437864414094187E-016)
  -2.4683942278205522        0.0000000000000000     
       (0.36070413994334621,-8.88716466723368404E-017)
  -2.2439947525641384        0.0000000000000000     
        (0.29474960661374211,4.26865780582379897E-017)
  -2.0195952773077246        0.0000000000000000     
       (0.24778139954597211,-1.67896765227877158E-016)
  -1.7951958020513106        0.0000000000000000     
        (0.20072368494149276,2.04129983311917742E-017)
  -1.5707963267948968        0.0000000000000000     
       (0.16531440606439071,-7.82167875771607443E-017)
  -1.3463968515384830        0.0000000000000000     
        (0.13312031477488004,1.70681098990057874E-017)
  -1.1219973762820692        0.0000000000000000     
       (0.10941992882641924,-7.09068169141706380E-017)
 -0.89759790102565529        0.0000000000000000     
  (8.52423859138023848E-002,-1.68874752681650414E-018)
 -0.67319842576924149        0.0000000000000000     
   (6.19188718484538284E-002,5.34373285831156228E-018)
 -0.44879895051282764        0.0000000000000000     
  (3.96865978787773188E-002,-2.06697849174289033E-017)
 -0.22439947525641382        0.0000000000000000     
  (1.98742240318277967E-002,-5.69083675996906536E-019)
   0.0000000000000000        0.0000000000000000     
         (6.38147783909883012E-004,0.0000000000000000)
  0.22439947525641382        0.0000000000000000     
   (1.98742240318277967E-002,5.69083675996906536E-019)
  0.44879895051282764        0.0000000000000000     
   (3.96865978787773188E-002,2.06697849174289033E-017)
  0.67319842576924149        0.0000000000000000     
  (6.19188718484538284E-002,-5.34373285831156228E-018)
  0.89759790102565529        0.0000000000000000     
   (8.52423859138023848E-002,1.68874752681650414E-018)
   1.1219973762820692        0.0000000000000000     
        (0.10941992882641924,7.09068169141706380E-017)
   1.3463968515384830        0.0000000000000000     
       (0.13312031477488004,-1.70681098990057874E-017)
   1.5707963267948968        0.0000000000000000     
        (0.16531440606439071,7.82167875771607443E-017)
   1.7951958020513106        0.0000000000000000     
       (0.20072368494149276,-2.04129983311917742E-017)
   2.0195952773077246        0.0000000000000000     
        (0.24778139954597211,1.67896765227877158E-016)
   2.2439947525641384        0.0000000000000000     
       (0.29474960661374211,-4.26865780582379897E-017)
   2.4683942278205522        0.0000000000000000     
        (0.36070413994334621,8.88716466723368404E-017)
   2.6927937030769660        0.0000000000000000     
       (0.45834097818678210,-1.13437864414094187E-016)
   2.9171931783333798        0.0000000000000000     
        (0.65394135914990470,5.80177008638372029E-017)
   3.1415926535897936        0.0000000000000000     
        (1.3377260567765110,-1.00922423923063551E-016)
   1.0000000000000000                1          28
               (0.0000000000000000,0.0000000000000000)
  -2.9171931783333798        0.0000000000000000     
        (0.66276713988383507,1.36943825029225064E-017)
  -2.6927937030769660        0.0000000000000000     
        (0.47730219452818529,7.16966502089349119E-017)
  -2.4683942278205522        0.0000000000000000     
       (0.37253384487068447,-4.69795879855873684E-017)
  -2.2439947525641384        0.0000000000000000     
        (0.29674007594571761,7.23987519565323180E-017)
  -2.0195952773077246        0.0000000000000000     
       (0.24730575203114838,-1.27765318782738303E-016)
  -1.7951958020513106        0.0000000000000000     
        (0.20550733387214129,4.65458347704319277E-017)
  -1.5707963267948968        0.0000000000000000     
       (0.16602204134982657,-1.86456747497511965E-017)
  -1.3463968515384830        0.0000000000000000     
        (0.13823970353637269,6.21169948835448258E-017)
  -1.1219973762820692        0.0000000000000000     
       (0.11194492065383253,-3.42168348628640946E-017)
 -0.89759790102565529        0.0000000000000000     
   (8.65844577090310874E-002,4.70634107700407517E-017)
 -0.67319842576924149        0.0000000000000000     
  (6.37527364513303663E-002,-3.30292182614349670E-018)
 -0.44879895051282764        0.0000000000000000     
   (4.07540163228541849E-002,1.36189998080100478E-017)
 -0.22439947525641382        0.0000000000000000     
  (2.06171764079488909E-002,-1.52352996444638021E-017)
   0.0000000000000000        0.0000000000000000     
         (4.02486167007821765E-004,0.0000000000000000)
  0.22439947525641382        0.0000000000000000     
   (2.06171764079488909E-002,1.52352996444638021E-017)
  0.44879895051282764        0.0000000000000000     
  (4.07540163228541849E-002,-1.36189998080100478E-017)
  0.67319842576924149        0.0000000000000000     
   (6.37527364513303663E-002,3.30292182614349670E-018)
  0.89759790102565529        0.0000000000000000     
  (8.65844577090310874E-002,-4.70634107700407517E-017)
   1.1219973762820692        0.0000000000000000     
        (0.11194492065383253,3.42168348628640946E-017)
   1.3463968515384830        0.0000000000000000     
       (0.13823970353637269,-6.21169948835448258E-017)
   1.5707963267948968        0.0000000000000000     
        (0.16602204134982657,1.86456747497511965E-017)
   1.7951958020513106        0.0000000000000000     
       (0.20550733387214129,-4.65458347704319277E-017)
   2.0195952773077246        0.0000000000000000     
        (0.24730575203114838,1.27765318782738303E-016)
   2.2439947525641384        0.0000000000000000     
       (0.29674007594571761,-7.23987519565323180E-017)
   2.4683942278205522        0.0000000000000000     
        (0.37253384487068447,4.69795879855873684E-017)
   2.6927937030769660        0.0000000000000000     
       (0.47730219452818529,-7.16966502089349119E-017)
   2.9171931783333798        0.0000000000000000     
       (0.66276713988383507,-1.36943825029225064E-017)
   3.1415926535897936        0.0000000000000000     
        (1.2194547267071780,-8.09072540383477845E-017)
   1.0000000000000000                1          28
               (0.0000000000000000,0.0000000000000000)
  -2.9171931783333798        0.0000000000000000     
       (0.61768379276625807,-2.91245477912531532E-017)
  -2.6927937030769660        0.0000000000000000     
        (0.45293895025621583,9.05270406580203288E-017)
  -2.4683942278205522        0.0000000000000000     
       (0.39210256509163094,-3.68511045548155512E-017)
  -2.2439947525641384        0.0000000000000000     
        (0.28299971403316460,9.23059740753765521E-017)
  -2.0195952773077246        0.0000000000000000     
       (0.25210127963381990,-1.40280792274853688E-016)
  -1.7951958020513106        0.0000000000000000     
        (0.20603729205475788,3.80325988442982994E-017)
  -1.5707963267948968        0.0000000000000000     
       (0.15580539299240395,-3.24788069279196850E-017)
  -1.3463968515384830        0.0000000000000000     
        (0.14282248432091912,7.45060017811906277E-017)
  -1.1219973762820692        0.0000000000000000     
       (0.11177232826321840,-6.49871276340078907E-017)
 -0.89759790102565529        0.0000000000000000     
   (8.35272504837459434E-002,3.88417105761698057E-017)
 -0.67319842576924149        0.0000000000000000     
  (6.47938214181630612E-002,-6.50085765062242212E-017)
 -0.44879895051282764        0.0000000000000000     
   (4.12294295608153921E-002,2.43772080765900669E-017)
 -0.22439947525641382        0.0000000000000000     
   (1.99089389347320254E-002,1.16018893465297498E-017)
   0.0000000000000000        0.0000000000000000     
         (4.88684538213423345E-004,0.0000000000000000)
  0.22439947525641382        0.0000000000000000     
  (1.99089389347320254E-002,-1.16018893465297498E-017)
  0.44879895051282764        0.0000000000000000     
  (4.12294295608153921E-002,-2.43772080765900669E-017)
  0.67319842576924149        0.0000000000000000     
   (6.47938214181630612E-002,6.50085765062242212E-017)
  0.89759790102565529        0.0000000000000000     
  (8.35272504837459434E-002,-3.88417105761698057E-017)
   1.1219973762820692        0.0000000000000000     
        (0.11177232826321840,6.49871276340078907E-017)
   1.3463968515384830        0.0000000000000000     
       (0.14282248432091912,-7.45060017811906277E-017)
   1.5707963267948968        0.0000000000000000     
        (0.15580539299240395,3.24788069279196850E-017)
   1.7951958020513106        0.0000000000000000     
       (0.20603729205475788,-3.80325988442982994E-017)
   2.0195952773077246        0.0000000000000000     
        (0.25210127963381990,1.40280792274853688E-016)
   2.2439947525641384        0.0000000000000000     
       (0.28299971403316460,-9.23059740753765521E-017)
   2.4683942278205522        0.0000000000000000     
        (0.39210256509163094,3.68511045548155512E-017)
   2.6927937030769660        0.0000000000000000     
       (0.45293895025621583,-9.05270406580203288E-017)
   2.9171931783333798        0.0000000000000000     
        (0.61768379276625807,2.91245477912531532E-017)
   3.1415926535897936        0.0000000000000000     
        (1.3520648358421006,-1.04608436163880768E-016)
   1.0000000000000000                1          28
               (0.0000000000000000,0.0000000000000000)
  -2.9171931783333798        0.0000000000000000     
       (0.61317815241257811,-3.45584939500789403E-017)
  -2.6927937030769660        0.0000000000000000     
        (0.45326933967530608,1.58066072169733881E-016)
  -2.4683942278205522        0.0000000000000000     
       (0.37966598651883354,-6.53915961865515324E-017)
  -2.2439947525641384        0.0000000000000000     
        (0.32048118524583319,1.27440399828742472E-016)
  -2.0195952773077246        0.0000000000000000     
       (0.23814489545846262,-9.62672347350302518E-017)
  -1.7951958020513106        0.0000000000000000     
        (0.19641446478617094,6.50515333293119048E-017)
  -1.5707963267948968        0.0000000000000000     
       (0.17994216804916877,-7.94768138898471718E-017)
  -1.3463968515384830        0.0000000000000000     
        (0.14568725699159141,4.23560254499287404E-017)
  -1.1219973762820692        0.0000000000000000     
       (0.10707586998184844,-4.48860593180516212E-017)
 -0.89759790102565529        0.0000000000000000     
   (8.46160058636632045E-002,2.65781433184497593E-017)
 -0.67319842576924149        0.0000000000000000     
  (6.85275158864277756E-002,-8.66018695332325191E-017)
 -0.44879895051282764        0.0000000000000000     
   (4.22348201849618438E-002,1.32890716592248796E-017)
 -0.22439947525641382        0.0000000000000000     
   (1.88503513406642551E-002,2.21023103437175043E-017)
   0.0000000000000000        0.0000000000000000     
         (4.97763943521158255E-004,0.0000000000000000)
  0.22439947525641382        0.0000000000000000     
  (1.88503513406642551E-002,-2.21023103437175043E-017)
  0.44879895051282764        0.0000000000000000     
  (4.22348201849618438E-002,-1.32890716592248796E-017)
  0.67319842576924149        0.0000000000000000     
   (6.85275158864277756E-002,8.66018695332325191E-017)
  0.89759790102565529        0.0000000000000000     
  (8.46160058636632045E-002,-2.65781433184497593E-017)
   1.1219973762820692        0.0000000000000000     
        (0.10707586998184844,4.48860593180516212E-017)
   1.3463968515384830        0.0000000000000000     
       (0.14568725699159141,-4.23560254499287404E-017)
   1.5707963267948968        0.0000000000000000     
        (0.17994216804916877,7.94768138898471718E-017)
   1.7951958020513106        0.0000000000000000     
       (0.19641446478617094,-6.50515333293119048E-017)
   2.0195952773077246        0.0000000000000000     
        (0.23814489545846262,9.62672347350302518E-017)
   2.2439947525641384        0.0000000000000000     
       (0.32048118524583319,-1.27440399828742472E-016)
   2.4683942278205522        0.0000000000000000     
        (0.37966598651883354,6.53915961865515324E-017)
   2.6927937030769660        0.0000000000000000     
       (0.45326933967530608,-1.58066072169733881E-016)
   2.9171931783333798        0.0000000000000000     
        (0.61317815241257811,3.45584939500789403E-017)
   3.1415926535897936        0.0000000000000000     
        (1.3033262112654627,-1.11372641010044725E-016)
   1.0000000000000000                1          28
               (0.0000000000000000,0.0000000000000000)
  -2.9171931783333798        0.0000000000000000     
        (0.65836817867010944,9.21367723933972476E-018)
  -2.6927937030769660        0.0000000000000000     
        (0.45974377319299337,1.09542460429158022E-016)
  -2.4683942278205522        0.0000000000000000     
       (0.35911677193960923,-4.29125339318580246E-017)
  -2.2439947525641384        0.0000000000000000     
        (0.30106380399962290,1.32921825427025830E-016)
  -2.0195952773077246        0.0000000000000000     
       (0.24416404524594806,-6.38229574733255729E-017)
  -1.7951958020513106        0.0000000000000000     
        (0.20443739436507938,8.34335694960154218E-017)
  -1.5707963267948968        0.0000000000000000     
       (0.17022377008643444,-1.03696193115110371E-017)
  -1.3463968515384830        0.0000000000000000     
        (0.13639660383501054,1.03839122820780118E-016)
  -1.1219973762820692        0.0000000000000000     
       (0.10936429303311486,-1.68973848284612905E-017)
 -0.89759790102565529        0.0000000000000000     
   (8.37743638842879113E-002,3.97342436326056465E-017)
 -0.67319842576924149        0.0000000000000000     
  (5.99580872507984169E-002,-2.41639857947611486E-017)
 -0.44879895051282764        0.0000000000000000     
   (3.96955951134922783E-002,2.08583923740038554E-017)
 -0.22439947525641382        0.0000000000000000     
   (1.89038454465693603E-002,1.38569324766733716E-017)
   0.0000000000000000        0.0000000000000000     
         (3.89239794149442216E-004,0.0000000000000000)
  0.22439947525641382        0.0000000000000000     
  (1.89038454465693603E-002,-1.38569324766733716E-017)
  0.44879895051282764        0.0000000000000000     
  (3.96955951134922783E-002,-2.08583923740038554E-017)
  0.67319842576924149        0.0000000000000000     
   (5.99580872507984169E-002,2.41639857947611486E-017)
  0.89759790102565529        0.0000000000000000     
  (8.37743638842879113E-002,-3.97342436326056465E-017)
   1.1219973762820692        0.0000000000000000     
        (0.10936429303311486,1.68973848284612905E-017)
   1.3463968515384830        0.0000000000000000     
       (0.13639660383501054,-1.03839122820780118E-016)
   1.5707963267948968        0.0000000000000000     
        (0.17022377008643444,1.03696193115110371E-017)
   1.7951958020513106        0.0000000000000000     
       (0.20443739436507938,-8.34335694960154218E-017)
   2.0195952773077246        0.0000000000000000     
        (0.24416404524594806,6.38229574733255729E-017)
   2.2439947525641384        0.0000000000000000     
       (0.30106380399962290,-1.32921825427025830E-016)
   2.4683942278205522        0.0000000000000000     
        (0.35911677193960923,4.29125339318580246E-017)
   2.6927937030769660        0.0000000000000000     
       (0.45974377319299337,-1.09542460429158022E-016)
   2.9171931783333798        0.0000000000000000     
       (0.65836817867010944,-9.21367723933972476E-018)
   3.1415926535897936        0.0000000000000000     
        (1.3091897080797137,-1.00040883239104584E-016)
   1.0000000000000000                1          28
               (0.0000000000000000,0.0000000000000000)
  -2.9171931783333798        0.0000000000000000     
        (0.62847178697707118,7.89492363918014657E-018)
  -2.6927937030769660        0.0000000000000000     
        (0.44543388376327636,7.92565800881229536E-017)
  -2.4683942278205522        0.0000000000000000     
       (0.36252932892671064,-2.98984610370141154E-017)
  -2.2439947525641384        0.0000000000000000     
        (0.30275964361244834,1.16058694206616205E-016)
  -2.0195952773077246        0.0000000000000000     
       (0.24482178600071425,-6.50708122267905284E-017)
  -1.7951958020513106        0.0000000000000000     
        (0.20404778303374069,1.12857207830382894E-016)
  -1.5707963267948968        0.0000000000000000     
       (0.17342216341079691,-4.10551273093188885E-019)
  -1.3463968515384830        0.0000000000000000     
        (0.13928553996349144,5.84624306403810976E-017)
  -1.1219973762820692        0.0000000000000000     
       (0.11106469051673580,-6.49682410072153309E-017)
 -0.89759790102565529        0.0000000000000000     
   (8.39305956626224675E-002,3.66031927611707908E-017)
 -0.67319842576924149        0.0000000000000000     
   (6.55943086370752021E-002,1.43846892186548858E-017)
 -0.44879895051282764        0.0000000000000000     
   (3.91640814359445200E-002,6.09262303617298009E-017)
 -0.22439947525641382        0.0000000000000000     
  (1.88695979077288419E-002,-2.70753956523598502E-018)
   0.0000000000000000        0.0000000000000000     
         (4.10632667163068898E-004,0.0000000000000000)
  0.22439947525641382        0.0000000000000000     
   (1.88695979077288419E-002,2.70753956523598502E-018)
  0.44879895051282764        0.0000000000000000     
  (3.91640814359445200E-002,-6.09262303617298009E-017)
  0.67319842576924149        0.0000000000000000     
  (6.55943086370752021E-002,-1.43846892186548858E-017)
  0.89759790102565529        0.0000000000000000     
  (8.39305956626224675E-002,-3.66031927611707908E-017)
   1.1219973762820692        0.0000000000000000     
        (0.11106469051673580,6.49682410072153309E-017)
   1.3463968515384830        0.0000000000000000     
       (0.13928553996349144,-5.84624306403810976E-017)
   1.5707963267948968        0.0000000000000000     
        (0.17342216341079691,4.10551273093188885E-019)
   1.7951958020513106        0.0000000000000000     
       (0.20404778303374069,-1.12857207830382894E-016)
   2.0195952773077246        0.0000000000000000     
        (0.24482178600071425,6.50708122267905284E-017)
   2.2439947525641384        0.0000000000000000     
       (0.30275964361244834,-1.16058694206616205E-016)
   2.4683942278205522        0.0000000000000000     
        (0.36252932892671064,2.98984610370141154E-017)
   2.6927937030769660        0.0000000000000000     
       (0.44543388376327636,-7.92565800881229536E-017)
   2.9171931783333798        0.0000000000000000     
       (0.62847178697707118,-7.89492363918014657E-018)
   3.1415926535897936        0.0000000000000000     
        (1.3607989876361253,-1.11843405008701986E-016)
   1.0000000000000000                1          28
               (0.0000000000000000,0.0000000000000000)
  -2.9171931783333798        0.0000000000000000     
       (0.63789969321840079,-6.14460143321763237E-017)
  -2.6927937030769660        0.0000000000000000     
        (0.46209394910229501,1.11646037834377848E-016)
  -2.4683942278205522        0.0000000000000000     
       (0.39298181781361752,-7.26551564238861227E-017)
  -2.2439947525641384        0.0000000000000000     
        (0.27593505520796696,5.49531467235669126E-017)
  -2.0195952773077246        0.0000000000000000     
       (0.24216159974062332,-1.22759945265161623E-016)
  -1.7951958020513106        0.0000000000000000     
        (0.20929852029721246,1.83452070464017580E-017)
  -1.5707963267948968        0.0000000000000000     
       (0.15264782670518193,-4.84837243953572110E-017)
  -1.3463968515384830        0.0000000000000000     
        (0.14376794387543052,7.25076158983832206E-018)
  -1.1219973762820692        0.0000000000000000     
       (0.10610889343679200,-5.52321489774123667E-017)
 -0.89759790102565529        0.0000000000000000     
   (8.02558359151025053E-002,9.17260352320087901E-018)
 -0.67319842576924149        0.0000000000000000     
  (6.18433151774907749E-002,-8.49095665264038449E-017)
 -0.44879895051282764        0.0000000000000000     
  (3.80864883174781704E-002,-2.31692738540284748E-017)
 -0.22439947525641382        0.0000000000000000     
  (2.01494825670351062E-002,-4.93785023715992728E-017)
   0.0000000000000000        0.0000000000000000     
         (5.79774058287495079E-004,0.0000000000000000)
  0.22439947525641382        0.0000000000000000     
   (2.01494825670351062E-002,4.93785023715992728E-017)
  0.44879895051282764        0.0000000000000000     
   (3.80864883174781704E-002,2.31692738540284748E-017)
  0.67319842576924149        0.0000000000000000     
   (6.18433151774907749E-002,8.49095665264038449E-017)
  0.89759790102565529        0.0000000000000000     
  (8.02558359151025053E-002,-9.17260352320087901E-018)
   1.1219973762820692        0.0000000000000000     
        (0.10610889343679200,5.52321489774123667E-017)
   1.3463968515384830        0.0000000000000000     
       (0.14376794387543052,-7.25076158983832206E-018)
   1.5707963267948968        0.0000000000000000     
        (0.15264782670518193,4.84837243953572110E-017)
   1.7951958020513106        0.0000000000000000     
       (0.20929852029721246,-1.83452070464017580E-017)
   2.0195952773077246        0.0000000000000000     
        (0.24216159974062332,1.22759945265161623E-016)
   2.2439947525641384        0.0000000000000000     
       (0.27593505520796696,-5.49531467235669126E-017)
   2.4683942278205522        0.0000000000000000     
        (0.39298181781361752,7.26551564238861227E-017)
   2.6927937030769660        0.0000000000000000     
       (0.46209394910229501,-1.11646037834377848E-016)
   2.9171931783333798        0.0000000000000000     
        (0.63789969321840079,6.14460143321763237E-017)
   3.1415926535897936        0.0000000000000000     
        (1.3529593831924556,-1.04897613252322754E-016)
   1.0000000000000000                1          28
               (0.0000000000000000,0.0000000000000000)
  -2.9171931783333798        0.0000000000000000     
       (0.62463993755507763,-3.18588683878129321E-017)
  -2.6927937030769660        0.0000000000000000     
        (0.46185965839504367,1.44478592076247232E-016)
  -2.4683942278205522        0.0000000000000000     
        (0.35906158116866427,1.11237472427979534E-017)
  -2.2439947525641384        0.0000000000000000     
        (0.30042427662983578,1.77823809388615890E-016)
  -2.0195952773077246        0.0000000000000000     
       (0.24699452191084312,-1.13212232313315512E-016)
  -1.7951958020513106        0.0000000000000000     
        (0.19914296070023269,6.66496543413839093E-017)
  -1.5707963267948968        0.0000000000000000     
       (0.16943589874323708,-6.54793929589496402E-017)
  -1.3463968515384830        0.0000000000000000     
        (0.13862940126292309,4.44837204224947089E-017)
  -1.1219973762820692        0.0000000000000000     
       (0.10876742600823837,-8.69293635789058744E-017)
 -0.89759790102565529        0.0000000000000000     
  (8.31057542529417409E-002,-1.02910773681534800E-017)
 -0.67319842576924149        0.0000000000000000     
  (6.09299785937619173E-002,-5.79276002884845223E-017)
 -0.44879895051282764        0.0000000000000000     
  (4.02559167691511205E-002,-1.50582442610870649E-017)
 -0.22439947525641382        0.0000000000000000     
  (2.04205472360793408E-002,-3.70780529660029359E-017)
   0.0000000000000000        0.0000000000000000     
        (-2.71099908064921719E-004,0.0000000000000000)
  0.22439947525641382        0.0000000000000000     
   (2.04205472360793408E-002,3.70780529660029359E-017)
  0.44879895051282764        0.0000000000000000     
   (4.02559167691511205E-002,1.50582442610870649E-017)
  0.67319842576924149        0.0000000000000000     
   (6.09299785937619173E-002,5.79276002884845223E-017)
  0.89759790102565529        0.0000000000000000     
   (8.31057542529417409E-002,1.02910773681534800E-017)
   1.1219973762820692        0.0000000000000000     
        (0.10876742600823837,8.69293635789058744E-017)
   1.3463968515384830        0.0000000000000000     
       (0.13862940126292309,-4.44837204224947089E-017)
   1.5707963267948968        0.0000000000000000     
        (0.16943589874323708,6.54793929589496402E-017)
   1.7951958020513106        0.0000000000000000     
       (0.19914296070023269,-6.66496543413839093E-017)
   2.0195952773077246        0.0000000000000000     
        (0.24699452191084312,1.13212232313315512E-016)
   2.2439947525641384        0.0000000000000000     
       (0.30042427662983578,-1.77823809388615890E-016)
   2.4683942278205522        0.0000000000000000     
       (0.35906158116866427,-1.11237472427979534E-017)
   2.6927937030769660        0.0000000000000000     
       (0.46185965839504367,-1.44478592076247232E-016)
   2.9171931783333798        0.0000000000000000     
        (0.62463993755507763,3.18588683878129321E-017)
   3.1415926535897936        0.0000000000000000     
        (1.3729353814560092,-1.23028621456291023E-016)
   1.0000000000000000                1          28
               (0.0000000000000000,0.0000000000000000)
  -2.9171931783333798        0.0000000000000000     
        (0.66010978456710434,4.31770240837114584E-017)
  -2.6927937030769660        0.0000000000000000     
        (0.47557062531160349,7.36711836179508655E-017)
  -2.4683942278205522        0.0000000000000000     
       (0.37153764325210531,-2.71939050440128615E-017)
  -2.2439947525641384        0.0000000000000000     
        (0.30794537033882952,7.31662678700513549E-017)
  -2.0195952773077246        0.0000000000000000     
       (0.25048496886498228,-6.89487277652974709E-017)
  -1.7951958020513106        0.0000000000000000     
        (0.20652563545343181,2.84190725375656568E-017)
  -1.5707963267948968        0.0000000000000000     
       (0.17229212468338259,-4.20444024714303583E-017)
  -1.3463968515384830        0.0000000000000000     
        (0.13921184637786871,2.39490745588620082E-017)
  -1.1219973762820692        0.0000000000000000     
       (0.11285301132179451,-3.75744044927267127E-017)
 -0.89759790102565529        0.0000000000000000     
   (8.76121615100030199E-002,2.31428957637043718E-018)
 -0.67319842576924149        0.0000000000000000     
  (6.36871943553829062E-002,-1.79221606256372018E-017)
 -0.44879895051282764        0.0000000000000000     
   (4.10791960467693298E-002,2.69301792884120656E-017)
 -0.22439947525641382        0.0000000000000000     
   (2.01448606453658030E-002,1.08210390194692665E-017)
   0.0000000000000000        0.0000000000000000     
         (1.56198920364802489E-004,0.0000000000000000)
  0.22439947525641382        0.0000000000000000     
  (2.01448606453658030E-002,-1.08210390194692665E-017)
  0.44879895051282764        0.0000000000000000     
  (4.10791960467693298E-002,-2.69301792884120656E-017)
  0.67319842576924149        0.0000000000000000     
   (6.36871943553829062E-002,1.79221606256372018E-017)
  0.89759790102565529        0.0000000000000000     
  (8.76121615100030199E-002,-2.31428957637043718E-018)
   1.1219973762820692        0.0000000000000000     
        (0.11285301132179451,3.75744044927267127E-017)
   1.3463968515384830        0.0000000000000000     
       (0.13921184637786871,-2.39490745588620082E-017)
   1.5707963267948968        0.0000000000000000     
        (0.17229212468338259,4.20444024714303583E-017)
   1.7951958020513106        0.0000000000000000     
       (0.20652563545343181,-2.84190725375656568E-017)
   2.0195952773077246        0.0000000000000000     
        (0.25048496886498228,6.89487277652974709E-017)
   2.2439947525641384        0.0000000000000000     
       (0.30794537033882952,-7.31662678700513549E-017)
   2.4683942278205522        0.0000000000000000     
        (0.37153764325210531,2.71939050440128615E-017)
   2.6927937030769660        0.0000000000000000     
       (0.47557062531160349,-7.36711836179508655E-017)
   2.9171931783333798        0.0000000000000000     
       (0.66010978456710434,-4.31770240837114584E-017)
   3.1415926535897936        0.0000000000000000     
        (1.1817349556223913,-7.61586404812522002E-017)
   1.0000000000000000                1          28
               (0.0000000000000000,0.0000000000000000)
  -2.9171931783333798        0.0000000000000000     
       (0.61602777409716025,-2.62850045990884887E-017)
  -2.6927937030769660        0.0000000000000000     
        (0.44370836337192482,1.35022337583456624E-016)
  -2.4683942278205522        0.0000000000000000     
       (0.37090717881705376,-1.06886407374514420E-016)
  -2.2439947525641384        0.0000000000000000     
        (0.29784566435429644,1.52182424666016455E-016)
  -2.0195952773077246        0.0000000000000000     
       (0.24981916318440148,-1.64727550438100499E-016)
  -1.7951958020513106        0.0000000000000000     
       (0.19400972303509473,-4.16879896438832295E-018)
  -1.5707963267948968        0.0000000000000000     
       (0.16850741591957338,-9.75906770007886544E-017)
  -1.3463968515384830        0.0000000000000000     
        (0.14182486500115157,2.48865348105839032E-017)
  -1.1219973762820692        0.0000000000000000     
       (0.11500212227238420,-8.69951884677195846E-017)
 -0.89759790102565529        0.0000000000000000     
   (8.42456937727096983E-002,1.77410116718264911E-017)
 -0.67319842576924149        0.0000000000000000     
  (6.14719339199879047E-002,-4.01988430209208636E-017)
 -0.44879895051282764        0.0000000000000000     
  (4.19280925623034956E-002,-5.99855252960224417E-018)
 -0.22439947525641382        0.0000000000000000     
  (1.77970167956716177E-002,-1.97999465623226293E-017)
   0.0000000000000000        0.0000000000000000     
         (6.04224269743452178E-004,0.0000000000000000)
  0.22439947525641382        0.0000000000000000     
   (1.77970167956716177E-002,1.97999465623226293E-017)
  0.44879895051282764        0.0000000000000000     
   (4.19280925623034956E-002,5.99855252960224417E-018)
  0.67319842576924149        0.0000000000000000     
   (6.14719339199879047E-002,4.01988430209208636E-017)
  0.89759790102565529        0.0000000000000000     
  (8.42456937727096983E-002,-1.77410116718264911E-017)
   1.1219973762820692        0.0000000000000000     
        (0.11500212227238420,8.69951884677195846E-017)
   1.3463968515384830        0.0000000000000000     
       (0.14182486500115157,-2.48865348105839032E-017)
   1.5707963267948968        0.0000000000000000     
        (0.16850741591957338,9.75906770007886544E-017)
   1.7951958020513106        0.0000000000000000     
        (0.19400972303509473,4.16879896438832295E-018)
   2.0195952773077246        0.0000000000000000     
        (0.24981916318440148,1.64727550438100499E-016)
   2.2439947525641384        0.0000000000000000     
       (0.29784566435429644,-1.52182424666016455E-016)
   2.4683942278205522        0.0000000000000000     
        (0.37090717881705376,1.06886407374514420E-016)
   2.6927937030769660        0.0000000000000000     
       (0.44370836337192482,-1.35022337583456624E-016)
   2.9171931783333798        0.0000000000000000     
        (0.61602777409716025,2.62850045990884887E-017)
   3.1415926535897936        0.0000000000000000     
        (1.3932057615228337,-1.15879709385494685E-016)
   1.0000000000000000                1          28
               (0.0000000000000000,0.0000000000000000)
  -2.9171931783333798        0.0000000000000000     
       (0.60749235811200730,-4.50320675248671381E-017)
  -2.6927937030769660        0.0000000000000000     
        (0.45583913811829252,1.55584337909452227E-016)
  -2.4683942278205522        0.0000000000000000     
       (0.36156849623057713,-6.01981097713614655E-017)
  -2.2439947525641384        0.0000000000000000     
        (0.29894249378402976,1.45968616213420728E-016)
  -2.0195952773077246        0.0000000000000000     
       (0.24847679277386631,-1.49090919827013261E-016)
  -1.7951958020513106        0.0000000000000000     
        (0.20407600022870143,1.01285678458572069E-016)
  -1.5707963267948968        0.0000000000000000     
       (0.16636599252598100,-1.71761729944737078E-017)
  -1.3463968515384830        0.0000000000000000     
        (0.13900605635628374,1.07530285685757097E-016)
  -1.1219973762820692        0.0000000000000000     
       (0.10846914408403938,-3.92811091448752574E-017)
 -0.89759790102565529        0.0000000000000000     
   (8.53940836135213127E-002,5.65904625754922276E-017)
 -0.67319842576924149        0.0000000000000000     
  (6.08158330843332623E-002,-5.37651428428785487E-017)
 -0.44879895051282764        0.0000000000000000     
   (3.98149012593442334E-002,2.23476079415399176E-017)
 -0.22439947525641382        0.0000000000000000     
   (1.83425764249562466E-002,2.84770183372713486E-017)
   0.0000000000000000        0.0000000000000000     
         (5.51377179398880438E-004,0.0000000000000000)
  0.22439947525641382        0.0000000000000000     
  (1.83425764249562466E-002,-2.84770183372713486E-017)
  0.44879895051282764        0.0000000000000000     
  (3.98149012593442334E-002,-2.23476079415399176E-017)
  0.67319842576924149        0.0000000000000000     
   (6.08158330843332623E-002,5.37651428428785487E-017)
  0.89759790102565529        0.0000000000000000     
  (8.53940836135213127E-002,-5.65904625754922276E-017)
   1.1219973762820692        0.0000000000000000     
        (0.10846914408403938,3.92811091448752574E-017)
   1.3463968515384830        0.0000000000000000     
       (0.13900605635628374,-1.07530285685757097E-016)
   1.5707963267948968        0.0000000000000000     
        (0.16636599252598100,1.71761729944737078E-017)
   1.7951958020513106        0.0000000000000000     
       (0.20407600022870143,-1.01285678458572069E-016)
   2.0195952773077246        0.0000000000000000     
        (0.24847679277386631,1.49090919827013261E-016)
   2.2439947525641384        0.0000000000000000     
       (0.29894249378402976,-1.45968616213420728E-016)
   2.4683942278205522        0.0000000000000000     
        (0.36156849623057713,6.01981097713614655E-017)
   2.6927937030769660        0.0000000000000000     
       (0.45583913811829252,-1.55584337909452227E-016)
   2.9171931783333798        0.0000000000000000     
        (0.60749235811200730,4.50320675248671381E-017)
   3.1415926535897936        0.0000000000000000     
        (1.4102408896287371,-1.37444483989854787E-016)
   1.0000000000000000                1          28
               (0.0000000000000000,0.0000000000000000)
  -2.9171931783333798        0.0000000000000000     
       (0.62556004035957957,-1.52776913379058660E-017)
  -2.6927937030769660        0.0000000000000000     
        (0.40723104561990869,1.04742651958373186E-016)
  -2.4683942278205522        0.0000000000000000     
       (0.39343292910483757,-7.62890610270671682E-017)
  -2.2439947525641384        0.0000000000000000     
        (0.31428029454634704,8.64523770314518824E-017)
  -2.0195952773077246        0.0000000000000000     
       (0.22623043822004391,-9.86195565585634304E-017)
  -1.7951958020513106        0.0000000000000000     
        (0.19877193862334683,1.96111671845047404E-017)
  -1.5707963267948968        0.0000000000000000     
       (0.18171538600286027,-1.05132367981492679E-016)
  -1.3463968515384830        0.0000000000000000     
        (0.13197831212593497,1.22248683922947740E-017)
  -1.1219973762820692        0.0000000000000000     
       (0.11442249581472209,-3.03396712656125197E-017)
 -0.89759790102565529        0.0000000000000000     
  (8.67777490438570720E-002,-2.08966310016002141E-018)
 -0.67319842576924149        0.0000000000000000     
  (6.05694125904460562E-002,-5.96410443120031489E-017)
 -0.44879895051282764        0.0000000000000000     
  (4.05162636371536738E-002,-3.57393010696161553E-017)
 -0.22439947525641382        0.0000000000000000     
  (1.92050599762486687E-002,-2.47549834463363248E-017)
   0.0000000000000000        0.0000000000000000     
         (1.13908200424051032E-003,0.0000000000000000)
  0.22439947525641382        0.0000000000000000     
   (1.92050599762486687E-002,2.47549834463363248E-017)
  0.44879895051282764        0.0000000000000000     
   (4.05162636371536738E-002,3.57393010696161553E-017)
  0.67319842576924149        0.0000000000000000     
   (6.05694125904460562E-002,5.96410443120031489E-017)
  0.89759790102565529        0.0000000000000000     
   (8.67777490438570720E-002,2.08966310016002141E-018)
   1.1219973762820692        0.0000000000000000     
        (0.11442249581472209,3.03396712656125197E-017)
   1.3463968515384830        0.0000000000000000     
       (0.13197831212593497,-1.22248683922947740E-017)
   1.5707963267948968        0.0000000000000000     
        (0.18171538600286027,1.05132367981492679E-016)
   1.7951958020513106        0.0000000000000000     
       (0.19877193862334683,-1.96111671845047404E-017)
   2.0195952773077246        0.0000000000000000     
        (0.22623043822004391,9.86195565585634304E-017)
   2.2439947525641384        0.0000000000000000     
       (0.31428029454634704,-8.64523770314518824E-017)
   2.4683942278205522        0.0000000000000000     
        (0.39343292910483757,7.62890610270671682E-017)
   2.6927937030769660        0.0000000000000000     
       (0.40723104561990869,-1.04742651958373186E-016)
   2.9171931783333798        0.0000000000000000     
        (0.62556004035957957,1.52776913379058660E-017)
   3.1415926535897936        0.0000000000000000     
        (1.3974781866651900,-9.92424335004696553E-017)
   1.0000000000000000                1          28
               (0.0000000000000000,0.0000000000000000)
  -2.9171931783333798        0.0000000000000000     
       (0.64230983666761687,-4.37782276843819985E-017)
  -2.6927937030769660        0.0000000000000000     
        (0.47081349587640792,8.60717019690332928E-017)
  -2.4683942278205522        0.0000000000000000     
       (0.38649890216357752,-7.41538972649094862E-017)
  -2.2439947525641384        0.0000000000000000     
        (0.30870288893392100,8.47267137031277199E-017)
  -2.0195952773077246        0.0000000000000000     
       (0.25436100016025848,-1.10322889349252303E-016)
  -1.7951958020513106        0.0000000000000000     
        (0.20730804287948668,1.21645461251386564E-017)
  -1.5707963267948968        0.0000000000000000     
       (0.16578675319951028,-7.14639207330983403E-017)
  -1.3463968515384830        0.0000000000000000     
       (0.14141928967202183,-1.99098294294989266E-017)
  -1.1219973762820692        0.0000000000000000     
       (0.11326651613496146,-6.51625796786876094E-017)
 -0.89759790102565529        0.0000000000000000     
  (8.58436468262917529E-002,-8.78678530294616072E-018)
 -0.67319842576924149        0.0000000000000000     
  (6.38789061591610169E-002,-2.07744725739825483E-017)
 -0.44879895051282764        0.0000000000000000     
   (4.16535220431774808E-002,3.92225118873723558E-017)
 -0.22439947525641382        0.0000000000000000     
  (2.06864832970447519E-002,-3.69584907034542458E-017)
   0.0000000000000000        0.0000000000000000     
         (8.55740738659321876E-004,0.0000000000000000)
  0.22439947525641382        0.0000000000000000     
   (2.06864832970447519E-002,3.69584907034542458E-017)
  0.44879895051282764        0.0000000000000000     
  (4.16535220431774808E-002,-3.92225118873723558E-017)
  0.67319842576924149        0.0000000000000000     
   (6.38789061591610169E-002,2.07744725739825483E-017)
  0.89759790102565529        0.0000000000000000     
   (8.58436468262917529E-002,8.78678530294616072E-018)
   1.1219973762820692        0.0000000000000000     
        (0.11326651613496146,6.51625796786876094E-017)
   1.3463968515384830        0.0000000000000000     
        (0.14141928967202183,1.99098294294989266E-017)
   1.5707963267948968        0.0000000000000000     
        (0.16578675319951028,7.14639207330983403E-017)
   1.7951958020513106        0.0000000000000000     
       (0.20730804287948668,-1.21645461251386564E-017)
   2.0195952773077246        0.0000000000000000     
        (0.25436100016025848,1.10322889349252303E-016)
   2.2439947525641384        0.0000000000000000     
       (0.30870288893392100,-8.47267137031277199E-017)
   2.4683942278205522        0.0000000000000000     
        (0.38649890216357752,7.41538972649094862E-017)
   2.6927937030769660        0.0000000000000000     
       (0.47081349587640792,-8.60717019690332928E-017)
   2.9171931783333798        0.0000000000000000     
        (0.64230983666761687,4.37782276843819985E-017)
   3.1415926535897936        0.0000000000000000     
        (1.1940856912344693,-7.94865257733304728E-017)
   1.0000000000000000                1          28
               (0.0000000000000000,0.0000000000000000)
  -2.9171931783333798        0.0000000000000000     
       (0.65946571386626396,-3.54075344636743311E-017)
  -2.6927937030769660        0.0000000000000000     
        (0.47406763530929535,8.28829216897144527E-017)
  -2.4683942278205522        0.0000000000000000     
       (0.36676439875838129,-4.38579922141264439E-017)
  -2.2439947525641384        0.0000000000000000     
        (0.30032980469793130,8.58813913728108993E-017)
  -2.0195952773077246        0.0000000000000000     
       (0.24591502181504024,-1.47352494955271574E-016)
  -1.7951958020513106        0.0000000000000000     
        (0.20730291768312922,3.19997325367040782E-017)
  -1.5707963267948968        0.0000000000000000     
       (0.17226841043765545,-3.59771437725048743E-017)
  -1.3463968515384830        0.0000000000000000     
        (0.13949042963783076,7.16752128547387188E-017)
  -1.1219973762820692        0.0000000000000000     
       (0.10963962199909885,-3.16061705261044989E-019)
 -0.89759790102565529        0.0000000000000000     
   (8.54227462208274890E-002,1.50085957106510038E-017)
 -0.67319842576924149        0.0000000000000000     
  (6.16512504950437537E-002,-1.10558424848435440E-017)
 -0.44879895051282764        0.0000000000000000     
   (4.00015523352273972E-002,7.50429785532550192E-018)
 -0.22439947525641382        0.0000000000000000     
  (2.02701276768251885E-002,-1.56473956200751410E-017)
   0.0000000000000000        0.0000000000000000     
         (4.48416524422002932E-004,0.0000000000000000)
  0.22439947525641382        0.0000000000000000     
   (2.02701276768251885E-002,1.56473956200751410E-017)
  0.44879895051282764        0.0000000000000000     
  (4.00015523352273972E-002,-7.50429785532550192E-018)
  0.67319842576924149        0.0000000000000000     
   (6.16512504950437537E-002,1.10558424848435440E-017)
  0.89759790102565529        0.0000000000000000     
  (8.54227462208274890E-002,-1.50085957106510038E-017)
   1.1219973762820692        0.0000000000000000     
        (0.10963962199909885,3.16061705261044989E-019)
   1.3463968515384830        0.0000000000000000     
       (0.13949042963783076,-7.16752128547387188E-017)
   1.5707963267948968        0.0000000000000000     
        (0.17226841043765545,3.59771437725048743E-017)
   1.7951958020513106        0.0000000000000000     
       (0.20730291768312922,-3.19997325367040782E-017)
   2.0195952773077246        0.0000000000000000     
        (0.24591502181504024,1.47352494955271574E-016)
   2.2439947525641384        0.0000000000000000     
       (0.30032980469793130,-8.58813913728108993E-017)
   2.4683942278205522        0.0000000000000000     
        (0.36676439875838129,4.38579922141264439E-017)
   2.6927937030769660        0.0000000000000000     
       (0.47406763530929535,-8.28829216897144527E-017)
   2.9171931783333798        0.0000000000000000     
        (0.65946571386626396,3.54075344636743311E-017)
   3.1415926535897936        0.0000000000000000     
        (1.2343723216104803,-8.78146164682262635E-017)
   1.0000000000000000                1          28
               (0.0000000000000000,0.0000000000000000)
  -2.9171931783333798        0.0000000000000000     
       (0.61596313395124513,-1.00308366951039740E-016)
  -2.6927937030769660        0.0000000000000000     
        (0.46284665005016107,1.18356714552423411E-016)
  -2.4683942278205522        0.0000000000000000     
       (0.36802142358808798,-6.87315244613539224E-017)
  -2.2439947525641384        0.0000000000000000     
        (0.29953331011419476,1.02640200985954133E-016)
  -2.0195952773077246        0.0000000000000000     
       (0.23688125936222307,-1.88952647184317573E-016)
  -1.7951958020513106        0.0000000000000000     
        (0.20111849173703997,9.57115525544026807E-017)
  -1.5707963267948968        0.0000000000000000     
       (0.16644156345738084,-5.11762851362298232E-017)
  -1.3463968515384830        0.0000000000000000     
        (0.13955674389324729,7.80124978725313199E-017)
  -1.1219973762820692        0.0000000000000000     
       (0.10839855648531357,-6.12328060699873881E-017)
 -0.89759790102565529        0.0000000000000000     
   (8.56312927724524886E-002,4.78557762772013404E-017)
 -0.67319842576924149        0.0000000000000000     
  (6.09472326621583460E-002,-1.91808377822450101E-017)
 -0.44879895051282764        0.0000000000000000     
  (3.88214929744533713E-002,-7.79276970783237360E-018)
 -0.22439947525641382        0.0000000000000000     
  (1.92555294329035571E-002,-3.47631668964240877E-017)
   0.0000000000000000        0.0000000000000000     
         (3.57946809588108729E-004,0.0000000000000000)
  0.22439947525641382        0.0000000000000000     
   (1.92555294329035571E-002,3.47631668964240877E-017)
  0.44879895051282764        0.0000000000000000     
   (3.88214929744533713E-002,7.79276970783237360E-018)
  0.67319842576924149        0.0000000000000000     
   (6.09472326621583460E-002,1.91808377822450101E-017)
  0.89759790102565529        0.0000000000000000     
  (8.56312927724524886E-002,-4.78557762772013404E-017)
   1.1219973762820692        0.0000000000000000     
        (0.10839855648531357,6.12328060699873881E-017)
   1.3463968515384830        0.0000000000000000     
       (0.13955674389324729,-7.80124978725313199E-017)
   1.5707963267948968        0.0000000000000000     
        (0.16644156345738084,5.11762851362298232E-017)
   1.7951958020513106        0.0000000000000000     
       (0.20111849173703997,-9.57115525544026807E-017)
   2.0195952773077246        0.0000000000000000     
        (0.23688125936222307,1.88952647184317573E-016)
   2.2439947525641384        0.0000000000000000     
       (0.29953331011419476,-1.02640200985954133E-016)
   2.4683942278205522        0.0000000000000000     
        (0.36802142358808798,6.87315244613539224E-017)
   2.6927937030769660        0.0000000000000000     
       (0.46284665005016107,-1.18356714552423411E-016)
   2.9171931783333798        0.0000000000000000     
        (0.61596313395124513,1.00308366951039740E-016)
   3.1415926535897936        0.0000000000000000     
        (1.3928086922286866,-1.34073228118892701E-016)
   1.0000000000000000                1          28
               (0.0000000000000000,0.0000000000000000)
  -2.9171931783333798        0.0000000000000000     
       (0.62255316512443970,-5.53066988787680786E-017)
  -2.6927937030769660        0.0000000000000000     
        (0.48172363521244055,1.59971855643104555E-016)
  -2.4683942278205522        0.0000000000000000     
       (0.36217186327000733,-7.90678965493809646E-017)
  -2.2439947525641384        0.0000000000000000     
        (0.29820265204578433,1.61925101044294752E-016)
  -2.0195952773077246        0.0000000000000000     
       (0.24102795361129939,-1.68849347091096012E-016)
  -1.7951958020513106        0.0000000000000000     
        (0.20430167461063004,6.21723534971455909E-017)
  -1.5707963267948968        0.0000000000000000     
       (0.16564058979426544,-5.72013528515344652E-017)
  -1.3463968515384830        0.0000000000000000     
        (0.13990310822273042,8.79160922831605351E-017)
  -1.1219973762820692        0.0000000000000000     
       (0.10799494392582473,-6.31196804835287904E-017)
 -0.89759790102565529        0.0000000000000000     
   (8.72850474491244643E-002,7.29568336374800914E-018)
 -0.67319842576924149        0.0000000000000000     
  (6.27427100317279052E-002,-3.60278816799720039E-017)
 -0.44879895051282764        0.0000000000000000     
   (4.12090888082680129E-002,9.59546502808019999E-018)
 -0.22439947525641382        0.0000000000000000     
  (1.87249302671620640E-002,-7.77154418714319886E-018)
   0.0000000000000000        0.0000000000000000     
         (1.97104717377434774E-004,0.0000000000000000)
  0.22439947525641382        0.0000000000000000     
   (1.87249302671620640E-002,7.77154418714319886E-018)
  0.44879895051282764        0.0000000000000000     
  (4.12090888082680129E-002,-9.59546502808019999E-018)
  0.67319842576924149        0.0000000000000000     
   (6.27427100317279052E-002,3.60278816799720039E-017)
  0.89759790102565529        0.0000000000000000     
  (8.72850474491244643E-002,-7.29568336374800914E-018)
   1.1219973762820692        0.0000000000000000     
        (0.10799494392582473,6.31196804835287904E-017)
   1.3463968515384830        0.0000000000000000     
       (0.13990310822273042,-8.79160922831605351E-017)
   1.5707963267948968        0.0000000000000000     
        (0.16564058979426544,5.72013528515344652E-017)
   1.7951958020513106        0.0000000000000000     
       (0.20430167461063004,-6.21723534971455909E-017)
   2.0195952773077246        0.0000000000000000     
        (0.24102795361129939,1.68849347091096012E-016)
   2.2439947525641384        0.0000000000000000     
       (0.29820265204578433,-1.61925101044294752E-016)
   2.4683942278205522        0.0000000000000000     
        (0.36217186327000733,7.90678965493809646E-017)
   2.6927937030769660        0.0000000000000000     
       (0.48172363521244055,-1.59971855643104555E-016)
   2.9171931783333798        0.0000000000000000     
        (0.62255316512443970,5.53066988787680786E-017)
   3.1415926535897936        0.0000000000000000     
        (1.3328401705352175,-1.30263034626285495E-016)
   1.0000000000000000                1          28
               (0.0000000000000000,0.0000000000000000)
  -2.9171931783333798        0.0000000000000000     
        (0.61478374715500195,2.07426980831490741E-017)
  -2.6927937030769660        0.0000000000000000     
        (0.45419310452659273,9.89444424683668629E-017)
  -2.4683942278205522        0.0000000000000000     
       (0.36303450501499829,-2.82071636890903108E-017)
  -2.2439947525641384        0.0000000000000000     
        (0.29510969491803679,1.30051434201987668E-016)
  -2.0195952773077246        0.0000000000000000     
       (0.25176894776756847,-8.71199671644371506E-017)
  -1.7951958020513106        0.0000000000000000     
        (0.20918081857426782,7.18938396164184132E-017)
  -1.5707963267948968        0.0000000000000000     
       (0.17440748663459377,-1.50845847710534233E-017)
  -1.3463968515384830        0.0000000000000000     
        (0.14008709406402881,9.30881257730288784E-017)
  -1.1219973762820692        0.0000000000000000     
       (0.11074026098525569,-4.02439531584680203E-017)
 -0.89759790102565529        0.0000000000000000     
   (8.72597304713567251E-002,6.37024954238381140E-017)
 -0.67319842576924149        0.0000000000000000     
   (6.33159518081139322E-002,3.01946499853719741E-018)
 -0.44879895051282764        0.0000000000000000     
   (4.08677055764355632E-002,3.38337888273211275E-017)
 -0.22439947525641382        0.0000000000000000     
   (1.95063691475077863E-002,3.89978729806112292E-018)
   0.0000000000000000        0.0000000000000000     
         (1.56409277208677646E-003,0.0000000000000000)
  0.22439947525641382        0.0000000000000000     
  (1.95063691475077863E-002,-3.89978729806112292E-018)
  0.44879895051282764        0.0000000000000000     
  (4.08677055764355632E-002,-3.38337888273211275E-017)
  0.67319842576924149        0.0000000000000000     
  (6.33159518081139322E-002,-3.01946499853719741E-018)
  0.89759790102565529        0.0000000000000000     
  (8.72597304713567251E-002,-6.37024954238381140E-017)
   1.1219973762820692        0.0000000000000000     
        (0.11074026098525569,4.02439531584680203E-017)
   1.3463968515384830        0.0000000000000000     
       (0.14008709406402881,-9.30881257730288784E-017)
   1.5707963267948968        0.0000000000000000     
        (0.17440748663459377,1.50845847710534233E-017)
   1.7951958020513106        0.0000000000000000     
       (0.20918081857426782,-7.18938396164184132E-017)
   2.0195952773077246        0.0000000000000000     
        (0.25176894776756847,8.71199671644371506E-017)
   2.2439947525641384        0.0000000000000000     
       (0.29510969491803679,-1.30051434201987668E-016)
   2.4683942278205522        0.0000000000000000     
        (0.36303450501499829,2.82071636890903108E-017)
   2.6927937030769660        0.0000000000000000     
       (0.45419310452659273,-9.89444424683668629E-017)
   2.9171931783333798        0.0000000000000000     
       (0.61478374715500195,-2.07426980831490741E-017)
   3.1415926535897936        0.0000000000000000     
        (1.3499250739404007,-1.17400978619797587E-016)
   1.0000000000000000                1          28
               (0.0000000000000000,0.0000000000000000)
  -2.9171931783333798        0.0000000000000000     
       (0.58778544382682640,-2.45622744754345201E-018)
  -2.6927937030769660        0.0000000000000000     
        (0.49901478988254971,1.11361950075420840E-016)
  -2.4683942278205522        0.0000000000000000     
       (0.32985954415928448,-7.48737703749078915E-017)
  -2.2439947525641384        0.0000000000000000     
        (0.30077490945324159,1.63954081848764642E-016)
  -2.0195952773077246        0.0000000000000000     
       (0.24156230608098780,-2.22962076139570615E-016)
  -1.7951958020513106        0.0000000000000000     
        (0.20075445631165986,5.36436417071192986E-017)
  -1.5707963267948968        0.0000000000000000     
       (0.18478917158687724,-1.20581800459533541E-016)
  -1.3463968515384830        0.0000000000000000     
        (0.13107057085975521,4.08119166721949339E-017)
  -1.1219973762820692        0.0000000000000000     
       (0.12072565095356179,-1.11715157655413293E-016)
 -0.89759790102565529        0.0000000000000000     
   (7.76739379904886895E-002,8.97895081494106072E-018)
 -0.67319842576924149        0.0000000000000000     
  (6.62284843092334069E-002,-3.23012050285098593E-017)
 -0.44879895051282764        0.0000000000000000     
  (3.92405432249745487E-002,-3.11962646697666422E-017)
 -0.22439947525641382        0.0000000000000000     
   (1.91721656320892643E-002,1.16330501040791908E-017)
   0.0000000000000000        0.0000000000000000     
         (5.27260947746605035E-004,0.0000000000000000)
  0.22439947525641382        0.0000000000000000     
  (1.91721656320892643E-002,-1.16330501040791908E-017)
  0.44879895051282764        0.0000000000000000     
   (3.92405432249745487E-002,3.11962646697666422E-017)
  0.67319842576924149        0.0000000000000000     
   (6.62284843092334069E-002,3.23012050285098593E-017)
  0.89759790102565529        0.0000000000000000     
  (7.76739379904886895E-002,-8.97895081494106072E-018)
   1.1219973762820692        0.0000000000000000     
        (0.12072565095356179,1.11715157655413293E-016)
   1.3463968515384830        0.0000000000000000     
       (0.13107057085975521,-4.08119166721949339E-017)
   1.5707963267948968        0.0000000000000000     
        (0.18478917158687724,1.20581800459533541E-016)
   1.7951958020513106        0.0000000000000000     
       (0.20075445631165986,-5.36436417071192986E-017)
   2.0195952773077246        0.0000000000000000     
        (0.24156230608098780,2.22962076139570615E-016)
   2.2439947525641384        0.0000000000000000     
       (0.30077490945324159,-1.63954081848764642E-016)
   2.4683942278205522        0.0000000000000000     
        (0.32985954415928448,7.48737703749078915E-017)
   2.6927937030769660        0.0000000000000000     
       (0.49901478988254971,-1.11361950075420840E-016)
   2.9171931783333798        0.0000000000000000     
        (0.58778544382682640,2.45622744754345201E-018)
   3.1415926535897936        0.0000000000000000     
        (1.4021687905091984,-1.53931791841376546E-016)
   1.0000000000000000                1          28
               (0.0000000000000000,0.0000000000000000)
  -2.9171931783333798        0.0000000000000000     
       (0.65505514527609598,-6.49140257776494106E-017)
  -2.6927937030769660        0.0000000000000000     
        (0.46558754033611199,1.53773100844048348E-016)
  -2.4683942278205522        0.0000000000000000     
       (0.36741096870234935,-2.65597736014986767E-017)
  -2.2439947525641384        0.0000000000000000     
        (0.30937992162905698,8.27069202637635365E-017)
  -2.0195952773077246        0.0000000000000000     
       (0.24493551289730511,-1.20527851243497543E-016)
  -1.7951958020513106        0.0000000000000000     
        (0.19384544584864719,5.67558396938139751E-017)
  -1.5707963267948968        0.0000000000000000     
       (0.17166062002925050,-3.90656194422901549E-017)
  -1.3463968515384830        0.0000000000000000     
        (0.13992998554899336,3.32706458831787270E-017)
  -1.1219973762820692        0.0000000000000000     
       (0.10661068075327260,-7.70392002091189393E-017)
 -0.89759790102565529        0.0000000000000000     
   (8.41207517583755920E-002,2.63953787315049232E-017)
 -0.67319842576924149        0.0000000000000000     
  (6.16375128926808236E-002,-1.86178640569914279E-017)
 -0.44879895051282764        0.0000000000000000     
   (3.96282090435630605E-002,4.78921588852886035E-017)
 -0.22439947525641382        0.0000000000000000     
  (2.06434615220037719E-002,-4.12066828862364956E-018)
   0.0000000000000000        0.0000000000000000     
         (4.77391861410341519E-004,0.0000000000000000)
  0.22439947525641382        0.0000000000000000     
   (2.06434615220037719E-002,4.12066828862364956E-018)
  0.44879895051282764        0.0000000000000000     
  (3.96282090435630605E-002,-4.78921588852886035E-017)
  0.67319842576924149        0.0000000000000000     
   (6.16375128926808236E-002,1.86178640569914279E-017)
  0.89759790102565529        0.0000000000000000     
  (8.41207517583755920E-002,-2.63953787315049232E-017)
   1.1219973762820692        0.0000000000000000     
        (0.10661068075327260,7.70392002091189393E-017)
   1.3463968515384830        0.0000000000000000     
       (0.13992998554899336,-3.32706458831787270E-017)
   1.5707963267948968        0.0000000000000000     
        (0.17166062002925050,3.90656194422901549E-017)
   1.7951958020513106        0.0000000000000000     
       (0.19384544584864719,-5.67558396938139751E-017)
   2.0195952773077246        0.0000000000000000     
        (0.24493551289730511,1.20527851243497543E-016)
   2.2439947525641384        0.0000000000000000     
       (0.30937992162905698,-8.27069202637635365E-017)
   2.4683942278205522        0.0000000000000000     
        (0.36741096870234935,2.65597736014986767E-017)
   2.6927937030769660        0.0000000000000000     
       (0.46558754033611199,-1.53773100844048348E-016)
   2.9171931783333798        0.0000000000000000     
        (0.65505514527609598,6.49140257776494106E-017)
   3.1415926535897936        0.0000000000000000     
        (1.2786310956631806,-9.39915678077968493E-017)
