     0.0000000        0.03686657        0.00220046
     0.1000000        0.01849664        0.00152811
     0.2000000        0.00985795        0.00106677
     0.3000000        0.00574281        0.00088352
     0.4000000        0.00389136        0.00055948
     0.5000000        0.00282760        0.00060937
     0.6000000        0.00201899        0.00055634
     0.7000000        0.00135365        0.00050672
     0.8000000        0.00103903        0.00040912
     0.9000000        0.00058534        0.00032770
     1.0000000        0.00041245        0.00026194
     1.1000000        0.00026902        0.00014837
     1.2000000        0.00024338        0.00012477
     1.3000000        0.00022132        0.00014739
     1.4000000        0.00017896        0.00015421
     1.5000000        0.00007656        0.00010432
     1.6000000       -0.00006191        0.00003551
     1.7000000       -0.00022579        0.00014373
     1.8000000       -0.00019515        0.00012631
     1.9000000       -0.00017319        0.00016077
     2.0000000       -0.00016843        0.00017223
     2.1000000       -0.00014994        0.00015277
     2.2000000       -0.00012353        0.00011540
     2.3000000       -0.00004568        0.00003925
     2.4000000       -0.00002930        0.00002507
     2.5000000       -0.00002765        0.00002577
     2.6000000       -0.00001686        0.00002022
     2.7000000       -0.00001447        0.00001305
     2.8000000       -0.00000919        0.00000950
     2.9000000       -0.00000456        0.00000649
     3.0000000       -0.00000329        0.00000584
     3.1000000       -0.00000201        0.00000449
     3.2000000       -0.00000099        0.00000521
     3.3000000       -0.00000276        0.00000312
     3.4000000       -0.00000154        0.00000246
     3.5000000       -0.00000145        0.00000214
     3.6000000        0.00000252        0.00000590
     3.7000000        0.00000246        0.00000640
     3.8000000        0.00000545        0.00000614
     3.9000000        0.00000428        0.00000371
     4.0000000        0.00000645        0.00000572
     4.1000000        0.00000768        0.00000766
     4.2000000        0.00000549        0.00000773
     4.3000000        0.00000610        0.00000688
     4.4000000        0.00000357        0.00000439
     4.5000000        0.00000470        0.00000439
     4.6000000        0.00000304        0.00000312
     4.7000000        0.00000265        0.00000305
     4.8000000        0.00000205        0.00000216
     4.9000000       -0.00000013        0.00000142
     5.0000000       -0.00000035        0.00000178
     5.1000000       -0.00000165        0.00000184
     5.2000000       -0.00000297        0.00000297
     5.3000000       -0.00000248        0.00000283
     5.4000000       -0.00000230        0.00000278
     5.5000000       -0.00000363        0.00000372
     5.6000000       -0.00000474        0.00000345
     5.7000000       -0.00000574        0.00000364
     5.8000000       -0.00000447        0.00000244
     5.9000000       -0.00000185        0.00000196
     6.0000000        0.00000052        0.00000334
     6.1000000        0.00000126        0.00000344
     6.2000000        0.00000205        0.00000392
     6.3000000        0.00000080        0.00000330
     6.4000000       -0.00000137        0.00000178
     6.5000000       -0.00000151        0.00000491
     6.6000000       -0.00000270        0.00000443
     6.7000000        0.00000023        0.00000419
     6.8000000        0.00000103        0.00000458
     6.9000000       -0.00000198        0.00000423
     7.0000000       -0.00000461        0.00000502
     7.1000000       -0.00000772        0.00001091
     7.2000000       -0.00000753        0.00001600
     7.3000000       -0.00000544        0.00001899
     7.4000000       -0.00001217        0.00002497
     7.5000000       -0.00000393        0.00001773
     7.6000000        0.00000936        0.00001328
     7.7000000        0.00002509        0.00003686
     7.8000000        0.00001387        0.00004577
     7.9000000        0.00003661        0.00004621
     8.0000000        0.00006114        0.00005721
     8.1000000        0.00000373        0.00002624
     8.2000000       -0.00003978        0.00003157
     8.3000000        0.00003254        0.00006596
     8.4000000        0.00002004        0.00011176
     8.5000000        0.00015268        0.00020426
     8.6000000        0.00012777        0.00017516
     8.7000000        0.00009797        0.00018511
     8.8000000        0.00021283        0.00021413
     8.9000000        0.00027664        0.00022053
     9.0000000        0.00013072        0.00041292
     9.1000000        0.00005683        0.00046863
     9.2000000        0.00003791        0.00040959
     9.3000000       -0.00006077        0.00040985
     9.4000000        0.00004067        0.00047097
     9.5000000        0.00056849        0.00050514
     9.6000000        0.00165299        0.00069641
     9.7000000        0.00348795        0.00097668
     9.8000000        0.00803310        0.00125539
     9.9000000        0.01728177        0.00158206
    10.0000000        0.03686657        0.00220046
