     0.0000000        0.30248421        0.00322948
     0.1000000        0.18021580        0.00175653
     0.2000000        0.10876566        0.00098911
     0.3000000        0.06593875        0.00075681
     0.4000000        0.04027356        0.00053373
     0.5000000        0.02485597        0.00054077
     0.6000000        0.01561486        0.00045369
     0.7000000        0.00995618        0.00042817
     0.8000000        0.00650918        0.00040276
     0.9000000        0.00455384        0.00046825
     1.0000000        0.00308515        0.00041124
     1.1000000        0.00217905        0.00036010
     1.2000000        0.00157288        0.00029716
     1.3000000        0.00103913        0.00020906
     1.4000000        0.00064474        0.00016259
     1.5000000        0.00038898        0.00012409
     1.6000000        0.00025195        0.00009758
     1.7000000        0.00019690        0.00006510
     1.8000000        0.00015151        0.00004268
     1.9000000        0.00010432        0.00004169
     2.0000000        0.00007268        0.00005513
     2.1000000        0.00013478        0.00012121
     2.2000000        0.00017465        0.00012578
     2.3000000        0.00009364        0.00008007
     2.4000000        0.00004423        0.00005314
     2.5000000        0.00001573        0.00002900
     2.6000000       -0.00004567        0.00003040
     2.7000000       -0.00003656        0.00002135
     2.8000000       -0.00001126        0.00001908
     2.9000000        0.00001709        0.00003138
     3.0000000        0.00003570        0.00003521
     3.1000000        0.00003719        0.00004194
     3.2000000        0.00003831        0.00004773
     3.3000000        0.00002341        0.00003743
     3.4000000        0.00000285        0.00003041
     3.5000000        0.00000365        0.00002689
     3.6000000       -0.00001365        0.00001657
     3.7000000       -0.00001352        0.00001815
     3.8000000        0.00000038        0.00003445
     3.9000000        0.00003481        0.00006417
     4.0000000        0.00004385        0.00007635
     4.1000000        0.00005117        0.00008029
     4.2000000        0.00005062        0.00007322
     4.3000000        0.00004797        0.00006761
     4.4000000        0.00003160        0.00004870
     4.5000000        0.00002357        0.00004550
     4.6000000        0.00001448        0.00004029
     4.7000000        0.00000521        0.00003602
     4.8000000       -0.00001986        0.00003196
     4.9000000       -0.00002800        0.00003597
     5.0000000       -0.00003635        0.00004086
     5.1000000       -0.00003456        0.00004359
     5.2000000       -0.00001956        0.00003760
     5.3000000        0.00000249        0.00002361
     5.4000000        0.00000563        0.00001755
     5.5000000        0.00000647        0.00001830
     5.6000000        0.00001543        0.00002553
     5.7000000        0.00003530        0.00004075
     5.8000000        0.00005729        0.00005341
     5.9000000        0.00007402        0.00004730
     6.0000000        0.00007320        0.00003910
     6.1000000        0.00007097        0.00004469
     6.2000000        0.00005809        0.00004003
     6.3000000        0.00005277        0.00003647
     6.4000000        0.00004305        0.00003449
     6.5000000        0.00004300        0.00003494
     6.6000000        0.00004615        0.00003325
     6.7000000        0.00003264        0.00004093
     6.8000000        0.00001315        0.00006071
     6.9000000        0.00001341        0.00005910
     7.0000000        0.00002731        0.00006740
     7.1000000        0.00001749        0.00005808
     7.2000000        0.00002183        0.00005507
     7.3000000        0.00003404        0.00005931
     7.4000000        0.00004543        0.00010342
     7.5000000        0.00004630        0.00009868
     7.6000000        0.00006626        0.00010570
     7.7000000        0.00004990        0.00010807
     7.8000000        0.00003640        0.00009678
     7.9000000        0.00004121        0.00009666
     8.0000000        0.00010874        0.00012405
     8.1000000        0.00018108        0.00012089
     8.2000000        0.00022009        0.00015054
     8.3000000        0.00021346        0.00012875
     8.4000000        0.00030247        0.00013288
     8.5000000        0.00047048        0.00014442
     8.6000000        0.00070853        0.00014467
     8.7000000        0.00097068        0.00015496
     8.8000000        0.00129056        0.00018668
     8.9000000        0.00178005        0.00016767
     9.0000000        0.00260192        0.00018117
     9.1000000        0.00401043        0.00018631
     9.2000000        0.00627027        0.00026689
     9.3000000        0.00963512        0.00032283
     9.4000000        0.01519760        0.00036631
     9.5000000        0.02451363        0.00048729
     9.6000000        0.03965310        0.00053714
     9.7000000        0.06503065        0.00060437
     9.8000000        0.10784699        0.00098930
     9.9000000        0.17954432        0.00157733
    10.0000000        0.30248421        0.00322948
