     0.0000000        0.02572214        0.00208492
     0.1000000        0.01791358        0.00190669
     0.2000000        0.01190385        0.00182796
     0.3000000        0.00912007        0.00190929
     0.4000000        0.00668371        0.00241250
     0.5000000        0.00627160        0.00276692
     0.6000000        0.00674783        0.00302333
     0.7000000        0.00501927        0.00272605
     0.8000000        0.00483777        0.00255042
     0.9000000        0.00518871        0.00317860
     1.0000000        0.00248228        0.00187554
     1.1000000        0.00089498        0.00196875
     1.2000000        0.00087329        0.00170127
     1.3000000        0.00196958        0.00157718
     1.4000000        0.00415706        0.00180212
     1.5000000        0.00402508        0.00173478
     1.6000000        0.00480990        0.00178565
     1.7000000        0.00168304        0.00198095
     1.8000000        0.00156543        0.00153403
     1.9000000        0.00109870        0.00167275
     2.0000000        0.00076204        0.00204501
     2.1000000       -0.00110883        0.00187347
     2.2000000       -0.00062910        0.00154049
     2.3000000        0.00004285        0.00159237
     2.4000000       -0.00101702        0.00123514
     2.5000000        0.00000806        0.00114049
     2.6000000       -0.00104341        0.00180868
     2.7000000       -0.00181089        0.00183364
     2.8000000       -0.00097938        0.00125744
     2.9000000       -0.00094143        0.00236111
     3.0000000       -0.00005955        0.00153225
     3.1000000       -0.00014075        0.00180143
     3.2000000       -0.00108598        0.00196022
     3.3000000       -0.00088347        0.00123184
     3.4000000       -0.00120474        0.00165936
     3.5000000       -0.00327949        0.00162625
     3.6000000       -0.00205957        0.00121685
     3.7000000       -0.00269260        0.00135213
     3.8000000       -0.00070887        0.00120976
     3.9000000       -0.00340480        0.00192573
     4.0000000       -0.00236449        0.00114700
     4.1000000       -0.00061147        0.00138437
     4.2000000        0.00024739        0.00125732
     4.3000000       -0.00066788        0.00160835
     4.4000000       -0.00115545        0.00166599
     4.5000000       -0.00055947        0.00152170
     4.6000000       -0.00079480        0.00163407
     4.7000000       -0.00003905        0.00141304
     4.8000000       -0.00055809        0.00132698
     4.9000000       -0.00086005        0.00105709
     5.0000000       -0.00083903        0.00114315
     5.1000000       -0.00003379        0.00079370
     5.2000000       -0.00034060        0.00062882
     5.3000000        0.00012575        0.00079682
     5.4000000       -0.00137461        0.00143228
     5.5000000       -0.00063752        0.00131531
     5.6000000       -0.00077479        0.00119000
     5.7000000        0.00031899        0.00127002
     5.8000000        0.00104594        0.00135059
     5.9000000        0.00271430        0.00107560
     6.0000000        0.00145737        0.00099463
     6.1000000        0.00211808        0.00119240
     6.2000000        0.00148753        0.00105431
     6.3000000        0.00172609        0.00140391
     6.4000000        0.00150352        0.00141059
     6.5000000        0.00138997        0.00117237
     6.6000000        0.00098866        0.00082043
     6.7000000        0.00027339        0.00103599
     6.8000000        0.00000304        0.00179948
     6.9000000       -0.00057153        0.00160521
     7.0000000        0.00133251        0.00128036
     7.1000000        0.00139422        0.00154782
     7.2000000       -0.00104513        0.00118623
     7.3000000       -0.00006769        0.00160680
     7.4000000       -0.00084690        0.00149734
     7.5000000       -0.00005988        0.00156171
     7.6000000       -0.00195780        0.00153657
     7.7000000       -0.00018498        0.00105997
     7.8000000       -0.00126851        0.00112287
     7.9000000       -0.00070729        0.00105702
     8.0000000       -0.00097226        0.00110850
     8.1000000       -0.00109605        0.00148571
     8.2000000        0.00044556        0.00133431
     8.3000000       -0.00065998        0.00128649
     8.4000000       -0.00220655        0.00210265
     8.5000000       -0.00105441        0.00159467
     8.6000000        0.00089353        0.00105569
     8.7000000        0.00115860        0.00152732
     8.8000000        0.00106957        0.00154165
     8.9000000        0.00040113        0.00147927
     9.0000000       -0.00062887        0.00165321
     9.1000000       -0.00091748        0.00133499
     9.2000000       -0.00113788        0.00102584
     9.3000000       -0.00119166        0.00149159
     9.4000000       -0.00054723        0.00195881
     9.5000000       -0.00191352        0.00152166
     9.6000000       -0.00114388        0.00169938
     9.7000000       -0.00221095        0.00144607
     9.8000000       -0.00345448        0.00243838
     9.9000000       -0.00431889        0.00410577
    10.0000000       -0.00391471        0.00296834
    10.1000000        0.00022642        0.00147701
    10.2000000        0.00077077        0.00165674
    10.3000000        0.00045114        0.00198361
    10.4000000       -0.00143972        0.00173932
    10.5000000       -0.00157315        0.00165083
    10.6000000       -0.00186773        0.00149558
    10.7000000       -0.00240260        0.00164796
    10.8000000       -0.00178719        0.00230036
    10.9000000       -0.00485696        0.00312839
    11.0000000       -0.00265229        0.00199270
    11.1000000       -0.00417048        0.00201714
    11.2000000       -0.00145748        0.00121142
    11.3000000       -0.00085874        0.00108710
    11.4000000       -0.00043473        0.00141475
    11.5000000        0.00015590        0.00150749
    11.6000000       -0.00119983        0.00182690
    11.7000000        0.00018986        0.00132285
    11.8000000        0.00079483        0.00187811
    11.9000000       -0.00058177        0.00214743
    12.0000000        0.00087451        0.00180826
    12.1000000       -0.00001594        0.00209396
    12.2000000       -0.00135114        0.00298218
    12.3000000        0.00135743        0.00309606
    12.4000000        0.00139124        0.00326649
    12.5000000        0.00201652        0.00232381
    12.6000000        0.00187036        0.00169418
    12.7000000        0.00308863        0.00219766
    12.8000000        0.00362377        0.00153277
    12.9000000        0.00267387        0.00152054
    13.0000000        0.00095551        0.00122539
    13.1000000        0.00161620        0.00095663
    13.2000000        0.00174999        0.00098429
    13.3000000        0.00063427        0.00100140
    13.4000000        0.00080137        0.00163458
    13.5000000        0.00074492        0.00140085
    13.6000000        0.00231873        0.00179027
    13.7000000        0.00044479        0.00140835
    13.8000000        0.00072552        0.00108119
    13.9000000       -0.00011162        0.00120561
    14.0000000       -0.00130303        0.00183611
    14.1000000       -0.00036080        0.00160078
    14.2000000        0.00081660        0.00111894
    14.3000000        0.00074051        0.00146084
    14.4000000        0.00106537        0.00217717
    14.5000000       -0.00069095        0.00202970
    14.6000000        0.00010177        0.00117025
    14.7000000        0.00077685        0.00096087
    14.8000000        0.00184948        0.00159423
    14.9000000        0.00326892        0.00140783
    15.0000000        0.00145212        0.00160893
    15.1000000        0.00198806        0.00134139
    15.2000000        0.00145216        0.00150188
    15.3000000        0.00092264        0.00139846
    15.4000000        0.00057039        0.00127930
    15.5000000       -0.00049682        0.00122419
    15.6000000       -0.00143774        0.00143125
    15.7000000       -0.00032436        0.00201220
    15.8000000       -0.00036223        0.00159105
    15.9000000       -0.00238828        0.00182097
    16.0000000       -0.00058713        0.00178325
    16.1000000       -0.00100399        0.00162069
    16.2000000        0.00034861        0.00147617
    16.3000000        0.00106459        0.00275812
    16.4000000       -0.00165956        0.00318736
    16.5000000       -0.00269580        0.00285653
    16.6000000       -0.00101871        0.00190102
    16.7000000       -0.00090584        0.00211510
    16.8000000        0.00126496        0.00162551
    16.9000000        0.00186687        0.00219586
    17.0000000        0.00048411        0.00250004
    17.1000000        0.00297435        0.00232316
    17.2000000        0.00140843        0.00249338
    17.3000000        0.00303960        0.00202580
    17.4000000        0.00328176        0.00134182
    17.5000000        0.00395529        0.00172720
    17.6000000        0.00582106        0.00209706
    17.7000000        0.00246268        0.00192933
    17.8000000        0.00341467        0.00180869
    17.9000000        0.00168454        0.00180052
    18.0000000        0.00353431        0.00158024
    18.1000000        0.00535222        0.00175815
    18.2000000        0.00723022        0.00173119
    18.3000000        0.00957973        0.00239698
    18.4000000        0.01156577        0.00287287
    18.5000000        0.01456809        0.00302698
    18.6000000        0.01870967        0.00295528
    18.7000000        0.02402308        0.00240327
    18.8000000        0.03020866        0.00246329
    18.9000000        0.03968356        0.00275798
    19.0000000        0.05109451        0.00247231
    19.1000000        0.06808857        0.00221225
    19.2000000        0.08972807        0.00236208
    19.3000000        0.12031967        0.00298844
    19.4000000        0.15784404        0.00305426
    19.5000000        0.21143646        0.00366659
    19.6000000        0.28494578        0.00416837
    19.7000000        0.39021978        0.00588703
    19.8000000        0.52712615        0.00438250
    19.9000000        0.71311234        0.00354728
    20.0000000        0.97427786        0.00208492
