     0.0000000        0.00813933        0.00114075
     0.1000000        0.00693629        0.00113169
     0.2000000        0.00525717        0.00116762
     0.3000000        0.00390646        0.00102536
     0.4000000        0.00251236        0.00086288
     0.5000000        0.00203589        0.00078468
     0.6000000        0.00182699        0.00057315
     0.7000000        0.00232959        0.00060042
     0.8000000        0.00216951        0.00075209
     0.9000000        0.00170552        0.00071549
     1.0000000        0.00084064        0.00066259
     1.1000000        0.00108814        0.00068614
     1.2000000        0.00028943        0.00072252
     1.3000000       -0.00046015        0.00079031
     1.4000000       -0.00009946        0.00078105
     1.5000000       -0.00021968        0.00073340
     1.6000000       -0.00020092        0.00062345
     1.7000000       -0.00004508        0.00054198
     1.8000000        0.00013081        0.00055384
     1.9000000        0.00081531        0.00059792
     2.0000000        0.00054968        0.00066298
     2.1000000        0.00069459        0.00052607
     2.2000000        0.00028472        0.00060947
     2.3000000       -0.00031858        0.00068306
     2.4000000        0.00030783        0.00063846
     2.5000000        0.00019561        0.00057789
     2.6000000        0.00017715        0.00056000
     2.7000000       -0.00043537        0.00063077
     2.8000000       -0.00065316        0.00064874
     2.9000000       -0.00092747        0.00056037
     3.0000000       -0.00031381        0.00049668
     3.1000000       -0.00053381        0.00039135
     3.2000000       -0.00080613        0.00045100
     3.3000000       -0.00064799        0.00057695
     3.4000000       -0.00040786        0.00053614
     3.5000000       -0.00091075        0.00065739
     3.6000000       -0.00097593        0.00074635
     3.7000000       -0.00129945        0.00063246
     3.8000000       -0.00124478        0.00058379
     3.9000000       -0.00062259        0.00046501
     4.0000000       -0.00027964        0.00048863
     4.1000000       -0.00050938        0.00063673
     4.2000000       -0.00029617        0.00062303
     4.3000000        0.00008266        0.00075117
     4.4000000       -0.00000549        0.00075030
     4.5000000       -0.00020246        0.00070130
     4.6000000        0.00032434        0.00062692
     4.7000000        0.00023476        0.00048480
     4.8000000       -0.00003159        0.00049487
     4.9000000       -0.00040554        0.00055022
     5.0000000       -0.00023616        0.00047414
     5.1000000        0.00031519        0.00035271
     5.2000000        0.00032780        0.00031009
     5.3000000        0.00049487        0.00036854
     5.4000000        0.00037604        0.00043297
     5.5000000        0.00013451        0.00060255
     5.6000000        0.00050815        0.00055315
     5.7000000        0.00022901        0.00060419
     5.8000000       -0.00012079        0.00074325
     5.9000000       -0.00008914        0.00064354
     6.0000000        0.00009325        0.00073497
     6.1000000        0.00043991        0.00073802
     6.2000000        0.00026329        0.00070140
     6.3000000        0.00009913        0.00056782
     6.4000000        0.00047144        0.00056985
     6.5000000        0.00019818        0.00061015
     6.6000000        0.00001867        0.00060216
     6.7000000       -0.00008717        0.00040365
     6.8000000        0.00004462        0.00048588
     6.9000000        0.00017000        0.00048507
     7.0000000        0.00056620        0.00061024
     7.1000000        0.00054951        0.00060450
     7.2000000        0.00066557        0.00071141
     7.3000000        0.00048010        0.00076036
     7.4000000        0.00067466        0.00083142
     7.5000000        0.00046397        0.00077601
     7.6000000        0.00043657        0.00071757
     7.7000000        0.00070948        0.00060623
     7.8000000        0.00047481        0.00054694
     7.9000000        0.00112845        0.00057182
     8.0000000        0.00163169        0.00071767
     8.1000000        0.00148239        0.00069541
     8.2000000        0.00129760        0.00056230
     8.3000000        0.00063184        0.00052045
     8.4000000        0.00068553        0.00038075
     8.5000000        0.00024289        0.00040363
     8.6000000        0.00012780        0.00044757
     8.7000000        0.00002843        0.00053911
     8.8000000       -0.00042752        0.00061727
     8.9000000       -0.00042453        0.00068364
     9.0000000        0.00015353        0.00054275
     9.1000000        0.00064633        0.00060443
     9.2000000        0.00006833        0.00051622
     9.3000000        0.00025286        0.00054081
     9.4000000        0.00029506        0.00069871
     9.5000000        0.00024240        0.00060304
     9.6000000        0.00005035        0.00058498
     9.7000000       -0.00000428        0.00052784
     9.8000000       -0.00017756        0.00058376
     9.9000000       -0.00048560        0.00054283
    10.0000000       -0.00006062        0.00074604
    10.1000000       -0.00000083        0.00076727
    10.2000000       -0.00006172        0.00097687
    10.3000000       -0.00031842        0.00086409
    10.4000000       -0.00061170        0.00087285
    10.5000000       -0.00001101        0.00099218
    10.6000000       -0.00010451        0.00072815
    10.7000000       -0.00070460        0.00066280
    10.8000000       -0.00078441        0.00064405
    10.9000000       -0.00108774        0.00056537
    11.0000000       -0.00025785        0.00064377
    11.1000000       -0.00031400        0.00071089
    11.2000000       -0.00021473        0.00066243
    11.3000000       -0.00029439        0.00067180
    11.4000000       -0.00042778        0.00056531
    11.5000000       -0.00015389        0.00053865
    11.6000000       -0.00013750        0.00055709
    11.7000000       -0.00035089        0.00044955
    11.8000000       -0.00054308        0.00052265
    11.9000000       -0.00054005        0.00051998
    12.0000000       -0.00060534        0.00058244
    12.1000000       -0.00056029        0.00067970
    12.2000000       -0.00043791        0.00048789
    12.3000000       -0.00028094        0.00042859
    12.4000000        0.00005267        0.00048943
    12.5000000       -0.00005532        0.00069447
    12.6000000       -0.00049512        0.00063633
    12.7000000       -0.00119419        0.00064776
    12.8000000       -0.00088855        0.00071775
    12.9000000       -0.00073940        0.00068657
    13.0000000       -0.00070983        0.00066588
    13.1000000       -0.00044218        0.00051587
    13.2000000       -0.00021610        0.00052368
    13.3000000        0.00013350        0.00044574
    13.4000000        0.00050297        0.00045108
    13.5000000        0.00063733        0.00041578
    13.6000000        0.00035535        0.00054283
    13.7000000        0.00060665        0.00059832
    13.8000000        0.00023479        0.00045017
    13.9000000        0.00023138        0.00043806
    14.0000000        0.00037719        0.00055464
    14.1000000        0.00102025        0.00048027
    14.2000000        0.00100830        0.00041177
    14.3000000        0.00116102        0.00036196
    14.4000000        0.00111408        0.00048145
    14.5000000        0.00074871        0.00044613
    14.6000000        0.00056107        0.00047733
    14.7000000        0.00041517        0.00050958
    14.8000000        0.00101682        0.00061236
    14.9000000        0.00091732        0.00063948
    15.0000000        0.00111705        0.00065794
    15.1000000        0.00159061        0.00051379
    15.2000000        0.00160255        0.00054212
    15.3000000        0.00118530        0.00055383
    15.4000000        0.00108289        0.00052091
    15.5000000        0.00075816        0.00057488
    15.6000000        0.00085832        0.00057537
    15.7000000        0.00086263        0.00049929
    15.8000000        0.00080809        0.00054488
    15.9000000        0.00072815        0.00047524
    16.0000000        0.00017379        0.00050744
    16.1000000        0.00075355        0.00050079
    16.2000000        0.00106696        0.00043437
    16.3000000        0.00106509        0.00050597
    16.4000000        0.00065380        0.00050225
    16.5000000        0.00058326        0.00060822
    16.6000000        0.00091086        0.00060860
    16.7000000        0.00126568        0.00059716
    16.8000000        0.00163678        0.00047492
    16.9000000        0.00247619        0.00059899
    17.0000000        0.00330586        0.00072437
    17.1000000        0.00398801        0.00075668
    17.2000000        0.00431655        0.00083155
    17.3000000        0.00448179        0.00075951
    17.4000000        0.00567249        0.00077913
    17.5000000        0.00679852        0.00082141
    17.6000000        0.00763790        0.00083472
    17.7000000        0.00932555        0.00074927
    17.8000000        0.01083001        0.00064210
    17.9000000        0.01365275        0.00058275
    18.0000000        0.01683737        0.00056005
    18.1000000        0.02090256        0.00071107
    18.2000000        0.02546738        0.00082876
    18.3000000        0.03044881        0.00097139
    18.4000000        0.03748260        0.00100896
    18.5000000        0.04502115        0.00086283
    18.6000000        0.05571855        0.00084057
    18.7000000        0.06836318        0.00111861
    18.8000000        0.08385558        0.00115408
    18.9000000        0.10269165        0.00143795
    19.0000000        0.12582315        0.00132710
    19.1000000        0.15425686        0.00144750
    19.2000000        0.18994248        0.00166934
    19.3000000        0.23150092        0.00180977
    19.4000000        0.28411616        0.00192333
    19.5000000        0.34966249        0.00223657
    19.6000000        0.42891104        0.00260284
    19.7000000        0.52739570        0.00254988
    19.8000000        0.65154198        0.00256217
    19.9000000        0.80275018        0.00217329
    20.0000000        0.99186067        0.00114075
