         101         161   20.000000000000000                1
     0.0000000        0.39285714        0.00000000
     0.1000000        0.29563399        0.00000000
     0.2000000        0.22394568        0.00000000
     0.3000000        0.17081097        0.00000000
     0.4000000        0.13121037        0.00000000
     0.5000000        0.10152412        0.00000000
     0.6000000        0.07913351        0.00000000
     0.7000000        0.06213748        0.00000000
     0.8000000        0.04915080        0.00000000
     0.9000000        0.03916012        0.00000000
     1.0000000        0.03142097        0.00000000
     1.1000000        0.02538393        0.00000000
     1.2000000        0.02064159        0.00000000
     1.3000000        0.01689033        0.00000000
     1.4000000        0.01390265        0.00000000
     1.5000000        0.01150716        0.00000000
     1.6000000        0.00957399        0.00000000
     1.7000000        0.00800416        0.00000000
     1.8000000        0.00672175        0.00000000
     1.9000000        0.00566818        0.00000000
     2.0000000        0.00479797        0.00000000
     2.1000000        0.00407559        0.00000000
     2.2000000        0.00347309        0.00000000
     2.3000000        0.00296836        0.00000000
     2.4000000        0.00254382        0.00000000
     2.5000000        0.00218537        0.00000000
     2.6000000        0.00188165        0.00000000
     2.7000000        0.00162349        0.00000000
     2.8000000        0.00140339        0.00000000
     2.9000000        0.00121522        0.00000000
     3.0000000        0.00105395        0.00000000
     3.1000000        0.00091541        0.00000000
     3.2000000        0.00079614        0.00000000
     3.3000000        0.00069326        0.00000000
     3.4000000        0.00060436        0.00000000
     3.5000000        0.00052740        0.00000000
     3.6000000        0.00046069        0.00000000
     3.7000000        0.00040277        0.00000000
     3.8000000        0.00035242        0.00000000
     3.9000000        0.00030860        0.00000000
     4.0000000        0.00027042        0.00000000
     4.1000000        0.00023712        0.00000000
     4.2000000        0.00020805        0.00000000
     4.3000000        0.00018265        0.00000000
     4.4000000        0.00016043        0.00000000
     4.5000000        0.00014099        0.00000000
     4.6000000        0.00012397        0.00000000
     4.7000000        0.00010905        0.00000000
     4.8000000        0.00009597        0.00000000
     4.9000000        0.00008449        0.00000000
     5.0000000        0.00007442        0.00000000
     5.1000000        0.00006557        0.00000000
     5.2000000        0.00005779        0.00000000
     5.3000000        0.00005096        0.00000000
     5.4000000        0.00004495        0.00000000
     5.5000000        0.00003966        0.00000000
     5.6000000        0.00003501        0.00000000
     5.7000000        0.00003092        0.00000000
     5.8000000        0.00002731        0.00000000
     5.9000000        0.00002414        0.00000000
     6.0000000        0.00002134        0.00000000
     6.1000000        0.00001887        0.00000000
     6.2000000        0.00001670        0.00000000
     6.3000000        0.00001478        0.00000000
     6.4000000        0.00001309        0.00000000
     6.5000000        0.00001160        0.00000000
     6.6000000        0.00001028        0.00000000
     6.7000000        0.00000912        0.00000000
     6.8000000        0.00000809        0.00000000
     6.9000000        0.00000718        0.00000000
     7.0000000        0.00000638        0.00000000
     7.1000000        0.00000568        0.00000000
     7.2000000        0.00000505        0.00000000
     7.3000000        0.00000450        0.00000000
     7.4000000        0.00000401        0.00000000
     7.5000000        0.00000358        0.00000000
     7.6000000        0.00000320        0.00000000
     7.7000000        0.00000287        0.00000000
     7.8000000        0.00000257        0.00000000
     7.9000000        0.00000230        0.00000000
     8.0000000        0.00000207        0.00000000
     8.1000000        0.00000187        0.00000000
     8.2000000        0.00000168        0.00000000
     8.3000000        0.00000152        0.00000000
     8.4000000        0.00000138        0.00000000
     8.5000000        0.00000126        0.00000000
     8.6000000        0.00000115        0.00000000
     8.7000000        0.00000105        0.00000000
     8.8000000        0.00000097        0.00000000
     8.9000000        0.00000089        0.00000000
     9.0000000        0.00000083        0.00000000
     9.1000000        0.00000077        0.00000000
     9.2000000        0.00000072        0.00000000
     9.3000000        0.00000068        0.00000000
     9.4000000        0.00000065        0.00000000
     9.5000000        0.00000062        0.00000000
     9.6000000        0.00000060        0.00000000
     9.7000000        0.00000058        0.00000000
     9.8000000        0.00000057        0.00000000
     9.9000000        0.00000056        0.00000000
    10.0000000        0.00000056        0.00000000
