     0.0000000        0.83546431        0.00846767
     0.1000000        0.72906886        0.00856759
     0.2000000        0.63813347        0.00825977
     0.3000000        0.56966876        0.00812383
     0.4000000        0.50482077        0.00837752
     0.5000000        0.44795817        0.00880024
     0.6000000        0.40051232        0.00967518
     0.7000000        0.36200946        0.00895888
     0.8000000        0.32820760        0.00792894
     0.9000000        0.30485266        0.00815069
     1.0000000        0.28115233        0.00810527
     1.1000000        0.25551800        0.00655132
     1.2000000        0.23602433        0.00628964
     1.3000000        0.21201196        0.00579507
     1.4000000        0.19479408        0.00514842
     1.5000000        0.18127052        0.00566163
     1.6000000        0.16997016        0.00590714
     1.7000000        0.16287036        0.00932221
     1.8000000        0.14615010        0.00533103
     1.9000000        0.13250647        0.00636053
     2.0000000        0.12137578        0.00630518
     2.1000000        0.10889666        0.00473815
     2.2000000        0.09810967        0.00312593
     2.3000000        0.08660742        0.00440706
     2.4000000        0.07599036        0.00488654
     2.5000000        0.06880589        0.00459384
     2.6000000        0.06473280        0.00421573
     2.7000000        0.05828120        0.00421028
     2.8000000        0.05536679        0.00374286
     2.9000000        0.05108519        0.00322494
     3.0000000        0.04783888        0.00420518
     3.1000000        0.04421409        0.00376630
     3.2000000        0.04198630        0.00356036
     3.3000000        0.03643675        0.00503248
     3.4000000        0.03569428        0.00515682
     3.5000000        0.03214755        0.00537278
     3.6000000        0.03056798        0.00475972
     3.7000000        0.02437365        0.00501846
     3.8000000        0.02196808        0.00495049
     3.9000000        0.02171555        0.00425124
     4.0000000        0.02367283        0.00487394
     4.1000000        0.02222666        0.00611357
     4.2000000        0.01781543        0.00538022
     4.3000000        0.01129254        0.00426876
     4.4000000        0.01139722        0.00383843
     4.5000000        0.00771363        0.00352459
     4.6000000        0.00920385        0.00340306
     4.7000000        0.00698885        0.00421891
     4.8000000        0.00661440        0.00416466
     4.9000000        0.00316983        0.00383286
     5.0000000        0.00547129        0.00461344
     5.1000000        0.00557869        0.00388049
     5.2000000        0.00451688        0.00494064
     5.3000000        0.00029437        0.00517604
     5.4000000        0.00076501        0.00547502
     5.5000000       -0.00053788        0.00612068
     5.6000000       -0.00107265        0.00607052
     5.7000000       -0.00032464        0.00579024
     5.8000000        0.00425592        0.00541485
     5.9000000        0.00513562        0.00518239
     6.0000000        0.00593803        0.00429603
     6.1000000        0.00666997        0.00428693
     6.2000000        0.00362613        0.00499280
     6.3000000        0.00358190        0.00370425
     6.4000000       -0.00199195        0.00508650
     6.5000000        0.00116301        0.00425304
     6.6000000        0.00109668        0.00481610
     6.7000000        0.00172350        0.00538411
     6.8000000        0.00038810        0.00373949
     6.9000000        0.00149616        0.00527603
     7.0000000        0.00082374        0.00493660
     7.1000000        0.00157205        0.00623866
     7.2000000        0.00104692        0.00545800
     7.3000000       -0.00071269        0.00481721
     7.4000000       -0.00482739        0.00482892
     7.5000000       -0.00371676        0.00416906
     7.6000000       -0.00080274        0.00453854
     7.7000000       -0.00203716        0.00400010
     7.8000000       -0.00510622        0.00463360
     7.9000000       -0.00686897        0.00502054
     8.0000000       -0.00670238        0.00539134
     8.1000000       -0.00911875        0.00549500
     8.2000000       -0.00850916        0.00493349
     8.3000000       -0.00972209        0.00407572
     8.4000000       -0.00753305        0.00375750
     8.5000000       -0.00707239        0.00331146
     8.6000000       -0.00657305        0.00312899
     8.7000000       -0.00648069        0.00273934
     8.8000000       -0.00624317        0.00364348
     8.9000000       -0.00739378        0.00331311
     9.0000000       -0.00769929        0.00318198
     9.1000000       -0.00454501        0.00271930
     9.2000000       -0.00634404        0.00304340
     9.3000000       -0.00395399        0.00294689
     9.4000000       -0.00535248        0.00262680
     9.5000000       -0.00672483        0.00289485
     9.6000000       -0.00596068        0.00269212
     9.7000000       -0.00813351        0.00398059
     9.8000000       -0.00683046        0.00328595
     9.9000000       -0.00578499        0.00274094
    10.0000000       -0.00657660        0.00278762
    10.1000000       -0.00526173        0.00243572
    10.2000000       -0.00301817        0.00224070
    10.3000000       -0.00327665        0.00201901
    10.4000000       -0.00335417        0.00216250
    10.5000000       -0.00319076        0.00321184
    10.6000000       -0.00158165        0.00307860
    10.7000000       -0.00225008        0.00375590
    10.8000000       -0.00217746        0.00461074
    10.9000000       -0.00167985        0.00424688
    11.0000000       -0.00236694        0.00436109
    11.1000000       -0.00129909        0.00387983
    11.2000000       -0.00376166        0.00461457
    11.3000000       -0.00434211        0.00470095
    11.4000000       -0.00186341        0.00376976
    11.5000000       -0.00328403        0.00403285
    11.6000000       -0.00575922        0.00494662
    11.7000000       -0.00455139        0.00370011
    11.8000000       -0.00513882        0.00448904
    11.9000000       -0.00344227        0.00392245
    12.0000000       -0.00390145        0.00381530
    12.1000000       -0.00382172        0.00311186
    12.2000000       -0.00461268        0.00373772
    12.3000000       -0.00297194        0.00316185
    12.4000000       -0.00458485        0.00243663
    12.5000000       -0.00480600        0.00248783
    12.6000000       -0.00536334        0.00275382
    12.7000000       -0.00494971        0.00304328
    12.8000000       -0.00601705        0.00330101
    12.9000000       -0.00277252        0.00313734
    13.0000000       -0.00501787        0.00321339
    13.1000000       -0.00551636        0.00318806
    13.2000000       -0.00506917        0.00247656
    13.3000000       -0.00563470        0.00258797
    13.4000000       -0.00236512        0.00328853
    13.5000000       -0.00323494        0.00467906
    13.6000000       -0.00508029        0.00443349
    13.7000000       -0.00509529        0.00360602
    13.8000000       -0.00501763        0.00311520
    13.9000000        0.00166239        0.00658729
    14.0000000        0.00148259        0.00687272
    14.1000000        0.00096828        0.00639337
    14.2000000       -0.00201345        0.00440513
    14.3000000       -0.00482673        0.00332404
    14.4000000       -0.00888983        0.00324533
    14.5000000       -0.00892149        0.00309986
    14.6000000       -0.01299697        0.00900869
    14.7000000       -0.00144022        0.00314274
    14.8000000       -0.00035449        0.00619002
    14.9000000       -0.00358422        0.00475095
    15.0000000       -0.01817695        0.01283854
    15.1000000       -0.01890072        0.01347824
    15.2000000        0.00932231        0.01440671
    15.3000000       -0.00234100        0.00295552
    15.4000000       -0.01742072        0.01570374
    15.5000000       -0.00859931        0.00490953
    15.6000000       -0.01352633        0.01153354
    15.7000000       -0.01695925        0.01462511
    15.8000000       -0.02375926        0.01962239
    15.9000000       -0.01539243        0.01197568
    16.0000000       -0.01430019        0.01215025
    16.1000000       -0.01161809        0.00823823
    16.2000000       -0.01248233        0.00992838
    16.3000000       -0.00780186        0.00783150
    16.4000000        0.00125439        0.00284377
    16.5000000        0.00093248        0.00493831
    16.6000000       -0.00059982        0.00454079
    16.7000000        0.00031687        0.00384654
    16.8000000        0.00107289        0.00427016
    16.9000000        0.00294040        0.00429208
    17.0000000        0.00225496        0.00464387
    17.1000000        0.00205357        0.00419718
    17.2000000       -0.00097209        0.00499907
    17.3000000       -0.00685234        0.01069577
    17.4000000       -0.00543392        0.00606380
    17.5000000       -0.00158270        0.00413970
    17.6000000        0.00154530        0.00370000
    17.7000000        0.00354034        0.00367621
    17.8000000        0.00704565        0.00351601
    17.9000000        0.00450337        0.00328015
    18.0000000        0.00747442        0.00449575
    18.1000000        0.01275070        0.00611348
    18.2000000        0.01308611        0.00688414
    18.3000000        0.01146754        0.00594079
    18.4000000        0.01060014        0.00478012
    18.5000000        0.01508051        0.00652183
    18.6000000        0.01600633        0.00593165
    18.7000000        0.02006420        0.00686016
    18.8000000        0.02136519        0.00715586
    18.9000000        0.02086387        0.00534305
    19.0000000        0.02545013        0.00678686
    19.1000000        0.03241674        0.00783699
    19.2000000        0.03688268        0.00701932
    19.3000000        0.04123186        0.00651274
    19.4000000        0.04922348        0.00696161
    19.5000000        0.05845905        0.00671439
    19.6000000        0.07538534        0.00704321
    19.7000000        0.08643270        0.00580549
    19.8000000        0.09724517        0.00811803
    19.9000000        0.12666811        0.00782163
    20.0000000        0.16453569        0.00846767
