     0.0000000        1.29580376        0.01607803
     0.1000000        1.01697559        0.06290516
     0.2000000        0.82147435        0.03491335
     0.3000000        0.58374377        0.03353493
     0.4000000        0.44112379        0.02228652
     0.5000000        0.34891851        0.02378186
     0.6000000        0.29911649        0.04630826
     0.7000000        0.26792044        0.07789226
     0.8000000        0.33681055        0.16117455
     0.9000000        0.19722331        0.08054052
     1.0000000        0.11787840        0.05491405
     1.1000000        0.18605302        0.11207001
     1.2000000        0.06680129        0.03236464
     1.3000000        0.17722540        0.13214913
     1.4000000        0.27075241        0.25175668
     1.5000000        0.05418127        0.06219980
     1.6000000        0.03312215        0.03563865
     1.7000000        0.05753112        0.06305912
     1.8000000       -0.00146590        0.01941524
     1.9000000       -0.06530211        0.06486735
     2.0000000       -0.07649567        0.09888799
     2.1000000       -0.04520064        0.10941758
     2.2000000        0.03047343        0.02252075
     2.3000000        0.03743033        0.01408225
     2.4000000        0.02061656        0.00830173
     2.5000000        0.01541752        0.01473163
     2.6000000        0.02020829        0.02122467
     2.7000000        0.00810374        0.01538136
     2.8000000        0.05747684        0.04655961
     2.9000000        0.01466764        0.01449802
     3.0000000        0.03404138        0.02797818
     3.1000000        0.00633756        0.00518224
     3.2000000       -0.00407914        0.00686731
     3.3000000        0.00569685        0.00324833
     3.4000000        0.00115126        0.00441327
     3.5000000        0.01058329        0.00815069
     3.6000000        0.01256981        0.00691595
     3.7000000        0.01078308        0.01185811
     3.8000000        0.00346099        0.00442963
     3.9000000       -0.00406247        0.00491506
     4.0000000       -0.00330021        0.00378201
     4.1000000       -0.00945032        0.00619633
     4.2000000       -0.00795688        0.00759849
     4.3000000       -0.00180007        0.00240773
     4.4000000       -0.00442766        0.00607495
     4.5000000       -0.00192663        0.00223179
     4.6000000       -0.00304604        0.00524432
     4.7000000       -0.00103063        0.00133744
     4.8000000       -0.00373857        0.00249722
     4.9000000       -0.00468634        0.00453492
     5.0000000       -0.00958480        0.01017880
     5.1000000       -0.01839458        0.02027042
     5.2000000        0.00284960        0.00226773
     5.3000000       -0.00053177        0.00144135
     5.4000000       -0.01869363        0.01702858
     5.5000000       -0.00734473        0.00653391
     5.6000000       -0.01613675        0.01436821
     5.7000000        0.00811142        0.00822873
     5.8000000        0.00266624        0.00309226
     5.9000000        0.00215361        0.00149294
     6.0000000        0.00395955        0.00267638
     6.1000000        0.00412570        0.00476013
     6.2000000        0.00374492        0.00449823
     6.3000000        0.00061375        0.00251934
     6.4000000       -0.00239650        0.00833191
     6.5000000        0.01292494        0.00859529
     6.6000000        0.00764303        0.01953595
     6.7000000       -0.01878107        0.02129583
     6.8000000        0.00832437        0.00759221
     6.9000000       -0.02488916        0.02479205
     7.0000000        0.00118345        0.00401357
     7.1000000       -0.03628393        0.03044140
     7.2000000       -0.01037070        0.01632899
     7.3000000       -0.03634175        0.03751594
     7.4000000       -0.02216209        0.01607246
     7.5000000       -0.00085768        0.00844678
     7.6000000        0.00168668        0.01140267
     7.7000000       -0.00503425        0.00963426
     7.8000000        0.00015019        0.01674754
     7.9000000        0.01591720        0.00634962
     8.0000000        0.02655497        0.01616440
     8.1000000        0.04586615        0.02690113
     8.2000000        0.02080486        0.01451638
     8.3000000        0.03614850        0.01826285
     8.4000000        0.01240434        0.01124587
     8.5000000        0.01128093        0.00802233
     8.6000000       -0.00280753        0.00512949
     8.7000000        0.02248807        0.01355069
     8.8000000        0.00038219        0.01556408
     8.9000000        0.03775221        0.00890531
     9.0000000        0.06313308        0.01663151
     9.1000000        0.09544857        0.02318010
     9.2000000        0.11312491        0.01331792
     9.3000000        0.20445774        0.02605089
     9.4000000        0.23713731        0.02038169
     9.5000000        0.35519039        0.01615227
     9.6000000        0.48579968        0.03202492
     9.7000000        0.58665963        0.01273048
     9.8000000        0.77639412        0.03150070
     9.9000000        1.04780079        0.04868028
    10.0000000        1.29580376        0.01607803
