     0.0000000        0.60560452        0.01637288
     0.1000000        0.52434718        0.02453074
     0.2000000        0.40641253        0.05570567
     0.3000000        0.40836100        0.02406884
     0.4000000        0.31828103        0.05761756
     0.5000000        0.32347509        0.02119709
     0.6000000        0.29964467        0.01537891
     0.7000000        0.28654415        0.01249134
     0.8000000        0.24344229        0.01893829
     0.9000000        0.25072254        0.02037129
     1.0000000        0.23902742        0.03069442
     1.1000000        0.19658304        0.03246952
     1.2000000        0.10165588        0.05188037
     1.3000000        0.10145299        0.03133425
     1.4000000        0.10930984        0.05682303
     1.5000000       -0.05350585        0.11768974
     1.6000000        0.02605507        0.05101362
     1.7000000        0.09235624        0.03953278
     1.8000000        0.11968981        0.01916264
     1.9000000        0.12570830        0.01990421
     2.0000000        0.13101271        0.02457504
     2.1000000        0.15585232        0.05036580
     2.2000000        0.14337286        0.02991037
     2.3000000        0.08294331        0.04687009
     2.4000000        0.10945501        0.02421954
     2.5000000        0.14058626        0.05358271
     2.6000000        0.15669389        0.02339825
     2.7000000        0.16818637        0.02552512
     2.8000000        0.14316707        0.01305190
     2.9000000        0.12535825        0.01611862
     3.0000000        0.14604568        0.02389243
     3.1000000        0.20948116        0.03188136
     3.2000000        0.24840063        0.01896690
     3.3000000        0.28929948        0.01646038
     3.4000000        0.31014716        0.00920884
     3.5000000        0.33445929        0.00790648
     3.6000000        0.38594939        0.00644017
     3.7000000        0.39696229        0.02363132
     3.8000000        0.41603069        0.05046838
     3.9000000        0.52204216        0.02251717
     4.0000000        0.60560452        0.01637288
