     0.0000000        0.02199444        0.00228474
     0.1000000        0.01749550        0.00174777
     0.2000000        0.01228016        0.00157227
     0.3000000        0.00840789        0.00136193
     0.4000000        0.00553158        0.00157320
     0.5000000        0.00418076        0.00197992
     0.6000000        0.00343351        0.00213705
     0.7000000        0.00158068        0.00207189
     0.8000000        0.00111287        0.00186118
     0.9000000       -0.00142666        0.00305391
     1.0000000       -0.00245416        0.00188695
     1.1000000       -0.00147250        0.00149615
     1.2000000       -0.00047645        0.00120189
     1.3000000        0.00041030        0.00154522
     1.4000000       -0.00080073        0.00153964
     1.5000000        0.00190555        0.00201810
     1.6000000        0.00220797        0.00205503
     1.7000000        0.00037239        0.00227579
     1.8000000        0.00000013        0.00270567
     1.9000000        0.00034529        0.00237338
     2.0000000       -0.00078895        0.00196179
     2.1000000        0.00027366        0.00200787
     2.2000000       -0.00018562        0.00133935
     2.3000000        0.00093480        0.00102409
     2.4000000        0.00044468        0.00112605
     2.5000000       -0.00084904        0.00117965
     2.6000000       -0.00004124        0.00154984
     2.7000000       -0.00018446        0.00150039
     2.8000000        0.00337140        0.00149897
     2.9000000        0.00341974        0.00171985
     3.0000000        0.00259223        0.00110126
     3.1000000        0.00228514        0.00114417
     3.2000000        0.00150041        0.00103806
     3.3000000        0.00175741        0.00117269
     3.4000000        0.00308565        0.00157283
     3.5000000        0.00270251        0.00146603
     3.6000000        0.00276560        0.00159937
     3.7000000       -0.00056882        0.00202280
     3.8000000       -0.00143044        0.00249530
     3.9000000       -0.00195345        0.00300453
     4.0000000       -0.00128763        0.00175388
     4.1000000       -0.00139760        0.00133444
     4.2000000       -0.00113728        0.00128171
     4.3000000       -0.00141842        0.00105297
     4.4000000       -0.00015810        0.00109283
     4.5000000       -0.00061433        0.00119330
     4.6000000       -0.00063236        0.00168134
     4.7000000        0.00009496        0.00159784
     4.8000000       -0.00080564        0.00185822
     4.9000000       -0.00079953        0.00138957
     5.0000000       -0.00058159        0.00146357
     5.1000000        0.00056321        0.00141849
     5.2000000        0.00043381        0.00087276
     5.3000000       -0.00015037        0.00118619
     5.4000000       -0.00039308        0.00130401
     5.5000000       -0.00126612        0.00101557
     5.6000000       -0.00159686        0.00092599
     5.7000000        0.00085021        0.00094055
     5.8000000        0.00130972        0.00135100
     5.9000000        0.00021401        0.00143187
     6.0000000       -0.00210593        0.00127739
     6.1000000       -0.00189954        0.00158759
     6.2000000       -0.00370085        0.00268765
     6.3000000       -0.00190819        0.00148004
     6.4000000        0.00170909        0.00186071
     6.5000000        0.00117821        0.00198028
     6.6000000       -0.00088103        0.00153668
     6.7000000        0.00116979        0.00139181
     6.8000000        0.00059361        0.00111325
     6.9000000        0.00039394        0.00149871
     7.0000000        0.00021966        0.00122146
     7.1000000        0.00031708        0.00087394
     7.2000000        0.00068593        0.00094805
     7.3000000        0.00010298        0.00104362
     7.4000000        0.00302767        0.00165659
     7.5000000        0.00177657        0.00199387
     7.6000000        0.00248239        0.00247761
     7.7000000        0.00101071        0.00175402
     7.8000000       -0.00116353        0.00117878
     7.9000000        0.00238890        0.00139366
     8.0000000        0.00293254        0.00191519
     8.1000000        0.00478133        0.00251830
     8.2000000        0.00368986        0.00150214
     8.3000000        0.00274103        0.00147141
     8.4000000        0.00232389        0.00132271
     8.5000000        0.00229849        0.00160811
     8.6000000        0.00064951        0.00242996
     8.7000000        0.00260885        0.00117531
     8.8000000        0.00530222        0.00326424
     8.9000000        0.00428883        0.00508051
     9.0000000        0.00200057        0.00328313
     9.1000000        0.00053385        0.00205772
     9.2000000       -0.00303415        0.00157824
     9.3000000       -0.00504581        0.00338819
     9.4000000       -0.00317052        0.00177345
     9.5000000        0.00100244        0.00231431
     9.6000000       -0.00061323        0.00128213
     9.7000000        0.00127315        0.00310708
     9.8000000        0.00183366        0.00222656
     9.9000000       -0.00307844        0.00514036
    10.0000000       -0.00095776        0.00278516
    10.1000000       -0.00409423        0.00308591
    10.2000000       -0.00455297        0.00318966
    10.3000000       -0.00511212        0.00370596
    10.4000000       -0.00430538        0.00241516
    10.5000000       -0.00352391        0.00278987
    10.6000000       -0.00173988        0.00123594
    10.7000000        0.00085723        0.00146486
    10.8000000       -0.00003745        0.00149111
    10.9000000        0.00083006        0.00151422
    11.0000000        0.00112322        0.00156534
    11.1000000       -0.00026252        0.00172383
    11.2000000       -0.00091150        0.00174472
    11.3000000        0.00096103        0.00130468
    11.4000000       -0.00056916        0.00176544
    11.5000000        0.00091806        0.00170023
    11.6000000       -0.00063866        0.00154070
    11.7000000       -0.00057789        0.00166385
    11.8000000        0.00091892        0.00138068
    11.9000000        0.00196723        0.00161467
    12.0000000        0.00082545        0.00136562
    12.1000000        0.00104250        0.00122608
    12.2000000       -0.00026881        0.00170393
    12.3000000       -0.00150695        0.00124082
    12.4000000        0.00024661        0.00090147
    12.5000000        0.00102593        0.00159486
    12.6000000       -0.00104609        0.00246616
    12.7000000       -0.00133577        0.00221898
    12.8000000        0.00060572        0.00176692
    12.9000000        0.00213378        0.00191806
    13.0000000        0.00012298        0.00132307
    13.1000000        0.00269685        0.00191437
    13.2000000        0.00181475        0.00194355
    13.3000000        0.00019472        0.00105685
    13.4000000        0.00059818        0.00103354
    13.5000000        0.00081318        0.00107596
    13.6000000        0.00043978        0.00092330
    13.7000000       -0.00105737        0.00103527
    13.8000000       -0.00009772        0.00139654
    13.9000000        0.00179305        0.00129196
    14.0000000        0.00012286        0.00110462
    14.1000000       -0.00177565        0.00111430
    14.2000000       -0.00255688        0.00156586
    14.3000000       -0.00192915        0.00154753
    14.4000000       -0.00430988        0.00186728
    14.5000000       -0.00315681        0.00204118
    14.6000000       -0.00024689        0.00153025
    14.7000000       -0.00086527        0.00139007
    14.8000000        0.00185169        0.00184859
    14.9000000        0.00275102        0.00132084
    15.0000000        0.00321512        0.00115937
    15.1000000        0.00291119        0.00116474
    15.2000000        0.00078579        0.00156792
    15.3000000        0.00137075        0.00137529
    15.4000000        0.00192468        0.00135503
    15.5000000        0.00365268        0.00189308
    15.6000000        0.00403457        0.00224062
    15.7000000        0.00186549        0.00176465
    15.8000000        0.00231533        0.00164601
    15.9000000        0.00179920        0.00166536
    16.0000000        0.00243275        0.00136437
    16.1000000        0.00194063        0.00140367
    16.2000000        0.00219774        0.00245526
    16.3000000        0.00237056        0.00270620
    16.4000000        0.00245641        0.00313786
    16.5000000       -0.00073974        0.00327531
    16.6000000        0.00083062        0.00160676
    16.7000000        0.00200026        0.00156539
    16.8000000        0.00256970        0.00131143
    16.9000000        0.00433535        0.00128651
    17.0000000        0.00441098        0.00153685
    17.1000000        0.00506402        0.00158932
    17.2000000        0.00414589        0.00189254
    17.3000000        0.00267214        0.00142510
    17.4000000        0.00072124        0.00164292
    17.5000000        0.00134496        0.00178089
    17.6000000        0.00152260        0.00194485
    17.7000000        0.00259611        0.00182526
    17.8000000        0.00114462        0.00173833
    17.9000000       -0.00119987        0.00175319
    18.0000000       -0.00003089        0.00121624
    18.1000000        0.00079899        0.00119743
    18.2000000        0.00239328        0.00144735
    18.3000000        0.00303421        0.00085342
    18.4000000        0.00397408        0.00198952
    18.5000000        0.00756637        0.00201457
    18.6000000        0.01202883        0.00215247
    18.7000000        0.01858438        0.00188242
    18.8000000        0.02470341        0.00274981
    18.9000000        0.03266195        0.00211573
    19.0000000        0.04082377        0.00266427
    19.1000000        0.05479088        0.00216932
    19.2000000        0.07284142        0.00272506
    19.3000000        0.10114923        0.00267405
    19.4000000        0.13875007        0.00222889
    19.5000000        0.18856290        0.00299765
    19.6000000        0.26164278        0.00381596
    19.7000000        0.36655539        0.00488535
    19.8000000        0.50670052        0.00425410
    19.9000000        0.70285000        0.00377688
    20.0000000        0.97800556        0.00228474
