     0.0000000        0.03644458        0.01652215
     0.1000000        0.00521354        0.03822302
     0.2000000        0.00759056        0.03021151
     0.3000000        0.02096606        0.01669849
     0.4000000        0.02197768        0.02930322
     0.5000000        0.00776601        0.04095272
     0.6000000       -0.03515888        0.10314369
     0.7000000        0.07009114        0.02858406
     0.8000000        0.16580850        0.16665884
     0.9000000        0.06031789        0.04716038
     1.0000000        0.08395085        0.03026376
     1.1000000        0.05316864        0.03664403
     1.2000000        0.02662183        0.02732897
     1.3000000       -0.00606207        0.06968820
     1.4000000       -0.19117281        0.21045882
     1.5000000       -0.03384617        0.08458255
     1.6000000       -0.01474751        0.02731077
     1.7000000       -0.03740753        0.06067883
     1.8000000        0.02138866        0.03583018
     1.9000000        0.08147583        0.09019017
     2.0000000        0.17419888        0.19222141
     2.1000000       -0.04500611        0.08522001
     2.2000000        0.01433138        0.01732024
     2.3000000        0.03937830        0.02139192
     2.4000000        0.02323426        0.01098139
     2.5000000       -0.00336475        0.01108012
     2.6000000        0.00361535        0.02363069
     2.7000000        0.01321328        0.05274582
     2.8000000       -0.03855262        0.04601853
     2.9000000       -0.01936962        0.02143315
     3.0000000       -0.01788703        0.02833347
     3.1000000        0.02957641        0.02933834
     3.2000000        0.01343229        0.01535114
     3.3000000        0.00332204        0.00539868
     3.4000000        0.00235211        0.00338870
     3.5000000        0.00814373        0.00722720
     3.6000000       -0.00042890        0.00671415
     3.7000000       -0.00662296        0.00848730
     3.8000000       -0.02162631        0.02240391
     3.9000000       -0.06415308        0.06519600
     4.0000000       -0.00167979        0.00350876
     4.1000000       -0.00345482        0.00624880
     4.2000000       -0.00484753        0.00542844
     4.3000000       -0.00130864        0.00285088
     4.4000000       -0.00377996        0.00597468
     4.5000000       -0.00358719        0.00636182
     4.6000000       -0.00262623        0.00456616
     4.7000000       -0.00130028        0.00490526
     4.8000000        0.00317128        0.00211053
     4.9000000        0.00342517        0.00184988
     5.0000000        0.00750685        0.00536292
     5.1000000        0.01372639        0.01304876
     5.2000000       -0.00047868        0.00177724
     5.3000000        0.00076177        0.00219405
     5.4000000       -0.00532211        0.00649004
     5.5000000        0.00145813        0.00140817
     5.6000000        0.00006244        0.00235561
     5.7000000        0.01345416        0.01295748
     5.8000000        0.00345442        0.00434386
     5.9000000       -0.00234326        0.00114157
     6.0000000       -0.00495562        0.00243152
     6.1000000       -0.00586845        0.00378981
     6.2000000       -0.00143568        0.00314066
     6.3000000       -0.00242641        0.00341379
     6.4000000       -0.00965674        0.01280953
     6.5000000       -0.00563815        0.02008236
     6.6000000        0.01397421        0.02647150
     6.7000000       -0.00549725        0.01156761
     6.8000000        0.00522145        0.00293125
     6.9000000       -0.00346950        0.01272638
     7.0000000        0.00776616        0.00549260
     7.1000000        0.00088937        0.01790292
     7.2000000        0.01832819        0.01014432
     7.3000000        0.01536921        0.01018908
     7.4000000        0.01491810        0.00990686
     7.5000000       -0.00086872        0.00699896
     7.6000000        0.01584834        0.00956167
     7.7000000        0.00347658        0.00906403
     7.8000000        0.00106333        0.02757083
     7.9000000        0.00361862        0.02122503
     8.0000000        0.03292086        0.01358582
     8.1000000        0.03332302        0.03332885
     8.2000000        0.00197049        0.02264085
     8.3000000       -0.00600981        0.03305891
     8.4000000       -0.01101332        0.01627241
     8.5000000        0.00564437        0.01573657
     8.6000000       -0.01366991        0.02204052
     8.7000000        0.00252220        0.01445416
     8.8000000        0.00067160        0.02802615
     8.9000000       -0.01330160        0.03442315
     9.0000000       -0.05720143        0.07034197
     9.1000000       -0.02805926        0.03094909
     9.2000000        0.00822772        0.02047628
     9.3000000        0.05685344        0.03484053
     9.4000000        0.03432253        0.01909029
     9.5000000        0.01548176        0.04419478
     9.6000000        0.00946682        0.03401711
     9.7000000        0.01382035        0.02483600
     9.8000000        0.00580120        0.03244334
     9.9000000        0.00043952        0.02404008
    10.0000000        0.03644458        0.01652215
