     0.0000000        0.72718076        0.00133457
     0.1250000        0.64635984        0.00159454
     0.2500000        0.58519834        0.00248246
     0.3750000        0.54515251        0.00450924
     0.5000000        0.50739346        0.00566557
     0.6250000        0.47112660        0.00579660
     0.7500000        0.45816067        0.00739681
     0.8750000        0.46291374        0.00833192
     1.0000000        0.44051485        0.00763549
     1.1250000        0.44376472        0.00946799
     1.2500000        0.46683488        0.00792841
     1.3750000        0.48223978        0.00794268
     1.5000000        0.51020275        0.00556877
     1.6250000        0.54257376        0.00445493
     1.7500000        0.58292249        0.00269445
     1.8750000        0.64789999        0.00193277
     2.0000000        0.72718076        0.00133457
