     0.0000000        1.79942543        0.00824525
     0.1000000        1.66084327        0.00825149
     0.2000000        1.55592343        0.00825635
     0.3000000        1.47478011        0.00831787
     0.4000000        1.41017296        0.00838017
     0.5000000        1.35730167        0.00850841
     0.6000000        1.31405086        0.00856065
     0.7000000        1.27720789        0.00860738
     0.8000000        1.24636892        0.00863509
     0.9000000        1.22066042        0.00873141
     1.0000000        1.19883093        0.00876995
     1.1000000        1.17990474        0.00877041
     1.2000000        1.16444094        0.00877154
     1.3000000        1.15159392        0.00876975
     1.4000000        1.14037316        0.00878606
     1.5000000        1.13171274        0.00877122
     1.6000000        1.12567875        0.00880344
     1.7000000        1.12070207        0.00885186
     1.8000000        1.11660187        0.00895199
     1.9000000        1.11392512        0.00897925
     2.0000000        1.11352570        0.00892953
     2.1000000        1.11409612        0.00893486
     2.2000000        1.11568793        0.00896707
     2.3000000        1.11968955        0.00900363
     2.4000000        1.12490623        0.00896687
     2.5000000        1.13241649        0.00892978
     2.6000000        1.14105444        0.00880879
     2.7000000        1.15260499        0.00874826
     2.8000000        1.16653222        0.00865022
     2.9000000        1.18264923        0.00866098
     3.0000000        1.20228397        0.00865442
     3.1000000        1.22451938        0.00860017
     3.2000000        1.25135846        0.00855003
     3.3000000        1.28273520        0.00851578
     3.4000000        1.31828804        0.00843973
     3.5000000        1.36064185        0.00845361
     3.6000000        1.41215071        0.00836951
     3.7000000        1.47654710        0.00830557
     3.8000000        1.55759503        0.00826153
     3.9000000        1.66200961        0.00823607
     4.0000000        1.79942543        0.00824525
