     0.0000000        0.06216572        0.00397525
     0.1000000        0.04093576        0.00314605
     0.2000000        0.02823663        0.00263945
     0.3000000        0.01883502        0.00194106
     0.4000000        0.01181515        0.00108451
     0.5000000        0.00800911        0.00105994
     0.6000000        0.00547036        0.00126012
     0.7000000        0.00411390        0.00131647
     0.8000000        0.00331266        0.00127008
     0.9000000        0.00183466        0.00106366
     1.0000000        0.00193715        0.00106406
     1.1000000        0.00171140        0.00071286
     1.2000000        0.00180813        0.00094418
     1.3000000        0.00184742        0.00094852
     1.4000000        0.00159621        0.00090023
     1.5000000        0.00098254        0.00079033
     1.6000000        0.00000383        0.00076786
     1.7000000       -0.00085707        0.00101385
     1.8000000       -0.00138939        0.00087897
     1.9000000       -0.00172693        0.00087124
     2.0000000       -0.00167565        0.00099669
     2.1000000       -0.00160336        0.00112738
     2.2000000       -0.00112634        0.00100111
     2.3000000       -0.00073418        0.00098325
     2.4000000        0.00014656        0.00093447
     2.5000000        0.00090701        0.00085735
     2.6000000        0.00076560        0.00117507
     2.7000000        0.00021153        0.00121107
     2.8000000       -0.00000177        0.00094572
     2.9000000       -0.00016083        0.00079703
     3.0000000       -0.00002149        0.00073779
     3.1000000        0.00017062        0.00046694
     3.2000000        0.00065520        0.00040535
     3.3000000        0.00045266        0.00064867
     3.4000000        0.00045078        0.00068099
     3.5000000        0.00017161        0.00058193
     3.6000000        0.00025023        0.00062784
     3.7000000        0.00017918        0.00062342
     3.8000000        0.00002489        0.00076999
     3.9000000        0.00015325        0.00073843
     4.0000000        0.00020002        0.00051998
     4.1000000        0.00035090        0.00110006
     4.2000000       -0.00008940        0.00115214
     4.3000000        0.00028264        0.00142631
     4.4000000        0.00069352        0.00122669
     4.5000000        0.00045717        0.00081625
     4.6000000        0.00028203        0.00064377
     4.7000000        0.00050987        0.00081547
     4.8000000        0.00068422        0.00054246
     4.9000000        0.00051813        0.00064280
     5.0000000        0.00060883        0.00056367
     5.1000000        0.00092124        0.00089545
     5.2000000        0.00080213        0.00085775
     5.3000000        0.00115074        0.00095569
     5.4000000        0.00162483        0.00130497
     5.5000000        0.00130931        0.00173250
     5.6000000        0.00171416        0.00199695
     5.7000000        0.00149343        0.00192170
     5.8000000        0.00137947        0.00199312
     5.9000000        0.00143454        0.00182123
     6.0000000        0.00166624        0.00194873
     6.1000000        0.00180730        0.00201596
     6.2000000        0.00082514        0.00154027
     6.3000000        0.00037497        0.00135344
     6.4000000       -0.00018159        0.00111740
     6.5000000        0.00023496        0.00099464
     6.6000000        0.00048065        0.00062325
     6.7000000        0.00038122        0.00058146
     6.8000000        0.00063615        0.00053373
     6.9000000        0.00019476        0.00041061
     7.0000000       -0.00014082        0.00079785
     7.1000000       -0.00038845        0.00122821
     7.2000000       -0.00021772        0.00150973
     7.3000000       -0.00000216        0.00136846
     7.4000000       -0.00046439        0.00158424
     7.5000000       -0.00067709        0.00122743
     7.6000000        0.00008209        0.00092105
     7.7000000        0.00009631        0.00103923
     7.8000000       -0.00027176        0.00124488
     7.9000000        0.00016710        0.00111717
     8.0000000        0.00001354        0.00098315
     8.1000000        0.00026928        0.00080405
     8.2000000        0.00033949        0.00096480
     8.3000000        0.00086725        0.00107951
     8.4000000        0.00130962        0.00135247
     8.5000000        0.00124436        0.00139695
     8.6000000        0.00116594        0.00104887
     8.7000000        0.00168523        0.00082489
     8.8000000        0.00129920        0.00090503
     8.9000000        0.00161646        0.00107928
     9.0000000        0.00230278        0.00130830
     9.1000000        0.00296760        0.00131313
     9.2000000        0.00352834        0.00155410
     9.3000000        0.00552078        0.00190227
     9.4000000        0.00879795        0.00261153
     9.5000000        0.01127166        0.00297668
     9.6000000        0.01414350        0.00336503
     9.7000000        0.01853515        0.00370178
     9.8000000        0.02594958        0.00390209
     9.9000000        0.03924922        0.00383602
    10.0000000        0.06216572        0.00397525
