     0.0000000        0.32362932        0.00416777
     0.1000000        0.32362932        0.00416777
     0.2000000        0.32362932        0.00416777
     0.3000000        0.32362932        0.00416777
     0.4000000        0.32362932        0.00416777
     0.5000000        0.32362932        0.00416777
     0.6000000        0.32362932        0.00416777
     0.7000000        0.32362932        0.00416777
     0.8000000        0.32362932        0.00416777
     0.9000000        0.32362932        0.00416777
     1.0000000        0.32362932        0.00416777
     1.1000000        0.32362932        0.00416777
     1.2000000        0.32362932        0.00416777
     1.3000000        0.32362932        0.00416777
     1.4000000        0.32362932        0.00416777
     1.5000000        0.32362932        0.00416777
     1.6000000        0.32362932        0.00416777
     1.7000000        0.32362932        0.00416777
     1.8000000        0.32362932        0.00416777
     1.9000000        0.32362932        0.00416777
     2.0000000        0.32362932        0.00416777
     2.1000000        0.32362932        0.00416777
     2.2000000        0.32362932        0.00416777
     2.3000000        0.32362932        0.00416777
     2.4000000        0.32362932        0.00416777
     2.5000000        0.32362932        0.00416777
     2.6000000        0.32362932        0.00416777
     2.7000000        0.32362932        0.00416777
     2.8000000        0.32362932        0.00416777
     2.9000000        0.32362932        0.00416777
     3.0000000        0.32362932        0.00416777
     3.1000000        0.32362932        0.00416777
     3.2000000        0.32362932        0.00416777
     3.3000000        0.32362932        0.00416777
     3.4000000        0.32362932        0.00416777
     3.5000000        0.32362932        0.00416777
     3.6000000        0.32362932        0.00416777
     3.7000000        0.32362932        0.00416777
     3.8000000        0.32362932        0.00416777
     3.9000000        0.32362932        0.00416777
     4.0000000        0.32362932        0.00416777
