     0.0000000       -1.79743192        2.00916285
     0.1000000       -0.45815827        0.58422793
     0.2000000       -2.11999077        2.38039853
     0.3000000       -2.92458965        3.24505586
     0.4000000       -1.58446966        1.75115157
     0.5000000       -2.72377261        3.01467832
     0.6000000       -1.76036352        2.18689052
     0.7000000       -2.11603903        2.74207892
     0.8000000       -1.42447456        1.51921533
     0.9000000       -0.39432652        0.53849880
     1.0000000       -0.57481773        0.69716574
     1.1000000       -0.29145696        0.32613470
     1.2000000        0.04286641        0.12983467
     1.3000000       -0.06947484        0.24434283
     1.4000000        0.12589910        0.11069297
     1.5000000        0.15136035        0.08722482
     1.6000000        0.05451850        0.07266503
     1.7000000       -0.08687691        0.11894086
     1.8000000        0.02831025        0.09182722
     1.9000000       -0.04794485        0.14930491
     2.0000000       -0.04174269        0.02821249
     2.1000000       -0.06273241        0.03862987
     2.2000000       -0.35055073        0.32150548
     2.3000000       -0.10722487        0.13082611
     2.4000000       -0.18863936        0.25913141
     2.5000000       -0.07640566        0.11870072
     2.6000000        0.02127289        0.08442824
     2.7000000       -0.00103745        0.03459686
     2.8000000        0.03467609        0.05722295
     2.9000000        0.03300232        0.02790805
     3.0000000        0.07218348        0.04543073
     3.1000000        0.05821205        0.03734949
     3.2000000        0.03612821        0.03773520
     3.3000000        0.02777179        0.02985600
     3.4000000        0.05482276        0.05857534
     3.5000000        0.02098568        0.03517707
     3.6000000       -0.01947876        0.03870688
     3.7000000       -0.01409870        0.04802161
     3.8000000        0.03635776        0.07161963
     3.9000000       -0.02376627        0.04215361
     4.0000000       -0.02740672        0.03604808
     4.1000000        0.01178023        0.02233769
     4.2000000       -0.01551357        0.09580971
     4.3000000       -0.21805570        0.45588838
     4.4000000       -0.76889936        0.88376065
     4.5000000       -1.05498660        1.16765655
     4.6000000       -0.38937356        0.40102443
     4.7000000       -0.08997737        0.07728432
     4.8000000       -0.18947804        0.21228533
     4.9000000       -0.10123159        0.10300664
     5.0000000       -0.04164227        0.03709832
     5.1000000       -0.01013644        0.01939159
     5.2000000       -0.00663279        0.02477167
     5.3000000        0.03536990        0.10438209
     5.4000000       -0.05599920        0.15761765
     5.5000000        0.09061888        0.09552608
     5.6000000        0.03453421        0.03269623
     5.7000000       -0.00884182        0.06929140
     5.8000000        0.02738160        0.04294796
     5.9000000        0.01696590        0.05454982
     6.0000000       -0.00394659        0.03281786
     6.1000000        0.06604851        0.05438469
     6.2000000        0.08509442        0.03996572
     6.3000000        0.09150809        0.04890381
     6.4000000        0.02541918        0.05069978
     6.5000000        0.19306938        0.15842201
     6.6000000        0.34304311        0.32203877
     6.7000000        0.07333033        0.11422121
     6.8000000        0.37985779        0.40242361
     6.9000000        0.14421525        0.24315167
     7.0000000        0.02509662        0.35382317
     7.1000000       -0.20913891        0.70868424
     7.2000000       -0.48867324        0.35132111
     7.3000000       -0.10627145        0.23169492
     7.4000000       -0.25311857        0.23850170
     7.5000000       -0.40406367        0.34169196
     7.6000000       -0.80097936        0.80024009
     7.7000000       -1.94799319        2.00943089
     7.8000000       -0.53849344        0.52318772
     7.9000000       -0.15241963        0.18118437
     8.0000000        0.05601081        0.08252133
     8.1000000       -0.02482891        0.23741513
     8.2000000       -0.00770015        0.14361969
     8.3000000        0.11310996        0.12537615
     8.4000000       -0.25799501        0.38405180
     8.5000000        0.18580281        0.28641186
     8.6000000       -0.05824065        0.06571001
     8.7000000       -0.00859210        0.02923933
     8.8000000        0.07192329        0.09913195
     8.9000000        0.14021702        0.12096144
     9.0000000        0.06756616        0.11530410
     9.1000000        0.10517996        0.07350562
     9.2000000        0.06256640        0.04718287
     9.3000000        0.10238601        0.07361986
     9.4000000        0.02225771        0.05842859
     9.5000000        0.06371287        0.06511631
     9.6000000        0.11209289        0.21170803
     9.7000000       -0.12187044        0.15814714
     9.8000000       -1.21181316        1.25713107
     9.9000000       -1.14104125        1.22441601
    10.0000000       -1.79743192        2.00916285
