     0.0000000        1.28653574        0.06076328
     0.1000000        0.96413281        0.08902691
     0.2000000        0.86531461        0.03881094
     0.3000000        0.68876321        0.03060370
     0.4000000        0.54723550        0.02577167
     0.5000000        0.43680613        0.03449578
     0.6000000        0.40847318        0.04079156
     0.7000000        0.38424885        0.07646254
     0.8000000        0.45927414        0.17431086
     0.9000000        0.30616134        0.08799772
     1.0000000        0.22933067        0.05918771
     1.1000000        0.29774102        0.13889006
     1.2000000        0.14199642        0.04012803
     1.3000000        0.22143498        0.15622125
     1.4000000        0.40069685        0.34833473
     1.5000000        0.14786702        0.12386446
     1.6000000        0.06507515        0.04510763
     1.7000000        0.12553647        0.06592237
     1.8000000        0.03384790        0.01635691
     1.9000000        0.02643813        0.01977555
     2.0000000        0.00543827        0.02590380
     2.1000000       -0.00404152        0.04535856
     2.2000000        0.00642189        0.07401853
     2.3000000        0.02381272        0.03193963
     2.4000000        0.01656959        0.01810764
     2.5000000        0.01709966        0.01871239
     2.6000000       -0.00117703        0.02697221
     2.7000000        0.03003745        0.02890975
     2.8000000        0.07584513        0.05357769
     2.9000000        0.03737855        0.02710063
     3.0000000        0.04562738        0.04261558
     3.1000000        0.00995545        0.01724136
     3.2000000       -0.00648786        0.01264879
     3.3000000       -0.00383371        0.00490241
     3.4000000       -0.00714014        0.00592447
     3.5000000       -0.01489052        0.01155328
     3.6000000        0.00262253        0.00430940
     3.7000000       -0.01395753        0.01572632
     3.8000000        0.00272015        0.00936371
     3.9000000        0.01092982        0.01302700
     4.0000000        0.00111925        0.00368808
     4.1000000       -0.00220046        0.00690841
     4.2000000       -0.00395862        0.00302773
     4.3000000       -0.00137315        0.00172204
     4.4000000       -0.00331430        0.00301333
     4.5000000        0.00079064        0.00202846
     4.6000000       -0.00351524        0.00294619
     4.7000000        0.00218041        0.00331090
     4.8000000       -0.00329269        0.00167869
     4.9000000       -0.00215938        0.00214313
     5.0000000       -0.00274450        0.00507946
     5.1000000       -0.00735083        0.01034772
     5.2000000       -0.00388491        0.00581451
     5.3000000        0.00151377        0.00116430
     5.4000000       -0.00289460        0.00378228
     5.5000000       -0.00221924        0.00117204
     5.6000000       -0.00159698        0.00117026
     5.7000000        0.01091718        0.00892959
     5.8000000        0.00264292        0.00338579
     5.9000000        0.00023951        0.00275463
     6.0000000       -0.00273954        0.00564631
     6.1000000        0.00355408        0.00656521
     6.2000000        0.00208526        0.00411694
     6.3000000       -0.00115068        0.00366559
     6.4000000       -0.01050563        0.01104516
     6.5000000       -0.00091532        0.01190751
     6.6000000        0.01658661        0.02071711
     6.7000000       -0.01076865        0.01325917
     6.8000000       -0.01560271        0.01844280
     6.9000000       -0.01076347        0.01483438
     7.0000000       -0.01681031        0.01810996
     7.1000000       -0.00177324        0.00710307
     7.2000000       -0.00011096        0.00716763
     7.3000000       -0.01253219        0.01383279
     7.4000000       -0.00089084        0.00957484
     7.5000000        0.01167019        0.00632646
     7.6000000        0.02432159        0.01127693
     7.7000000        0.01121737        0.00507092
     7.8000000        0.03423064        0.01555625
     7.9000000        0.03052264        0.01098364
     8.0000000        0.04964747        0.01896540
     8.1000000        0.07449643        0.03698847
     8.2000000        0.06162096        0.01855196
     8.3000000        0.07446490        0.01527803
     8.4000000        0.05192284        0.02382711
     8.5000000        0.04151375        0.01799844
     8.6000000        0.04974579        0.01692045
     8.7000000        0.06671899        0.01809193
     8.8000000        0.07029176        0.01216357
     8.9000000        0.12112717        0.02366046
     9.0000000        0.17070038        0.06832469
     9.1000000        0.18466459        0.02794519
     9.2000000        0.21250010        0.02220226
     9.3000000        0.32240691        0.02888679
     9.4000000        0.34903722        0.01976811
     9.5000000        0.48196369        0.02191100
     9.6000000        0.52173121        0.04983497
     9.7000000        0.66260387        0.02178087
     9.8000000        0.83538568        0.03417951
     9.9000000        0.97409118        0.09515325
    10.0000000        1.28653574        0.06076328
