   1.0000000000000000                1           4
               (1.0000000000000002,0.0000000000000000)
  -1.5707963267948966        0.0000000000000000     
        (0.17174536309312127,1.20197194616104413E-016)
   0.0000000000000000        0.0000000000000000     
               (4.0041136706710763,0.0000000000000000)
   1.5707963267948966        0.0000000000000000     
       (0.17174536309312127,-1.20197194616104413E-016)
   3.1415926535897931        0.0000000000000000     
        (0.26531536523158061,2.40394389232208826E-016)
   1.0000000000000000                1           4
               (1.0000000000000002,0.0000000000000000)
  -1.5707963267948966        0.0000000000000000     
        (0.17538645073845771,3.42029442472540403E-016)
   0.0000000000000000        0.0000000000000000     
               (4.0045106911459829,0.0000000000000000)
   1.5707963267948966        0.0000000000000000     
       (0.17538645073845771,-3.42029442472540403E-016)
   3.1415926535897931        0.0000000000000000     
        (0.26526441181619953,2.39969675095018189E-016)
   1.0000000000000000                1           4
               (1.0000000000000002,0.0000000000000000)
  -1.5707963267948966        0.0000000000000000     
        (0.17469694559574833,2.31030750932792810E-016)
   0.0000000000000000        0.0000000000000000     
               (4.0044168799946007,0.0000000000000000)
   1.5707963267948966        0.0000000000000000     
       (0.17469694559574833,-2.31030750932792810E-016)
   3.1415926535897931        0.0000000000000000     
        (0.26475040394431393,2.40016896940554311E-016)
   1.0000000000000000                1           4
               (1.0000000000000002,0.0000000000000000)
  -1.5707963267948966        0.0000000000000000     
        (0.17750585872484403,3.42051201405181056E-016)
   0.0000000000000000        0.0000000000000000     
               (4.0047523831180207,0.0000000000000000)
   1.5707963267948966        0.0000000000000000     
       (0.17750585872484403,-3.42051201405181056E-016)
   3.1415926535897931        0.0000000000000000     
        (0.26997223649098478,2.40013192960299496E-016)
   1.0000000000000000                1           4
               (1.0000000000000002,0.0000000000000000)
  -1.5707963267948966        0.0000000000000000     
        (0.18131004743156065,1.19747226559614253E-016)
   0.0000000000000000        0.0000000000000000     
               (4.0046440959445331,0.0000000000000000)
   1.5707963267948966        0.0000000000000000     
       (0.18131004743156065,-1.19747226559614253E-016)
   3.1415926535897931        0.0000000000000000     
        (0.26921723657133667,2.39494453119228506E-016)
   1.0000000000000000                1           4
               (1.0000000000000002,0.0000000000000000)
  -1.5707963267948966        0.0000000000000000     
        (0.17268007982122735,2.31147563311082589E-016)
   0.0000000000000000        0.0000000000000000     
               (4.0038543570820222,0.0000000000000000)
   1.5707963267948966        0.0000000000000000     
       (0.17268007982122735,-2.31147563311082589E-016)
   3.1415926535897931        0.0000000000000000     
        (0.26509457712638296,2.40250521697133869E-016)
   1.0000000000000000                1           4
               (1.0000000000000000,0.0000000000000000)
  -1.5707963267948966        0.0000000000000000     
        (0.16930654699883541,1.20325156457690298E-016)
   0.0000000000000000        0.0000000000000000     
               (4.0044897248829159,0.0000000000000000)
   1.5707963267948966        0.0000000000000000     
       (0.16930654699883541,-1.20325156457690298E-016)
   3.1415926535897931        0.0000000000000000     
        (0.26424122975719844,2.40650312915380595E-016)
   1.0000000000000000                1           4
               (1.0000000000000002,0.0000000000000000)
  -1.5707963267948966        0.0000000000000000     
        (0.17111610396338539,1.20209478451999195E-016)
   0.0000000000000000        0.0000000000000000     
               (4.0054739208598145,0.0000000000000000)
   1.5707963267948966        0.0000000000000000     
       (0.17111610396338539,-1.20209478451999195E-016)
   3.1415926535897931        0.0000000000000000     
        (0.26309781731171611,2.40418956903998389E-016)
   1.0000000000000000                1           4
               (1.0000000000000002,0.0000000000000000)
  -1.5707963267948966        0.0000000000000000     
        (0.17514026628139823,2.31132872257118845E-016)
   0.0000000000000000        0.0000000000000000     
               (4.0039812145547504,0.0000000000000000)
   1.5707963267948966        0.0000000000000000     
       (0.17514026628139823,-2.31132872257118845E-016)
   3.1415926535897931        0.0000000000000000     
        (0.26940824633673111,2.40221139589206382E-016)
   1.0000000000000000                1           4
               (1.0000000000000002,0.0000000000000000)
  -1.5707963267948966        0.0000000000000000     
        (0.17330474168371257,1.20150581522882822E-016)
   0.0000000000000000        0.0000000000000000     
               (4.0041901403876894,0.0000000000000000)
   1.5707963267948966        0.0000000000000000     
       (0.17330474168371257,-1.20150581522882822E-016)
   3.1415926535897931        0.0000000000000000     
        (0.26683515353136000,2.40301163045765645E-016)
   1.0000000000000000                1           4
               (1.0000000000000002,0.0000000000000000)
  -1.5707963267948966        0.0000000000000000     
        (0.17839624796395948,2.30948527913912610E-016)
   0.0000000000000000        0.0000000000000000     
               (4.0043100184890488,0.0000000000000000)
   1.5707963267948966        0.0000000000000000     
       (0.17839624796395948,-2.30948527913912610E-016)
   3.1415926535897931        0.0000000000000000     
        (0.26957026258293881,2.39852450902793912E-016)
   1.0000000000000000                1           4
               (1.0000000000000002,0.0000000000000000)
  -1.5707963267948966        0.0000000000000000     
        (0.17673545145016012,3.42068298458452062E-016)
   0.0000000000000000        0.0000000000000000     
               (4.0044607994947139,0.0000000000000000)
   1.5707963267948966        0.0000000000000000     
       (0.17673545145016012,-3.42068298458452062E-016)
   3.1415926535897931        0.0000000000000000     
        (0.26928143770332891,2.40047387066841509E-016)
   1.0000000000000000                1           4
               (1.0000000000000002,0.0000000000000000)
  -1.5707963267948966        0.0000000000000000     
        (0.17413376191060259,2.31216172133402914E-016)
   0.0000000000000000        0.0000000000000000     
               (4.0041480830831402,0.0000000000000000)
   1.5707963267948966        0.0000000000000000     
       (0.17413376191060259,-2.31216172133402914E-016)
   3.1415926535897931        0.0000000000000000     
        (0.26994914950212334,2.40387739341774520E-016)
   1.0000000000000000                1           4
               (1.0000000000000000,0.0000000000000000)
  -1.5707963267948966        0.0000000000000000     
        (0.17662288824198913,1.20015388379617916E-016)
   0.0000000000000000        0.0000000000000000     
               (4.0050014828696510,0.0000000000000000)
   1.5707963267948966        0.0000000000000000     
       (0.17662288824198913,-1.20015388379617916E-016)
   3.1415926535897931        0.0000000000000000     
        (0.26824436100281246,2.40030776759235831E-016)
   1.0000000000000000                1           4
               (1.0000000000000002,0.0000000000000000)
  -1.5707963267948966        0.0000000000000000     
        (0.17823599402147738,1.20060460696076134E-016)
   0.0000000000000000        0.0000000000000000     
               (4.0053850264411501,0.0000000000000000)
   1.5707963267948966        0.0000000000000000     
       (0.17823599402147738,-1.20060460696076134E-016)
   3.1415926535897931        0.0000000000000000     
        (0.27255920256685295,2.40120921392152268E-016)
   1.0000000000000000                1           4
               (1.0000000000000002,0.0000000000000000)
  -1.5707963267948966        0.0000000000000000     
        (0.17245553584548945,2.31132268536385890E-016)
   0.0000000000000000        0.0000000000000000     
               (4.0038318713696652,0.0000000000000000)
   1.5707963267948966        0.0000000000000000     
       (0.17245553584548945,-2.31132268536385890E-016)
   3.1415926535897931        0.0000000000000000     
        (0.26416840963441568,2.40219932147740522E-016)
   1.0000000000000000                1           4
               (1.0000000000000002,0.0000000000000000)
  -1.5707963267948966        0.0000000000000000     
        (0.17763558374573263,1.19951807320083090E-016)
   0.0000000000000000        0.0000000000000000     
               (4.0056881909036148,0.0000000000000000)
   1.5707963267948966        0.0000000000000000     
       (0.17763558374573263,-1.19951807320083090E-016)
   3.1415926535897931        0.0000000000000000     
        (0.26750632897314897,2.39903614640166180E-016)
   1.0000000000000000                1           4
               (1.0000000000000002,0.0000000000000000)
  -1.5707963267948966        0.0000000000000000     
        (0.17875587967446493,8.95376523850920062E-018)
   0.0000000000000000        0.0000000000000000     
               (4.0046598982756816,0.0000000000000000)
   1.5707963267948966        0.0000000000000000     
       (0.17875587967446493,-8.95376523850920062E-018)
   3.1415926535897931        0.0000000000000000     
        (0.27156761763446680,2.39952135402049759E-016)
   1.0000000000000000                1           4
               (1.0000000000000002,0.0000000000000000)
  -1.5707963267948966        0.0000000000000000     
        (0.17406597058924489,1.20207368406591212E-016)
   0.0000000000000000        0.0000000000000000     
               (4.0044140415322067,0.0000000000000000)
   1.5707963267948966        0.0000000000000000     
       (0.17406597058924489,-1.20207368406591212E-016)
   3.1415926535897931        0.0000000000000000     
        (0.26998851057783502,2.40414736813182425E-016)
   1.0000000000000000                1           4
               (1.0000000000000002,0.0000000000000000)
  -1.5707963267948966        0.0000000000000000     
        (0.17293105048673696,4.53204406000485705E-016)
   0.0000000000000000        0.0000000000000000     
               (4.0048363678035450,0.0000000000000000)
   1.5707963267948966        0.0000000000000000     
       (0.17293105048673696,-4.53204406000485705E-016)
   3.1415926535897931        0.0000000000000000     
        (0.26501422345408743,2.40274997225877437E-016)
   1.0000000000000000                1           4
               (1.0000000000000000,0.0000000000000000)
  -1.5707963267948966        0.0000000000000000     
        (0.17359453445901751,1.20090378278075477E-016)
   0.0000000000000000        0.0000000000000000     
               (4.0044268533730856,0.0000000000000000)
   1.5707963267948966        0.0000000000000000     
       (0.17359453445901751,-1.20090378278075477E-016)
   3.1415926535897931        0.0000000000000000     
        (0.26521163889499877,2.40180756556150953E-016)
   1.0000000000000000                1           4
               (1.0000000000000002,0.0000000000000000)
  -1.5707963267948966        0.0000000000000000     
        (0.17068457464952813,2.31269617342952761E-016)
   0.0000000000000000        0.0000000000000000     
               (4.0057991298078859,0.0000000000000000)
   1.5707963267948966        0.0000000000000000     
       (0.17068457464952813,-2.31269617342952761E-016)
   3.1415926535897931        0.0000000000000000     
        (0.26314538127410891,2.40494629760874116E-016)
   1.0000000000000000                1           4
               (1.0000000000000002,0.0000000000000000)
  -1.5707963267948966        0.0000000000000000     
       (0.17239764201927343,-1.01668498138986462E-016)
   0.0000000000000000        0.0000000000000000     
               (4.0051329177478747,0.0000000000000000)
   1.5707963267948966        0.0000000000000000     
        (0.17239764201927343,1.01668498138986462E-016)
   3.1415926535897931        0.0000000000000000     
        (0.27144439094808015,2.40752213572089692E-016)
   1.0000000000000000                1           4
               (1.0000000000000002,0.0000000000000000)
  -1.5707963267948966        0.0000000000000000     
        (0.17612339443007163,2.31082124618699656E-016)
   0.0000000000000000        0.0000000000000000     
               (4.0046360811513964,0.0000000000000000)
   1.5707963267948966        0.0000000000000000     
       (0.17612339443007163,-2.31082124618699656E-016)
   3.1415926535897931        0.0000000000000000     
        (0.26906209237816681,2.40119644312368053E-016)
   1.0000000000000000                1           4
               (1.0000000000000002,0.0000000000000000)
  -1.5707963267948966        0.0000000000000000     
        (0.17687713962072271,1.20031424008594906E-016)
   0.0000000000000000        0.0000000000000000     
               (4.0052493541490044,0.0000000000000000)
   1.5707963267948966        0.0000000000000000     
       (0.17687713962072271,-1.20031424008594906E-016)
   3.1415926535897931        0.0000000000000000     
        (0.26902875587093056,2.40062848017189812E-016)
   1.0000000000000000                1           4
               (1.0000000000000002,0.0000000000000000)
  -1.5707963267948966        0.0000000000000000     
        (0.17779802810153744,3.41984860231226866E-016)
   0.0000000000000000        0.0000000000000000     
               (4.0063805377974324,0.0000000000000000)
   1.5707963267948966        0.0000000000000000     
       (0.17779802810153744,-3.41984860231226866E-016)
   3.1415926535897931        0.0000000000000000     
        (0.26676155338332386,2.39880510612391115E-016)
   1.0000000000000000                1           4
               (1.0000000000000002,0.0000000000000000)
  -1.5707963267948966        0.0000000000000000     
        (0.17885181654525850,1.19868415837323961E-016)
   0.0000000000000000        0.0000000000000000     
               (4.0047217436247351,0.0000000000000000)
   1.5707963267948966        0.0000000000000000     
       (0.17885181654525850,-1.19868415837323961E-016)
   3.1415926535897931        0.0000000000000000     
        (0.26818146932116538,2.39736831674647923E-016)
   1.0000000000000000                1           4
               (1.0000000000000000,0.0000000000000000)
  -1.5707963267948966        0.0000000000000000     
        (0.17283736162905405,1.20183698895073628E-016)
   0.0000000000000000        0.0000000000000000     
               (4.0038208550404724,0.0000000000000000)
   1.5707963267948966        0.0000000000000000     
       (0.17283736162905405,-1.20183698895073628E-016)
   3.1415926535897931        0.0000000000000000     
        (0.26735137423325395,2.40367397790147256E-016)
   1.0000000000000000                1           4
               (1.0000000000000002,0.0000000000000000)
  -1.5707963267948966        0.0000000000000000     
        (0.17929128397147720,1.19823491844506907E-016)
   0.0000000000000000        0.0000000000000000     
               (4.0045592986908902,0.0000000000000000)
   1.5707963267948966        0.0000000000000000     
       (0.17929128397147720,-1.19823491844506907E-016)
   3.1415926535897931        0.0000000000000000     
        (0.26775552014865556,2.39646983689013814E-016)
   1.0000000000000000                1           4
               (1.0000000000000002,0.0000000000000000)
  -1.5707963267948966        0.0000000000000000     
        (0.17358129507386022,2.31102108236807093E-016)
   0.0000000000000000        0.0000000000000000     
               (4.0048215172951167,0.0000000000000000)
   1.5707963267948966        0.0000000000000000     
       (0.17358129507386022,-2.31102108236807093E-016)
   3.1415926535897931        0.0000000000000000     
        (0.26444517202293250,2.40159611548582780E-016)
   1.0000000000000000                1           4
               (1.0000000000000002,0.0000000000000000)
  -1.5707963267948966        0.0000000000000000     
       (0.17444251776161335,-1.01953643563160656E-016)
   0.0000000000000000        0.0000000000000000     
               (4.0045599810227070,0.0000000000000000)
   1.5707963267948966        0.0000000000000000     
        (0.17444251776161335,1.01953643563160656E-016)
   3.1415926535897931        0.0000000000000000     
        (0.26679352281261370,2.40181922723741304E-016)
   1.0000000000000000                1           4
               (1.0000000000000002,0.0000000000000000)
  -1.5707963267948966        0.0000000000000000     
        (0.17259327670106039,3.42168218985811056E-016)
   0.0000000000000000        0.0000000000000000     
               (4.0041981758896830,0.0000000000000000)
   1.5707963267948966        0.0000000000000000     
       (0.17259327670106039,-3.42168218985811056E-016)
   3.1415926535897931        0.0000000000000000     
        (0.26452336390735576,2.40247228121559497E-016)
   1.0000000000000000                1           4
               (1.0000000000000002,0.0000000000000000)
  -1.5707963267948966        0.0000000000000000     
        (0.17620799832285305,1.20019559099184158E-016)
   0.0000000000000000        0.0000000000000000     
               (4.0044858701336690,0.0000000000000000)
   1.5707963267948966        0.0000000000000000     
       (0.17620799832285305,-1.20019559099184158E-016)
   3.1415926535897931        0.0000000000000000     
        (0.26806641993954439,2.40039118198368317E-016)
   1.0000000000000000                1           4
               (1.0000000000000002,0.0000000000000000)
  -1.5707963267948966        0.0000000000000000     
       (0.17307788204314389,-1.01910124056365611E-016)
   0.0000000000000000        0.0000000000000000     
               (4.0037656038159417,0.0000000000000000)
   1.5707963267948966        0.0000000000000000     
        (0.17307788204314389,1.01910124056365611E-016)
   3.1415926535897931        0.0000000000000000     
        (0.26628008354644461,2.40268961737331394E-016)
   1.0000000000000000                1           4
               (1.0000000000000002,0.0000000000000000)
  -1.5707963267948966        0.0000000000000000     
       (0.17698255103306426,-1.02016563538444053E-016)
   0.0000000000000000        0.0000000000000000     
               (4.0044515060291426,0.0000000000000000)
   1.5707963267948966        0.0000000000000000     
        (0.17698255103306426,1.02016563538444053E-016)
   3.1415926535897931        0.0000000000000000     
        (0.26992694199617917,2.40056082773174559E-016)
   1.0000000000000000                1           4
               (1.0000000000000002,0.0000000000000000)
  -1.5707963267948966        0.0000000000000000     
        (0.17440857379722285,1.20098443256700997E-016)
   0.0000000000000000        0.0000000000000000     
               (4.0039747422568048,0.0000000000000000)
   1.5707963267948966        0.0000000000000000     
       (0.17440857379722285,-1.20098443256700997E-016)
   3.1415926535897931        0.0000000000000000     
        (0.26755525088031351,2.40196886513401994E-016)
   1.0000000000000000                1           4
               (1.0000000000000002,0.0000000000000000)
  -1.5707963267948966        0.0000000000000000     
        (0.17580976845151342,8.99523660265116431E-018)
   0.0000000000000000        0.0000000000000000     
               (4.0043606539344863,0.0000000000000000)
   1.5707963267948966        0.0000000000000000     
       (0.17580976845151342,-8.99523660265116431E-018)
   3.1415926535897931        0.0000000000000000     
        (0.26732919707797087,2.40035078130333637E-016)
   1.0000000000000000                1           4
               (1.0000000000000002,0.0000000000000000)
  -1.5707963267948966        0.0000000000000000     
        (0.17797613074202590,2.31024964486710542E-016)
   0.0000000000000000        0.0000000000000000     
               (4.0047179563832485,0.0000000000000000)
   1.5707963267948966        0.0000000000000000     
       (0.17797613074202590,-2.31024964486710542E-016)
   3.1415926535897931        0.0000000000000000     
        (0.27081869817627169,2.40005324048389677E-016)
   1.0000000000000000                1           4
               (1.0000000000000002,0.0000000000000000)
  -1.5707963267948966        0.0000000000000000     
        (0.17270019933173530,1.20223536891881686E-016)
   0.0000000000000000        0.0000000000000000     
               (4.0051630584080149,0.0000000000000000)
   1.5707963267948966        0.0000000000000000     
       (0.17270019933173530,-1.20223536891881686E-016)
   3.1415926535897931        0.0000000000000000     
        (0.26703605399352226,2.40447073783763372E-016)
   1.0000000000000000                1           4
               (1.0000000000000000,0.0000000000000000)
  -1.5707963267948966        0.0000000000000000     
       (0.16896183005026999,-1.01702561983520082E-016)
   0.0000000000000000        0.0000000000000000     
               (4.0048068404719182,0.0000000000000000)
   1.5707963267948966        0.0000000000000000     
        (0.16896183005026999,1.01702561983520082E-016)
   3.1415926535897931        0.0000000000000000     
        (0.26378623468929230,2.40684085883022451E-016)
   1.0000000000000000                1           4
               (1.0000000000000002,0.0000000000000000)
  -1.5707963267948966        0.0000000000000000     
        (0.17338719626893107,3.42177688889333635E-016)
   0.0000000000000000        0.0000000000000000     
               (4.0048388654401998,0.0000000000000000)
   1.5707963267948966        0.0000000000000000     
       (0.17338719626893107,-3.42177688889333635E-016)
   3.1415926535897931        0.0000000000000000     
        (0.26577982401473776,2.40266167928604654E-016)
   1.0000000000000000                1           4
               (1.0000000000000002,0.0000000000000000)
  -1.5707963267948966        0.0000000000000000     
        (0.17392069092674345,1.20112644383295967E-016)
   0.0000000000000000        0.0000000000000000     
               (4.0044969238019714,0.0000000000000000)
   1.5707963267948966        0.0000000000000000     
       (0.17392069092674345,-1.20112644383295967E-016)
   3.1415926535897931        0.0000000000000000     
        (0.26652114758920376,2.40225288766591935E-016)
   1.0000000000000000                1           4
               (1.0000000000000002,0.0000000000000000)
  -1.5707963267948966        0.0000000000000000     
       (0.17426039373873370,-1.01874768437529258E-016)
   0.0000000000000000        0.0000000000000000     
               (4.0053994498653598,0.0000000000000000)
   1.5707963267948966        0.0000000000000000     
        (0.17426039373873370,1.01874768437529258E-016)
   3.1415926535897931        0.0000000000000000     
        (0.26816606303559998,2.40339672975004150E-016)
   1.0000000000000000                1           4
               (1.0000000000000002,0.0000000000000000)
  -1.5707963267948966        0.0000000000000000     
        (0.18501577856771667,1.19597524617224018E-016)
   0.0000000000000000        0.0000000000000000     
               (4.0051359443913022,0.0000000000000000)
   1.5707963267948966        0.0000000000000000     
       (0.18501577856771667,-1.19597524617224018E-016)
   3.1415926535897931        0.0000000000000000     
        (0.27124721389125273,2.39195049234448037E-016)
   1.0000000000000000                1           4
               (1.0000000000000002,0.0000000000000000)
  -1.5707963267948966        0.0000000000000000     
       (0.17790548293388198,-1.02091960295757453E-016)
   0.0000000000000000        0.0000000000000000     
               (4.0043989001826734,0.0000000000000000)
   1.5707963267948966        0.0000000000000000     
        (0.17790548293388198,1.02091960295757453E-016)
   3.1415926535897931        0.0000000000000000     
        (0.26936276666400261,2.39905289258547710E-016)
   1.0000000000000000                1           4
               (1.0000000000000002,0.0000000000000000)
  -1.5707963267948966        0.0000000000000000     
        (0.17367427574992933,1.20281856892171323E-016)
   0.0000000000000000        0.0000000000000000     
               (4.0050842502422492,0.0000000000000000)
   1.5707963267948966        0.0000000000000000     
       (0.17367427574992933,-1.20281856892171323E-016)
   3.1415926535897931        0.0000000000000000     
        (0.27096789076329364,2.40563713784342645E-016)
   1.0000000000000000                1           4
               (1.0000000000000002,0.0000000000000000)
  -1.5707963267948966        0.0000000000000000     
       (0.17560528738234993,-1.01932524793663915E-016)
   0.0000000000000000        0.0000000000000000     
               (4.0052929814688856,0.0000000000000000)
   1.5707963267948966        0.0000000000000000     
        (0.17560528738234993,1.01932524793663915E-016)
   3.1415926535897931        0.0000000000000000     
        (0.26907585296690018,2.40224160262734786E-016)
   1.0000000000000000                1           4
               (1.0000000000000002,0.0000000000000000)
  -1.5707963267948966        0.0000000000000000     
        (0.17680949874554541,1.19964848621694235E-016)
   0.0000000000000000        0.0000000000000000     
               (4.0048970013681684,0.0000000000000000)
   1.5707963267948966        0.0000000000000000     
       (0.17680949874554541,-1.19964848621694235E-016)
   3.1415926535897931        0.0000000000000000     
        (0.26707130974439852,2.39929697243388469E-016)
   1.0000000000000000                1           4
               (1.0000000000000002,0.0000000000000000)
  -1.5707963267948966        0.0000000000000000     
        (0.17645276122512099,1.20017132498197699E-016)
   0.0000000000000000        0.0000000000000000     
               (4.0051701075513382,0.0000000000000000)
   1.5707963267948966        0.0000000000000000     
       (0.17645276122512099,-1.20017132498197699E-016)
   3.1415926535897931        0.0000000000000000     
        (0.26779244952336101,2.40034264996395397E-016)
   1.0000000000000000                1           4
               (1.0000000000000000,0.0000000000000000)
  -1.5707963267948966        0.0000000000000000     
        (0.17538589288879658,1.20136380010635991E-016)
   0.0000000000000000        0.0000000000000000     
               (4.0040840552929673,0.0000000000000000)
   1.5707963267948966        0.0000000000000000     
       (0.17538589288879658,-1.20136380010635991E-016)
   3.1415926535897931        0.0000000000000000     
        (0.27063968444489017,2.40272760021271983E-016)
   1.0000000000000000                1           4
               (1.0000000000000002,0.0000000000000000)
  -1.5707963267948966        0.0000000000000000     
        (0.18066964673340002,1.19828851909077979E-016)
   0.0000000000000000        0.0000000000000000     
               (4.0047094879596825,0.0000000000000000)
   1.5707963267948966        0.0000000000000000     
       (0.18066964673340002,-1.19828851909077979E-016)
   3.1415926535897931        0.0000000000000000     
        (0.27053712939862573,2.39657703818155958E-016)
   1.0000000000000000                1           4
               (1.0000000000000002,0.0000000000000000)
  -1.5707963267948966        0.0000000000000000     
        (0.17416176819715612,2.31193027569415582E-016)
   0.0000000000000000        0.0000000000000000     
               (4.0040004897093171,0.0000000000000000)
   1.5707963267948966        0.0000000000000000     
       (0.17416176819715612,-2.31193027569415582E-016)
   3.1415926535897931        0.0000000000000000     
        (0.26939679662064819,2.40341450213799806E-016)
   1.0000000000000000                1           4
               (1.0000000000000002,0.0000000000000000)
  -1.5707963267948966        0.0000000000000000     
        (0.16755480641675191,1.20471658697543718E-016)
   0.0000000000000000        0.0000000000000000     
               (4.0043604883369550,0.0000000000000000)
   1.5707963267948966        0.0000000000000000     
       (0.16755480641675191,-1.20471658697543718E-016)
   3.1415926535897931        0.0000000000000000     
        (0.26565211142864242,2.40943317395087436E-016)
   1.0000000000000000                1           4
               (1.0000000000000002,0.0000000000000000)
  -1.5707963267948966        0.0000000000000000     
        (0.17277809773841601,2.31233184279573795E-016)
   0.0000000000000000        0.0000000000000000     
               (4.0054686398565096,0.0000000000000000)
   1.5707963267948966        0.0000000000000000     
       (0.17277809773841601,-2.31233184279573795E-016)
   3.1415926535897931        0.0000000000000000     
        (0.26647292324643757,2.40421763634116183E-016)
   1.0000000000000000                1           4
               (1.0000000000000002,0.0000000000000000)
  -1.5707963267948966        0.0000000000000000     
        (0.16973075841204577,1.20355928924226504E-016)
   0.0000000000000000        0.0000000000000000     
               (4.0043620366740242,0.0000000000000000)
   1.5707963267948966        0.0000000000000000     
       (0.16973075841204577,-1.20355928924226504E-016)
   3.1415926535897931        0.0000000000000000     
        (0.26622244582549226,2.40711857848453008E-016)
   1.0000000000000000                1           4
               (1.0000000000000002,0.0000000000000000)
  -1.5707963267948966        0.0000000000000000     
        (0.17370461634025025,1.20133614344210470E-016)
   0.0000000000000000        0.0000000000000000     
               (4.0046670102694435,0.0000000000000000)
   1.5707963267948966        0.0000000000000000     
       (0.17370461634025025,-1.20133614344210470E-016)
   3.1415926535897931        0.0000000000000000     
        (0.26660384285058769,2.40267228688420939E-016)
   1.0000000000000000                1           4
               (1.0000000000000002,0.0000000000000000)
  -1.5707963267948966        0.0000000000000000     
        (0.17748317953661430,3.42012160959992165E-016)
   0.0000000000000000        0.0000000000000000     
               (4.0040040930351584,0.0000000000000000)
   1.5707963267948966        0.0000000000000000     
       (0.17748317953661430,-3.42012160959992165E-016)
   3.1415926535897931        0.0000000000000000     
        (0.26940001048771722,2.39935112069921714E-016)
   1.0000000000000000                1           4
               (1.0000000000000002,0.0000000000000000)
  -1.5707963267948966        0.0000000000000000     
        (0.17337699875456447,1.20295206001596874E-016)
   0.0000000000000000        0.0000000000000000     
               (4.0043318757190978,0.0000000000000000)
   1.5707963267948966        0.0000000000000000     
       (0.17337699875456447,-1.20295206001596874E-016)
   3.1415926535897931        0.0000000000000000     
        (0.27156172629807596,2.40590412003193748E-016)
   1.0000000000000000                1           4
               (1.0000000000000002,0.0000000000000000)
  -1.5707963267948966        0.0000000000000000     
       (0.17467822059313820,-1.01892988532084861E-016)
   0.0000000000000000        0.0000000000000000     
               (4.0052987973747216,0.0000000000000000)
   1.5707963267948966        0.0000000000000000     
        (0.17467822059313820,1.01892988532084861E-016)
   3.1415926535897931        0.0000000000000000     
        (0.26850725578459611,2.40303232785892944E-016)
   1.0000000000000000                1           4
               (1.0000000000000002,0.0000000000000000)
  -1.5707963267948966        0.0000000000000000     
        (0.17649964844286370,1.19946314588601622E-016)
   0.0000000000000000        0.0000000000000000     
               (4.0055743514848841,0.0000000000000000)
   1.5707963267948966        0.0000000000000000     
       (0.17649964844286370,-1.19946314588601622E-016)
   3.1415926535897931        0.0000000000000000     
        (0.26516889156108869,2.39892629177203244E-016)
   1.0000000000000000                1           4
               (1.0000000000000002,0.0000000000000000)
  -1.5707963267948966        0.0000000000000000     
        (0.18114464103704775,1.19820161648726898E-016)
   0.0000000000000000        0.0000000000000000     
               (4.0056199377541502,0.0000000000000000)
   1.5707963267948966        0.0000000000000000     
       (0.18114464103704775,-1.19820161648726898E-016)
   3.1415926535897931        0.0000000000000000     
        (0.27029282276778355,2.39640323297453796E-016)
   1.0000000000000000                1           4
               (1.0000000000000002,0.0000000000000000)
  -1.5707963267948966        0.0000000000000000     
        (0.17917618274349034,1.19897894189367983E-016)
   0.0000000000000000        0.0000000000000000     
               (4.0048006423402063,0.0000000000000000)
   1.5707963267948966        0.0000000000000000     
       (0.17917618274349034,-1.19897894189367983E-016)
   3.1415926535897931        0.0000000000000000     
        (0.26971413904809549,2.39795788378735967E-016)
   1.0000000000000000                1           4
               (1.0000000000000002,0.0000000000000000)
  -1.5707963267948966        0.0000000000000000     
        (0.17989675564274021,1.19826905290865595E-016)
   0.0000000000000000        0.0000000000000000     
               (4.0048449469399454,0.0000000000000000)
   1.5707963267948966        0.0000000000000000     
       (0.17989675564274021,-1.19826905290865595E-016)
   3.1415926535897931        0.0000000000000000     
        (0.26879230686113154,2.39653810581731190E-016)
   1.0000000000000000                1           4
               (1.0000000000000002,0.0000000000000000)
  -1.5707963267948966        0.0000000000000000     
        (0.17914394801009770,1.19939251332152832E-016)
   0.0000000000000000        0.0000000000000000     
               (4.0049545019358757,0.0000000000000000)
   1.5707963267948966        0.0000000000000000     
       (0.17914394801009770,-1.19939251332152832E-016)
   3.1415926535897931        0.0000000000000000     
        (0.27084663678120890,2.39878502664305663E-016)
   1.0000000000000000                1           4
               (1.0000000000000002,0.0000000000000000)
  -1.5707963267948966        0.0000000000000000     
       (0.17407002765616941,-1.01881925586477471E-016)
   0.0000000000000000        0.0000000000000000     
               (4.0049027077335975,0.0000000000000000)
   1.5707963267948966        0.0000000000000000     
        (0.17407002765616941,1.01881925586477471E-016)
   3.1415926535897931        0.0000000000000000     
        (0.26804830277711467,2.40325358677107724E-016)
   1.0000000000000000                1           4
               (1.0000000000000002,0.0000000000000000)
  -1.5707963267948966        0.0000000000000000     
        (0.17500856389368824,1.20129026038492655E-016)
   0.0000000000000000        0.0000000000000000     
               (4.0042281289462549,0.0000000000000000)
   1.5707963267948966        0.0000000000000000     
       (0.17500856389368824,-1.20129026038492655E-016)
   3.1415926535897931        0.0000000000000000     
        (0.26950075384284711,2.40258052076985309E-016)
   1.0000000000000000                1           4
               (1.0000000000000002,0.0000000000000000)
  -1.5707963267948966        0.0000000000000000     
        (0.17803421799860386,1.19968702688782295E-016)
   0.0000000000000000        0.0000000000000000     
               (4.0047492894267869,0.0000000000000000)
   1.5707963267948966        0.0000000000000000     
       (0.17803421799860386,-1.19968702688782295E-016)
   3.1415926535897931        0.0000000000000000     
        (0.26979434357609322,2.39937405377564590E-016)
   1.0000000000000000                1           4
               (1.0000000000000002,0.0000000000000000)
  -1.5707963267948966        0.0000000000000000     
        (0.18247372265955042,1.19892615270188296E-016)
   0.0000000000000000        0.0000000000000000     
               (4.0060907539633472,0.0000000000000000)
   1.5707963267948966        0.0000000000000000     
       (0.18247372265955042,-1.19892615270188296E-016)
   3.1415926535897931        0.0000000000000000     
        (0.27484668467177598,2.39785230540376591E-016)
   1.0000000000000000                1           4
               (1.0000000000000002,0.0000000000000000)
  -1.5707963267948966        0.0000000000000000     
        (0.17768265886304069,1.20013731529051529E-016)
   0.0000000000000000        0.0000000000000000     
               (4.0051325934683568,0.0000000000000000)
   1.5707963267948966        0.0000000000000000     
       (0.17768265886304069,-1.20013731529051529E-016)
   3.1415926535897931        0.0000000000000000     
        (0.27017867479986490,2.40027463058103058E-016)
   1.0000000000000000                1           4
               (1.0000000000000002,0.0000000000000000)
  -1.5707963267948966        0.0000000000000000     
        (0.17133080525520739,1.20243739284115606E-016)
   0.0000000000000000        0.0000000000000000     
               (4.0044392814686010,0.0000000000000000)
   1.5707963267948966        0.0000000000000000     
       (0.17133080525520739,-1.20243739284115606E-016)
   3.1415926535897931        0.0000000000000000     
        (0.26568090298603919,2.40487478568231212E-016)
   1.0000000000000000                1           4
               (1.0000000000000002,0.0000000000000000)
  -1.5707963267948966        0.0000000000000000     
        (0.17682527321197206,1.19951723423247198E-016)
   0.0000000000000000        0.0000000000000000     
               (4.0044028003317935,0.0000000000000000)
   1.5707963267948966        0.0000000000000000     
       (0.17682527321197206,-1.19951723423247198E-016)
   3.1415926535897931        0.0000000000000000     
        (0.26716835819883300,2.39903446846494397E-016)
   1.0000000000000000                1           4
               (1.0000000000000002,0.0000000000000000)
  -1.5707963267948966        0.0000000000000000     
       (0.17498210363347955,-1.02044162729113623E-016)
   0.0000000000000000        0.0000000000000000     
               (4.0052160935102208,0.0000000000000000)
   1.5707963267948966        0.0000000000000000     
        (0.17498210363347955,1.02044162729113623E-016)
   3.1415926535897931        0.0000000000000000     
        (0.26426000173837227,2.40000884391835370E-016)
   1.0000000000000000                1           4
               (1.0000000000000002,0.0000000000000000)
  -1.5707963267948966        0.0000000000000000     
        (0.18543143038368481,1.19695883496579695E-016)
   0.0000000000000000        0.0000000000000000     
               (4.0052158355812946,0.0000000000000000)
   1.5707963267948966        0.0000000000000000     
       (0.18543143038368481,-1.19695883496579695E-016)
   3.1415926535897931        0.0000000000000000     
        (0.27521127113573596,2.39391766993159391E-016)
   1.0000000000000000                1           4
               (1.0000000000000002,0.0000000000000000)
  -1.5707963267948966        0.0000000000000000     
        (0.17121483898602508,3.42240915767948842E-016)
   0.0000000000000000        0.0000000000000000     
               (4.0038762568694413,0.0000000000000000)
   1.5707963267948966        0.0000000000000000     
       (0.17121483898602508,-3.42240915767948842E-016)
   3.1415926535897931        0.0000000000000000     
        (0.26446286459612578,2.40392621685835068E-016)
   1.0000000000000000                1           4
               (1.0000000000000002,0.0000000000000000)
  -1.5707963267948966        0.0000000000000000     
        (0.17541506114572203,1.19910683020929856E-016)
   0.0000000000000000        0.0000000000000000     
               (4.0040333439078175,0.0000000000000000)
   1.5707963267948966        0.0000000000000000     
       (0.17541506114572203,-1.19910683020929856E-016)
   3.1415926535897931        0.0000000000000000     
        (0.26337690922351686,2.39821366041859711E-016)
   1.0000000000000000                1           4
               (1.0000000000000002,0.0000000000000000)
  -1.5707963267948966        0.0000000000000000     
        (0.17588360532558578,2.31084317900249250E-016)
   0.0000000000000000        0.0000000000000000     
               (4.0053517886515690,0.0000000000000000)
   1.5707963267948966        0.0000000000000000     
       (0.17588360532558578,-2.31084317900249250E-016)
   3.1415926535897931        0.0000000000000000     
        (0.26793844468093209,2.40124030875467192E-016)
   1.0000000000000000                1           4
               (1.0000000000000002,0.0000000000000000)
  -1.5707963267948966        0.0000000000000000     
        (0.17652142369076373,1.20021327754720286E-016)
   0.0000000000000000        0.0000000000000000     
               (4.0046488250489523,0.0000000000000000)
   1.5707963267948966        0.0000000000000000     
       (0.17652142369076373,-1.20021327754720286E-016)
   3.1415926535897931        0.0000000000000000     
        (0.26858808443387061,2.40042655509440571E-016)
   1.0000000000000000                1           4
               (1.0000000000000002,0.0000000000000000)
  -1.5707963267948966        0.0000000000000000     
        (0.17091350701763819,1.20228576053295826E-016)
   0.0000000000000000        0.0000000000000000     
               (4.0035641171429965,0.0000000000000000)
   1.5707963267948966        0.0000000000000000     
       (0.17091350701763819,-1.20228576053295826E-016)
   3.1415926535897931        0.0000000000000000     
        (0.26522620213273429,2.40457152106591651E-016)
   1.0000000000000000                1           4
               (1.0000000000000002,0.0000000000000000)
  -1.5707963267948966        0.0000000000000000     
        (0.16778206921402161,1.20402778604760513E-016)
   0.0000000000000000        0.0000000000000000     
               (4.0045939420884729,0.0000000000000000)
   1.5707963267948966        0.0000000000000000     
       (0.16778206921402161,-1.20402778604760513E-016)
   3.1415926535897931        0.0000000000000000     
        (0.26362338870783841,2.40805557209521026E-016)
   1.0000000000000000                1           4
               (1.0000000000000002,0.0000000000000000)
  -1.5707963267948966        0.0000000000000000     
        (0.17206350631025469,1.20187144534753216E-016)
   0.0000000000000000        0.0000000000000000     
               (4.0043727945444942,0.0000000000000000)
   1.5707963267948966        0.0000000000000000     
       (0.17206350631025469,-1.20187144534753216E-016)
   3.1415926535897931        0.0000000000000000     
        (0.26536426722429796,2.40374289069506432E-016)
   1.0000000000000000                1           4
               (1.0000000000000002,0.0000000000000000)
  -1.5707963267948966        0.0000000000000000     
       (0.17942445032632548,-3.24249541334347352E-016)
   0.0000000000000000        0.0000000000000000     
               (4.0058424914393900,0.0000000000000000)
   1.5707963267948966        0.0000000000000000     
        (0.17942445032632548,3.24249541334347352E-016)
   3.1415926535897931        0.0000000000000000     
        (0.26726703028873600,2.39679337031430578E-016)
   1.0000000000000000                1           4
               (1.0000000000000002,0.0000000000000000)
  -1.5707963267948966        0.0000000000000000     
        (0.17464696618270914,1.19984782614449154E-016)
   0.0000000000000000        0.0000000000000000     
               (4.0049827559640212,0.0000000000000000)
   1.5707963267948966        0.0000000000000000     
       (0.17464696618270914,-1.19984782614449154E-016)
   3.1415926535897931        0.0000000000000000     
        (0.26331158363676443,2.39969565228898308E-016)
   1.0000000000000000                1           4
               (1.0000000000000002,0.0000000000000000)
  -1.5707963267948966        0.0000000000000000     
        (0.16956315624002183,1.20293857657577455E-016)
   0.0000000000000000        0.0000000000000000     
               (4.0042744463773170,0.0000000000000000)
   1.5707963267948966        0.0000000000000000     
       (0.16956315624002183,-1.20293857657577455E-016)
   3.1415926535897931        0.0000000000000000     
        (0.26394743035294910,2.40587715315154909E-016)
   1.0000000000000000                1           4
               (1.0000000000000002,0.0000000000000000)
  -1.5707963267948966        0.0000000000000000     
        (0.17388254737824915,1.20177702225043229E-016)
   0.0000000000000000        0.0000000000000000     
               (4.0044893622381483,0.0000000000000000)
   1.5707963267948966        0.0000000000000000     
       (0.17388254737824915,-1.20177702225043229E-016)
   3.1415926535897931        0.0000000000000000     
        (0.26857737242679158,2.40355404450086457E-016)
   1.0000000000000000                1           4
               (1.0000000000000002,0.0000000000000000)
  -1.5707963267948966        0.0000000000000000     
        (0.17776045994698308,1.19950410523282457E-016)
   0.0000000000000000        0.0000000000000000     
               (4.0042622437753987,0.0000000000000000)
   1.5707963267948966        0.0000000000000000     
       (0.17776045994698308,-1.19950410523282457E-016)
   3.1415926535897931        0.0000000000000000     
        (0.26913640565810826,2.39900821046564914E-016)
   1.0000000000000000                1           4
               (1.0000000000000000,0.0000000000000000)
  -1.5707963267948966        0.0000000000000000     
        (0.17369655079669633,1.20157692827357071E-016)
   0.0000000000000000        0.0000000000000000     
               (4.0044742723704978,0.0000000000000000)
   1.5707963267948966        0.0000000000000000     
       (0.17369655079669633,-1.20157692827357071E-016)
   3.1415926535897931        0.0000000000000000     
        (0.26756691260548360,2.40315385654714143E-016)
   1.0000000000000000                1           4
               (1.0000000000000002,0.0000000000000000)
  -1.5707963267948966        0.0000000000000000     
       (0.17574633122063243,-1.01919594308362022E-016)
   0.0000000000000000        0.0000000000000000     
               (4.0051713921129650,0.0000000000000000)
   1.5707963267948966        0.0000000000000000     
        (0.17574633122063243,1.01919594308362022E-016)
   3.1415926535897931        0.0000000000000000     
        (0.26990187170022151,2.40250021233338573E-016)
   1.0000000000000000                1           4
               (1.0000000000000002,0.0000000000000000)
  -1.5707963267948966        0.0000000000000000     
        (0.17543808233024138,1.19998750146113143E-016)
   0.0000000000000000        0.0000000000000000     
               (4.0048192992227456,0.0000000000000000)
   1.5707963267948966        0.0000000000000000     
       (0.17543808233024138,-1.19998750146113143E-016)
   3.1415926535897931        0.0000000000000000     
        (0.26551348687866072,2.39997500292226286E-016)
   1.0000000000000000                1           4
               (1.0000000000000000,0.0000000000000000)
  -1.5707963267948966        0.0000000000000000     
        (0.17484129555822969,1.20090361661691473E-016)
   0.0000000000000000        0.0000000000000000     
               (4.0047362216783098,0.0000000000000000)
   1.5707963267948966        0.0000000000000000     
       (0.17484129555822969,-1.20090361661691473E-016)
   3.1415926535897931        0.0000000000000000     
        (0.26739525005591003,2.40180723323382945E-016)
   1.0000000000000000                1           4
               (1.0000000000000002,0.0000000000000000)
  -1.5707963267948966        0.0000000000000000     
        (0.17524966178304191,2.31070424560383051E-016)
   0.0000000000000000        0.0000000000000000     
               (4.0044595018287801,0.0000000000000000)
   1.5707963267948966        0.0000000000000000     
       (0.17524966178304191,-2.31070424560383051E-016)
   3.1415926535897931        0.0000000000000000     
        (0.26710905350109282,2.40096244195734793E-016)
   1.0000000000000000                1           4
               (1.0000000000000002,0.0000000000000000)
  -1.5707963267948966        0.0000000000000000     
        (0.17784381603355637,1.19896174698697816E-016)
   0.0000000000000000        0.0000000000000000     
               (4.0049749841518407,0.0000000000000000)
   1.5707963267948966        0.0000000000000000     
       (0.17784381603355637,-1.19896174698697816E-016)
   3.1415926535897931        0.0000000000000000     
        (0.26681890098919359,2.39792349397395631E-016)
   1.0000000000000000                1           4
               (1.0000000000000002,0.0000000000000000)
  -1.5707963267948966        0.0000000000000000     
        (0.17870100790478072,3.41947912315942970E-016)
   0.0000000000000000        0.0000000000000000     
               (4.0053740782498934,0.0000000000000000)
   1.5707963267948966        0.0000000000000000     
       (0.17870100790478072,-3.41947912315942970E-016)
   3.1415926535897931        0.0000000000000000     
        (0.26836716204114330,2.39806614781823323E-016)
   1.0000000000000000                1           4
               (1.0000000000000002,0.0000000000000000)
  -1.5707963267948966        0.0000000000000000     
        (0.17456476588550829,9.12035792522351283E-018)
   0.0000000000000000        0.0000000000000000     
               (4.0043716779977263,0.0000000000000000)
   1.5707963267948966        0.0000000000000000     
       (0.17456476588550829,-9.12035792522351283E-018)
   3.1415926535897931        0.0000000000000000     
        (0.26891494041695518,2.40285320775478334E-016)
   1.0000000000000000                1           4
               (1.0000000000000002,0.0000000000000000)
  -1.5707963267948966        0.0000000000000000     
        (0.17616834371032575,1.20073482180013499E-016)
   0.0000000000000000        0.0000000000000000     
               (4.0049646896063704,0.0000000000000000)
   1.5707963267948966        0.0000000000000000     
       (0.17616834371032575,-1.20073482180013499E-016)
   3.1415926535897931        0.0000000000000000     
        (0.26926955272116004,2.40146964360026998E-016)
   1.0000000000000000                1           4
               (1.0000000000000002,0.0000000000000000)
  -1.5707963267948966        0.0000000000000000     
        (0.17990706825027658,8.85987118155579850E-018)
   0.0000000000000000        0.0000000000000000     
               (4.0050123387109142,0.0000000000000000)
   1.5707963267948966        0.0000000000000000     
       (0.17990706825027658,-8.85987118155579850E-018)
   3.1415926535897931        0.0000000000000000     
        (0.27045074171496031,2.39764347288142905E-016)
   1.0000000000000000                1           4
               (1.0000000000000002,0.0000000000000000)
  -1.5707963267948966        0.0000000000000000     
        (0.17624991992137584,1.20014981336815614E-016)
   0.0000000000000000        0.0000000000000000     
               (4.0037473289030077,0.0000000000000000)
   1.5707963267948966        0.0000000000000000     
       (0.17624991992137584,-1.20014981336815614E-016)
   3.1415926535897931        0.0000000000000000     
        (0.26873928330136576,2.40029962673631228E-016)
   1.0000000000000000                1           4
               (1.0000000000000002,0.0000000000000000)
  -1.5707963267948966        0.0000000000000000     
        (0.17899428041591403,1.19897884732153099E-016)
   0.0000000000000000        0.0000000000000000     
               (4.0043929481884133,0.0000000000000000)
   1.5707963267948966        0.0000000000000000     
       (0.17899428041591403,-1.19897884732153099E-016)
   3.1415926535897931        0.0000000000000000     
        (0.26975771964865658,2.39795769464306198E-016)
   1.0000000000000000                1           4
               (1.0000000000000002,0.0000000000000000)
  -1.5707963267948966        0.0000000000000000     
        (0.17355869066923624,1.20145667742339876E-016)
   0.0000000000000000        0.0000000000000000     
               (4.0040624463767873,0.0000000000000000)
   1.5707963267948966        0.0000000000000000     
       (0.17355869066923624,-1.20145667742339876E-016)
   3.1415926535897931        0.0000000000000000     
        (0.26731024926095814,2.40291335484679751E-016)
   1.0000000000000000                1           4
               (1.0000000000000002,0.0000000000000000)
  -1.5707963267948966        0.0000000000000000     
        (0.17321097027685040,1.20177352673304774E-016)
   0.0000000000000000        0.0000000000000000     
               (4.0052852830651968,0.0000000000000000)
   1.5707963267948966        0.0000000000000000     
       (0.17321097027685040,-1.20177352673304774E-016)
   3.1415926535897931        0.0000000000000000     
        (0.26642688017073179,2.40354705346609548E-016)
   1.0000000000000000                1           4
               (1.0000000000000002,0.0000000000000000)
  -1.5707963267948966        0.0000000000000000     
       (0.17396967199901969,-1.02117484358720628E-016)
   0.0000000000000000        0.0000000000000000     
               (4.0047319412660061,0.0000000000000000)
   1.5707963267948966        0.0000000000000000     
        (0.17396967199901969,1.02117484358720628E-016)
   3.1415926535897931        0.0000000000000000     
        (0.26032442454791072,2.39854241132621410E-016)
   1.0000000000000000                1           4
               (1.0000000000000002,0.0000000000000000)
  -1.5707963267948966        0.0000000000000000     
        (0.17487919414107633,4.53176881022740187E-016)
   0.0000000000000000        0.0000000000000000     
               (4.0049310249494940,0.0000000000000000)
   1.5707963267948966        0.0000000000000000     
       (0.17487919414107633,-4.53176881022740187E-016)
   3.1415926535897931        0.0000000000000000     
        (0.26791681961730884,2.40219947270386351E-016)
   1.0000000000000000                1           4
               (1.0000000000000002,0.0000000000000000)
  -1.5707963267948966        0.0000000000000000     
        (0.17005237643815752,3.42351878980438191E-016)
   0.0000000000000000        0.0000000000000000     
               (4.0046089156405866,0.0000000000000000)
   1.5707963267948966        0.0000000000000000     
       (0.17005237643815752,-3.42351878980438191E-016)
   3.1415926535897931        0.0000000000000000     
        (0.26502961429437055,2.40614548110813765E-016)
   1.0000000000000000                1           4
               (1.0000000000000002,0.0000000000000000)
  -1.5707963267948966        0.0000000000000000     
        (0.18143658231814053,1.19797528468685639E-016)
   0.0000000000000000        0.0000000000000000     
               (4.0054944299918755,0.0000000000000000)
   1.5707963267948966        0.0000000000000000     
       (0.18143658231814053,-1.19797528468685639E-016)
   3.1415926535897931        0.0000000000000000     
        (0.27026295733108952,2.39595056937371278E-016)
   1.0000000000000000                1           4
               (1.0000000000000002,0.0000000000000000)
  -1.5707963267948966        0.0000000000000000     
        (0.17356129577691637,1.20069174903933946E-016)
   0.0000000000000000        0.0000000000000000     
               (4.0045741552471021,0.0000000000000000)
   1.5707963267948966        0.0000000000000000     
       (0.17356129577691637,-1.20069174903933946E-016)
   3.1415926535897931        0.0000000000000000     
        (0.26430530490037896,2.40138349807867892E-016)
   1.0000000000000000                1           4
               (1.0000000000000002,0.0000000000000000)
  -1.5707963267948966        0.0000000000000000     
        (0.17796349823470858,1.20001103284059357E-016)
   0.0000000000000000        0.0000000000000000     
               (4.0053595658841648,0.0000000000000000)
   1.5707963267948966        0.0000000000000000     
       (0.17796349823470858,-1.20001103284059357E-016)
   3.1415926535897931        0.0000000000000000     
        (0.27010091134423686,2.40002206568118713E-016)
   1.0000000000000000                1           4
               (1.0000000000000002,0.0000000000000000)
  -1.5707963267948966        0.0000000000000000     
       (0.17328589636481717,-1.01934569634887467E-016)
   0.0000000000000000        0.0000000000000000     
               (4.0044411237063855,0.0000000000000000)
   1.5707963267948966        0.0000000000000000     
        (0.17328589636481717,1.01934569634887467E-016)
   3.1415926535897931        0.0000000000000000     
        (0.26522213911141157,2.40220070580287732E-016)
   1.0000000000000000                1           4
               (1.0000000000000002,0.0000000000000000)
  -1.5707963267948966        0.0000000000000000     
        (0.17512637958453992,4.53135419383437301E-016)
   0.0000000000000000        0.0000000000000000     
               (4.0047189955682709,0.0000000000000000)
   1.5707963267948966        0.0000000000000000     
       (0.17512637958453992,-4.53135419383437301E-016)
   3.1415926535897931        0.0000000000000000     
        (0.26726897997459986,2.40137023991780776E-016)
   1.0000000000000000                1           4
               (1.0000000000000002,0.0000000000000000)
  -1.5707963267948966        0.0000000000000000     
        (0.17622165811555679,3.42183474454443309E-016)
   0.0000000000000000        0.0000000000000000     
               (4.0049694777044262,0.0000000000000000)
   1.5707963267948966        0.0000000000000000     
       (0.17622165811555679,-3.42183474454443309E-016)
   3.1415926535897931        0.0000000000000000     
        (0.27150710634096231,2.40277739058824001E-016)
   1.0000000000000000                1           4
               (1.0000000000000002,0.0000000000000000)
  -1.5707963267948966        0.0000000000000000     
        (0.17648459361316682,3.42076419908878758E-016)
   0.0000000000000000        0.0000000000000000     
               (4.0050331508838024,0.0000000000000000)
   1.5707963267948966        0.0000000000000000     
       (0.17648459361316682,-3.42076419908878758E-016)
   3.1415926535897931        0.0000000000000000     
        (0.26847263734188054,2.40063629967694802E-016)
   1.0000000000000000                1           4
               (1.0000000000000002,0.0000000000000000)
  -1.5707963267948966        0.0000000000000000     
        (0.17297162723467341,1.20117334701046743E-016)
   0.0000000000000000        0.0000000000000000     
               (4.0037443349022679,0.0000000000000000)
   1.5707963267948966        0.0000000000000000     
       (0.17297162723467341,-1.20117334701046743E-016)
   3.1415926535897931        0.0000000000000000     
        (0.26552880650842681,2.40234669402093485E-016)
   1.0000000000000000                1           4
               (1.0000000000000002,0.0000000000000000)
  -1.5707963267948966        0.0000000000000000     
        (0.17920980151616683,8.89888548510603016E-018)
   0.0000000000000000        0.0000000000000000     
               (4.0056262332998873,0.0000000000000000)
   1.5707963267948966        0.0000000000000000     
       (0.17920980151616683,-8.89888548510603016E-018)
   3.1415926535897931        0.0000000000000000     
        (0.26971661751672160,2.39842375895243368E-016)
   1.0000000000000000                1           4
               (1.0000000000000002,0.0000000000000000)
  -1.5707963267948966        0.0000000000000000     
       (0.17910672793311089,-1.02061347657929391E-016)
   0.0000000000000000        0.0000000000000000     
               (4.0054354871213507,0.0000000000000000)
   1.5707963267948966        0.0000000000000000     
        (0.17910672793311089,1.02061347657929391E-016)
   3.1415926535897931        0.0000000000000000     
        (0.27172855435498944,2.39966514534203884E-016)
   1.0000000000000000                1           4
               (1.0000000000000002,0.0000000000000000)
  -1.5707963267948966        0.0000000000000000     
        (0.16810128556197712,1.20235129932231126E-016)
   0.0000000000000000        0.0000000000000000     
               (4.0044760860415076,0.0000000000000000)
   1.5707963267948966        0.0000000000000000     
       (0.16810128556197712,-1.20235129932231126E-016)
   3.1415926535897931        0.0000000000000000     
        (0.25890385625407009,2.40470259864462251E-016)
   1.0000000000000000                1           4
               (1.0000000000000002,0.0000000000000000)
  -1.5707963267948966        0.0000000000000000     
        (0.17146412833519620,3.42269130875646843E-016)
   0.0000000000000000        0.0000000000000000     
               (4.0049418062503070,0.0000000000000000)
   1.5707963267948966        0.0000000000000000     
       (0.17146412833519620,-3.42269130875646843E-016)
   3.1415926535897931        0.0000000000000000     
        (0.26481746926798466,2.40449051901230972E-016)
   1.0000000000000000                1           4
               (1.0000000000000002,0.0000000000000000)
  -1.5707963267948966        0.0000000000000000     
        (0.18229921896027645,3.41784526805043398E-016)
   0.0000000000000000        0.0000000000000000     
               (4.0045392528704760,0.0000000000000000)
   1.5707963267948966        0.0000000000000000     
       (0.18229921896027645,-3.41784526805043398E-016)
   3.1415926535897931        0.0000000000000000     
        (0.27106183376086224,2.39479843760024082E-016)
   1.0000000000000000                1           4
               (1.0000000000000002,0.0000000000000000)
  -1.5707963267948966        0.0000000000000000     
        (0.17513921797401821,1.20043000496180125E-016)
   0.0000000000000000        0.0000000000000000     
               (4.0046917299200393,0.0000000000000000)
   1.5707963267948966        0.0000000000000000     
       (0.17513921797401821,-1.20043000496180125E-016)
   3.1415926535897931        0.0000000000000000     
        (0.26648865358573370,2.40086000992360249E-016)
   1.0000000000000000                1           4
               (1.0000000000000000,0.0000000000000000)
  -1.5707963267948966        0.0000000000000000     
        (0.17298995510264892,1.20191327182332832E-016)
   0.0000000000000000        0.0000000000000000     
               (4.0042236412300012,0.0000000000000000)
   1.5707963267948966        0.0000000000000000     
       (0.17298995510264892,-1.20191327182332832E-016)
   3.1415926535897931        0.0000000000000000     
        (0.26750293376108514,2.40382654364665664E-016)
   1.0000000000000000                1           4
               (1.0000000000000002,0.0000000000000000)
  -1.5707963267948966        0.0000000000000000     
        (0.17792624459348361,1.19952141754742608E-016)
   0.0000000000000000        0.0000000000000000     
               (4.0048744161099936,0.0000000000000000)
   1.5707963267948966        0.0000000000000000     
       (0.17792624459348361,-1.19952141754742608E-016)
   3.1415926535897931        0.0000000000000000     
        (0.26891234892721794,2.39904283509485215E-016)
   1.0000000000000000                1           4
               (1.0000000000000002,0.0000000000000000)
  -1.5707963267948966        0.0000000000000000     
        (0.16947685932891365,1.20386241780049675E-016)
   0.0000000000000000        0.0000000000000000     
               (4.0042000790265631,0.0000000000000000)
   1.5707963267948966        0.0000000000000000     
       (0.16947685932891365,-1.20386241780049675E-016)
   3.1415926535897931        0.0000000000000000     
        (0.26686669831454302,2.40772483560099350E-016)
   1.0000000000000000                1           4
               (1.0000000000000002,0.0000000000000000)
  -1.5707963267948966        0.0000000000000000     
        (0.17233069895630726,9.31010009322038752E-018)
   0.0000000000000000        0.0000000000000000     
               (4.0044444351459845,0.0000000000000000)
   1.5707963267948966        0.0000000000000000     
       (0.17233069895630726,-9.31010009322038752E-018)
   3.1415926535897931        0.0000000000000000     
        (0.27057149893219723,2.40664805111472132E-016)
   1.0000000000000000                1           4
               (1.0000000000000002,0.0000000000000000)
  -1.5707963267948966        0.0000000000000000     
        (0.17637992751492093,1.19989118139948312E-016)
   0.0000000000000000        0.0000000000000000     
               (4.0047615264004222,0.0000000000000000)
   1.5707963267948966        0.0000000000000000     
       (0.17637992751492093,-1.19989118139948312E-016)
   3.1415926535897931        0.0000000000000000     
        (0.26714034487408389,2.39978236279896624E-016)
   1.0000000000000000                1           4
               (1.0000000000000002,0.0000000000000000)
  -1.5707963267948966        0.0000000000000000     
       (0.17650056454371221,-1.02112580148586365E-016)
   0.0000000000000000        0.0000000000000000     
               (4.0043690288359182,0.0000000000000000)
   1.5707963267948966        0.0000000000000000     
        (0.17650056454371221,1.02112580148586365E-016)
   3.1415926535897931        0.0000000000000000     
        (0.26590930572646554,2.39864049552889887E-016)
   1.0000000000000000                1           4
               (1.0000000000000002,0.0000000000000000)
  -1.5707963267948966        0.0000000000000000     
        (0.17527832446101721,1.20055714975684871E-016)
   0.0000000000000000        0.0000000000000000     
               (4.0047311557900347,0.0000000000000000)
   1.5707963267948966        0.0000000000000000     
       (0.17527832446101721,-1.20055714975684871E-016)
   3.1415926535897931        0.0000000000000000     
        (0.26714272710582243,2.40111429951369742E-016)
   1.0000000000000000                1           4
               (1.0000000000000002,0.0000000000000000)
  -1.5707963267948966        0.0000000000000000     
        (0.17220617726835330,9.25863916631064394E-018)
   0.0000000000000000        0.0000000000000000     
               (4.0043932744942357,0.0000000000000000)
   1.5707963267948966        0.0000000000000000     
       (0.17220617726835330,-9.25863916631064394E-018)
   3.1415926535897931        0.0000000000000000     
        (0.26869277477863762,2.40561883257652645E-016)
   1.0000000000000000                1           4
               (1.0000000000000002,0.0000000000000000)
  -1.5707963267948966        0.0000000000000000     
        (0.17563602665643840,1.20069673648285588E-016)
   0.0000000000000000        0.0000000000000000     
               (4.0043655760274639,0.0000000000000000)
   1.5707963267948966        0.0000000000000000     
       (0.17563602665643840,-1.20069673648285588E-016)
   3.1415926535897931        0.0000000000000000     
        (0.26867963610582668,2.40139347296571175E-016)
   1.0000000000000000                1           4
               (1.0000000000000002,0.0000000000000000)
  -1.5707963267948966        0.0000000000000000     
        (0.17323033930944087,3.42119759429336019E-016)
   0.0000000000000000        0.0000000000000000     
               (4.0048079879703211,0.0000000000000000)
   1.5707963267948966        0.0000000000000000     
       (0.17323033930944087,-3.42119759429336019E-016)
   3.1415926535897931        0.0000000000000000     
        (0.26360486781199122,2.40150309008609422E-016)
   1.0000000000000000                1           4
               (1.0000000000000002,0.0000000000000000)
  -1.5707963267948966        0.0000000000000000     
        (0.16546656829013717,1.20503856444600529E-016)
   0.0000000000000000        0.0000000000000000     
               (4.0036258541166241,0.0000000000000000)
   1.5707963267948966        0.0000000000000000     
       (0.16546656829013717,-1.20503856444600529E-016)
   3.1415926535897931        0.0000000000000000     
        (0.26326192762338130,2.41007712889201057E-016)
   1.0000000000000000                1           4
               (1.0000000000000002,0.0000000000000000)
  -1.5707963267948966        0.0000000000000000     
        (0.17980555202582205,1.19945544476472825E-016)
   0.0000000000000000        0.0000000000000000     
               (4.0052418777328214,0.0000000000000000)
   1.5707963267948966        0.0000000000000000     
       (0.17980555202582205,-1.19945544476472825E-016)
   3.1415926535897931        0.0000000000000000     
        (0.27208801870805954,2.39891088952945650E-016)
   1.0000000000000000                1           4
               (1.0000000000000002,0.0000000000000000)
  -1.5707963267948966        0.0000000000000000     
        (0.17486256865247984,2.31016432425048359E-016)
   0.0000000000000000        0.0000000000000000     
               (4.0038327979447361,0.0000000000000000)
   1.5707963267948966        0.0000000000000000     
       (0.17486256865247984,-2.31016432425048359E-016)
   3.1415926535897931        0.0000000000000000     
        (0.26519805415333086,2.39988259925065312E-016)
   1.0000000000000000                1           4
               (1.0000000000000002,0.0000000000000000)
  -1.5707963267948966        0.0000000000000000     
        (0.17947923485811446,8.86542945311263083E-018)
   0.0000000000000000        0.0000000000000000     
               (4.0047334629270397,0.0000000000000000)
   1.5707963267948966        0.0000000000000000     
       (0.17947923485811446,-8.86542945311263083E-018)
   3.1415926535897931        0.0000000000000000     
        (0.27005549764087922,2.39775463831256570E-016)
   1.0000000000000000                1           4
               (1.0000000000000002,0.0000000000000000)
  -1.5707963267948966        0.0000000000000000     
        (0.17302015016342076,1.20202497315452627E-016)
   0.0000000000000000        0.0000000000000000     
               (4.0045286872968155,0.0000000000000000)
   1.5707963267948966        0.0000000000000000     
       (0.17302015016342076,-1.20202497315452627E-016)
   3.1415926535897931        0.0000000000000000     
        (0.26762312205098726,2.40404994630905255E-016)
   1.0000000000000000                1           4
               (1.0000000000000002,0.0000000000000000)
  -1.5707963267948966        0.0000000000000000     
        (0.17314557493725491,1.20113577974155438E-016)
   0.0000000000000000        0.0000000000000000     
               (4.0045895892256116,0.0000000000000000)
   1.5707963267948966        0.0000000000000000     
       (0.17314557493725491,-1.20113577974155438E-016)
   3.1415926535897931        0.0000000000000000     
        (0.26490874357815375,2.40227155948310875E-016)
   1.0000000000000000                1           4
               (1.0000000000000002,0.0000000000000000)
  -1.5707963267948966        0.0000000000000000     
        (0.16803487208714818,1.20396070800869524E-016)
   0.0000000000000000        0.0000000000000000     
               (4.0042645945571227,0.0000000000000000)
   1.5707963267948966        0.0000000000000000     
       (0.16803487208714818,-1.20396070800869524E-016)
   3.1415926535897931        0.0000000000000000     
        (0.26423924848368607,2.40792141601739049E-016)
   1.0000000000000000                1           4
               (1.0000000000000002,0.0000000000000000)
  -1.5707963267948966        0.0000000000000000     
        (0.17458678283875140,2.31082883583736642E-016)
   0.0000000000000000        0.0000000000000000     
               (4.0046918628205361,0.0000000000000000)
   1.5707963267948966        0.0000000000000000     
       (0.17458678283875140,-2.31082883583736642E-016)
   3.1415926535897931        0.0000000000000000     
        (0.26595787720574515,2.40121162242441976E-016)
   1.0000000000000000                1           4
               (1.0000000000000002,0.0000000000000000)
  -1.5707963267948966        0.0000000000000000     
       (0.17919036541589073,-1.02098579295249029E-016)
   0.0000000000000000        0.0000000000000000     
               (4.0050039037142637,0.0000000000000000)
   1.5707963267948966        0.0000000000000000     
        (0.17919036541589073,1.02098579295249029E-016)
   3.1415926535897931        0.0000000000000000     
        (0.27111133516647923,2.39892051259564608E-016)
   1.0000000000000000                1           4
               (1.0000000000000002,0.0000000000000000)
  -1.5707963267948966        0.0000000000000000     
        (0.17644742736063923,1.20090064145828692E-016)
   0.0000000000000000        0.0000000000000000     
               (4.0051881786220456,0.0000000000000000)
   1.5707963267948966        0.0000000000000000     
       (0.17644742736063923,-1.20090064145828692E-016)
   3.1415926535897931        0.0000000000000000     
        (0.27014583911146051,2.40180128291657384E-016)
   1.0000000000000000                1           4
               (1.0000000000000002,0.0000000000000000)
  -1.5707963267948966        0.0000000000000000     
        (0.17219513230371153,1.20193871800217889E-016)
   0.0000000000000000        0.0000000000000000     
               (4.0046737340420879,0.0000000000000000)
   1.5707963267948966        0.0000000000000000     
       (0.17219513230371153,-1.20193871800217889E-016)
   3.1415926535897931        0.0000000000000000     
        (0.26554630887861019,2.40387743600435778E-016)
   1.0000000000000000                1           4
               (1.0000000000000002,0.0000000000000000)
  -1.5707963267948966        0.0000000000000000     
        (0.17222362698766858,3.42228193490492541E-016)
   0.0000000000000000        0.0000000000000000     
               (4.0038147962085269,0.0000000000000000)
   1.5707963267948966        0.0000000000000000     
       (0.17222362698766858,-3.42228193490492541E-016)
   3.1415926535897931        0.0000000000000000     
        (0.26612636014381230,2.40367177130922368E-016)
   1.0000000000000000                1           4
               (1.0000000000000002,0.0000000000000000)
  -1.5707963267948966        0.0000000000000000     
        (0.17351153773474426,2.31191229529665047E-016)
   0.0000000000000000        0.0000000000000000     
               (4.0050468095458420,0.0000000000000000)
   1.5707963267948966        0.0000000000000000     
       (0.17351153773474426,-2.31191229529665047E-016)
   3.1415926535897931        0.0000000000000000     
        (0.26699128742423628,2.40337854134298785E-016)
   1.0000000000000000                1           4
               (1.0000000000000002,0.0000000000000000)
  -1.5707963267948966        0.0000000000000000     
        (0.17292110549507300,9.16878099242183402E-018)
   0.0000000000000000        0.0000000000000000     
               (4.0052407694861838,0.0000000000000000)
   1.5707963267948966        0.0000000000000000     
       (0.17292110549507300,-9.16878099242183402E-018)
   3.1415926535897931        0.0000000000000000     
        (0.26634014554889018,2.40382166909874976E-016)
   1.0000000000000000                1           4
               (1.0000000000000002,0.0000000000000000)
  -1.5707963267948966        0.0000000000000000     
        (0.17790083169367332,2.30902760983237180E-016)
   0.0000000000000000        0.0000000000000000     
               (4.0049396353541011,0.0000000000000000)
   1.5707963267948966        0.0000000000000000     
       (0.17790083169367332,-2.30902760983237180E-016)
   3.1415926535897931        0.0000000000000000     
        (0.26645495177867096,2.39760917041443052E-016)
   1.0000000000000000                1           4
               (1.0000000000000002,0.0000000000000000)
  -1.5707963267948966        0.0000000000000000     
        (0.17438465687766402,1.20223012799841133E-016)
   0.0000000000000000        0.0000000000000000     
               (4.0052689669278889,0.0000000000000000)
   1.5707963267948966        0.0000000000000000     
       (0.17438465687766402,-1.20223012799841133E-016)
   3.1415926535897931        0.0000000000000000     
        (0.27028194242039094,2.40446025599682267E-016)
   1.0000000000000000                1           4
               (1.0000000000000002,0.0000000000000000)
  -1.5707963267948966        0.0000000000000000     
        (0.18025152585291371,2.30884168510699987E-016)
   0.0000000000000000        0.0000000000000000     
               (4.0045930231512967,0.0000000000000000)
   1.5707963267948966        0.0000000000000000     
       (0.18025152585291371,-2.30884168510699987E-016)
   3.1415926535897931        0.0000000000000000     
        (0.27089567606161080,2.39723732096368665E-016)
   1.0000000000000000                1           4
               (1.0000000000000002,0.0000000000000000)
  -1.5707963267948966        0.0000000000000000     
        (0.17604727604270232,8.98974414115820426E-018)
   0.0000000000000000        0.0000000000000000     
               (4.0052370243465205,0.0000000000000000)
   1.5707963267948966        0.0000000000000000     
       (0.17604727604270232,-8.98974414115820426E-018)
   3.1415926535897931        0.0000000000000000     
        (0.26674844444175549,2.40024093207347766E-016)
   1.0000000000000000                1           4
               (1.0000000000000002,0.0000000000000000)
  -1.5707963267948966        0.0000000000000000     
        (0.17839442986322640,1.19760944300018796E-016)
   0.0000000000000000        0.0000000000000000     
               (4.0052131192790403,0.0000000000000000)
   1.5707963267948966        0.0000000000000000     
       (0.17839442986322640,-1.19760944300018796E-016)
   3.1415926535897931        0.0000000000000000     
        (0.26326503350402375,2.39521888600037591E-016)
   1.0000000000000000                1           4
               (1.0000000000000002,0.0000000000000000)
  -1.5707963267948966        0.0000000000000000     
        (0.17681879513017351,1.19989206532038923E-016)
   0.0000000000000000        0.0000000000000000     
               (4.0047141624064091,0.0000000000000000)
   1.5707963267948966        0.0000000000000000     
       (0.17681879513017351,-1.19989206532038923E-016)
   3.1415926535897931        0.0000000000000000     
        (0.26806833120337970,2.39978413064077846E-016)
   1.0000000000000000                1           4
               (1.0000000000000002,0.0000000000000000)
  -1.5707963267948966        0.0000000000000000     
        (0.18091481440324142,3.41808874905960120E-016)
   0.0000000000000000        0.0000000000000000     
               (4.0048371059556640,0.0000000000000000)
   1.5707963267948966        0.0000000000000000     
       (0.18091481440324142,-3.41808874905960120E-016)
   3.1415926535897931        0.0000000000000000     
        (0.26879044088933834,2.39528539961857624E-016)
   1.0000000000000000                1           4
               (1.0000000000000002,0.0000000000000000)
  -1.5707963267948966        0.0000000000000000     
        (0.17499762869093327,3.42048879154441010E-016)
   0.0000000000000000        0.0000000000000000     
               (4.0042728246526096,0.0000000000000000)
   1.5707963267948966        0.0000000000000000     
       (0.17499762869093327,-3.42048879154441010E-016)
   3.1415926535897931        0.0000000000000000     
        (0.26535948442322554,2.40008548458819305E-016)
   1.0000000000000000                1           4
               (1.0000000000000002,0.0000000000000000)
  -1.5707963267948966        0.0000000000000000     
        (0.17391326578061284,1.20165882441667695E-016)
   0.0000000000000000        0.0000000000000000     
               (4.0044268182602956,0.0000000000000000)
   1.5707963267948966        0.0000000000000000     
       (0.17391326578061284,-1.20165882441667695E-016)
   3.1415926535897931        0.0000000000000000     
        (0.26831528978655372,2.40331764883335390E-016)
   1.0000000000000000                1           4
               (1.0000000000000002,0.0000000000000000)
  -1.5707963267948966        0.0000000000000000     
       (0.17435127286277219,-3.23970369648604226E-016)
   0.0000000000000000        0.0000000000000000     
               (4.0049684843677591,0.0000000000000000)
   1.5707963267948966        0.0000000000000000     
        (0.17435127286277219,3.23970369648604226E-016)
   3.1415926535897931        0.0000000000000000     
        (0.26711312167427026,2.40237680402916780E-016)
