           2              (-3.1465673590663705,0.0000000000000000)   1.0000000000000000     
           2              (-3.1554699373532951,0.0000000000000000)   1.0000000000000000     
           2              (-3.1502841196602649,0.0000000000000000)   1.0000000000000000     
           2              (-3.1867296470286193,0.0000000000000000)   1.0000000000000000     
           2              (-3.1681409193869672,0.0000000000000000)   1.0000000000000000     
           2              (-3.1730113963260727,0.0000000000000000)   1.0000000000000000     
           2              (-3.1156186648466746,0.0000000000000000)   1.0000000000000000     
           2              (-3.1028595202751772,0.0000000000000000)   1.0000000000000000     
           2              (-3.2008298501697259,0.0000000000000000)   1.0000000000000000     
           2              (-3.1826976034313401,0.0000000000000000)   1.0000000000000000     
           2              (-3.2205954076594234,0.0000000000000000)   1.0000000000000000     
           2              (-3.1982436881164484,0.0000000000000000)   1.0000000000000000     
           2              (-3.2152202692379426,0.0000000000000000)   1.0000000000000000     
           2              (-3.1574424959053844,0.0000000000000000)   1.0000000000000000     
           2              (-3.2015341896182510,0.0000000000000000)   1.0000000000000000     
           2              (-3.1550064681639909,0.0000000000000000)   1.0000000000000000     
           2              (-3.1549190080071190,0.0000000000000000)   1.0000000000000000     
           2              (-3.2327643217701301,0.0000000000000000)   1.0000000000000000     
           2              (-3.2097820927517913,0.0000000000000000)   1.0000000000000000     
           2              (-3.1399708606208900,0.0000000000000000)   1.0000000000000000     
           2              (-3.1510561870006950,0.0000000000000000)   1.0000000000000000     
           2              (-3.1249822097191298,0.0000000000000000)   1.0000000000000000     
           2              (-3.2359708201655986,0.0000000000000000)   1.0000000000000000     
           2              (-3.2042478879374094,0.0000000000000000)   1.0000000000000000     
           2              (-3.1620678352160660,0.0000000000000000)   1.0000000000000000     
           2              (-3.1188316095631001,0.0000000000000000)   1.0000000000000000     
           2              (-3.1718656284466440,0.0000000000000000)   1.0000000000000000     
           2              (-3.1906404076782917,0.0000000000000000)   1.0000000000000000     
           2              (-3.1641017254775692,0.0000000000000000)   1.0000000000000000     
           2              (-3.1464699103786860,0.0000000000000000)   1.0000000000000000     
           2              (-3.1810968856225599,0.0000000000000000)   1.0000000000000000     
           2              (-3.1718518926145620,0.0000000000000000)   1.0000000000000000     
           2              (-3.1694475748942459,0.0000000000000000)   1.0000000000000000     
           2              (-3.1752326947395826,0.0000000000000000)   1.0000000000000000     
           2              (-3.2088953571508756,0.0000000000000000)   1.0000000000000000     
           2              (-3.1983142776219800,0.0000000000000000)   1.0000000000000000     
           2              (-3.1724559667971213,0.0000000000000000)   1.0000000000000000     
           2              (-3.2053353558873448,0.0000000000000000)   1.0000000000000000     
           2              (-3.1560165897250996,0.0000000000000000)   1.0000000000000000     
           2              (-3.1087049766193773,0.0000000000000000)   1.0000000000000000     
           2              (-3.1518938282397126,0.0000000000000000)   1.0000000000000000     
           2              (-3.1478440159821446,0.0000000000000000)   1.0000000000000000     
           2              (-3.1597157037676289,0.0000000000000000)   1.0000000000000000     
           2              (-3.1713638794248951,0.0000000000000000)   1.0000000000000000     
           2              (-3.1813564751007841,0.0000000000000000)   1.0000000000000000     
           2              (-3.2070667027011344,0.0000000000000000)   1.0000000000000000     
           2              (-3.1890890211671792,0.0000000000000000)   1.0000000000000000     
           2              (-3.1667033798607989,0.0000000000000000)   1.0000000000000000     
           2              (-3.1684826027795872,0.0000000000000000)   1.0000000000000000     
           2              (-3.2163313288123958,0.0000000000000000)   1.0000000000000000     
           2              (-3.2120405973955215,0.0000000000000000)   1.0000000000000000     
           2              (-3.1799967114996197,0.0000000000000000)   1.0000000000000000     
           2              (-3.1900503819333732,0.0000000000000000)   1.0000000000000000     
           2              (-3.1281764198777831,0.0000000000000000)   1.0000000000000000     
           2              (-3.1931260526972522,0.0000000000000000)   1.0000000000000000     
           2              (-3.1359687855753116,0.0000000000000000)   1.0000000000000000     
           2              (-3.1784044041631869,0.0000000000000000)   1.0000000000000000     
           2              (-3.2265614740846882,0.0000000000000000)   1.0000000000000000     
           2              (-3.1825721692064484,0.0000000000000000)   1.0000000000000000     
           2              (-3.1244452558658113,0.0000000000000000)   1.0000000000000000     
           2              (-3.1839274409023495,0.0000000000000000)   1.0000000000000000     
           2              (-3.1716416382308217,0.0000000000000000)   1.0000000000000000     
           2              (-3.1605472484228310,0.0000000000000000)   1.0000000000000000     
           2              (-3.1934858776488384,0.0000000000000000)   1.0000000000000000     
           2              (-3.1815448451906705,0.0000000000000000)   1.0000000000000000     
           2              (-3.2213730748600646,0.0000000000000000)   1.0000000000000000     
           2              (-3.1960376693068335,0.0000000000000000)   1.0000000000000000     
           2              (-3.2255828413469829,0.0000000000000000)   1.0000000000000000     
           2              (-3.1730675430600863,0.0000000000000000)   1.0000000000000000     
           2              (-3.1521696943478399,0.0000000000000000)   1.0000000000000000     
           2              (-3.1519710179472056,0.0000000000000000)   1.0000000000000000     
           2              (-3.1197943716430063,0.0000000000000000)   1.0000000000000000     
           2              (-3.2242806944684705,0.0000000000000000)   1.0000000000000000     
           2              (-3.1594024462710615,0.0000000000000000)   1.0000000000000000     
           2              (-3.1197355838370386,0.0000000000000000)   1.0000000000000000     
           2              (-3.1428932759947785,0.0000000000000000)   1.0000000000000000     
           2              (-3.1794801434763356,0.0000000000000000)   1.0000000000000000     
           2              (-3.1571261805353825,0.0000000000000000)   1.0000000000000000     
           2              (-3.2068630753281160,0.0000000000000000)   1.0000000000000000     
           2              (-3.1177796924482801,0.0000000000000000)   1.0000000000000000     
           2              (-3.1079886062855935,0.0000000000000000)   1.0000000000000000     
           2              (-3.0925474591195932,0.0000000000000000)   1.0000000000000000     
           2              (-3.1565162958628186,0.0000000000000000)   1.0000000000000000     
           2              (-3.1971063131033080,0.0000000000000000)   1.0000000000000000     
           2              (-3.1996631484121862,0.0000000000000000)   1.0000000000000000     
           2              (-3.1702148687768714,0.0000000000000000)   1.0000000000000000     
           2              (-3.1833475505984086,0.0000000000000000)   1.0000000000000000     
           2              (-3.1523312624327060,0.0000000000000000)   1.0000000000000000     
           2              (-3.1543851796750837,0.0000000000000000)   1.0000000000000000     
           2              (-3.1795373713008659,0.0000000000000000)   1.0000000000000000     
           2              (-3.1512272905132250,0.0000000000000000)   1.0000000000000000     
           2              (-3.1387364697386726,0.0000000000000000)   1.0000000000000000     
           2              (-3.2109894166824526,0.0000000000000000)   1.0000000000000000     
           2              (-3.1816775433286772,0.0000000000000000)   1.0000000000000000     
           2              (-3.2006961926160993,0.0000000000000000)   1.0000000000000000     
           2              (-3.1740653439509909,0.0000000000000000)   1.0000000000000000     
           2              (-3.1811089659524705,0.0000000000000000)   1.0000000000000000     
           2              (-3.1930490963825853,0.0000000000000000)   1.0000000000000000     
           2              (-3.1617397954904694,0.0000000000000000)   1.0000000000000000     
           2              (-3.0759275659903325,0.0000000000000000)   1.0000000000000000     
           2              (-3.1526622983291732,0.0000000000000000)   1.0000000000000000     
           2              (-3.1705168387792155,0.0000000000000000)   1.0000000000000000     
           2              (-3.1724569049766917,0.0000000000000000)   1.0000000000000000     
           2              (-3.1260438713759671,0.0000000000000000)   1.0000000000000000     
           2              (-3.1825566877067684,0.0000000000000000)   1.0000000000000000     
           2              (-3.1570710549096161,0.0000000000000000)   1.0000000000000000     
           2              (-3.1587512112547342,0.0000000000000000)   1.0000000000000000     
           2              (-3.1959006543105120,0.0000000000000000)   1.0000000000000000     
           2              (-3.1653386101562377,0.0000000000000000)   1.0000000000000000     
           2              (-3.1834100750964471,0.0000000000000000)   1.0000000000000000     
           2              (-3.1805804872549310,0.0000000000000000)   1.0000000000000000     
           2              (-3.2109487514397079,0.0000000000000000)   1.0000000000000000     
           2              (-3.1694052233303425,0.0000000000000000)   1.0000000000000000     
           2              (-3.1644079048612044,0.0000000000000000)   1.0000000000000000     
           2              (-3.1921778835307921,0.0000000000000000)   1.0000000000000000     
           2              (-3.1417588205124534,0.0000000000000000)   1.0000000000000000     
           2              (-3.1767471939762273,0.0000000000000000)   1.0000000000000000     
           2              (-3.1518042411752982,0.0000000000000000)   1.0000000000000000     
           2              (-3.1663953743756625,0.0000000000000000)   1.0000000000000000     
           2              (-3.2070357071884836,0.0000000000000000)   1.0000000000000000     
           2              (-3.1637548532190789,0.0000000000000000)   1.0000000000000000     
           2              (-3.1554960571006032,0.0000000000000000)   1.0000000000000000     
           2              (-3.1699156145128393,0.0000000000000000)   1.0000000000000000     
           2              (-3.1974458442658515,0.0000000000000000)   1.0000000000000000     
           2              (-3.1588953835417493,0.0000000000000000)   1.0000000000000000     
           2              (-3.1296711685351766,0.0000000000000000)   1.0000000000000000     
           2              (-3.1947020837092430,0.0000000000000000)   1.0000000000000000     
           2              (-3.2009070724576820,0.0000000000000000)   1.0000000000000000     
           2              (-3.1428901923773478,0.0000000000000000)   1.0000000000000000     
           2              (-3.1905479095742248,0.0000000000000000)   1.0000000000000000     
           2              (-3.2031969715519089,0.0000000000000000)   1.0000000000000000     
           2              (-3.1255767326888089,0.0000000000000000)   1.0000000000000000     
           2              (-3.1616368107470683,0.0000000000000000)   1.0000000000000000     
           2              (-3.1170734496060457,0.0000000000000000)   1.0000000000000000     
           2              (-3.2025005731193934,0.0000000000000000)   1.0000000000000000     
           2              (-3.2033969155460751,0.0000000000000000)   1.0000000000000000     
           2              (-3.1442489277313665,0.0000000000000000)   1.0000000000000000     
           2              (-3.1461263458673594,0.0000000000000000)   1.0000000000000000     
           2              (-3.1661132044204296,0.0000000000000000)   1.0000000000000000     
           2              (-3.1303367976825429,0.0000000000000000)   1.0000000000000000     
           2              (-3.1692607748640982,0.0000000000000000)   1.0000000000000000     
           2              (-3.2056341342757011,0.0000000000000000)   1.0000000000000000     
           2              (-3.1843857902618602,0.0000000000000000)   1.0000000000000000     
           2              (-3.1483782524740866,0.0000000000000000)   1.0000000000000000     
           2              (-3.0743034639343785,0.0000000000000000)   1.0000000000000000     
           2              (-3.1829070788694511,0.0000000000000000)   1.0000000000000000     
           2              (-3.1401659934842425,0.0000000000000000)   1.0000000000000000     
           2              (-3.1337458817546082,0.0000000000000000)   1.0000000000000000     
           2              (-3.1875155246066793,0.0000000000000000)   1.0000000000000000     
           2              (-3.1541214747166535,0.0000000000000000)   1.0000000000000000     
