   1.0000000000000000                1           4
               (0.0000000000000000,0.0000000000000000)
  -1.5707963267948966        0.0000000000000000     
        (0.67299203709825017,7.67928211181884265E-017)
   0.0000000000000000        0.0000000000000000     
              (0.33551044857304724,0.0000000000000000)
   1.5707963267948966        0.0000000000000000     
       (0.67299203709825017,-7.67928211181884265E-017)
   3.1415926535897931        0.0000000000000000     
         (1.7055857151417608,4.25633397738611928E-017)
   1.0000000000000000                1           4
               (0.0000000000000000,0.0000000000000000)
  -1.5707963267948966        0.0000000000000000     
       (0.61794339618711924,-2.77215147198365938E-017)
   0.0000000000000000        0.0000000000000000     
              (0.36064069340325000,0.0000000000000000)
   1.5707963267948966        0.0000000000000000     
        (0.61794339618711924,2.77215147198365938E-017)
   3.1415926535897931        0.0000000000000000     
         (1.7829245097836230,5.55792730228424789E-017)
   1.0000000000000000                1           4
               (0.0000000000000000,0.0000000000000000)
  -1.5707963267948966        0.0000000000000000     
        (0.60489868734048480,2.94479817087358940E-017)
   0.0000000000000000        0.0000000000000000     
              (0.31235256994301264,0.0000000000000000)
   1.5707963267948966        0.0000000000000000     
       (0.60489868734048480,-2.94479817087358940E-017)
   3.1415926535897931        0.0000000000000000     
         (1.8592888802457268,5.88959634174717881E-017)
   1.0000000000000000                1           4
               (0.0000000000000000,0.0000000000000000)
  -1.5707963267948966        0.0000000000000000     
        (0.65129362234739407,7.89352514175696968E-017)
   0.0000000000000000        0.0000000000000000     
              (0.34072289363318381,0.0000000000000000)
   1.5707963267948966        0.0000000000000000     
       (0.65129362234739407,-7.89352514175696968E-017)
   3.1415926535897931        0.0000000000000000     
         (1.7269535246133794,4.68482003726237396E-017)
   1.0000000000000000                1           4
               (0.0000000000000000,0.0000000000000000)
  -1.5707963267948966        0.0000000000000000     
        (0.62627586005383851,2.62813836060068825E-017)
   0.0000000000000000        0.0000000000000000     
              (0.37978990624595932,0.0000000000000000)
   1.5707963267948966        0.0000000000000000     
       (0.62627586005383851,-2.62813836060068825E-017)
   3.1415926535897931        0.0000000000000000     
         (1.7311769462674040,5.25627672120137650E-017)
   1.0000000000000000                1           4
               (0.0000000000000000,0.0000000000000000)
  -1.5707963267948966        0.0000000000000000     
        (0.66783397258156374,2.18708145895561113E-017)
   0.0000000000000000        0.0000000000000000     
              (0.31456510472485699,0.0000000000000000)
   1.5707963267948966        0.0000000000000000     
       (0.66783397258156374,-2.18708145895561113E-017)
   3.1415926535897931        0.0000000000000000     
         (1.7354578562610667,4.37416291791122225E-017)
   1.0000000000000000                1           4
               (0.0000000000000000,0.0000000000000000)
  -1.5707963267948966        0.0000000000000000     
        (0.64244968809575675,2.51927358721330037E-017)
   0.0000000000000000        0.0000000000000000     
              (0.25037869890154085,0.0000000000000000)
   1.5707963267948966        0.0000000000000000     
       (0.64244968809575675,-2.51927358721330037E-017)
   3.1415926535897931        0.0000000000000000     
         (1.8573778762692430,5.03854717442660074E-017)
   1.0000000000000000                1           4
               (0.0000000000000000,0.0000000000000000)
  -1.5707963267948966        0.0000000000000000     
        (0.63126504577280484,2.64565307054141465E-017)
   0.0000000000000000        0.0000000000000000     
              (0.25904678237787893,0.0000000000000000)
   1.5707963267948966        0.0000000000000000     
       (0.63126504577280484,-2.64565307054141465E-017)
   3.1415926535897931        0.0000000000000000     
         (1.8676191799782933,5.29130614108282930E-017)
   1.0000000000000000                1           4
               (0.0000000000000000,0.0000000000000000)
  -1.5707963267948966        0.0000000000000000     
       (0.66104989780066603,-3.30961219885479482E-017)
   0.0000000000000000        0.0000000000000000     
              (0.30962446492023432,0.0000000000000000)
   1.5707963267948966        0.0000000000000000     
        (0.66104989780066603,3.30961219885479482E-017)
   3.1415926535897931        0.0000000000000000     
         (1.7446057460242348,4.48300584854197638E-017)
   1.0000000000000000                1           4
               (0.0000000000000000,0.0000000000000000)
  -1.5707963267948966        0.0000000000000000     
        (0.66203897857407012,2.24786769864317104E-017)
   0.0000000000000000        0.0000000000000000     
              (0.35656564853836104,0.0000000000000000)
   1.5707963267948966        0.0000000000000000     
       (0.66203897857407012,-2.24786769864317104E-017)
   3.1415926535897931        0.0000000000000000     
         (1.7017216170269405,4.49573539728634208E-017)
   1.0000000000000000                1           4
               (0.0000000000000000,0.0000000000000000)
  -1.5707963267948966        0.0000000000000000     
        (0.59990638008970121,2.96885521566856665E-017)
   0.0000000000000000        0.0000000000000000     
              (0.34340995747288949,0.0000000000000000)
   1.5707963267948966        0.0000000000000000     
       (0.59990638008970121,-2.96885521566856665E-017)
   3.1415926535897931        0.0000000000000000     
         (1.8261045053478293,5.93771043133713331E-017)
   1.0000000000000000                1           4
               (0.0000000000000000,0.0000000000000000)
  -1.5707963267948966        0.0000000000000000     
       (0.65875125195586182,-3.29230966408433395E-017)
   0.0000000000000000        0.0000000000000000     
              (0.31070174978945742,0.0000000000000000)
   1.5707963267948966        0.0000000000000000     
        (0.65875125195586182,3.29230966408433395E-017)
   3.1415926535897931        0.0000000000000000     
         (1.7445826062004708,4.51761091808289750E-017)
   1.0000000000000000                1           4
               (0.0000000000000000,0.0000000000000000)
  -1.5707963267948966        0.0000000000000000     
        (0.63446350778211602,2.57108843457389710E-017)
   0.0000000000000000        0.0000000000000000     
              (0.27223716761365213,0.0000000000000000)
   1.5707963267948966        0.0000000000000000     
       (0.63446350778211602,-2.57108843457389710E-017)
   3.1415926535897931        0.0000000000000000     
         (1.8364710604157541,5.14217686914779420E-017)
   1.0000000000000000                1           4
               (0.0000000000000000,0.0000000000000000)
  -1.5707963267948966        0.0000000000000000     
        (0.60206465121778785,1.40574553638842574E-016)
   0.0000000000000000        0.0000000000000000     
              (0.25405399889448588,0.0000000000000000)
   1.5707963267948966        0.0000000000000000     
       (0.60206465121778785,-1.40574553638842574E-016)
   3.1415926535897931        0.0000000000000000     
         (1.9153250783137785,5.91045023526538403E-017)
   1.0000000000000000                1           4
               (0.0000000000000000,0.0000000000000000)
  -1.5707963267948966        0.0000000000000000     
        (0.64768070745821316,7.92344258817006260E-017)
   0.0000000000000000        0.0000000000000000     
              (0.29112097547861926,0.0000000000000000)
   1.5707963267948966        0.0000000000000000     
       (0.64768070745821316,-7.92344258817006260E-017)
   3.1415926535897931        0.0000000000000000     
         (1.7791013925537542,4.74465493008855856E-017)
   1.0000000000000000                1           4
               (0.0000000000000000,0.0000000000000000)
  -1.5707963267948966        0.0000000000000000     
        (0.66595760626967204,7.76545479014196461E-017)
   0.0000000000000000        0.0000000000000000     
              (0.28878253126918058,0.0000000000000000)
   1.5707963267948966        0.0000000000000000     
       (0.66595760626967204,-7.76545479014196461E-017)
   3.1415926535897931        0.0000000000000000     
         (1.7663909034964875,4.42867933403236320E-017)
   1.0000000000000000                1           4
               (0.0000000000000000,0.0000000000000000)
  -1.5707963267948966        0.0000000000000000     
        (0.62216900788660012,2.70297392008045817E-017)
   0.0000000000000000        0.0000000000000000     
              (0.37779339800206357,0.0000000000000000)
   1.5707963267948966        0.0000000000000000     
       (0.62216900788660012,-2.70297392008045817E-017)
   3.1415926535897931        0.0000000000000000     
         (1.7494028988567114,5.40594784016091634E-017)
   1.0000000000000000                1           4
               (0.0000000000000000,0.0000000000000000)
  -1.5707963267948966        0.0000000000000000     
        (0.62681269330597966,2.62995946890241895E-017)
   0.0000000000000000        0.0000000000000000     
              (0.32342061486857071,0.0000000000000000)
   1.5707963267948966        0.0000000000000000     
       (0.62681269330597966,-2.62995946890241895E-017)
   3.1415926535897931        0.0000000000000000     
         (1.7892147232603484,5.25991893780483790E-017)
   1.0000000000000000                1           4
               (0.0000000000000000,0.0000000000000000)
  -1.5707963267948966        0.0000000000000000     
       (0.66952297272537808,-3.40990097310086571E-017)
   0.0000000000000000        0.0000000000000000     
              (0.26179217021390860,0.0000000000000000)
   1.5707963267948966        0.0000000000000000     
        (0.66952297272537808,3.40990097310086571E-017)
   3.1415926535897931        0.0000000000000000     
         (1.7766273910469614,4.28242830004983583E-017)
   1.0000000000000000                1           4
               (0.0000000000000000,0.0000000000000000)
  -1.5707963267948966        0.0000000000000000     
       (0.66518651361679004,-3.33590892335813542E-017)
   0.0000000000000000        0.0000000000000000     
              (0.32271776549670250,0.0000000000000000)
   1.5707963267948966        0.0000000000000000     
        (0.66518651361679004,3.33590892335813542E-017)
   3.1415926535897931        0.0000000000000000     
         (1.7311965150386328,4.43041239953529457E-017)
   1.0000000000000000                1           4
               (0.0000000000000000,0.0000000000000000)
  -1.5707963267948966        0.0000000000000000     
       (0.64536501151325254,-3.09657883404636817E-017)
   0.0000000000000000        0.0000000000000000     
              (0.30226998100767383,0.0000000000000000)
   1.5707963267948966        0.0000000000000000     
        (0.64536501151325254,3.09657883404636817E-017)
   3.1415926535897931        0.0000000000000000     
         (1.7901724347800283,4.90907257815882906E-017)
   1.0000000000000000                1           4
               (0.0000000000000000,0.0000000000000000)
  -1.5707963267948966        0.0000000000000000     
        (0.64234244540767693,8.06261024069555102E-017)
   0.0000000000000000        0.0000000000000000     
              (0.22343961298938270,0.0000000000000000)
   1.5707963267948966        0.0000000000000000     
       (0.64234244540767693,-8.06261024069555102E-017)
   3.1415926535897931        0.0000000000000000     
         (1.8815618358142396,5.02299023513953540E-017)
   1.0000000000000000                1           4
               (0.0000000000000000,0.0000000000000000)
  -1.5707963267948966        0.0000000000000000     
       (0.62377616785975332,-8.39722202024193357E-017)
   0.0000000000000000        0.0000000000000000     
              (0.27550578289322697,0.0000000000000000)
   1.5707963267948966        0.0000000000000000     
        (0.62377616785975332,8.39722202024193357E-017)
   3.1415926535897931        0.0000000000000000     
         (1.8555692886527932,5.41001645201926491E-017)
   1.0000000000000000                1           4
               (0.0000000000000000,0.0000000000000000)
  -1.5707963267948966        0.0000000000000000     
        (0.60444504786260989,8.47886244676233828E-017)
   0.0000000000000000        0.0000000000000000     
              (0.28933854535235015,0.0000000000000000)
   1.5707963267948966        0.0000000000000000     
       (0.60444504786260989,-8.47886244676233828E-017)
   3.1415926535897931        0.0000000000000000     
         (1.8758263965325841,5.85549464727310868E-017)
   1.0000000000000000                1           4
               (0.0000000000000000,0.0000000000000000)
  -1.5707963267948966        0.0000000000000000     
        (0.67397436650681475,2.06986784679950945E-017)
   0.0000000000000000        0.0000000000000000     
              (0.32620095657663056,0.0000000000000000)
   1.5707963267948966        0.0000000000000000     
       (0.67397436650681475,-2.06986784679950945E-017)
   3.1415926535897931        0.0000000000000000     
         (1.6978179211483173,4.13973569359901891E-017)
   1.0000000000000000                1           4
               (0.0000000000000000,0.0000000000000000)
  -1.5707963267948966        0.0000000000000000     
        (0.64287553014863186,7.99967311289403727E-017)
   0.0000000000000000        0.0000000000000000     
              (0.33927391683745911,0.0000000000000000)
   1.5707963267948966        0.0000000000000000     
       (0.64287553014863186,-7.99967311289403727E-017)
   3.1415926535897931        0.0000000000000000     
         (1.7462368754814899,4.89711597953650852E-017)
   1.0000000000000000                1           4
               (0.0000000000000000,0.0000000000000000)
  -1.5707963267948966        0.0000000000000000     
       (0.60041598929287865,-2.58829896489343333E-017)
   0.0000000000000000        0.0000000000000000     
              (0.32234743427276846,0.0000000000000000)
   1.5707963267948966        0.0000000000000000     
        (0.60041598929287865,2.58829896489343333E-017)
   3.1415926535897931        0.0000000000000000     
         (1.8462137411051343,5.92563231646469997E-017)
   1.0000000000000000                1           4
               (0.0000000000000000,0.0000000000000000)
  -1.5707963267948966        0.0000000000000000     
        (0.65028498871414075,2.39422457689522130E-017)
   0.0000000000000000        0.0000000000000000     
              (0.30817665476852685,0.0000000000000000)
   1.5707963267948966        0.0000000000000000     
       (0.65028498871414075,-2.39422457689522130E-017)
   3.1415926535897931        0.0000000000000000     
         (1.7744064152713301,4.78844915379044260E-017)
   1.0000000000000000                1           4
               (0.0000000000000000,0.0000000000000000)
  -1.5707963267948966        0.0000000000000000     
        (0.63149466934639187,8.13243769637859832E-017)
   0.0000000000000000        0.0000000000000000     
              (0.37273359706422071,0.0000000000000000)
   1.5707963267948966        0.0000000000000000     
       (0.63149466934639187,-8.13243769637859832E-017)
   3.1415926535897931        0.0000000000000000     
         (1.7333796774605215,5.16264514650563185E-017)
   1.0000000000000000                1           4
               (0.0000000000000000,0.0000000000000000)
  -1.5707963267948966        0.0000000000000000     
        (0.59346700380558937,3.09132296537626044E-017)
   0.0000000000000000        0.0000000000000000     
              (0.26566109289555456,0.0000000000000000)
   1.5707963267948966        0.0000000000000000     
       (0.59346700380558937,-3.09132296537626044E-017)
   3.1415926535897931        0.0000000000000000     
         (1.9309756200274115,6.18264593075252088E-017)
   1.0000000000000000                1           4
               (0.0000000000000000,0.0000000000000000)
  -1.5707963267948966        0.0000000000000000     
        (0.62515817969006948,8.24267062258427043E-017)
   0.0000000000000000        0.0000000000000000     
              (0.32091895682171429,0.0000000000000000)
   1.5707963267948966        0.0000000000000000     
       (0.62515817969006948,-8.24267062258427043E-017)
   3.1415926535897931        0.0000000000000000     
         (1.8085261444397420,5.38311099891697423E-017)
   1.0000000000000000                1           4
               (0.0000000000000000,0.0000000000000000)
  -1.5707963267948966        0.0000000000000000     
        (0.64076143213792636,2.51985216935839808E-017)
   0.0000000000000000        0.0000000000000000     
              (0.29745429204514695,0.0000000000000000)
   1.5707963267948966        0.0000000000000000     
       (0.64076143213792636,-2.51985216935839808E-017)
   3.1415926535897931        0.0000000000000000     
         (1.8071147504799179,5.03970433871679617E-017)
   1.0000000000000000                1           4
               (0.0000000000000000,0.0000000000000000)
  -1.5707963267948966        0.0000000000000000     
        (0.64564213079386756,7.97733389613812728E-017)
   0.0000000000000000        0.0000000000000000     
              (0.35655704725843523,0.0000000000000000)
   1.5707963267948966        0.0000000000000000     
       (0.64564213079386756,-7.97733389613812728E-017)
   3.1415926535897931        0.0000000000000000     
         (1.7271904044349113,4.85243754602468793E-017)
   1.0000000000000000                1           4
               (0.0000000000000000,0.0000000000000000)
  -1.5707963267948966        0.0000000000000000     
       (0.64347583724009816,-3.07152621356587353E-017)
   0.0000000000000000        0.0000000000000000     
              (0.30554662798068238,0.0000000000000000)
   1.5707963267948966        0.0000000000000000     
        (0.64347583724009816,3.07152621356587353E-017)
   3.1415926535897931        0.0000000000000000     
         (1.7913002460905458,4.95917781911982019E-017)
   1.0000000000000000                1           4
               (0.0000000000000000,0.0000000000000000)
  -1.5707963267948966        0.0000000000000000     
        (0.65627425064836431,2.28567909381896848E-017)
   0.0000000000000000        0.0000000000000000     
              (0.32941783555483906,0.0000000000000000)
   1.5707963267948966        0.0000000000000000     
       (0.65627425064836431,-2.28567909381896848E-017)
   3.1415926535897931        0.0000000000000000     
         (1.7296901130569351,4.57135818763793696E-017)
   1.0000000000000000                1           4
               (0.0000000000000000,0.0000000000000000)
  -1.5707963267948966        0.0000000000000000     
        (0.59833398349478040,3.01972466375113467E-017)
   0.0000000000000000        0.0000000000000000     
              (0.29282302827773699,0.0000000000000000)
   1.5707963267948966        0.0000000000000000     
       (0.59833398349478040,-3.01972466375113467E-017)
   3.1415926535897931        0.0000000000000000     
         (1.8901618640011675,6.03944932750226933E-017)
   1.0000000000000000                1           4
               (0.0000000000000000,0.0000000000000000)
  -1.5707963267948966        0.0000000000000000     
        (0.65368572839070660,2.33279202528100476E-017)
   0.0000000000000000        0.0000000000000000     
              (0.32794506652569599,0.0000000000000000)
   1.5707963267948966        0.0000000000000000     
       (0.65368572839070660,-2.33279202528100476E-017)
   3.1415926535897931        0.0000000000000000     
         (1.7413740887775067,4.66558405056200952E-017)
   1.0000000000000000                1           4
               (0.0000000000000000,0.0000000000000000)
  -1.5707963267948966        0.0000000000000000     
        (0.61882952886018383,1.38368450210354766E-016)
   0.0000000000000000        0.0000000000000000     
              (0.30814580934662783,0.0000000000000000)
   1.5707963267948966        0.0000000000000000     
       (0.61882952886018383,-1.38368450210354766E-016)
   3.1415926535897931        0.0000000000000000     
         (1.8227062168893502,5.46922954956782237E-017)
   1.0000000000000000                1           4
               (0.0000000000000000,0.0000000000000000)
  -1.5707963267948966        0.0000000000000000     
        (0.66289657917331146,2.23747309201889735E-017)
   0.0000000000000000        0.0000000000000000     
              (0.31739423908597170,0.0000000000000000)
   1.5707963267948966        0.0000000000000000     
       (0.66289657917331146,-2.23747309201889735E-017)
   3.1415926535897931        0.0000000000000000     
         (1.7392130915025463,4.47494618403779469E-017)
   1.0000000000000000                1           4
               (0.0000000000000000,0.0000000000000000)
  -1.5707963267948966        0.0000000000000000     
        (0.67178446890967858,7.71367417275954254E-017)
   0.0000000000000000        0.0000000000000000     
              (0.29993847727990919,0.0000000000000000)
   1.5707963267948966        0.0000000000000000     
       (0.67178446890967858,-7.71367417275954254E-017)
   3.1415926535897931        0.0000000000000000     
         (1.7499758496392006,4.32511809926751968E-017)
   1.0000000000000000                1           4
               (0.0000000000000000,0.0000000000000000)
  -1.5707963267948966        0.0000000000000000     
        (0.65284419721333076,2.36121127268558414E-017)
   0.0000000000000000        0.0000000000000000     
              (0.32783564749770999,0.0000000000000000)
   1.5707963267948966        0.0000000000000000     
       (0.65284419721333076,-2.36121127268558414E-017)
   3.1415926535897931        0.0000000000000000     
         (1.7490828760827783,4.72242254537116829E-017)
   1.0000000000000000                1           4
               (0.0000000000000000,0.0000000000000000)
  -1.5707963267948966        0.0000000000000000     
        (0.66307988085741931,2.23137083341775256E-017)
   0.0000000000000000        0.0000000000000000     
              (0.31423854949544583,0.0000000000000000)
   1.5707963267948966        0.0000000000000000     
       (0.66307988085741931,-2.23137083341775256E-017)
   3.1415926535897931        0.0000000000000000     
         (1.7407422355450799,4.46274166683550512E-017)
   1.0000000000000000                1           4
               (0.0000000000000000,0.0000000000000000)
  -1.5707963267948966        0.0000000000000000     
        (0.62304208303062403,2.71181307291835667E-017)
   0.0000000000000000        0.0000000000000000     
              (0.23117829886604477,0.0000000000000000)
   1.5707963267948966        0.0000000000000000     
       (0.62304208303062403,-2.71181307291835667E-017)
   3.1415926535897931        0.0000000000000000     
         (1.9006512346942819,5.42362614583671335E-017)
   1.0000000000000000                1           4
               (0.0000000000000000,0.0000000000000000)
  -1.5707963267948966        0.0000000000000000     
        (0.60157555381087646,2.90021794688030730E-017)
   0.0000000000000000        0.0000000000000000     
              (0.38822092335547004,0.0000000000000000)
   1.5707963267948966        0.0000000000000000     
       (0.60157555381087646,-2.90021794688030730E-017)
   3.1415926535897931        0.0000000000000000     
         (1.7622132536049859,5.80043589376061461E-017)
   1.0000000000000000                1           4
               (0.0000000000000000,0.0000000000000000)
  -1.5707963267948966        0.0000000000000000     
       (0.64896257803626389,-3.17965684494921790E-017)
   0.0000000000000000        0.0000000000000000     
              (0.35591204579981039,0.0000000000000000)
   1.5707963267948966        0.0000000000000000     
        (0.64896257803626389,3.17965684494921790E-017)
   3.1415926535897931        0.0000000000000000     
         (1.7165901654130782,4.74291655635313022E-017)
   1.0000000000000000                1           4
               (0.0000000000000000,0.0000000000000000)
  -1.5707963267948966        0.0000000000000000     
        (0.63751885379379347,8.08161472099576776E-017)
   0.0000000000000000        0.0000000000000000     
              (0.25683144589539669,0.0000000000000000)
   1.5707963267948966        0.0000000000000000     
       (0.63751885379379347,-8.08161472099576776E-017)
   3.1415926535897931        0.0000000000000000     
         (1.8447301540117773,5.06099919573996888E-017)
   1.0000000000000000                1           4
               (0.0000000000000000,0.0000000000000000)
  -1.5707963267948966        0.0000000000000000     
        (0.64624891879954360,2.41691674014616052E-017)
   0.0000000000000000        0.0000000000000000     
              (0.25977499110612801,0.0000000000000000)
   1.5707963267948966        0.0000000000000000     
       (0.64624891879954360,-2.41691674014616052E-017)
   3.1415926535897931        0.0000000000000000     
         (1.8221477620943922,4.83383348029232105E-017)
   1.0000000000000000                1           4
               (0.0000000000000000,0.0000000000000000)
  -1.5707963267948966        0.0000000000000000     
       (0.59778316307856705,-8.09180336493308226E-017)
   0.0000000000000000        0.0000000000000000     
              (0.40022652505111667,0.0000000000000000)
   1.5707963267948966        0.0000000000000000     
        (0.59778316307856705,8.09180336493308226E-017)
   3.1415926535897931        0.0000000000000000     
         (1.7786198401881299,6.02085376263696875E-017)
   1.0000000000000000                1           4
               (0.0000000000000000,0.0000000000000000)
  -1.5707963267948966        0.0000000000000000     
        (0.63151091974758733,2.59652137582226471E-017)
   0.0000000000000000        0.0000000000000000     
              (0.32896668105613203,0.0000000000000000)
   1.5707963267948966        0.0000000000000000     
       (0.63151091974758733,-2.59652137582226471E-017)
   3.1415926535897931        0.0000000000000000     
         (1.7821433999238736,5.19304275164452942E-017)
   1.0000000000000000                1           4
               (0.0000000000000000,0.0000000000000000)
  -1.5707963267948966        0.0000000000000000     
       (0.66066239778513103,-3.31045577230627132E-017)
   0.0000000000000000        0.0000000000000000     
              (0.26618623151551912,0.0000000000000000)
   1.5707963267948966        0.0000000000000000     
        (0.66066239778513103,3.31045577230627132E-017)
   3.1415926535897931        0.0000000000000000     
         (1.7869934473989189,4.48131870163902400E-017)
   1.0000000000000000                1           4
               (0.0000000000000000,0.0000000000000000)
  -1.5707963267948966        0.0000000000000000     
        (0.62912227245548946,2.59295997393910835E-017)
   0.0000000000000000        0.0000000000000000     
              (0.33418968605321714,0.0000000000000000)
   1.5707963267948966        0.0000000000000000     
       (0.62912227245548946,-2.59295997393910835E-017)
   3.1415926535897931        0.0000000000000000     
         (1.7709798582108580,5.18591994787821670E-017)
   1.0000000000000000                1           4
               (0.0000000000000000,0.0000000000000000)
  -1.5707963267948966        0.0000000000000000     
        (0.66850051723971748,2.15622676603304733E-017)
   0.0000000000000000        0.0000000000000000     
              (0.31024766024091721,0.0000000000000000)
   1.5707963267948966        0.0000000000000000     
       (0.66850051723971748,-2.15622676603304733E-017)
   3.1415926535897931        0.0000000000000000     
         (1.7310304825555596,4.31245353206609465E-017)
   1.0000000000000000                1           4
               (0.0000000000000000,0.0000000000000000)
  -1.5707963267948966        0.0000000000000000     
        (0.64279624616498376,2.52183188589341481E-017)
   0.0000000000000000        0.0000000000000000     
              (0.25435503960140493,0.0000000000000000)
   1.5707963267948966        0.0000000000000000     
       (0.64279624616498376,-2.52183188589341481E-017)
   3.1415926535897931        0.0000000000000000     
         (1.8549302554694713,5.04366377178682962E-017)
   1.0000000000000000                1           4
               (0.0000000000000000,0.0000000000000000)
  -1.5707963267948966        0.0000000000000000     
       (0.67098606574880570,-3.41239814238322103E-017)
   0.0000000000000000        0.0000000000000000     
              (0.34231578839054511,0.0000000000000000)
   1.5707963267948966        0.0000000000000000     
        (0.67098606574880570,3.41239814238322103E-017)
   3.1415926535897931        0.0000000000000000     
         (1.6982143215320686,4.27743396148512457E-017)
   1.0000000000000000                1           4
               (0.0000000000000000,0.0000000000000000)
  -1.5707963267948966        0.0000000000000000     
        (0.64261354983806207,2.50899452148360390E-017)
   0.0000000000000000        0.0000000000000000     
              (0.24320678841143881,0.0000000000000000)
   1.5707963267948966        0.0000000000000000     
       (0.64261354983806207,-2.50899452148360390E-017)
   3.1415926535897931        0.0000000000000000     
         (1.8615201125887777,5.01798904296720779E-017)
   1.0000000000000000                1           4
               (0.0000000000000000,0.0000000000000000)
  -1.5707963267948966        0.0000000000000000     
        (0.67843954534835094,2.04381834828542230E-017)
   0.0000000000000000        0.0000000000000000     
              (0.34797144885140141,0.0000000000000000)
   1.5707963267948966        0.0000000000000000     
       (0.67843954534835094,-2.04381834828542230E-017)
   3.1415926535897931        0.0000000000000000     
         (1.6764693746513333,4.08763669657084459E-017)
   1.0000000000000000                1           4
               (0.0000000000000000,0.0000000000000000)
  -1.5707963267948966        0.0000000000000000     
        (0.65781509842283470,2.26672675508782027E-017)
   0.0000000000000000        0.0000000000000000     
              (0.36951751610735584,0.0000000000000000)
   1.5707963267948966        0.0000000000000000     
       (0.65781509842283470,-2.26672675508782027E-017)
   3.1415926535897931        0.0000000000000000     
         (1.6864818244509345,4.53345351017564054E-017)
   1.0000000000000000                1           4
               (0.0000000000000000,0.0000000000000000)
  -1.5707963267948966        0.0000000000000000     
        (0.62552425126688416,2.67969679605162732E-017)
   0.0000000000000000        0.0000000000000000     
              (0.31187654503209905,0.0000000000000000)
   1.5707963267948966        0.0000000000000000     
       (0.62552425126688416,-2.67969679605162732E-017)
   3.1415926535897931        0.0000000000000000     
         (1.8144273529078667,5.35939359210325463E-017)
   1.0000000000000000                1           4
               (0.0000000000000000,0.0000000000000000)
  -1.5707963267948966        0.0000000000000000     
        (0.54648010444201756,3.64613199932522084E-017)
   0.0000000000000000        0.0000000000000000     
              (0.37709133932740757,0.0000000000000000)
   1.5707963267948966        0.0000000000000000     
       (0.54648010444201756,-3.64613199932522084E-017)
   3.1415926535897931        0.0000000000000000     
         (1.9067859574431267,7.29226399865044167E-017)
   1.0000000000000000                1           4
               (0.0000000000000000,0.0000000000000000)
  -1.5707963267948966        0.0000000000000000     
       (0.60160583098996079,-2.58185444690356741E-017)
   0.0000000000000000        0.0000000000000000     
              (0.34580027643357680,0.0000000000000000)
   1.5707963267948966        0.0000000000000000     
        (0.60160583098996079,2.58185444690356741E-017)
   3.1415926535897931        0.0000000000000000     
         (1.8272455216546595,5.93852135244443181E-017)
   1.0000000000000000                1           4
               (0.0000000000000000,0.0000000000000000)
  -1.5707963267948966        0.0000000000000000     
        (0.60128867679397857,8.47999035892026089E-017)
   0.0000000000000000        0.0000000000000000     
              (0.34099983889266838,0.0000000000000000)
   1.5707963267948966        0.0000000000000000     
       (0.60128867679397857,-8.47999035892026089E-017)
   3.1415926535897931        0.0000000000000000     
         (1.8182207649234117,5.85775047158895637E-017)
   1.0000000000000000                1           4
               (0.0000000000000000,0.0000000000000000)
  -1.5707963267948966        0.0000000000000000     
        (0.65126969933680623,2.33311765046303403E-017)
   0.0000000000000000        0.0000000000000000     
              (0.32407669741668133,0.0000000000000000)
   1.5707963267948966        0.0000000000000000     
       (0.65126969933680623,-2.33311765046303403E-017)
   3.1415926535897931        0.0000000000000000     
         (1.7405167570344635,4.66623530092606805E-017)
   1.0000000000000000                1           4
               (0.0000000000000000,0.0000000000000000)
  -1.5707963267948966        0.0000000000000000     
       (0.62170383789452521,-2.85764567996545858E-017)
   0.0000000000000000        0.0000000000000000     
              (0.33791677264986986,0.0000000000000000)
   1.5707963267948966        0.0000000000000000     
        (0.62170383789452521,2.85764567996545858E-017)
   3.1415926535897931        0.0000000000000000     
         (1.7852447864745626,5.38693888632064886E-017)
   1.0000000000000000                1           4
               (0.0000000000000000,0.0000000000000000)
  -1.5707963267948966        0.0000000000000000     
        (0.59450081961806678,8.57571008932831053E-017)
   0.0000000000000000        0.0000000000000000     
              (0.32640418599108234,0.0000000000000000)
   1.5707963267948966        0.0000000000000000     
       (0.59450081961806678,-8.57571008932831053E-017)
   3.1415926535897931        0.0000000000000000     
         (1.8505051400355179,6.04918993240505566E-017)
   1.0000000000000000                1           4
               (0.0000000000000000,0.0000000000000000)
  -1.5707963267948966        0.0000000000000000     
       (0.63461444091610320,-2.97797553360640221E-017)
   0.0000000000000000        0.0000000000000000     
              (0.26102237620872737,0.0000000000000000)
   1.5707963267948966        0.0000000000000000     
        (0.63461444091610320,2.97797553360640221E-017)
   3.1415926535897931        0.0000000000000000     
         (1.8486576761359568,5.14627917903876222E-017)
   1.0000000000000000                1           4
               (0.0000000000000000,0.0000000000000000)
  -1.5707963267948966        0.0000000000000000     
        (0.62987894135592559,2.62300430932168910E-017)
   0.0000000000000000        0.0000000000000000     
              (0.25768566280478727,0.0000000000000000)
   1.5707963267948966        0.0000000000000000     
       (0.62987894135592559,-2.62300430932168910E-017)
   3.1415926535897931        0.0000000000000000     
         (1.8588104439069721,5.24600861864337820E-017)
   1.0000000000000000                1           4
               (0.0000000000000000,0.0000000000000000)
  -1.5707963267948966        0.0000000000000000     
        (0.64985128061665598,2.35739245467220422E-017)
   0.0000000000000000        0.0000000000000000     
              (0.32046093569603806,0.0000000000000000)
   1.5707963267948966        0.0000000000000000     
       (0.64985128061665598,-2.35739245467220422E-017)
   3.1415926535897931        0.0000000000000000     
         (1.7492244340706444,4.71478490934440844E-017)
   1.0000000000000000                1           4
               (0.0000000000000000,0.0000000000000000)
  -1.5707963267948966        0.0000000000000000     
        (0.64232292786310929,2.40282867582770400E-017)
   0.0000000000000000        0.0000000000000000     
              (0.32762902263871407,0.0000000000000000)
   1.5707963267948966        0.0000000000000000     
       (0.64232292786310929,-2.40282867582770400E-017)
   3.1415926535897931        0.0000000000000000     
         (1.7418402376807789,4.80565735165540800E-017)
   1.0000000000000000                1           4
               (0.0000000000000000,0.0000000000000000)
  -1.5707963267948966        0.0000000000000000     
        (0.62522967924979700,2.65872258138422796E-017)
   0.0000000000000000        0.0000000000000000     
              (0.32015598908178677,0.0000000000000000)
   1.5707963267948966        0.0000000000000000     
       (0.62522967924979700,-2.65872258138422796E-017)
   3.1415926535897931        0.0000000000000000     
         (1.7987080664244328,5.31744516276845591E-017)
   1.0000000000000000                1           4
               (0.0000000000000000,0.0000000000000000)
  -1.5707963267948966        0.0000000000000000     
        (0.65717318005462044,2.32231451763073452E-017)
   0.0000000000000000        0.0000000000000000     
              (0.24184365333173152,0.0000000000000000)
   1.5707963267948966        0.0000000000000000     
       (0.65717318005462044,-2.32231451763073452E-017)
   3.1415926535897931        0.0000000000000000     
         (1.8310281915940689,4.64462903526146903E-017)
   1.0000000000000000                1           4
               (0.0000000000000000,0.0000000000000000)
  -1.5707963267948966        0.0000000000000000     
       (0.65096208837669689,-3.19082290994582524E-017)
   0.0000000000000000        0.0000000000000000     
              (0.31625634149535786,0.0000000000000000)
   1.5707963267948966        0.0000000000000000     
        (0.65096208837669689,3.19082290994582524E-017)
   3.1415926535897931        0.0000000000000000     
         (1.7565977767965382,4.72058442635991615E-017)
   1.0000000000000000                1           4
               (0.0000000000000000,0.0000000000000000)
  -1.5707963267948966        0.0000000000000000     
        (0.62922982103962044,8.19525129261137164E-017)
   0.0000000000000000        0.0000000000000000     
              (0.31885219190451386,0.0000000000000000)
   1.5707963267948966        0.0000000000000000     
       (0.62922982103962044,-8.19525129261137164E-017)
   3.1415926535897931        0.0000000000000000     
         (1.8032478635009330,5.28827233897117603E-017)
   1.0000000000000000                1           4
               (0.0000000000000000,0.0000000000000000)
  -1.5707963267948966        0.0000000000000000     
        (0.61430776199482828,8.28048233542453248E-017)
   0.0000000000000000        0.0000000000000000     
              (0.38043068896159560,0.0000000000000000)
   1.5707963267948966        0.0000000000000000     
       (0.61430776199482828,-8.28048233542453248E-017)
   3.1415926535897931        0.0000000000000000     
         (1.7396638195643506,5.45873442459749770E-017)
   1.0000000000000000                1           4
               (0.0000000000000000,0.0000000000000000)
  -1.5707963267948966        0.0000000000000000     
       (0.60470707026430492,-8.13122817311277130E-017)
   0.0000000000000000        0.0000000000000000     
              (0.32114851977145886,0.0000000000000000)
   1.5707963267948966        0.0000000000000000     
        (0.60470707026430492,8.13122817311277130E-017)
   3.1415926535897931        0.0000000000000000     
         (1.8586685402625369,5.94200414627759067E-017)
   1.0000000000000000                1           4
               (0.0000000000000000,0.0000000000000000)
  -1.5707963267948966        0.0000000000000000     
       (0.61965187626900886,-2.78600924240040061E-017)
   0.0000000000000000        0.0000000000000000     
              (0.42948796965525265,0.0000000000000000)
   1.5707963267948966        0.0000000000000000     
        (0.61965187626900886,2.78600924240040061E-017)
   3.1415926535897931        0.0000000000000000     
         (1.7129679023838513,5.53021176145076541E-017)
   1.0000000000000000                1           4
               (0.0000000000000000,0.0000000000000000)
  -1.5707963267948966        0.0000000000000000     
       (0.61077697862960367,-2.69819434551328758E-017)
   0.0000000000000000        0.0000000000000000     
              (0.26943354457183377,0.0000000000000000)
   1.5707963267948966        0.0000000000000000     
        (0.61077697862960367,2.69819434551328758E-017)
   3.1415926535897931        0.0000000000000000     
         (1.8839550541852519,5.70584155522499147E-017)
   1.0000000000000000                1           4
               (0.0000000000000000,0.0000000000000000)
  -1.5707963267948966        0.0000000000000000     
        (0.64530333848820864,7.97746768597587967E-017)
   0.0000000000000000        0.0000000000000000     
              (0.33136994996654434,0.0000000000000000)
   1.5707963267948966        0.0000000000000000     
       (0.64530333848820864,-7.97746768597587967E-017)
   3.1415926535897931        0.0000000000000000     
         (1.7517436161927518,4.85270512570019209E-017)
   1.0000000000000000                1           4
               (0.0000000000000000,0.0000000000000000)
  -1.5707963267948966        0.0000000000000000     
        (0.67643264081669630,2.09308090046646268E-017)
   0.0000000000000000        0.0000000000000000     
              (0.34519445849364144,0.0000000000000000)
   1.5707963267948966        0.0000000000000000     
       (0.67643264081669630,-2.09308090046646268E-017)
   3.1415926535897931        0.0000000000000000     
         (1.6913229265621412,4.18616180093292536E-017)
   1.0000000000000000                1           4
               (0.0000000000000000,0.0000000000000000)
  -1.5707963267948966        0.0000000000000000     
        (0.54836443749020303,3.68239285091220017E-017)
   0.0000000000000000        0.0000000000000000     
              (0.23951858598119474,0.0000000000000000)
   1.5707963267948966        0.0000000000000000     
       (0.54836443749020303,-3.68239285091220017E-017)
   3.1415926535897931        0.0000000000000000     
         (2.0599710698140634,7.36478570182440034E-017)
   1.0000000000000000                1           4
               (0.0000000000000000,0.0000000000000000)
  -1.5707963267948966        0.0000000000000000     
       (0.63587688200133774,-2.97130969813002797E-017)
   0.0000000000000000        0.0000000000000000     
              (0.34604665882373753,0.0000000000000000)
   1.5707963267948966        0.0000000000000000     
        (0.63587688200133774,2.97130969813002797E-017)
   3.1415926535897931        0.0000000000000000     
         (1.7683355027844894,5.15961084999150947E-017)
   1.0000000000000000                1           4
               (0.0000000000000000,0.0000000000000000)
  -1.5707963267948966        0.0000000000000000     
        (0.65161224068523205,2.33170489516283859E-017)
   0.0000000000000000        0.0000000000000000     
              (0.38400754576694857,0.0000000000000000)
   1.5707963267948966        0.0000000000000000     
       (0.65161224068523205,-2.33170489516283859E-017)
   3.1415926535897931        0.0000000000000000     
         (1.6808095504819480,4.66340979032567718E-017)
   1.0000000000000000                1           4
               (0.0000000000000000,0.0000000000000000)
  -1.5707963267948966        0.0000000000000000     
        (0.64161058592828668,2.49818573677664938E-017)
   0.0000000000000000        0.0000000000000000     
              (0.37528914898635179,0.0000000000000000)
   1.5707963267948966        0.0000000000000000     
       (0.64161058592828668,-2.49818573677664938E-017)
   3.1415926535897931        0.0000000000000000     
         (1.7239014071909853,4.99637147355329877E-017)
   1.0000000000000000                1           4
               (0.0000000000000000,0.0000000000000000)
  -1.5707963267948966        0.0000000000000000     
        (0.66785886699796504,2.20808821425064750E-017)
   0.0000000000000000        0.0000000000000000     
              (0.35660400923561264,0.0000000000000000)
   1.5707963267948966        0.0000000000000000     
       (0.66785886699796504,-2.20808821425064750E-017)
   3.1415926535897931        0.0000000000000000     
         (1.7003300675582587,4.41617642850129499E-017)
   1.0000000000000000                1           4
               (0.0000000000000000,0.0000000000000000)
  -1.5707963267948966        0.0000000000000000     
        (0.66350282651678505,2.22015258250918277E-017)
   0.0000000000000000        0.0000000000000000     
              (0.30236941170255743,0.0000000000000000)
   1.5707963267948966        0.0000000000000000     
       (0.66350282651678505,-2.22015258250918277E-017)
   3.1415926535897931        0.0000000000000000     
         (1.7497931058424583,4.44030516501836554E-017)
   1.0000000000000000                1           4
               (0.0000000000000000,0.0000000000000000)
  -1.5707963267948966        0.0000000000000000     
        (0.62004846856055851,2.72755342433948307E-017)
   0.0000000000000000        0.0000000000000000     
              (0.27826738263924178,0.0000000000000000)
   1.5707963267948966        0.0000000000000000     
       (0.62004846856055851,-2.72755342433948307E-017)
   3.1415926535897931        0.0000000000000000     
         (1.8527161109121906,5.45510684867896614E-017)
   1.0000000000000000                1           4
               (0.0000000000000000,0.0000000000000000)
  -1.5707963267948966        0.0000000000000000     
       (0.63568768305357337,-2.98604653556522038E-017)
   0.0000000000000000        0.0000000000000000     
              (0.34617359052796925,0.0000000000000000)
   1.5707963267948966        0.0000000000000000     
        (0.63568768305357337,2.98604653556522038E-017)
   3.1415926535897931        0.0000000000000000     
         (1.7630167567954640,5.13013717512112527E-017)
   1.0000000000000000                1           4
               (0.0000000000000000,0.0000000000000000)
  -1.5707963267948966        0.0000000000000000     
        (0.64230889849668704,2.46214773528956979E-017)
   0.0000000000000000        0.0000000000000000     
              (0.33528944912485026,0.0000000000000000)
   1.5707963267948966        0.0000000000000000     
       (0.64230889849668704,-2.46214773528956979E-017)
   3.1415926535897931        0.0000000000000000     
         (1.7535268276273615,4.92429547057913959E-017)
   1.0000000000000000                1           4
               (0.0000000000000000,0.0000000000000000)
  -1.5707963267948966        0.0000000000000000     
        (0.64642042543267542,2.42819705949744931E-017)
   0.0000000000000000        0.0000000000000000     
              (0.34378495044687396,0.0000000000000000)
   1.5707963267948966        0.0000000000000000     
       (0.64642042543267542,-2.42819705949744931E-017)
   3.1415926535897931        0.0000000000000000     
         (1.7421652479260374,4.85639411899489863E-017)
   1.0000000000000000                1           4
               (0.0000000000000000,0.0000000000000000)
  -1.5707963267948966        0.0000000000000000     
        (0.65506238607524625,2.32051094364815091E-017)
   0.0000000000000000        0.0000000000000000     
              (0.35994143900725811,0.0000000000000000)
   1.5707963267948966        0.0000000000000000     
       (0.65506238607524625,-2.32051094364815091E-017)
   3.1415926535897931        0.0000000000000000     
         (1.7081197259917786,4.64102188729630182E-017)
   1.0000000000000000                1           4
               (0.0000000000000000,0.0000000000000000)
  -1.5707963267948966        0.0000000000000000     
       (0.63898230196748051,-3.03445703167009311E-017)
   0.0000000000000000        0.0000000000000000     
              (0.33662846619725850,0.0000000000000000)
   1.5707963267948966        0.0000000000000000     
        (0.63898230196748051,3.03445703167009311E-017)
   3.1415926535897931        0.0000000000000000     
         (1.7633390509720768,5.03331618291137980E-017)
   1.0000000000000000                1           4
               (0.0000000000000000,0.0000000000000000)
  -1.5707963267948966        0.0000000000000000     
        (0.65679014390441992,7.83311556122622721E-017)
   0.0000000000000000        0.0000000000000000     
              (0.38182848698122918,0.0000000000000000)
   1.5707963267948966        0.0000000000000000     
       (0.65679014390441992,-7.83311556122622721E-017)
   3.1415926535897931        0.0000000000000000     
         (1.6771097080019119,4.56400087620088840E-017)
   1.0000000000000000                1           4
               (0.0000000000000000,0.0000000000000000)
  -1.5707963267948966        0.0000000000000000     
       (0.64024821016546429,-3.07774526500980441E-017)
   0.0000000000000000        0.0000000000000000     
              (0.39069197318751675,0.0000000000000000)
   1.5707963267948966        0.0000000000000000     
        (0.64024821016546429,3.07774526500980441E-017)
   3.1415926535897931        0.0000000000000000     
         (1.6976683503808299,4.94673971623195781E-017)
   1.0000000000000000                1           4
               (0.0000000000000000,0.0000000000000000)
  -1.5707963267948966        0.0000000000000000     
       (0.60682381838812705,-8.19281058828786082E-017)
   0.0000000000000000        0.0000000000000000     
              (0.23316022597618755,0.0000000000000000)
   1.5707963267948966        0.0000000000000000     
        (0.60682381838812705,8.19281058828786082E-017)
   3.1415926535897931        0.0000000000000000     
         (1.9307759870620076,5.81883931592741040E-017)
   1.0000000000000000                1           4
               (0.0000000000000000,0.0000000000000000)
  -1.5707963267948966        0.0000000000000000     
       (0.62741055571443127,-8.45764575173434596E-017)
   0.0000000000000000        0.0000000000000000     
              (0.28760506184681245,0.0000000000000000)
   1.5707963267948966        0.0000000000000000     
        (0.62741055571443127,8.45764575173434596E-017)
   3.1415926535897931        0.0000000000000000     
         (1.8310028969762477,5.28916898903443889E-017)
   1.0000000000000000                1           4
               (0.0000000000000000,0.0000000000000000)
  -1.5707963267948966        0.0000000000000000     
       (0.61508789243705042,-2.78227684402590863E-017)
   0.0000000000000000        0.0000000000000000     
              (0.36388340343408854,0.0000000000000000)
   1.5707963267948966        0.0000000000000000     
        (0.61508789243705042,2.78227684402590863E-017)
   3.1415926535897931        0.0000000000000000     
         (1.7706635947654044,5.53767655819974875E-017)
   1.0000000000000000                1           4
               (0.0000000000000000,0.0000000000000000)
  -1.5707963267948966        0.0000000000000000     
        (0.67912661715398526,2.01609646731511619E-017)
   0.0000000000000000        0.0000000000000000     
              (0.30540347755698605,0.0000000000000000)
   1.5707963267948966        0.0000000000000000     
       (0.67912661715398526,-2.01609646731511619E-017)
   3.1415926535897931        0.0000000000000000     
         (1.7113568360880800,4.03219293463023239E-017)
   1.0000000000000000                1           4
               (0.0000000000000000,0.0000000000000000)
  -1.5707963267948966        0.0000000000000000     
        (0.62264775517338578,8.23697910339353205E-017)
   0.0000000000000000        0.0000000000000000     
              (0.38228715568584504,0.0000000000000000)
   1.5707963267948966        0.0000000000000000     
       (0.62264775517338578,-8.23697910339353205E-017)
   3.1415926535897931        0.0000000000000000     
         (1.7402781052984988,5.37172796053549746E-017)
   1.0000000000000000                1           4
               (0.0000000000000000,0.0000000000000000)
  -1.5707963267948966        0.0000000000000000     
       (0.63121870197068186,-2.92842649363889444E-017)
   0.0000000000000000        0.0000000000000000     
              (0.26697679125540330,0.0000000000000000)
   1.5707963267948966        0.0000000000000000     
        (0.63121870197068186,2.92842649363889444E-017)
   3.1415926535897931        0.0000000000000000     
         (1.8520957278270467,5.24537725897377775E-017)
   1.0000000000000000                1           4
               (0.0000000000000000,0.0000000000000000)
  -1.5707963267948966        0.0000000000000000     
        (0.51136615858418855,4.09154881932546489E-017)
   0.0000000000000000        0.0000000000000000     
              (0.44076765637517668,0.0000000000000000)
   1.5707963267948966        0.0000000000000000     
       (0.51136615858418855,-4.09154881932546489E-017)
   3.1415926535897931        0.0000000000000000     
         (1.9183659226669620,8.18309763865092979E-017)
   1.0000000000000000                1           4
               (0.0000000000000000,0.0000000000000000)
  -1.5707963267948966        0.0000000000000000     
       (0.64027140739579724,-3.02246851296112290E-017)
   0.0000000000000000        0.0000000000000000     
              (0.35790591954433182,0.0000000000000000)
   1.5707963267948966        0.0000000000000000     
        (0.64027140739579724,3.02246851296112290E-017)
   3.1415926535897931        0.0000000000000000     
         (1.7485555558521659,5.05729322032932021E-017)
   1.0000000000000000                1           4
               (0.0000000000000000,0.0000000000000000)
  -1.5707963267948966        0.0000000000000000     
        (0.64302783260860619,2.46546639633675777E-017)
   0.0000000000000000        0.0000000000000000     
              (0.32920224468130088,0.0000000000000000)
   1.5707963267948966        0.0000000000000000     
       (0.64302783260860619,-2.46546639633675777E-017)
   3.1415926535897931        0.0000000000000000     
         (1.7621358572526242,4.93093279267351553E-017)
   1.0000000000000000                1           4
               (0.0000000000000000,0.0000000000000000)
  -1.5707963267948966        0.0000000000000000     
       (0.61871524403976796,-2.74852396261322096E-017)
   0.0000000000000000        0.0000000000000000     
              (0.33149435521067183,0.0000000000000000)
   1.5707963267948966        0.0000000000000000     
        (0.61871524403976796,2.74852396261322096E-017)
   3.1415926535897931        0.0000000000000000     
         (1.8213318738984690,5.60518232102512472E-017)
   1.0000000000000000                1           4
               (0.0000000000000000,0.0000000000000000)
  -1.5707963267948966        0.0000000000000000     
        (0.61498623722944312,2.75981656880984154E-017)
   0.0000000000000000        0.0000000000000000     
              (0.30635617942072124,0.0000000000000000)
   1.5707963267948966        0.0000000000000000     
       (0.61498623722944312,-2.75981656880984154E-017)
   3.1415926535897931        0.0000000000000000     
         (1.8250407941611231,5.51963313761968309E-017)
   1.0000000000000000                1           4
               (0.0000000000000000,0.0000000000000000)
  -1.5707963267948966        0.0000000000000000     
        (0.58570063562045727,8.73885667567763007E-017)
   0.0000000000000000        0.0000000000000000     
              (0.39490222553298360,0.0000000000000000)
   1.5707963267948966        0.0000000000000000     
       (0.58570063562045727,-8.73885667567763007E-017)
   3.1415926535897931        0.0000000000000000     
         (1.8176944515249476,6.37548310510369473E-017)
   1.0000000000000000                1           4
               (0.0000000000000000,0.0000000000000000)
  -1.5707963267948966        0.0000000000000000     
        (0.63925592399984732,2.48477415813549521E-017)
   0.0000000000000000        0.0000000000000000     
             (-0.35775622658722639,0.0000000000000000)
   1.5707963267948966        0.0000000000000000     
       (0.63925592399984732,-2.48477415813549521E-017)
   3.1415926535897931        0.0000000000000000     
         (2.4478569048898269,4.96954831627099042E-017)
   1.0000000000000000                1           4
               (0.0000000000000000,0.0000000000000000)
  -1.5707963267948966        0.0000000000000000     
        (0.64664957260050171,1.35428492244263807E-016)
   0.0000000000000000        0.0000000000000000     
              (0.32465290823523119,0.0000000000000000)
   1.5707963267948966        0.0000000000000000     
       (0.64664957260050171,-1.35428492244263807E-016)
   3.1415926535897931        0.0000000000000000     
         (1.7658128910162525,4.88123795634962932E-017)
   1.0000000000000000                1           4
               (0.0000000000000000,0.0000000000000000)
  -1.5707963267948966        0.0000000000000000     
        (0.62868332062475973,2.64225501850919530E-017)
   0.0000000000000000        0.0000000000000000     
              (0.36183290039671134,0.0000000000000000)
   1.5707963267948966        0.0000000000000000     
       (0.62868332062475973,-2.64225501850919530E-017)
   3.1415926535897931        0.0000000000000000     
         (1.7585597236419146,5.28451003701839061E-017)
   1.0000000000000000                1           4
               (0.0000000000000000,0.0000000000000000)
  -1.5707963267948966        0.0000000000000000     
        (0.65679116565842621,2.27758414717135795E-017)
   0.0000000000000000        0.0000000000000000     
              (0.32225607824794794,0.0000000000000000)
   1.5707963267948966        0.0000000000000000     
       (0.65679116565842621,-2.27758414717135795E-017)
   3.1415926535897931        0.0000000000000000     
         (1.7352416901588803,4.55516829434271590E-017)
   1.0000000000000000                1           4
               (0.0000000000000000,0.0000000000000000)
  -1.5707963267948966        0.0000000000000000     
       (0.63166385448847118,-2.95832474059872048E-017)
   0.0000000000000000        0.0000000000000000     
              (0.30255528238655283,0.0000000000000000)
   1.5707963267948966        0.0000000000000000     
        (0.63166385448847118,2.95832474059872048E-017)
   3.1415926535897931        0.0000000000000000     
         (1.8076420331846381,5.18558076505412506E-017)
   1.0000000000000000                1           4
               (0.0000000000000000,0.0000000000000000)
  -1.5707963267948966        0.0000000000000000     
        (0.59161486642332073,3.11771849154671726E-017)
   0.0000000000000000        0.0000000000000000     
              (0.37790667461764282,0.0000000000000000)
   1.5707963267948966        0.0000000000000000     
       (0.59161486642332073,-3.11771849154671726E-017)
   3.1415926535897931        0.0000000000000000     
         (1.8236471966556518,6.23543698309343453E-017)
   1.0000000000000000                1           4
               (0.0000000000000000,0.0000000000000000)
  -1.5707963267948966        0.0000000000000000     
        (0.62263270735507947,2.68107856909020118E-017)
   0.0000000000000000        0.0000000000000000     
              (0.35264779853994627,0.0000000000000000)
   1.5707963267948966        0.0000000000000000     
       (0.62263270735507947,-2.68107856909020118E-017)
   3.1415926535897931        0.0000000000000000     
         (1.7683243329009051,5.36215713818040236E-017)
   1.0000000000000000                1           4
               (0.0000000000000000,0.0000000000000000)
  -1.5707963267948966        0.0000000000000000     
       (0.60190223869168169,-2.62110617771302598E-017)
   0.0000000000000000        0.0000000000000000     
              (0.26941333276886653,0.0000000000000000)
   1.5707963267948966        0.0000000000000000     
        (0.60190223869168169,2.62110617771302598E-017)
   3.1415926535897931        0.0000000000000000     
         (1.8914046925052825,5.86001789082551345E-017)
   1.0000000000000000                1           4
               (0.0000000000000000,0.0000000000000000)
  -1.5707963267948966        0.0000000000000000     
        (0.56064309893728459,3.54487821098776329E-017)
   0.0000000000000000        0.0000000000000000     
              (0.27800381527382029,0.0000000000000000)
   1.5707963267948966        0.0000000000000000     
       (0.56064309893728459,-3.54487821098776329E-017)
   3.1415926535897931        0.0000000000000000     
         (2.0011274734321121,7.08975642197552657E-017)
   1.0000000000000000                1           4
               (0.0000000000000000,0.0000000000000000)
  -1.5707963267948966        0.0000000000000000     
       (0.64667069439732250,-3.09989365454378988E-017)
   0.0000000000000000        0.0000000000000000     
              (0.30683400096115215,0.0000000000000000)
   1.5707963267948966        0.0000000000000000     
        (0.64667069439732250,3.09989365454378988E-017)
   3.1415926535897931        0.0000000000000000     
         (1.7871370780555647,4.90244293716398626E-017)
   1.0000000000000000                1           4
               (0.0000000000000000,0.0000000000000000)
  -1.5707963267948966        0.0000000000000000     
        (0.61291563846606678,2.78037049713006317E-017)
   0.0000000000000000        0.0000000000000000     
              (0.36435113176343437,0.0000000000000000)
   1.5707963267948966        0.0000000000000000     
       (0.61291563846606678,-2.78037049713006317E-017)
   3.1415926535897931        0.0000000000000000     
         (1.7696180667525763,5.56074099426012635E-017)
   1.0000000000000000                1           4
               (0.0000000000000000,0.0000000000000000)
  -1.5707963267948966        0.0000000000000000     
        (0.65217018746719191,2.35701778054915799E-017)
   0.0000000000000000        0.0000000000000000     
              (0.34853602613074269,0.0000000000000000)
   1.5707963267948966        0.0000000000000000     
       (0.65217018746719191,-2.35701778054915799E-017)
   3.1415926535897931        0.0000000000000000     
         (1.7256647794813536,4.71403556109831599E-017)
   1.0000000000000000                1           4
               (0.0000000000000000,0.0000000000000000)
  -1.5707963267948966        0.0000000000000000     
        (0.67602540763091146,2.07636380072854318E-017)
   0.0000000000000000        0.0000000000000000     
              (0.33730380672640947,0.0000000000000000)
   1.5707963267948966        0.0000000000000000     
       (0.67602540763091146,-2.07636380072854318E-017)
   3.1415926535897931        0.0000000000000000     
         (1.6929388928155793,4.15272760145708636E-017)
   1.0000000000000000                1           4
               (0.0000000000000000,0.0000000000000000)
  -1.5707963267948966        0.0000000000000000     
        (0.63262292668063835,8.12247244907473211E-017)
   0.0000000000000000        0.0000000000000000     
              (0.29483950043223373,0.0000000000000000)
   1.5707963267948966        0.0000000000000000     
       (0.63262292668063835,-8.12247244907473211E-017)
   3.1415926535897931        0.0000000000000000     
         (1.8102753919823369,5.14271465189789758E-017)
   1.0000000000000000                1           4
               (0.0000000000000000,0.0000000000000000)
  -1.5707963267948966        0.0000000000000000     
        (0.61967693639958954,8.34108022832837741E-017)
   0.0000000000000000        0.0000000000000000     
              (0.29911103163198238,0.0000000000000000)
   1.5707963267948966        0.0000000000000000     
       (0.61967693639958954,-8.34108022832837741E-017)
   3.1415926535897931        0.0000000000000000     
         (1.8515145995697262,5.57993021040518942E-017)
   1.0000000000000000                1           4
               (0.0000000000000000,0.0000000000000000)
  -1.5707963267948966        0.0000000000000000     
        (0.62671262650421689,2.67423721832100041E-017)
   0.0000000000000000        0.0000000000000000     
              (0.22802832242855609,0.0000000000000000)
   1.5707963267948966        0.0000000000000000     
       (0.62671262650421689,-2.67423721832100041E-017)
   3.1415926535897931        0.0000000000000000     
         (1.8988690925723506,5.34847443664200081E-017)
   1.0000000000000000                1           4
               (0.0000000000000000,0.0000000000000000)
  -1.5707963267948966        0.0000000000000000     
        (0.63951598841286195,2.50218095016860650E-017)
   0.0000000000000000        0.0000000000000000     
              (0.31703888075715758,0.0000000000000000)
   1.5707963267948966        0.0000000000000000     
       (0.63951598841286195,-2.50218095016860650E-017)
   3.1415926535897931        0.0000000000000000     
         (1.7792674161127526,5.00436190033721300E-017)
   1.0000000000000000                1           4
               (0.0000000000000000,0.0000000000000000)
  -1.5707963267948966        0.0000000000000000     
        (0.63049161051621450,2.61692966406141151E-017)
   0.0000000000000000        0.0000000000000000     
              (0.32808011491264299,0.0000000000000000)
   1.5707963267948966        0.0000000000000000     
       (0.63049161051621450,-2.61692966406141151E-017)
   3.1415926535897931        0.0000000000000000     
         (1.7876572004050673,5.23385932812282302E-017)
   1.0000000000000000                1           4
               (0.0000000000000000,0.0000000000000000)
  -1.5707963267948966        0.0000000000000000     
       (0.65072438706748525,-3.17936640535157503E-017)
   0.0000000000000000        0.0000000000000000     
              (0.34242572450942305,0.0000000000000000)
   1.5707963267948966        0.0000000000000000     
        (0.65072438706748525,3.17936640535157503E-017)
   3.1415926535897931        0.0000000000000000     
         (1.7336949695376433,4.74349743554841596E-017)
   1.0000000000000000                1           4
               (0.0000000000000000,0.0000000000000000)
  -1.5707963267948966        0.0000000000000000     
        (0.65514665345391787,1.34349221072209656E-016)
   0.0000000000000000        0.0000000000000000     
              (0.24760817988199418,0.0000000000000000)
   1.5707963267948966        0.0000000000000000     
       (0.65514665345391787,-1.34349221072209656E-016)
   3.1415926535897931        0.0000000000000000     
         (1.8246001094006818,4.66538372193879919E-017)
   1.0000000000000000                1           4
               (0.0000000000000000,0.0000000000000000)
  -1.5707963267948966        0.0000000000000000     
       (0.64458654177852770,-3.10997593523037410E-017)
   0.0000000000000000        0.0000000000000000     
              (0.32170700936507213,0.0000000000000000)
   1.5707963267948966        0.0000000000000000     
        (0.64458654177852770,3.10997593523037410E-017)
   3.1415926535897931        0.0000000000000000     
         (1.7648026416316809,4.88227837579081844E-017)
   1.0000000000000000                1           4
               (0.0000000000000000,0.0000000000000000)
  -1.5707963267948966        0.0000000000000000     
        (0.62400243129586008,1.38243651717969114E-016)
   0.0000000000000000        0.0000000000000000     
              (0.36449571849396722,0.0000000000000000)
   1.5707963267948966        0.0000000000000000     
       (0.62400243129586008,-1.38243651717969114E-016)
   3.1415926535897931        0.0000000000000000     
         (1.7726258845132268,5.44426985109068886E-017)
   1.0000000000000000                1           4
               (0.0000000000000000,0.0000000000000000)
  -1.5707963267948966        0.0000000000000000     
        (0.59472166392096559,3.13292948521872059E-017)
   0.0000000000000000        0.0000000000000000     
              (0.22768707427167195,0.0000000000000000)
   1.5707963267948966        0.0000000000000000     
       (0.59472166392096559,-3.13292948521872059E-017)
   3.1415926535897931        0.0000000000000000     
         (1.9850486795660607,6.26585897043744118E-017)
   1.0000000000000000                1           4
               (0.0000000000000000,0.0000000000000000)
  -1.5707963267948966        0.0000000000000000     
        (0.60522690393830281,2.88450669106758066E-017)
   0.0000000000000000        0.0000000000000000     
              (0.34990887136683591,0.0000000000000000)
   1.5707963267948966        0.0000000000000000     
       (0.60522690393830281,-2.88450669106758066E-017)
   3.1415926535897931        0.0000000000000000     
         (1.8026963202641344,5.76901338213516132E-017)
   1.0000000000000000                1           4
               (0.0000000000000000,0.0000000000000000)
  -1.5707963267948966        0.0000000000000000     
       (0.58784320593504202,-7.94915911495548417E-017)
   0.0000000000000000        0.0000000000000000     
              (0.35650808016601310,0.0000000000000000)
   1.5707963267948966        0.0000000000000000     
        (0.58784320593504202,7.94915911495548417E-017)
   3.1415926535897931        0.0000000000000000     
         (1.8490495185610072,6.30614226259216369E-017)
   1.0000000000000000                1           4
               (0.0000000000000000,0.0000000000000000)
  -1.5707963267948966        0.0000000000000000     
        (0.63751139379512445,8.05002833137397169E-017)
   0.0000000000000000        0.0000000000000000     
              (0.31029433279555552,0.0000000000000000)
   1.5707963267948966        0.0000000000000000     
       (0.63751139379512445,-8.05002833137397169E-017)
   3.1415926535897931        0.0000000000000000     
         (1.7809354493299439,4.99782641649637798E-017)
   1.0000000000000000                1           4
               (0.0000000000000000,0.0000000000000000)
  -1.5707963267948966        0.0000000000000000     
        (0.64358411331300613,2.47216827703691639E-017)
   0.0000000000000000        0.0000000000000000     
              (0.29164861983037027,0.0000000000000000)
   1.5707963267948966        0.0000000000000000     
       (0.64358411331300613,-2.47216827703691639E-017)
   3.1415926535897931        0.0000000000000000     
         (1.8029910438689716,4.94433655407383277E-017)
   1.0000000000000000                1           4
               (0.0000000000000000,0.0000000000000000)
  -1.5707963267948966        0.0000000000000000     
        (0.64382209872469831,2.47660971996209588E-017)
   0.0000000000000000        0.0000000000000000     
              (0.34555807723042620,0.0000000000000000)
   1.5707963267948966        0.0000000000000000     
       (0.64382209872469831,-2.47660971996209588E-017)
   3.1415926535897931        0.0000000000000000     
         (1.7510082426419933,4.95321943992419175E-017)
   1.0000000000000000                1           4
               (0.0000000000000000,0.0000000000000000)
  -1.5707963267948966        0.0000000000000000     
       (0.63560989282242342,-8.49071123337153298E-017)
   0.0000000000000000        0.0000000000000000     
              (0.23410930592181720,0.0000000000000000)
   1.5707963267948966        0.0000000000000000     
        (0.63560989282242342,8.49071123337153298E-017)
   3.1415926535897931        0.0000000000000000     
         (1.8900973212183161,5.22303802576006608E-017)
   1.0000000000000000                1           4
               (0.0000000000000000,0.0000000000000000)
  -1.5707963267948966        0.0000000000000000     
        (0.64968563536587198,7.94356720815324431E-017)
   0.0000000000000000        0.0000000000000000     
              (0.34128697449572210,0.0000000000000000)
   1.5707963267948966        0.0000000000000000     
       (0.64968563536587198,-7.94356720815324431E-017)
   3.1415926535897931        0.0000000000000000     
         (1.7395184490687181,4.78490417005492382E-017)
   1.0000000000000000                1           4
               (0.0000000000000000,0.0000000000000000)
  -1.5707963267948966        0.0000000000000000     
        (0.64497374084288261,2.40523407294904123E-017)
   0.0000000000000000        0.0000000000000000     
              (0.36458074921127914,0.0000000000000000)
   1.5707963267948966        0.0000000000000000     
       (0.64497374084288261,-2.40523407294904123E-017)
   3.1415926535897931        0.0000000000000000     
         (1.7109757993903214,4.81046814589808246E-017)
   1.0000000000000000                1           4
               (0.0000000000000000,0.0000000000000000)
  -1.5707963267948966        0.0000000000000000     
        (0.64893879417522926,7.92697874884728495E-017)
   0.0000000000000000        0.0000000000000000     
              (0.30615148050134178,0.0000000000000000)
   1.5707963267948966        0.0000000000000000     
       (0.64893879417522926,-7.92697874884728495E-017)
   3.1415926535897931        0.0000000000000000     
         (1.7677420586932855,4.75172725144300449E-017)
   1.0000000000000000                1           4
               (0.0000000000000000,0.0000000000000000)
  -1.5707963267948966        0.0000000000000000     
        (0.65684045077586029,7.87190619407458954E-017)
   0.0000000000000000        0.0000000000000000     
              (0.28807607168894411,0.0000000000000000)
   1.5707963267948966        0.0000000000000000     
       (0.65684045077586029,-7.87190619407458954E-017)
   3.1415926535897931        0.0000000000000000     
         (1.7836327192312482,4.64158214189761306E-017)
   1.0000000000000000                1           4
               (0.0000000000000000,0.0000000000000000)
  -1.5707963267948966        0.0000000000000000     
        (0.67675124311153412,2.07763355416535565E-017)
   0.0000000000000000        0.0000000000000000     
              (0.33369578860924798,0.0000000000000000)
   1.5707963267948966        0.0000000000000000     
       (0.67675124311153412,-2.07763355416535565E-017)
   3.1415926535897931        0.0000000000000000     
         (1.6984133148399085,4.15526710833071131E-017)
   1.0000000000000000                1           4
               (0.0000000000000000,0.0000000000000000)
  -1.5707963267948966        0.0000000000000000     
       (0.65273255948389397,-3.19364373662518459E-017)
   0.0000000000000000        0.0000000000000000     
              (0.31884326514567884,0.0000000000000000)
   1.5707963267948966        0.0000000000000000     
        (0.65273255948389397,3.19364373662518459E-017)
   3.1415926535897931        0.0000000000000000     
         (1.7566304434471216,4.71494277300119683E-017)
   1.0000000000000000                1           4
               (0.0000000000000000,0.0000000000000000)
  -1.5707963267948966        0.0000000000000000     
       (0.65125366793434925,-3.17051746785526854E-017)
   0.0000000000000000        0.0000000000000000     
              (0.33184208704756180,0.0000000000000000)
   1.5707963267948966        0.0000000000000000     
        (0.65125366793434925,3.17051746785526854E-017)
   3.1415926535897931        0.0000000000000000     
         (1.7482274510587053,4.76119531054102832E-017)
   1.0000000000000000                1           4
               (0.0000000000000000,0.0000000000000000)
  -1.5707963267948966        0.0000000000000000     
        (0.64403049523167399,2.43913444449473800E-017)
   0.0000000000000000        0.0000000000000000     
              (0.33184492907463864,0.0000000000000000)
   1.5707963267948966        0.0000000000000000     
       (0.64403049523167399,-2.43913444449473800E-017)
   3.1415926535897931        0.0000000000000000     
         (1.7528978299420455,4.87826888898947600E-017)
   1.0000000000000000                1           4
               (0.0000000000000000,0.0000000000000000)
  -1.5707963267948966        0.0000000000000000     
        (0.66175760052571730,2.23084531135413797E-017)
   0.0000000000000000        0.0000000000000000     
              (0.27947609264922735,0.0000000000000000)
   1.5707963267948966        0.0000000000000000     
       (0.66175760052571730,-2.23084531135413797E-017)
   3.1415926535897931        0.0000000000000000     
         (1.7726884831957688,4.46169062270827593E-017)
   1.0000000000000000                1           4
               (0.0000000000000000,0.0000000000000000)
  -1.5707963267948966        0.0000000000000000     
        (0.62445656931930049,2.65191744812249109E-017)
   0.0000000000000000        0.0000000000000000     
              (0.32389724439503542,0.0000000000000000)
   1.5707963267948966        0.0000000000000000     
       (0.62445656931930049,-2.65191744812249109E-017)
   3.1415926535897931        0.0000000000000000     
         (1.7911978660476349,5.30383489624498218E-017)
   1.0000000000000000                1           4
               (0.0000000000000000,0.0000000000000000)
  -1.5707963267948966        0.0000000000000000     
        (0.64755501495633183,2.40551222815587483E-017)
   0.0000000000000000        0.0000000000000000     
              (0.33592872248631223,0.0000000000000000)
   1.5707963267948966        0.0000000000000000     
       (0.64755501495633183,-2.40551222815587483E-017)
   3.1415926535897931        0.0000000000000000     
         (1.7448812267273897,4.81102445631174965E-017)
   1.0000000000000000                1           4
               (0.0000000000000000,0.0000000000000000)
  -1.5707963267948966        0.0000000000000000     
       (0.64183965375348084,-3.07924402070802971E-017)
   0.0000000000000000        0.0000000000000000     
              (0.40789689421196079,0.0000000000000000)
   1.5707963267948966        0.0000000000000000     
        (0.64183965375348084,3.07924402070802971E-017)
   3.1415926535897931        0.0000000000000000     
         (1.6831567857716254,4.94374220483550597E-017)
   1.0000000000000000                1           4
               (0.0000000000000000,0.0000000000000000)
  -1.5707963267948966        0.0000000000000000     
        (0.63305448787694951,2.57592809224702200E-017)
   0.0000000000000000        0.0000000000000000     
              (0.31620794455109758,0.0000000000000000)
   1.5707963267948966        0.0000000000000000     
       (0.63305448787694951,-2.57592809224702200E-017)
   3.1415926535897931        0.0000000000000000     
         (1.7912629958249222,5.15185618449404400E-017)
   1.0000000000000000                1           4
               (0.0000000000000000,0.0000000000000000)
  -1.5707963267948966        0.0000000000000000     
        (0.61333669747451380,2.78973326746355132E-017)
   0.0000000000000000        0.0000000000000000     
              (0.35645010409022826,0.0000000000000000)
   1.5707963267948966        0.0000000000000000     
       (0.61333669747451380,-2.78973326746355132E-017)
   3.1415926535897931        0.0000000000000000     
         (1.7814193253091803,5.57946653492710265E-017)
   1.0000000000000000                1           4
               (0.0000000000000000,0.0000000000000000)
  -1.5707963267948966        0.0000000000000000     
        (0.59827711320589971,8.57373930787752062E-017)
   0.0000000000000000        0.0000000000000000     
              (0.35432535642832458,0.0000000000000000)
   1.5707963267948966        0.0000000000000000     
       (0.59827711320589971,-8.57373930787752062E-017)
   3.1415926535897931        0.0000000000000000     
         (1.8294928507022283,6.04524836950347583E-017)
   1.0000000000000000                1           4
               (0.0000000000000000,0.0000000000000000)
  -1.5707963267948966        0.0000000000000000     
        (0.64293907251825444,2.47279172404254354E-017)
   0.0000000000000000        0.0000000000000000     
              (0.29864359780493122,0.0000000000000000)
   1.5707963267948966        0.0000000000000000     
       (0.64293907251825444,-2.47279172404254354E-017)
   3.1415926535897931        0.0000000000000000     
         (1.7949096175503660,4.94558344808508707E-017)
   1.0000000000000000                1           4
               (0.0000000000000000,0.0000000000000000)
  -1.5707963267948966        0.0000000000000000     
       (0.64351300769586228,-3.08601189355496877E-017)
   0.0000000000000000        0.0000000000000000     
              (0.28606006107952520,0.0000000000000000)
   1.5707963267948966        0.0000000000000000     
        (0.64351300769586228,3.08601189355496877E-017)
   3.1415926535897931        0.0000000000000000     
         (1.8061297717613169,4.93020645914162849E-017)
