     0.0000000        0.20780829        0.00100289
     0.1000000        0.15532796        0.00126763
     0.2000000        0.11502033        0.00145984
     0.3000000        0.08541945        0.00121847
     0.4000000        0.06373849        0.00099343
     0.5000000        0.04742166        0.00090364
     0.6000000        0.03546679        0.00086440
     0.7000000        0.02742772        0.00083069
     0.8000000        0.01995134        0.00071301
     0.9000000        0.01490395        0.00061652
     1.0000000        0.01124883        0.00064830
     1.1000000        0.00894884        0.00061346
     1.2000000        0.00661274        0.00056077
     1.3000000        0.00515264        0.00056835
     1.4000000        0.00428610        0.00083002
     1.5000000        0.00349245        0.00079240
     1.6000000        0.00255261        0.00056272
     1.7000000        0.00135143        0.00044259
     1.8000000        0.00083038        0.00048407
     1.9000000        0.00081491        0.00047988
     2.0000000        0.00067565        0.00038757
     2.1000000        0.00092107        0.00038253
     2.2000000        0.00088171        0.00042387
     2.3000000        0.00082560        0.00042437
     2.4000000        0.00093891        0.00045227
     2.5000000        0.00080425        0.00054310
     2.6000000        0.00031974        0.00049827
     2.7000000        0.00013405        0.00038999
     2.8000000        0.00044896        0.00034442
     2.9000000        0.00076456        0.00037862
     3.0000000       -0.00010230        0.00058812
     3.1000000        0.00002033        0.00059922
     3.2000000       -0.00005480        0.00034511
     3.3000000       -0.00014035        0.00038396
     3.4000000        0.00001858        0.00045029
     3.5000000       -0.00042225        0.00041684
     3.6000000       -0.00069648        0.00043751
     3.7000000       -0.00064358        0.00052435
     3.8000000        0.00010659        0.00039153
     3.9000000        0.00007587        0.00041241
     4.0000000       -0.00002349        0.00044501
     4.1000000       -0.00004912        0.00058862
     4.2000000       -0.00034443        0.00047288
     4.3000000       -0.00027531        0.00078842
     4.4000000       -0.00029940        0.00067140
     4.5000000        0.00013580        0.00041486
     4.6000000        0.00052704        0.00050913
     4.7000000        0.00124206        0.00054125
     4.8000000        0.00086921        0.00057342
     4.9000000        0.00070602        0.00071741
     5.0000000        0.00054248        0.00050977
     5.1000000        0.00008248        0.00056696
     5.2000000        0.00031659        0.00061622
     5.3000000        0.00019142        0.00059150
     5.4000000        0.00020283        0.00051940
     5.5000000        0.00013830        0.00043657
     5.6000000       -0.00018983        0.00036309
     5.7000000       -0.00030087        0.00032969
     5.8000000       -0.00032603        0.00043412
     5.9000000       -0.00017699        0.00036114
     6.0000000        0.00020799        0.00033183
     6.1000000        0.00009904        0.00047260
     6.2000000        0.00025976        0.00047450
     6.3000000        0.00037842        0.00039586
     6.4000000        0.00016431        0.00044118
     6.5000000        0.00047179        0.00041424
     6.6000000        0.00050741        0.00037193
     6.7000000        0.00022349        0.00042766
     6.8000000        0.00009691        0.00042437
     6.9000000        0.00033026        0.00030442
     7.0000000        0.00023362        0.00027692
     7.1000000       -0.00003750        0.00042273
     7.2000000       -0.00016154        0.00032865
     7.3000000       -0.00067110        0.00063675
     7.4000000       -0.00032272        0.00061060
     7.5000000       -0.00035756        0.00050508
     7.6000000       -0.00021094        0.00041943
     7.7000000       -0.00008644        0.00047500
     7.8000000        0.00004296        0.00042206
     7.9000000        0.00025639        0.00053524
     8.0000000        0.00064331        0.00092594
     8.1000000       -0.00002291        0.00074306
     8.2000000       -0.00026043        0.00039196
     8.3000000        0.00012230        0.00035580
     8.4000000        0.00004398        0.00032854
     8.5000000        0.00038605        0.00023256
     8.6000000        0.00035860        0.00034909
     8.7000000        0.00011764        0.00031316
     8.8000000        0.00030067        0.00016454
     8.9000000        0.00022997        0.00036316
     9.0000000        0.00015973        0.00033831
     9.1000000        0.00005136        0.00027725
     9.2000000        0.00005354        0.00018106
     9.3000000        0.00046006        0.00025123
     9.4000000        0.00045587        0.00059674
     9.5000000        0.00002179        0.00035093
     9.6000000        0.00042901        0.00033866
     9.7000000       -0.00037448        0.00034514
     9.8000000        0.00039658        0.00050084
     9.9000000        0.00039019        0.00043765
    10.0000000        0.00018210        0.00040515
    10.1000000        0.00024955        0.00038630
    10.2000000        0.00013797        0.00044473
    10.3000000        0.00109202        0.00083500
    10.4000000        0.00047741        0.00058615
    10.5000000        0.00033842        0.00048407
    10.6000000        0.00019138        0.00036647
    10.7000000        0.00056637        0.00049395
    10.8000000        0.00035170        0.00026677
    10.9000000        0.00038034        0.00033301
    11.0000000        0.00011712        0.00045446
    11.1000000       -0.00009935        0.00033255
    11.2000000       -0.00018167        0.00022968
    11.3000000        0.00016619        0.00032205
    11.4000000        0.00004950        0.00033419
    11.5000000        0.00009926        0.00044631
    11.6000000       -0.00003207        0.00035927
    11.7000000       -0.00023339        0.00051333
    11.8000000       -0.00078922        0.00040636
    11.9000000       -0.00039806        0.00036802
    12.0000000       -0.00009757        0.00025626
    12.1000000       -0.00032551        0.00034830
    12.2000000       -0.00004100        0.00039866
    12.3000000        0.00039369        0.00041078
    12.4000000        0.00073640        0.00032574
    12.5000000        0.00044975        0.00045394
    12.6000000        0.00058209        0.00031144
    12.7000000        0.00049894        0.00044676
    12.8000000        0.00050522        0.00032156
    12.9000000        0.00055132        0.00029898
    13.0000000        0.00065785        0.00026905
    13.1000000        0.00068476        0.00023759
    13.2000000        0.00019810        0.00022042
    13.3000000        0.00053647        0.00022240
    13.4000000        0.00048046        0.00019374
    13.5000000        0.00022215        0.00022071
    13.6000000        0.00026547        0.00028314
    13.7000000       -0.00016727        0.00035294
    13.8000000       -0.00004799        0.00033730
    13.9000000       -0.00011880        0.00040281
    14.0000000        0.00002993        0.00022777
    14.1000000       -0.00011622        0.00027842
    14.2000000       -0.00029792        0.00033656
    14.3000000       -0.00018559        0.00028731
    14.4000000       -0.00057176        0.00051535
    14.5000000       -0.00036881        0.00040178
    14.6000000       -0.00007968        0.00032464
    14.7000000        0.00022970        0.00035505
    14.8000000        0.00017287        0.00040380
    14.9000000        0.00002723        0.00048181
    15.0000000        0.00005222        0.00042757
    15.1000000       -0.00028337        0.00048224
    15.2000000       -0.00042175        0.00031529
    15.3000000       -0.00052304        0.00049213
    15.4000000       -0.00036914        0.00062926
    15.5000000       -0.00035768        0.00051034
    15.6000000       -0.00024898        0.00051309
    15.7000000       -0.00011846        0.00042021
    15.8000000       -0.00045497        0.00045077
    15.9000000       -0.00013204        0.00050475
    16.0000000       -0.00162911        0.00119541
    16.1000000       -0.00164002        0.00087852
    16.2000000       -0.00279522        0.00175379
    16.3000000       -0.00227738        0.00146535
    16.4000000       -0.00075013        0.00066479
    16.5000000       -0.00167670        0.00108031
    16.6000000       -0.00151449        0.00087682
    16.7000000       -0.00059080        0.00087902
    16.8000000        0.00050919        0.00065878
    16.9000000       -0.00086075        0.00121385
    17.0000000       -0.00123355        0.00139781
    17.1000000       -0.00087721        0.00072884
    17.2000000       -0.00107402        0.00062691
    17.3000000       -0.00124639        0.00073411
    17.4000000       -0.00092953        0.00051060
    17.5000000       -0.00038783        0.00065362
    17.6000000       -0.00010967        0.00056260
    17.7000000        0.00034053        0.00054138
    17.8000000        0.00029303        0.00043243
    17.9000000        0.00052966        0.00037764
    18.0000000        0.00088614        0.00042763
    18.1000000        0.00081611        0.00040846
    18.2000000        0.00138669        0.00051854
    18.3000000        0.00177593        0.00069427
    18.4000000        0.00301064        0.00102979
    18.5000000        0.00372045        0.00086356
    18.6000000        0.00428212        0.00043390
    18.7000000        0.00511964        0.00049988
    18.8000000        0.00651761        0.00043843
    18.9000000        0.00803115        0.00046091
    19.0000000        0.01057779        0.00039226
    19.1000000        0.01586713        0.00084504
    19.2000000        0.02028286        0.00075289
    19.3000000        0.02646775        0.00052404
    19.4000000        0.03539251        0.00074482
    19.5000000        0.04720130        0.00086144
    19.6000000        0.06265609        0.00085725
    19.7000000        0.08411160        0.00123763
    19.8000000        0.11379261        0.00112661
    19.9000000        0.15344598        0.00122188
    20.0000000        0.20780829        0.00100289
