     0.0000000        0.17505255        0.01578839
     0.1000000        0.16544850        0.01548328
     0.2000000        0.15693737        0.01520451
     0.3000000        0.14908177        0.01466370
     0.4000000        0.14111240        0.01421449
     0.5000000        0.13348818        0.01374908
     0.6000000        0.12599254        0.01358290
     0.7000000        0.11910016        0.01309449
     0.8000000        0.11252934        0.01259053
     0.9000000        0.10637706        0.01215952
     1.0000000        0.10051928        0.01185107
     1.1000000        0.09417472        0.01150570
     1.2000000        0.08881283        0.01136196
     1.3000000        0.08432507        0.01144801
     1.4000000        0.07969425        0.01158136
     1.5000000        0.07595373        0.01143340
     1.6000000        0.07275338        0.01120273
     1.7000000        0.06993857        0.01109587
     1.8000000        0.06693998        0.01096244
     1.9000000        0.06371711        0.01091049
     2.0000000        0.06081768        0.01107862
     2.1000000        0.05735119        0.01097793
     2.2000000        0.05374867        0.01096656
     2.3000000        0.05069671        0.01088683
     2.4000000        0.04829618        0.01060471
     2.5000000        0.04575064        0.01055497
     2.6000000        0.04401213        0.01059731
     2.7000000        0.04211535        0.01069716
     2.8000000        0.03990168        0.01068485
     2.9000000        0.03813619        0.01061668
     3.0000000        0.03620350        0.01047865
     3.1000000        0.03490654        0.01027862
     3.2000000        0.03348025        0.01010728
     3.3000000        0.03190110        0.00980691
     3.4000000        0.03051599        0.00952319
     3.5000000        0.02871371        0.00920208
     3.6000000        0.02784251        0.00919165
     3.7000000        0.02720726        0.00895625
     3.8000000        0.02660511        0.00875937
     3.9000000        0.02617958        0.00882828
     4.0000000        0.02613737        0.00894525
     4.1000000        0.02608649        0.00896613
     4.2000000        0.02631575        0.00894150
     4.3000000        0.02649684        0.00916888
     4.4000000        0.02660625        0.00922358
     4.5000000        0.02584734        0.00879345
     4.6000000        0.02529349        0.00844752
     4.7000000        0.02473076        0.00817989
     4.8000000        0.02451002        0.00798347
     4.9000000        0.02475537        0.00817470
     5.0000000        0.02550567        0.00841050
     5.1000000        0.02651489        0.00874656
     5.2000000        0.02714285        0.00893005
     5.3000000        0.02777970        0.00893600
     5.4000000        0.02867395        0.00897528
     5.5000000        0.02970162        0.00903073
     5.6000000        0.03110172        0.00900717
     5.7000000        0.03265267        0.00935157
     5.8000000        0.03387789        0.00965201
     5.9000000        0.03518869        0.00975934
     6.0000000        0.03646163        0.01007168
     6.1000000        0.03776328        0.01069875
     6.2000000        0.03935310        0.01119456
     6.3000000        0.04109890        0.01148074
     6.4000000        0.04266487        0.01177468
     6.5000000        0.04421191        0.01207986
     6.6000000        0.04595898        0.01234613
     6.7000000        0.04797437        0.01283300
     6.8000000        0.04967441        0.01311804
     6.9000000        0.05117551        0.01345433
     7.0000000        0.05263867        0.01403071
     7.1000000        0.05436133        0.01456122
     7.2000000        0.05624396        0.01502231
     7.3000000        0.05868521        0.01529789
     7.4000000        0.06066768        0.01547398
     7.5000000        0.06271521        0.01539034
     7.6000000        0.06494039        0.01560827
     7.7000000        0.06732273        0.01565510
     7.8000000        0.06997304        0.01576835
     7.9000000        0.07270214        0.01593424
     8.0000000        0.07571311        0.01587006
     8.1000000        0.07828744        0.01598376
     8.2000000        0.08116271        0.01599329
     8.3000000        0.08502421        0.01616733
     8.4000000        0.08912660        0.01644514
     8.5000000        0.09275124        0.01659935
     8.6000000        0.09659047        0.01660459
     8.7000000        0.10039350        0.01650792
     8.8000000        0.10436204        0.01668173
     8.9000000        0.10830502        0.01672431
     9.0000000        0.11249791        0.01660777
     9.1000000        0.11751974        0.01665832
     9.2000000        0.12322686        0.01691573
     9.3000000        0.12893661        0.01705300
     9.4000000        0.13430839        0.01690678
     9.5000000        0.14017077        0.01684357
     9.6000000        0.14554704        0.01657140
     9.7000000        0.15217358        0.01636269
     9.8000000        0.15902248        0.01621206
     9.9000000        0.16666885        0.01607181
    10.0000000        0.17505255        0.01578839
