     0.0000000        0.50000000        0.00000002
     0.1000000        0.44833387        0.00323376
     0.2000000        0.40028640        0.00476569
     0.3000000        0.36224957        0.00570291
     0.4000000        0.32771785        0.00700570
     0.5000000        0.30686617        0.00849320
     0.6000000        0.29186326        0.01044349
     0.7000000        0.27779179        0.01270536
     0.8000000        0.26361051        0.01115208
     0.9000000        0.24827904        0.01070148
     1.0000000        0.23921605        0.01011121
     1.1000000        0.23219126        0.01022121
     1.2000000        0.22445348        0.01155153
     1.3000000        0.21587469        0.01286056
     1.4000000        0.20802417        0.01277923
     1.5000000        0.20300506        0.01408938
     1.6000000        0.19037415        0.01263976
     1.7000000        0.17542296        0.01096004
     1.8000000        0.16959318        0.00807018
     1.9000000        0.16476176        0.00869336
     2.0000000        0.16430781        0.00860890
     2.1000000        0.16109061        0.00889694
     2.2000000        0.14853576        0.00888207
     2.3000000        0.14580474        0.00931923
     2.4000000        0.14314906        0.00894160
     2.5000000        0.13675094        0.00938925
     2.6000000        0.12867221        0.00874389
     2.7000000        0.12120141        0.01008809
     2.8000000        0.11802773        0.00972584
     2.9000000        0.11603151        0.00888479
     3.0000000        0.10825670        0.00902883
     3.1000000        0.10900004        0.00870068
     3.2000000        0.10444539        0.00985215
     3.3000000        0.10402412        0.00964948
     3.4000000        0.09950339        0.00853473
     3.5000000        0.09595090        0.00880928
     3.6000000        0.09120914        0.00769480
     3.7000000        0.08777680        0.00782562
     3.8000000        0.08777307        0.00851741
     3.9000000        0.08733062        0.00742701
     4.0000000        0.08773446        0.00743869
     4.1000000        0.08258067        0.00697180
     4.2000000        0.08066983        0.00818309
     4.3000000        0.08136455        0.00833122
     4.4000000        0.07842505        0.00887791
     4.5000000        0.08103877        0.00907306
     4.6000000        0.08205129        0.00886792
     4.7000000        0.07607377        0.00777309
     4.8000000        0.07252006        0.00772452
     4.9000000        0.07086622        0.00779527
     5.0000000        0.07218625        0.01051533
     5.1000000        0.07288383        0.01173283
     5.2000000        0.06923275        0.01150592
     5.3000000        0.06286632        0.00862922
     5.4000000        0.05536253        0.00758442
     5.5000000        0.05332065        0.00931645
     5.6000000        0.04955176        0.00794851
     5.7000000        0.05127117        0.00908760
     5.8000000        0.04654238        0.00920705
     5.9000000        0.04663324        0.00836030
     6.0000000        0.04682343        0.00771179
     6.1000000        0.04297956        0.00877497
     6.2000000        0.04102057        0.00887468
     6.3000000        0.04337158        0.00988020
     6.4000000        0.04322632        0.00867201
     6.5000000        0.04155014        0.00947509
     6.6000000        0.04411757        0.00990983
     6.7000000        0.04235408        0.01087366
     6.8000000        0.03804349        0.01139832
     6.9000000        0.03589252        0.01049918
     7.0000000        0.03314412        0.00987271
     7.1000000        0.03185463        0.01050097
     7.2000000        0.03680124        0.01082306
     7.3000000        0.03772072        0.01165789
     7.4000000        0.03861174        0.01260108
     7.5000000        0.04072764        0.01140229
     7.6000000        0.03729599        0.01027668
     7.7000000        0.03510989        0.01084196
     7.8000000        0.03486566        0.00970033
     7.9000000        0.03131835        0.01151427
     8.0000000        0.02781083        0.00844930
     8.1000000        0.02799907        0.00967116
     8.2000000        0.02749773        0.00882414
     8.3000000        0.03007142        0.00891845
     8.4000000        0.03041569        0.00834639
     8.5000000        0.02934999        0.00663298
     8.6000000        0.02741809        0.00512258
     8.7000000        0.03052266        0.00595382
     8.8000000        0.03048114        0.00672361
     8.9000000        0.03136853        0.00703986
     9.0000000        0.03175089        0.00634373
     9.1000000        0.02637160        0.00546138
     9.2000000        0.02662999        0.00484217
     9.3000000        0.02547815        0.00488958
     9.4000000        0.02517576        0.00540335
     9.5000000        0.02715444        0.00611099
     9.6000000        0.02430819        0.00561514
     9.7000000        0.02350880        0.00569369
     9.8000000        0.02468905        0.00552326
     9.9000000        0.02413439        0.00512429
    10.0000000        0.02751435        0.00568974
    10.1000000        0.03138657        0.00640815
    10.2000000        0.02851890        0.00536809
    10.3000000        0.02787247        0.00549189
    10.4000000        0.02694543        0.00622590
    10.5000000        0.02563834        0.00545769
    10.6000000        0.02324274        0.00516549
    10.7000000        0.02027922        0.00503384
    10.8000000        0.02198522        0.00482009
    10.9000000        0.02364310        0.00495110
    11.0000000        0.02586261        0.00461743
    11.1000000        0.02728784        0.00469638
    11.2000000        0.02354663        0.00483512
    11.3000000        0.02747346        0.00523939
    11.4000000        0.02836426        0.00533172
    11.5000000        0.02702377        0.00649841
    11.6000000        0.02604806        0.00769339
    11.7000000        0.02370755        0.00696804
    11.8000000        0.02675237        0.00640488
    11.9000000        0.02534054        0.00691677
    12.0000000        0.02942367        0.00591209
    12.1000000        0.03109300        0.00626975
    12.2000000        0.03134168        0.00582504
    12.3000000        0.02812108        0.00541436
    12.4000000        0.02770988        0.00461543
    12.5000000        0.02734135        0.00542929
    12.6000000        0.02846439        0.00565014
    12.7000000        0.02788680        0.00578107
    12.8000000        0.02663476        0.00596775
    12.9000000        0.02951836        0.00603712
    13.0000000        0.03523752        0.00643319
    13.1000000        0.03716328        0.00651867
    13.2000000        0.03897753        0.00616999
    13.3000000        0.03911321        0.00703168
    13.4000000        0.03782719        0.00648352
    13.5000000        0.04340959        0.00759592
    13.6000000        0.04546862        0.00989682
    13.7000000        0.04521747        0.00891380
    13.8000000        0.04837779        0.01141722
    13.9000000        0.04232301        0.01418845
    14.0000000        0.03670757        0.01836849
    14.1000000        0.03989468        0.01187203
    14.2000000        0.03918148        0.01036394
    14.3000000        0.03589725        0.01309794
    14.4000000        0.03784339        0.01290186
    14.5000000        0.04217805        0.01246096
    14.6000000        0.06903950        0.01294611
    14.7000000        0.05877722        0.00619130
    14.8000000        0.05430272        0.00731694
    14.9000000        0.05012591        0.00920072
    15.0000000        0.04993333        0.01440920
    15.1000000        0.04731994        0.01674035
    15.2000000        0.03456818        0.03004863
    15.3000000        0.05062228        0.01982829
    15.4000000        0.03673930        0.03793203
    15.5000000        0.04959790        0.02278868
    15.6000000        0.05572356        0.02406085
    15.7000000        0.06607756        0.02431406
    15.8000000        0.06246487        0.02925829
    15.9000000        0.07977427        0.01720081
    16.0000000        0.07153707        0.02248760
    16.1000000        0.07530492        0.01780689
    16.2000000        0.07990160        0.01670008
    16.3000000        0.08181636        0.01628310
    16.4000000        0.08391803        0.01478084
    16.5000000        0.08474959        0.01602303
    16.6000000        0.08966797        0.01318885
    16.7000000        0.09963520        0.00849325
    16.8000000        0.10357910        0.00848713
    16.9000000        0.11341694        0.00865202
    17.0000000        0.11417475        0.00843787
    17.1000000        0.11954858        0.00822979
    17.2000000        0.12362588        0.01061056
    17.3000000        0.10990476        0.01280243
    17.4000000        0.11371551        0.00942546
    17.5000000        0.12034228        0.00746330
    17.6000000        0.12734783        0.00743582
    17.7000000        0.13046651        0.00811378
    17.8000000        0.13803119        0.00897893
    17.9000000        0.13660552        0.00956551
    18.0000000        0.13815143        0.00955805
    18.1000000        0.15079896        0.00881040
    18.2000000        0.16287825        0.00985869
    18.3000000        0.16970281        0.01071594
    18.4000000        0.17491598        0.01070244
    18.5000000        0.17586678        0.00945118
    18.6000000        0.18493444        0.01129692
    18.7000000        0.19328596        0.01081322
    18.8000000        0.20596481        0.00993548
    18.9000000        0.21965042        0.00969172
    19.0000000        0.22989345        0.00889338
    19.1000000        0.25008657        0.01227231
    19.2000000        0.25904842        0.01029781
    19.3000000        0.27284701        0.00859757
    19.4000000        0.29036371        0.00839789
    19.5000000        0.31641847        0.00971548
    19.6000000        0.33969155        0.00852878
    19.7000000        0.36874720        0.00733893
    19.8000000        0.40075047        0.00489454
    19.9000000        0.44357568        0.00420286
    20.0000000        0.50000000        0.00000003
