     0.0000000        0.07001675        0.00329300
     0.1000000        0.03800279        0.00362811
     0.2000000        0.02209420        0.00227797
     0.3000000        0.01503532        0.00071218
     0.4000000        0.01165655        0.00212997
     0.5000000        0.00690507        0.00227997
     0.6000000        0.00176297        0.00225835
     0.7000000       -0.00092667        0.00163080
     0.8000000       -0.00168556        0.00211637
     0.9000000        0.00211570        0.00223032
     1.0000000        0.00412771        0.00132047
     1.1000000        0.00131875        0.00084932
     1.2000000        0.00190750        0.00105809
     1.3000000       -0.00009975        0.00136166
     1.4000000       -0.00180967        0.00153966
     1.5000000       -0.00101363        0.00160404
     1.6000000       -0.00191890        0.00070838
     1.7000000       -0.00146465        0.00086387
     1.8000000       -0.00173901        0.00099473
     1.9000000       -0.00156391        0.00114884
     2.0000000        0.00043996        0.00100900
     2.1000000        0.00032919        0.00065379
     2.2000000        0.00039826        0.00099032
     2.3000000        0.00052951        0.00063076
     2.4000000       -0.00013861        0.00064117
     2.5000000        0.00060668        0.00104001
     2.6000000       -0.00038788        0.00080376
     2.7000000       -0.00046821        0.00073524
     2.8000000       -0.00100539        0.00082725
     2.9000000       -0.00071060        0.00092216
     3.0000000       -0.00011724        0.00048863
     3.1000000        0.00050259        0.00038720
     3.2000000        0.00069814        0.00060501
     3.3000000        0.00098070        0.00066114
     3.4000000        0.00042001        0.00051450
     3.5000000        0.00057462        0.00048085
     3.6000000        0.00010821        0.00034122
     3.7000000       -0.00002406        0.00049943
     3.8000000        0.00033518        0.00032190
     3.9000000        0.00038067        0.00031148
     4.0000000        0.00055851        0.00044851
     4.1000000        0.00070680        0.00050522
     4.2000000        0.00003303        0.00023965
     4.3000000       -0.00040623        0.00029894
     4.4000000        0.00021386        0.00030095
     4.5000000       -0.00017786        0.00019589
     4.6000000        0.00011644        0.00029077
     4.7000000       -0.00025199        0.00028762
     4.8000000        0.00004262        0.00024648
     4.9000000        0.00004963        0.00035305
     5.0000000       -0.00021400        0.00063111
     5.1000000       -0.00014443        0.00066550
     5.2000000        0.00015999        0.00024723
     5.3000000        0.00031734        0.00013170
     5.4000000       -0.00067671        0.00085366
     5.5000000       -0.00078549        0.00078385
     5.6000000       -0.00092038        0.00089322
     5.7000000        0.00026190        0.00051838
     5.8000000        0.00016546        0.00062174
     5.9000000        0.00038770        0.00040051
     6.0000000        0.00028499        0.00032298
     6.1000000        0.00038668        0.00059256
     6.2000000        0.00017130        0.00073573
     6.3000000       -0.00012922        0.00037632
     6.4000000        0.00007533        0.00081196
     6.5000000        0.00097644        0.00072115
     6.6000000        0.00077896        0.00069520
     6.7000000       -0.00004630        0.00108493
     6.8000000        0.00084293        0.00028805
     6.9000000       -0.00046725        0.00117029
     7.0000000       -0.00032613        0.00098245
     7.1000000       -0.00188440        0.00205665
     7.2000000       -0.00154700        0.00166814
     7.3000000       -0.00212254        0.00160373
     7.4000000       -0.00233856        0.00104061
     7.5000000       -0.00022296        0.00109301
     7.6000000       -0.00031086        0.00143925
     7.7000000       -0.00041681        0.00217041
     7.8000000        0.00035730        0.00087167
     7.9000000        0.00198258        0.00088547
     8.0000000        0.00260683        0.00109275
     8.1000000        0.00413690        0.00093566
     8.2000000        0.00299712        0.00123243
     8.3000000        0.00413991        0.00110115
     8.4000000        0.00348877        0.00118276
     8.5000000        0.00416361        0.00127981
     8.6000000        0.00400892        0.00153277
     8.7000000        0.00835487        0.00232234
     8.8000000        0.00916896        0.00203022
     8.9000000        0.01578750        0.00187017
     9.0000000        0.02410577        0.00207467
     9.1000000        0.04077717        0.00284027
     9.2000000        0.06394157        0.00162195
     9.3000000        0.10000592        0.00166470
     9.4000000        0.15320662        0.00260445
     9.5000000        0.23484392        0.00253741
     9.6000000        0.35817664        0.00254102
     9.7000000        0.54367197        0.00282658
     9.8000000        0.83075037        0.00304871
     9.9000000        1.26965319        0.00400343
    10.0000000        1.92998325        0.00329300
