     0.0000000       -0.60332228        1.27576978
     0.1000000        0.15903963        0.37763539
     0.2000000       -0.57380451        1.08899381
     0.3000000       -0.68772095        1.22423090
     0.4000000       -0.30787447        0.83734771
     0.5000000       -0.46123876        0.85855225
     0.6000000       -0.59940094        0.89905431
     0.7000000       -0.74353607        1.10823617
     0.8000000       -0.55794084        0.75305816
     0.9000000       -0.18208231        0.26866580
     1.0000000       -0.49059591        0.48914007
     1.1000000       -0.37138847        0.32136972
     1.2000000       -0.38397420        0.49301708
     1.3000000       -0.32151077        0.23384942
     1.4000000       -0.31793313        0.45291185
     1.5000000       -0.11437232        0.23312371
     1.6000000        0.04665926        0.08983962
     1.7000000        0.02538745        0.06867893
     1.8000000       -0.00238185        0.07612475
     1.9000000        0.16984968        0.17815133
     2.0000000        0.01608820        0.04195779
     2.1000000        0.04054154        0.07048543
     2.2000000        0.05642773        0.08266457
     2.3000000       -0.05855756        0.10865923
     2.4000000       -0.09396929        0.17852949
     2.5000000        0.00241500        0.05006195
     2.6000000       -0.04628385        0.09472644
     2.7000000        0.01275422        0.04787505
     2.8000000       -0.02843565        0.08360290
     2.9000000        0.04242748        0.03556312
     3.0000000       -0.01079309        0.03612442
     3.1000000        0.03417604        0.03469128
     3.2000000        0.02683285        0.03188648
     3.3000000        0.02564455        0.01744438
     3.4000000       -0.03042443        0.02896717
     3.5000000       -0.01681758        0.01970366
     3.6000000       -0.00656746        0.02928774
     3.7000000        0.01635148        0.02401013
     3.8000000        0.03716174        0.05214605
     3.9000000        0.00126427        0.02101527
     4.0000000       -0.00625517        0.02021899
     4.1000000        0.00424789        0.02659895
     4.2000000        0.13673490        0.10756064
     4.3000000        0.28897264        0.18379763
     4.4000000        0.65686494        0.62655034
     4.5000000       -0.01655873        0.03625219
     4.6000000       -0.02320648        0.04684191
     4.7000000       -0.04499696        0.07899990
     4.8000000       -0.05301988        0.06123921
     4.9000000       -0.00898493        0.02429793
     5.0000000        0.00293492        0.01654218
     5.1000000       -0.04848407        0.01344711
     5.2000000       -0.02981899        0.02499120
     5.3000000       -0.00144754        0.01671909
     5.4000000       -0.12002395        0.15132651
     5.5000000       -0.00542201        0.04220231
     5.6000000        0.00966076        0.03641602
     5.7000000       -0.00974842        0.02617102
     5.8000000        0.09093669        0.05344807
     5.9000000        0.08690025        0.05497520
     6.0000000        0.04296388        0.04927458
     6.1000000       -0.00851422        0.04718414
     6.2000000        0.00662546        0.06603709
     6.3000000       -0.03469066        0.02576530
     6.4000000       -0.05363101        0.08514415
     6.5000000       -0.16932513        0.17889893
     6.6000000       -0.41798239        0.52359606
     6.7000000       -0.02034842        0.19588737
     6.8000000       -0.40017421        0.46965300
     6.9000000        0.02037670        0.13071364
     7.0000000        0.37939232        0.31945738
     7.1000000        1.04969630        0.97447871
     7.2000000        0.42152336        0.50558668
     7.3000000        0.36794706        0.38019667
     7.4000000        0.42334952        0.52073536
     7.5000000        0.15781390        0.20611641
     7.6000000       -0.03358940        0.17462368
     7.7000000       -0.36704695        0.52620961
     7.8000000       -0.31950011        0.48485829
     7.9000000       -0.12403286        0.24968005
     8.0000000       -0.06189251        0.19526889
     8.1000000       -0.00030651        0.19656428
     8.2000000        0.01956381        0.06348824
     8.3000000       -0.04662169        0.10126498
     8.4000000       -0.27863256        0.35608081
     8.5000000       -0.01907370        0.09413545
     8.6000000       -0.02884387        0.05193587
     8.7000000        0.03647978        0.05060635
     8.8000000       -0.00999571        0.10467097
     8.9000000        0.04493262        0.11722018
     9.0000000        0.01263152        0.11739741
     9.1000000        0.10903024        0.07641386
     9.2000000        0.14603615        0.04527612
     9.3000000        0.18416135        0.11928167
     9.4000000        0.21671061        0.19845440
     9.5000000        0.14308484        0.22136154
     9.6000000        0.00511877        0.38669582
     9.7000000       -0.03316090        0.55710366
     9.8000000       -2.19213438        3.00258983
     9.9000000       -0.76207744        1.48653541
    10.0000000       -0.60332228        1.27576978
