     0.0000000        0.03174166        0.00194545
     0.1000000        0.01670370        0.00134747
     0.2000000        0.00945874        0.00087644
     0.3000000        0.00559405        0.00063185
     0.4000000        0.00372865        0.00038206
     0.5000000        0.00253010        0.00027999
     0.6000000        0.00176838        0.00027125
     0.7000000        0.00121987        0.00025826
     0.8000000        0.00093052        0.00018410
     0.9000000        0.00052154        0.00016160
     1.0000000        0.00032188        0.00011016
     1.1000000        0.00027221        0.00010039
     1.2000000        0.00030889        0.00013838
     1.3000000        0.00030972        0.00018262
     1.4000000        0.00025832        0.00018412
     1.5000000        0.00017312        0.00015571
     1.6000000        0.00007211        0.00009463
     1.7000000       -0.00006134        0.00006358
     1.8000000       -0.00006469        0.00006321
     1.9000000       -0.00006956        0.00008705
     2.0000000       -0.00008258        0.00010493
     2.1000000       -0.00008470        0.00009797
     2.2000000       -0.00006979        0.00007232
     2.3000000       -0.00003458        0.00002695
     2.4000000       -0.00002453        0.00001475
     2.5000000       -0.00002268        0.00001541
     2.6000000       -0.00001366        0.00000903
     2.7000000       -0.00000843        0.00000625
     2.8000000       -0.00000730        0.00000537
     2.9000000       -0.00000510        0.00000435
     3.0000000       -0.00000340        0.00000404
     3.1000000       -0.00000311        0.00000296
     3.2000000       -0.00000341        0.00000322
     3.3000000        0.00000042        0.00000397
     3.4000000        0.00000118        0.00000380
     3.5000000        0.00000206        0.00000365
     3.6000000        0.00000117        0.00000242
     3.7000000        0.00000119        0.00000277
     3.8000000        0.00000129        0.00000263
     3.9000000        0.00000031        0.00000241
     4.0000000       -0.00000153        0.00000217
     4.1000000       -0.00000236        0.00000225
     4.2000000       -0.00000277        0.00000224
     4.3000000       -0.00000407        0.00000151
     4.4000000       -0.00000388        0.00000160
     4.5000000       -0.00000203        0.00000178
     4.6000000       -0.00000058        0.00000106
     4.7000000       -0.00000044        0.00000102
     4.8000000       -0.00000155        0.00000149
     4.9000000       -0.00000286        0.00000186
     5.0000000       -0.00000347        0.00000203
     5.1000000       -0.00000348        0.00000317
     5.2000000       -0.00000197        0.00000353
     5.3000000       -0.00000106        0.00000341
     5.4000000       -0.00000055        0.00000298
     5.5000000       -0.00000118        0.00000344
     5.6000000       -0.00000108        0.00000346
     5.7000000       -0.00000185        0.00000359
     5.8000000       -0.00000039        0.00000315
     5.9000000        0.00000146        0.00000275
     6.0000000        0.00000346        0.00000384
     6.1000000        0.00000484        0.00000430
     6.2000000        0.00000560        0.00000496
     6.3000000        0.00000622        0.00000552
     6.4000000        0.00000507        0.00000505
     6.5000000        0.00000416        0.00000380
     6.6000000        0.00000176        0.00000319
     6.7000000       -0.00000005        0.00000271
     6.8000000       -0.00000194        0.00000265
     6.9000000       -0.00000027        0.00000288
     7.0000000       -0.00000095        0.00000499
     7.1000000       -0.00000522        0.00001016
     7.2000000       -0.00000601        0.00001229
     7.3000000       -0.00000551        0.00001393
     7.4000000       -0.00002303        0.00003144
     7.5000000       -0.00001880        0.00002467
     7.6000000       -0.00000242        0.00001386
     7.7000000        0.00001109        0.00001383
     7.8000000        0.00001454        0.00001850
     7.9000000        0.00003906        0.00003320
     8.0000000        0.00007255        0.00005152
     8.1000000        0.00003458        0.00001419
     8.2000000       -0.00000506        0.00002351
     8.3000000        0.00004011        0.00006386
     8.4000000        0.00004429        0.00010228
     8.5000000        0.00018609        0.00021219
     8.6000000        0.00018683        0.00018211
     8.7000000        0.00016814        0.00016988
     8.8000000        0.00022621        0.00015728
     8.9000000        0.00025474        0.00014141
     9.0000000        0.00004037        0.00030085
     9.1000000       -0.00001443        0.00036834
     9.2000000        0.00001945        0.00030737
     9.3000000       -0.00001472        0.00029833
     9.4000000        0.00013892        0.00035641
     9.5000000        0.00072998        0.00043713
     9.6000000        0.00184806        0.00054034
     9.7000000        0.00367772        0.00078337
     9.8000000        0.00766369        0.00113028
     9.9000000        0.01555112        0.00145065
    10.0000000        0.03174166        0.00194545
