     0.0000000        0.27491791        0.00080041
     0.1000000        0.23056229        0.00076472
     0.2000000        0.20113038        0.00075022
     0.3000000        0.18286890        0.00072747
     0.4000000        0.17086549        0.00074448
     0.5000000        0.16550086        0.00071651
     0.6000000        0.16522592        0.00071573
     0.7000000        0.17099470        0.00075331
     0.8000000        0.18194371        0.00073824
     0.9000000        0.19840673        0.00079030
     1.0000000        0.22080279        0.00078620
     1.1000000        0.25239418        0.00080718
     1.2000000        0.29390160        0.00084862
     1.3000000        0.35003054        0.00086340
     1.4000000        0.42260706        0.00089400
     1.5000000        0.51759097        0.00087851
     1.6000000        0.64521567        0.00098768
     1.7000000        0.81160916        0.00094914
     1.8000000        1.03238440        0.00097286
     1.9000000        1.32804548        0.00091861
     2.0000000        1.72508209        0.00080041
