     0.0000000        0.50000000        0.00000003
     0.1000000        0.42226045        0.00107068
     0.2000000        0.35830430        0.00142835
     0.3000000        0.30686389        0.00131607
     0.4000000        0.26527792        0.00108704
     0.5000000        0.23083029        0.00117247
     0.6000000        0.20220866        0.00111176
     0.7000000        0.17942388        0.00102564
     0.8000000        0.15895253        0.00098765
     0.9000000        0.14241780        0.00089957
     1.0000000        0.12857959        0.00076880
     1.1000000        0.11734839        0.00085188
     1.2000000        0.10753352        0.00084535
     1.3000000        0.09849167        0.00088685
     1.4000000        0.09163538        0.00090545
     1.5000000        0.08475491        0.00073670
     1.6000000        0.07899231        0.00080235
     1.7000000        0.07402278        0.00073342
     1.8000000        0.07002550        0.00073488
     1.9000000        0.06657366        0.00064860
     2.0000000        0.06334297        0.00061926
     2.1000000        0.06014644        0.00057147
     2.2000000        0.05754329        0.00052600
     2.3000000        0.05449683        0.00049697
     2.4000000        0.05246144        0.00047745
     2.5000000        0.05047099        0.00050459
     2.6000000        0.04871403        0.00054370
     2.7000000        0.04709937        0.00055521
     2.8000000        0.04571927        0.00061806
     2.9000000        0.04424711        0.00058994
     3.0000000        0.04313905        0.00053369
     3.1000000        0.04211521        0.00060679
     3.2000000        0.04114917        0.00060189
     3.3000000        0.04013622        0.00054767
     3.4000000        0.03932395        0.00056959
     3.5000000        0.03850205        0.00055691
     3.6000000        0.03776356        0.00059779
     3.7000000        0.03678093        0.00062550
     3.8000000        0.03631303        0.00067530
     3.9000000        0.03566124        0.00071491
     4.0000000        0.03512647        0.00079522
     4.1000000        0.03441508        0.00085524
     4.2000000        0.03403596        0.00080298
     4.3000000        0.03395478        0.00081716
     4.4000000        0.03329105        0.00082662
     4.5000000        0.03284714        0.00084568
     4.6000000        0.03241683        0.00078215
     4.7000000        0.03165977        0.00077534
     4.8000000        0.03111855        0.00076957
     4.9000000        0.03069340        0.00075867
     5.0000000        0.03041062        0.00080389
     5.1000000        0.02978746        0.00073190
     5.2000000        0.02970193        0.00076320
     5.3000000        0.02944702        0.00083000
     5.4000000        0.02919406        0.00086959
     5.5000000        0.02882431        0.00084501
     5.6000000        0.02848321        0.00083038
     5.7000000        0.02809668        0.00075808
     5.8000000        0.02786617        0.00076852
     5.9000000        0.02722588        0.00076700
     6.0000000        0.02693828        0.00083593
     6.1000000        0.02682768        0.00081931
     6.2000000        0.02670316        0.00077121
     6.3000000        0.02651539        0.00069096
     6.4000000        0.02616691        0.00068991
     6.5000000        0.02586010        0.00078238
     6.6000000        0.02566237        0.00076062
     6.7000000        0.02536717        0.00071399
     6.8000000        0.02518440        0.00068044
     6.9000000        0.02513911        0.00064502
     7.0000000        0.02500056        0.00061745
     7.1000000        0.02486033        0.00069354
     7.2000000        0.02457798        0.00067379
     7.3000000        0.02458344        0.00062444
     7.4000000        0.02469965        0.00064070
     7.5000000        0.02465157        0.00065226
     7.6000000        0.02469509        0.00061050
     7.7000000        0.02472138        0.00066760
     7.8000000        0.02428666        0.00061414
     7.9000000        0.02425989        0.00062149
     8.0000000        0.02423142        0.00067697
     8.1000000        0.02408931        0.00064591
     8.2000000        0.02411453        0.00062164
     8.3000000        0.02406880        0.00063140
     8.4000000        0.02395066        0.00062122
     8.5000000        0.02392395        0.00063078
     8.6000000        0.02399706        0.00064713
     8.7000000        0.02380561        0.00063160
     8.8000000        0.02376732        0.00059584
     8.9000000        0.02379326        0.00063708
     9.0000000        0.02362800        0.00065918
     9.1000000        0.02356777        0.00066259
     9.2000000        0.02383855        0.00068553
     9.3000000        0.02382450        0.00072610
     9.4000000        0.02398553        0.00071210
     9.5000000        0.02375331        0.00066954
     9.6000000        0.02365384        0.00065954
     9.7000000        0.02371254        0.00066761
     9.8000000        0.02378782        0.00063379
     9.9000000        0.02367555        0.00066450
    10.0000000        0.02375848        0.00068519
    10.1000000        0.02386518        0.00069316
    10.2000000        0.02414582        0.00070011
    10.3000000        0.02437460        0.00074488
    10.4000000        0.02444505        0.00072603
    10.5000000        0.02424091        0.00073286
    10.6000000        0.02398841        0.00064028
    10.7000000        0.02409309        0.00066755
    10.8000000        0.02397195        0.00063365
    10.9000000        0.02397195        0.00067397
    11.0000000        0.02425088        0.00071672
    11.1000000        0.02435037        0.00067541
    11.2000000        0.02415781        0.00063897
    11.3000000        0.02403864        0.00060946
    11.4000000        0.02405417        0.00067128
    11.5000000        0.02412665        0.00070172
    11.6000000        0.02412768        0.00067102
    11.7000000        0.02424375        0.00072365
    11.8000000        0.02434492        0.00073963
    11.9000000        0.02424983        0.00073225
    12.0000000        0.02413944        0.00066496
    12.1000000        0.02423291        0.00067804
    12.2000000        0.02451133        0.00066546
    12.3000000        0.02455211        0.00065985
    12.4000000        0.02466074        0.00071652
    12.5000000        0.02460090        0.00072705
    12.6000000        0.02479953        0.00071090
    12.7000000        0.02495050        0.00066257
    12.8000000        0.02507566        0.00062641
    12.9000000        0.02518738        0.00058488
    13.0000000        0.02501804        0.00061149
    13.1000000        0.02522581        0.00056523
    13.2000000        0.02517850        0.00060941
    13.3000000        0.02547319        0.00068750
    13.4000000        0.02559747        0.00061662
    13.5000000        0.02580000        0.00055892
    13.6000000        0.02597284        0.00051480
    13.7000000        0.02603268        0.00055579
    13.8000000        0.02605394        0.00056764
    13.9000000        0.02647826        0.00058682
    14.0000000        0.02690075        0.00056175
    14.1000000        0.02722001        0.00054505
    14.2000000        0.02741559        0.00059332
    14.3000000        0.02763110        0.00053249
    14.4000000        0.02776434        0.00053832
    14.5000000        0.02812018        0.00049473
    14.6000000        0.02833803        0.00051522
    14.7000000        0.02871801        0.00048636
    14.8000000        0.02895766        0.00050206
    14.9000000        0.02943915        0.00052521
    15.0000000        0.02967611        0.00049092
    15.1000000        0.02998713        0.00042295
    15.2000000        0.03058642        0.00041464
    15.3000000        0.03105480        0.00034478
    15.4000000        0.03124562        0.00034570
    15.5000000        0.03164517        0.00037564
    15.6000000        0.03236520        0.00038558
    15.7000000        0.03260378        0.00046188
    15.8000000        0.03290090        0.00044338
    15.9000000        0.03333378        0.00044848
    16.0000000        0.03405402        0.00041292
    16.1000000        0.03457516        0.00043183
    16.2000000        0.03518099        0.00053268
    16.3000000        0.03596397        0.00052923
    16.4000000        0.03673735        0.00054449
    16.5000000        0.03754807        0.00061002
    16.6000000        0.03839965        0.00052584
    16.7000000        0.03924935        0.00051767
    16.8000000        0.04026580        0.00051955
    16.9000000        0.04157964        0.00056378
    17.0000000        0.04248955        0.00062558
    17.1000000        0.04370256        0.00063428
    17.2000000        0.04490237        0.00067022
    17.3000000        0.04607669        0.00063910
    17.4000000        0.04754868        0.00065723
    17.5000000        0.04925630        0.00060867
    17.6000000        0.05110544        0.00065647
    17.7000000        0.05310342        0.00069643
    17.8000000        0.05566981        0.00066565
    17.9000000        0.05830733        0.00064085
    18.0000000        0.06119380        0.00062490
    18.1000000        0.06487618        0.00055747
    18.2000000        0.06885753        0.00065699
    18.3000000        0.07279494        0.00074752
    18.4000000        0.07789982        0.00080507
    18.5000000        0.08370362        0.00065846
    18.6000000        0.08986357        0.00057486
    18.7000000        0.09711947        0.00056887
    18.8000000        0.10592722        0.00057546
    18.9000000        0.11616525        0.00069513
    19.0000000        0.12777344        0.00066570
    19.1000000        0.14190199        0.00058810
    19.2000000        0.15813758        0.00067515
    19.3000000        0.17738361        0.00079983
    19.4000000        0.20099683        0.00104537
    19.5000000        0.22922182        0.00097978
    19.6000000        0.26338935        0.00107493
    19.7000000        0.30474562        0.00107996
    19.8000000        0.35646270        0.00097763
    19.9000000        0.42065434        0.00086458
    20.0000000        0.50000000        0.00000003
