         101           4   20.000000000000000                1
     0.0000000        0.11131622        0.00106388
     0.1000000        0.09111067        0.00051652
     0.2000000        0.07355959        0.00070415
     0.3000000        0.05970145        0.00076837
     0.4000000        0.04824717        0.00079204
     0.5000000        0.03874329        0.00072074
     0.6000000        0.03050021        0.00023687
     0.7000000        0.02451774        0.00087336
     0.8000000        0.02048725        0.00042714
     0.9000000        0.01697279        0.00043703
     1.0000000        0.01311803        0.00053317
     1.1000000        0.01022170        0.00032643
     1.2000000        0.00827729        0.00038693
     1.3000000        0.00712975        0.00063982
     1.4000000        0.00583403        0.00033658
     1.5000000        0.00484507        0.00043106
     1.6000000        0.00421125        0.00064384
     1.7000000        0.00345540        0.00062635
     1.8000000        0.00249143        0.00049656
     1.9000000        0.00171758        0.00027491
     2.0000000        0.00142952        0.00025414
     2.1000000        0.00113085        0.00041107
     2.2000000        0.00083883        0.00026393
     2.3000000        0.00031733        0.00012398
     2.4000000        0.00032084        0.00015604
     2.5000000       -0.00010095        0.00012973
     2.6000000       -0.00011452        0.00061724
     2.7000000       -0.00021328        0.00074836
     2.8000000       -0.00001748        0.00074282
     2.9000000        0.00029414        0.00060198
     3.0000000        0.00054428        0.00062769
     3.1000000        0.00087644        0.00079020
     3.2000000        0.00130049        0.00099150
     3.3000000        0.00102045        0.00061854
     3.4000000        0.00091539        0.00069866
     3.5000000        0.00042720        0.00054000
     3.6000000       -0.00016086        0.00021777
     3.7000000        0.00004142        0.00039554
     3.8000000       -0.00023209        0.00035599
     3.9000000       -0.00028507        0.00051095
     4.0000000       -0.00066959        0.00089590
     4.1000000       -0.00132333        0.00171290
     4.2000000       -0.00123034        0.00190799
     4.3000000       -0.00098245        0.00135025
     4.4000000       -0.00120660        0.00172695
     4.5000000       -0.00149467        0.00217837
     4.6000000       -0.00228370        0.00285784
     4.7000000       -0.00291891        0.00345202
     4.8000000       -0.00252889        0.00300590
     4.9000000       -0.00310940        0.00384485
     5.0000000       -0.00244727        0.00362796
     5.1000000       -0.00205613        0.00326487
     5.2000000       -0.00034056        0.00096330
     5.3000000        0.00634150        0.00716517
     5.4000000        0.00049287        0.00073058
     5.5000000        0.00128569        0.00143583
     5.6000000        0.00062910        0.00103137
     5.7000000        0.00152312        0.00140960
     5.8000000        0.00314413        0.00271568
     5.9000000        0.00200029        0.00173984
     6.0000000        0.00253617        0.00176965
     6.1000000        0.00201647        0.00146281
     6.2000000        0.00043067        0.00176906
     6.3000000       -0.00116651        0.00116617
     6.4000000       -0.00110018        0.00131164
     6.5000000       -0.00187515        0.00200138
     6.6000000       -0.00210905        0.00197597
     6.7000000       -0.00278541        0.00279332
     6.8000000       -0.00269859        0.00232354
     6.9000000       -0.00150345        0.00101816
     7.0000000       -0.00071019        0.00055328
     7.1000000       -0.00060076        0.00092657
     7.2000000       -0.00125829        0.00179547
     7.3000000       -0.00130474        0.00190022
     7.4000000       -0.00045950        0.00098935
     7.5000000       -0.00124018        0.00165889
     7.6000000        0.00052968        0.00105046
     7.7000000        0.00170009        0.00323635
     7.8000000       -0.00200909        0.00125260
     7.9000000       -0.00150508        0.00097694
     8.0000000       -0.00154481        0.00117673
     8.1000000       -0.00145060        0.00082832
     8.2000000       -0.00106621        0.00071731
     8.3000000       -0.00048302        0.00029109
     8.4000000       -0.00073733        0.00034904
     8.5000000       -0.00087445        0.00052645
     8.6000000       -0.00077513        0.00035117
     8.7000000       -0.00141400        0.00076206
     8.8000000       -0.00154745        0.00081750
     8.9000000       -0.00100404        0.00040534
     9.0000000       -0.00105351        0.00051282
     9.1000000       -0.00049970        0.00038805
     9.2000000       -0.00066546        0.00089747
     9.3000000       -0.00043092        0.00099400
     9.4000000       -0.00021566        0.00075803
     9.5000000       -0.00080115        0.00127516
     9.6000000       -0.00034488        0.00055383
     9.7000000       -0.00065994        0.00069244
     9.8000000       -0.00036947        0.00020953
     9.9000000        0.00011660        0.00057760
    10.0000000       -0.00063217        0.00031263
