           2              (-2.9209227571678378,0.0000000000000000)   1.0000000000000000     
           2              (-2.8984589786527644,0.0000000000000000)   1.0000000000000000     
           2              (-2.8735587823403512,0.0000000000000000)   1.0000000000000000     
           2              (-2.8886262939668685,0.0000000000000000)   1.0000000000000000     
           2              (-2.9006517723902818,0.0000000000000000)   1.0000000000000000     
           2              (-2.9160617127812101,0.0000000000000000)   1.0000000000000000     
           2              (-2.8890470826945021,0.0000000000000000)   1.0000000000000000     
           2              (-2.8852352936772201,0.0000000000000000)   1.0000000000000000     
           2              (-2.9208903636562478,0.0000000000000000)   1.0000000000000000     
           2              (-2.8331155084753066,0.0000000000000000)   1.0000000000000000     
           2              (-2.9103068291834426,0.0000000000000000)   1.0000000000000000     
           2              (-2.8451144860511421,0.0000000000000000)   1.0000000000000000     
           2              (-2.8667745966113869,0.0000000000000000)   1.0000000000000000     
           2              (-2.8405992401587414,0.0000000000000000)   1.0000000000000000     
           2              (-2.8541024755384781,0.0000000000000000)   1.0000000000000000     
           2              (-2.8969385500657401,0.0000000000000000)   1.0000000000000000     
           2              (-2.9144632918823659,0.0000000000000000)   1.0000000000000000     
           2              (-2.9076355759198709,0.0000000000000000)   1.0000000000000000     
           2              (-2.8748107162956811,0.0000000000000000)   1.0000000000000000     
           2              (-2.8572682855098446,0.0000000000000000)   1.0000000000000000     
           2              (-2.8893324079800258,0.0000000000000000)   1.0000000000000000     
           2              (-2.8894176860081719,0.0000000000000000)   1.0000000000000000     
           2              (-2.9080381541854710,0.0000000000000000)   1.0000000000000000     
           2              (-2.9274818342381659,0.0000000000000000)   1.0000000000000000     
           2              (-2.8516955847139589,0.0000000000000000)   1.0000000000000000     
           2              (-2.8981297114515971,0.0000000000000000)   1.0000000000000000     
           2              (-2.9044536771896552,0.0000000000000000)   1.0000000000000000     
           2              (-2.9621668800321608,0.0000000000000000)   1.0000000000000000     
           2              (-2.9430493205779569,0.0000000000000000)   1.0000000000000000     
           2              (-2.9159900723213501,0.0000000000000000)   1.0000000000000000     
           2              (-2.8651942293971189,0.0000000000000000)   1.0000000000000000     
           2              (-2.8767761635640259,0.0000000000000000)   1.0000000000000000     
           2              (-2.9601866417556835,0.0000000000000000)   1.0000000000000000     
           2              (-2.9214864535051555,0.0000000000000000)   1.0000000000000000     
           2              (-2.9778310487656428,0.0000000000000000)   1.0000000000000000     
           2              (-2.9012696826691662,0.0000000000000000)   1.0000000000000000     
           2              (-2.8688917250061374,0.0000000000000000)   1.0000000000000000     
           2              (-2.8379668867422199,0.0000000000000000)   1.0000000000000000     
           2              (-2.8906053524294038,0.0000000000000000)   1.0000000000000000     
           2              (-2.8733207949374653,0.0000000000000000)   1.0000000000000000     
           2              (-2.8609254555740775,0.0000000000000000)   1.0000000000000000     
           2              (-2.9372196623200075,0.0000000000000000)   1.0000000000000000     
           2              (-2.9092394829135690,0.0000000000000000)   1.0000000000000000     
           2              (-2.8979814325574096,0.0000000000000000)   1.0000000000000000     
           2              (-2.8576723715217334,0.0000000000000000)   1.0000000000000000     
           2              (-2.9348080260443816,0.0000000000000000)   1.0000000000000000     
           2              (-2.9070374797214864,0.0000000000000000)   1.0000000000000000     
           2              (-2.8565608389505082,0.0000000000000000)   1.0000000000000000     
           2              (-2.9204090340083502,0.0000000000000000)   1.0000000000000000     
           2              (-2.9155763527844525,0.0000000000000000)   1.0000000000000000     
           2              (-2.8692459450064600,0.0000000000000000)   1.0000000000000000     
           2              (-2.8591129544407430,0.0000000000000000)   1.0000000000000000     
           2              (-2.8999209837065814,0.0000000000000000)   1.0000000000000000     
           2              (-2.8172665509303125,0.0000000000000000)   1.0000000000000000     
           2              (-2.8859388439125047,0.0000000000000000)   1.0000000000000000     
           2              (-2.9170605800744958,0.0000000000000000)   1.0000000000000000     
           2              (-2.9425766118642627,0.0000000000000000)   1.0000000000000000     
           2              (-2.8259309639622154,0.0000000000000000)   1.0000000000000000     
           2              (-2.8617053640785497,0.0000000000000000)   1.0000000000000000     
           2              (-2.9122336221879235,0.0000000000000000)   1.0000000000000000     
           2              (-2.9209766124602550,0.0000000000000000)   1.0000000000000000     
           2              (-2.9167751110638518,0.0000000000000000)   1.0000000000000000     
           2              (-2.8934529303681256,0.0000000000000000)   1.0000000000000000     
           2              (-2.8974549886670600,0.0000000000000000)   1.0000000000000000     
           2              (-2.9103584478837705,0.0000000000000000)   1.0000000000000000     
           2              (-2.9361664291886416,0.0000000000000000)   1.0000000000000000     
           2              (-2.9396736551900355,0.0000000000000000)   1.0000000000000000     
           2              (-2.8732282734391283,0.0000000000000000)   1.0000000000000000     
           2              (-2.9026497290264750,0.0000000000000000)   1.0000000000000000     
           2              (-2.9125524568735957,0.0000000000000000)   1.0000000000000000     
           2              (-2.9196740073944998,0.0000000000000000)   1.0000000000000000     
           2              (-2.9014732850662130,0.0000000000000000)   1.0000000000000000     
           2              (-2.8895704423139841,0.0000000000000000)   1.0000000000000000     
           2              (-2.8766523736622420,0.0000000000000000)   1.0000000000000000     
           2              (-2.8961682322824518,0.0000000000000000)   1.0000000000000000     
           2              (-2.9494042436560175,0.0000000000000000)   1.0000000000000000     
           2              (-2.9193551306609926,0.0000000000000000)   1.0000000000000000     
           2              (-2.9387181393839548,0.0000000000000000)   1.0000000000000000     
           2              (-2.9219109580433744,0.0000000000000000)   1.0000000000000000     
           2              (-2.8682065030735018,0.0000000000000000)   1.0000000000000000     
           2              (-2.8717645951477380,0.0000000000000000)   1.0000000000000000     
           2              (-2.8666179086782679,0.0000000000000000)   1.0000000000000000     
           2              (-2.8773096942749983,0.0000000000000000)   1.0000000000000000     
           2              (-2.9212208050676942,0.0000000000000000)   1.0000000000000000     
           2              (-2.8484025954264665,0.0000000000000000)   1.0000000000000000     
           2              (-2.8847908742907014,0.0000000000000000)   1.0000000000000000     
           2              (-2.8957053963071120,0.0000000000000000)   1.0000000000000000     
           2              (-2.9054015919470939,0.0000000000000000)   1.0000000000000000     
           2              (-2.9001314181208957,0.0000000000000000)   1.0000000000000000     
           2              (-2.9115247071720050,0.0000000000000000)   1.0000000000000000     
           2              (-2.9086355565681168,0.0000000000000000)   1.0000000000000000     
           2              (-2.9627877027381162,0.0000000000000000)   1.0000000000000000     
           2              (-2.9592214165753212,0.0000000000000000)   1.0000000000000000     
           2              (-2.8730835040190583,0.0000000000000000)   1.0000000000000000     
           2              (-2.8953282622251302,0.0000000000000000)   1.0000000000000000     
           2              (-2.9260367825810589,0.0000000000000000)   1.0000000000000000     
           2              (-2.8834805168077464,0.0000000000000000)   1.0000000000000000     
           2              (-2.9071723820603008,0.0000000000000000)   1.0000000000000000     
           2              (-2.9016383906631353,0.0000000000000000)   1.0000000000000000     
           2              (-2.9246066921010665,0.0000000000000000)   1.0000000000000000     
           2              (-2.8123020523839446,0.0000000000000000)   1.0000000000000000     
           2              (-2.9177098511208763,0.0000000000000000)   1.0000000000000000     
           2              (-2.9022249231183852,0.0000000000000000)   1.0000000000000000     
           2              (-2.9359571470246744,0.0000000000000000)   1.0000000000000000     
           2              (-2.8349244000075453,0.0000000000000000)   1.0000000000000000     
           2              (-2.9350073401068628,0.0000000000000000)   1.0000000000000000     
           2              (-2.8889490253248571,0.0000000000000000)   1.0000000000000000     
           2              (-2.9070988924237073,0.0000000000000000)   1.0000000000000000     
           2              (-2.8530244706635703,0.0000000000000000)   1.0000000000000000     
           2              (-2.9173388202416706,0.0000000000000000)   1.0000000000000000     
           2              (-2.9659546308639642,0.0000000000000000)   1.0000000000000000     
           2              (-2.9157704031929135,0.0000000000000000)   1.0000000000000000     
           2              (-2.8873073103126927,0.0000000000000000)   1.0000000000000000     
           2              (-2.8492509528759826,0.0000000000000000)   1.0000000000000000     
           2              (-2.8837311922452447,0.0000000000000000)   1.0000000000000000     
           2              (-2.8824070684354219,0.0000000000000000)   1.0000000000000000     
           2              (-2.9545849725240974,0.0000000000000000)   1.0000000000000000     
           2              (-2.9533712570301072,0.0000000000000000)   1.0000000000000000     
           2              (-2.8628493294863850,0.0000000000000000)   1.0000000000000000     
           2              (-2.8696469106375919,0.0000000000000000)   1.0000000000000000     
           2              (-2.8727814333428139,0.0000000000000000)   1.0000000000000000     
           2              (-2.8730945327830373,0.0000000000000000)   1.0000000000000000     
           2              (-2.9430448774236457,0.0000000000000000)   1.0000000000000000     
           2              (-2.8764491877119531,0.0000000000000000)   1.0000000000000000     
           2              (-2.9267778347634801,0.0000000000000000)   1.0000000000000000     
           2              (-2.9184002160483877,0.0000000000000000)   1.0000000000000000     
           2              (-2.9185573352447207,0.0000000000000000)   1.0000000000000000     
           2              (-2.8158538068931356,0.0000000000000000)   1.0000000000000000     
           2              (-2.9014898084237797,0.0000000000000000)   1.0000000000000000     
           2              (-2.8820857843849224,0.0000000000000000)   1.0000000000000000     
           2              (-2.8270421062565623,0.0000000000000000)   1.0000000000000000     
           2              (-2.8921204972213919,0.0000000000000000)   1.0000000000000000     
           2              (-2.8231775922732703,0.0000000000000000)   1.0000000000000000     
           2              (-2.8922962168453950,0.0000000000000000)   1.0000000000000000     
           2              (-2.8806695041200605,0.0000000000000000)   1.0000000000000000     
           2              (-2.8754945375744714,0.0000000000000000)   1.0000000000000000     
           2              (-2.9276562334685714,0.0000000000000000)   1.0000000000000000     
           2              (-2.9154809724505704,0.0000000000000000)   1.0000000000000000     
           2              (-2.9231572451938463,0.0000000000000000)   1.0000000000000000     
           2              (-2.9282797330389041,0.0000000000000000)   1.0000000000000000     
           2              (-2.9001903192402674,0.0000000000000000)   1.0000000000000000     
           2              (-2.8362213295749035,0.0000000000000000)   1.0000000000000000     
           2              (-2.8826995266606410,0.0000000000000000)   1.0000000000000000     
           2              (-2.8391544838016349,0.0000000000000000)   1.0000000000000000     
           2              (-2.9112053792875630,0.0000000000000000)   1.0000000000000000     
           2              (-2.9058144025303800,0.0000000000000000)   1.0000000000000000     
           2              (-2.9087102672650462,0.0000000000000000)   1.0000000000000000     
           2              (-2.8937833040913707,0.0000000000000000)   1.0000000000000000     
           2              (-2.9310903894598463,0.0000000000000000)   1.0000000000000000     
           2              (-2.9886365206002243,0.0000000000000000)   1.0000000000000000     
           2              (-2.9072698056762252,0.0000000000000000)   1.0000000000000000     
           2              (-2.8781324698389175,0.0000000000000000)   1.0000000000000000     
           2              (-2.9505599643672462,0.0000000000000000)   1.0000000000000000     
           2              (-2.9043313314199777,0.0000000000000000)   1.0000000000000000     
           2              (-2.8808601684771169,0.0000000000000000)   1.0000000000000000     
           2              (-2.9015369339102373,0.0000000000000000)   1.0000000000000000     
           2              (-2.8129460751428010,0.0000000000000000)   1.0000000000000000     
           2              (-2.9070348083068098,0.0000000000000000)   1.0000000000000000     
           2              (-2.9066516016560096,0.0000000000000000)   1.0000000000000000     
           2              (-2.9626602246933027,0.0000000000000000)   1.0000000000000000     
           2              (-2.8751153509996219,0.0000000000000000)   1.0000000000000000     
           2              (-2.8232229263428037,0.0000000000000000)   1.0000000000000000     
           2              (-2.9270022487158447,0.0000000000000000)   1.0000000000000000     
           2              (-2.9027545266388182,0.0000000000000000)   1.0000000000000000     
           2              (-2.9171104649130646,0.0000000000000000)   1.0000000000000000     
           2              (-2.9049134835105739,0.0000000000000000)   1.0000000000000000     
           2              (-2.8772516703522801,0.0000000000000000)   1.0000000000000000     
           2              (-2.9174227401658128,0.0000000000000000)   1.0000000000000000     
           2              (-2.8846399517627974,0.0000000000000000)   1.0000000000000000     
           2              (-2.9114517364760162,0.0000000000000000)   1.0000000000000000     
           2              (-2.8281656286802654,0.0000000000000000)   1.0000000000000000     
           2              (-2.8565008795016094,0.0000000000000000)   1.0000000000000000     
           2              (-2.8989174576720225,0.0000000000000000)   1.0000000000000000     
           2              (-2.9060842468243289,0.0000000000000000)   1.0000000000000000     
           2              (-2.8668002021804830,0.0000000000000000)   1.0000000000000000     
           2              (-2.8504078096833050,0.0000000000000000)   1.0000000000000000     
           2              (-2.9290197359826684,0.0000000000000000)   1.0000000000000000     
           2              (-2.9329298080731290,0.0000000000000000)   1.0000000000000000     
           2              (-2.8505815856461876,0.0000000000000000)   1.0000000000000000     
           2              (-2.8686538783717661,0.0000000000000000)   1.0000000000000000     
           2              (-2.8284262431452705,0.0000000000000000)   1.0000000000000000     
           2              (-2.9174271737023414,0.0000000000000000)   1.0000000000000000     
           2              (-2.8787472919289385,0.0000000000000000)   1.0000000000000000     
           2              (-2.8842271174649272,0.0000000000000000)   1.0000000000000000     
           2              (-2.8939780011514413,0.0000000000000000)   1.0000000000000000     
           2              (-2.9211455792284573,0.0000000000000000)   1.0000000000000000     
           2              (-2.9080022094445765,0.0000000000000000)   1.0000000000000000     
           2              (-2.8293219009664416,0.0000000000000000)   1.0000000000000000     
           2              (-2.8883361950439075,0.0000000000000000)   1.0000000000000000     
           2              (-2.9101867389855647,0.0000000000000000)   1.0000000000000000     
           2              (-2.9246593982619067,0.0000000000000000)   1.0000000000000000     
           2              (-2.9196909603280736,0.0000000000000000)   1.0000000000000000     
           2              (-2.8881545631213301,0.0000000000000000)   1.0000000000000000     
           2              (-2.9034278997291136,0.0000000000000000)   1.0000000000000000     
           2              (-2.8643626904615433,0.0000000000000000)   1.0000000000000000     
           2              (-2.8676778709013364,0.0000000000000000)   1.0000000000000000     
           2              (-2.8733285947617673,0.0000000000000000)   1.0000000000000000     
           2              (-2.8843324753693262,0.0000000000000000)   1.0000000000000000     
           2              (-2.8851748646906890,0.0000000000000000)   1.0000000000000000     
           2              (-2.9112465669803020,0.0000000000000000)   1.0000000000000000     
           2              (-2.9030532051732716,0.0000000000000000)   1.0000000000000000     
           2              (-2.9133542703232238,0.0000000000000000)   1.0000000000000000     
           2              (-2.8795811932303370,0.0000000000000000)   1.0000000000000000     
           2              (-2.8781081193585587,0.0000000000000000)   1.0000000000000000     
           2              (-2.8879010663705840,0.0000000000000000)   1.0000000000000000     
           2              (-2.8557511675954204,0.0000000000000000)   1.0000000000000000     
           2              (-2.8650037303407281,0.0000000000000000)   1.0000000000000000     
           2              (-2.8682089688695229,0.0000000000000000)   1.0000000000000000     
           2              (-2.9012067097859560,0.0000000000000000)   1.0000000000000000     
           2              (-2.8856593543387090,0.0000000000000000)   1.0000000000000000     
           2              (-2.8610698699626238,0.0000000000000000)   1.0000000000000000     
           2              (-2.8855257149345293,0.0000000000000000)   1.0000000000000000     
           2              (-2.9259964510692087,0.0000000000000000)   1.0000000000000000     
           2              (-2.9165248060978106,0.0000000000000000)   1.0000000000000000     
           2              (-2.8418169060359406,0.0000000000000000)   1.0000000000000000     
           2              (-2.8411592630531262,0.0000000000000000)   1.0000000000000000     
           2              (-2.8964662035178566,0.0000000000000000)   1.0000000000000000     
           2              (-2.9559603309008673,0.0000000000000000)   1.0000000000000000     
           2              (-2.8554869684162716,0.0000000000000000)   1.0000000000000000     
           2              (-2.9005320082624868,0.0000000000000000)   1.0000000000000000     
           2              (-2.9046061930001215,0.0000000000000000)   1.0000000000000000     
           2              (-2.8933475574598702,0.0000000000000000)   1.0000000000000000     
           2              (-2.8654909419410370,0.0000000000000000)   1.0000000000000000     
           2              (-2.9229483064447068,0.0000000000000000)   1.0000000000000000     
           2              (-2.8966237799294641,0.0000000000000000)   1.0000000000000000     
           2              (-2.9458378167267640,0.0000000000000000)   1.0000000000000000     
           2              (-2.8912246558749586,0.0000000000000000)   1.0000000000000000     
           2              (-2.9182232046628322,0.0000000000000000)   1.0000000000000000     
           2              (-2.8712899841920581,0.0000000000000000)   1.0000000000000000     
           2              (-2.9159927332449076,0.0000000000000000)   1.0000000000000000     
           2              (-2.8800811300696059,0.0000000000000000)   1.0000000000000000     
           2              (-2.9126803322395336,0.0000000000000000)   1.0000000000000000     
           2              (-2.8742780450828516,0.0000000000000000)   1.0000000000000000     
           2              (-2.9342395666192425,0.0000000000000000)   1.0000000000000000     
           2              (-2.9275769835994980,0.0000000000000000)   1.0000000000000000     
           2              (-2.8462575290403338,0.0000000000000000)   1.0000000000000000     
           2              (-2.8835978910317728,0.0000000000000000)   1.0000000000000000     
           2              (-2.8722396022122529,0.0000000000000000)   1.0000000000000000     
           2              (-2.8985131977673926,0.0000000000000000)   1.0000000000000000     
           2              (-2.9328862083344402,0.0000000000000000)   1.0000000000000000     
           2              (-2.9049071733531804,0.0000000000000000)   1.0000000000000000     
           2              (-2.9239599368973139,0.0000000000000000)   1.0000000000000000     
           2              (-2.9070744693674797,0.0000000000000000)   1.0000000000000000     
           2              (-2.9539478639471466,0.0000000000000000)   1.0000000000000000     
           2              (-2.9475201301149552,0.0000000000000000)   1.0000000000000000     
           2              (-2.9075090458777981,0.0000000000000000)   1.0000000000000000     
           2              (-2.8264444607706407,0.0000000000000000)   1.0000000000000000     
           2              (-2.8933015743215402,0.0000000000000000)   1.0000000000000000     
           2              (-2.8991612556885245,0.0000000000000000)   1.0000000000000000     
           2              (-2.8840307944202932,0.0000000000000000)   1.0000000000000000     
           2              (-2.9200142638814568,0.0000000000000000)   1.0000000000000000     
           2              (-2.8788010801165038,0.0000000000000000)   1.0000000000000000     
           2              (-2.8970654674270802,0.0000000000000000)   1.0000000000000000     
           2              (-2.8656175405977304,0.0000000000000000)   1.0000000000000000     
           2              (-2.8957224036191946,0.0000000000000000)   1.0000000000000000     
           2              (-2.9032629417574261,0.0000000000000000)   1.0000000000000000     
           2              (-2.8994334706389160,0.0000000000000000)   1.0000000000000000     
           2              (-2.8298122919865065,0.0000000000000000)   1.0000000000000000     
           2              (-2.9320749838890681,0.0000000000000000)   1.0000000000000000     
           2              (-2.9417385432251368,0.0000000000000000)   1.0000000000000000     
           2              (-2.9852201058612335,0.0000000000000000)   1.0000000000000000     
           2              (-2.8758562417523277,0.0000000000000000)   1.0000000000000000     
           2              (-2.8699227445121407,0.0000000000000000)   1.0000000000000000     
           2              (-2.9081189031625549,0.0000000000000000)   1.0000000000000000     
           2              (-2.8940713442629034,0.0000000000000000)   1.0000000000000000     
           2              (-2.8963209080425227,0.0000000000000000)   1.0000000000000000     
           2              (-2.9068370871828919,0.0000000000000000)   1.0000000000000000     
           2              (-2.8704182781284135,0.0000000000000000)   1.0000000000000000     
           2              (-2.9028732235649013,0.0000000000000000)   1.0000000000000000     
           2              (-2.9129648062556495,0.0000000000000000)   1.0000000000000000     
           2              (-2.9099077198978791,0.0000000000000000)   1.0000000000000000     
           2              (-2.9713948441802263,0.0000000000000000)   1.0000000000000000     
           2              (-2.9136157770888187,0.0000000000000000)   1.0000000000000000     
           2              (-2.8340697498887906,0.0000000000000000)   1.0000000000000000     
           2              (-2.9296520841887888,0.0000000000000000)   1.0000000000000000     
           2              (-2.8905424042095280,0.0000000000000000)   1.0000000000000000     
           2              (-2.9079606072974227,0.0000000000000000)   1.0000000000000000     
           2              (-2.9070019186468858,0.0000000000000000)   1.0000000000000000     
           2              (-2.9153282064284989,0.0000000000000000)   1.0000000000000000     
           2              (-2.9234910937393321,0.0000000000000000)   1.0000000000000000     
           2              (-2.9113786596681597,0.0000000000000000)   1.0000000000000000     
           2              (-2.8861911354338412,0.0000000000000000)   1.0000000000000000     
           2              (-2.9050693009221655,0.0000000000000000)   1.0000000000000000     
           2              (-2.8902971627263572,0.0000000000000000)   1.0000000000000000     
           2              (-2.8916623149650662,0.0000000000000000)   1.0000000000000000     
           2              (-2.8572234228456344,0.0000000000000000)   1.0000000000000000     
           2              (-2.9328464366916731,0.0000000000000000)   1.0000000000000000     
           2              (-2.8975018318418750,0.0000000000000000)   1.0000000000000000     
