           2               (4.0000000000000098,0.0000000000000000)   1.0000000000000000     
           2               (3.9999999999999987,0.0000000000000000)   1.0000000000000000     
           2               (4.0000000000000071,0.0000000000000000)   1.0000000000000000     
           2               (3.9999999999999618,0.0000000000000000)   1.0000000000000000     
           2               (3.9999999999999969,0.0000000000000000)   1.0000000000000000     
           2               (4.0000000000000133,0.0000000000000000)   1.0000000000000000     
           2               (4.0000000000000133,0.0000000000000000)   1.0000000000000000     
           2               (4.0000000000000107,0.0000000000000000)   1.0000000000000000     
           2               (3.9999999999999964,0.0000000000000000)   1.0000000000000000     
           2               (4.0000000000000169,0.0000000000000000)   1.0000000000000000     
           2               (4.0000000000000080,0.0000000000000000)   1.0000000000000000     
           2               (4.0000000000000151,0.0000000000000000)   1.0000000000000000     
           2               (3.9999999999999880,0.0000000000000000)   1.0000000000000000     
           2               (4.0000000000000577,0.0000000000000000)   1.0000000000000000     
           2               (4.0000000000000302,0.0000000000000000)   1.0000000000000000     
           2               (3.9999999999999964,0.0000000000000000)   1.0000000000000000     
           2               (3.9999999999999738,0.0000000000000000)   1.0000000000000000     
           2               (3.9999999999999911,0.0000000000000000)   1.0000000000000000     
           2               (4.0000000000000018,0.0000000000000000)   1.0000000000000000     
           2               (3.9999999999999889,0.0000000000000000)   1.0000000000000000     
           2               (4.0000000000000000,0.0000000000000000)   1.0000000000000000     
           2               (4.0000000000000142,0.0000000000000000)   1.0000000000000000     
           2               (4.0000000000000338,0.0000000000000000)   1.0000000000000000     
           2               (4.0000000000000151,0.0000000000000000)   1.0000000000000000     
           2               (4.0000000000000071,0.0000000000000000)   1.0000000000000000     
           2               (4.0000000000000044,0.0000000000000000)   1.0000000000000000     
           2               (4.0000000000000115,0.0000000000000000)   1.0000000000000000     
           2               (3.9999999999999893,0.0000000000000000)   1.0000000000000000     
           2               (4.0000000000000018,0.0000000000000000)   1.0000000000000000     
           2               (3.9999999999999889,0.0000000000000000)   1.0000000000000000     
           2               (3.9999999999999694,0.0000000000000000)   1.0000000000000000     
           2               (4.0000000000000142,0.0000000000000000)   1.0000000000000000     
           2               (4.0000000000000258,0.0000000000000000)   1.0000000000000000     
           2               (4.0000000000000391,0.0000000000000000)   1.0000000000000000     
           2               (3.9999999999999813,0.0000000000000000)   1.0000000000000000     
           2               (4.0000000000000417,0.0000000000000000)   1.0000000000000000     
           2               (4.0000000000000000,0.0000000000000000)   1.0000000000000000     
           2               (4.0000000000000062,0.0000000000000000)   1.0000000000000000     
           2               (4.0000000000000169,0.0000000000000000)   1.0000000000000000     
           2               (4.0000000000000089,0.0000000000000000)   1.0000000000000000     
           2               (3.9999999999999560,0.0000000000000000)   1.0000000000000000     
           2               (3.9999999999999987,0.0000000000000000)   1.0000000000000000     
           2               (4.0000000000000009,0.0000000000000000)   1.0000000000000000     
           2               (4.0000000000000178,0.0000000000000000)   1.0000000000000000     
           2               (4.0000000000000648,0.0000000000000000)   1.0000000000000000     
           2               (3.9999999999999010,0.0000000000000000)   1.0000000000000000     
           2               (4.0000000000000178,0.0000000000000000)   1.0000000000000000     
           2               (4.0000000000000160,0.0000000000000000)   1.0000000000000000     
           2               (3.9999999999999942,0.0000000000000000)   1.0000000000000000     
           2               (4.0000000000000036,0.0000000000000000)   1.0000000000000000     
           2               (3.9999999999999925,0.0000000000000000)   1.0000000000000000     
           2               (4.0000000000000275,0.0000000000000000)   1.0000000000000000     
           2               (4.0000000000000284,0.0000000000000000)   1.0000000000000000     
           2               (4.0000000000000178,0.0000000000000000)   1.0000000000000000     
           2               (4.0000000000000338,0.0000000000000000)   1.0000000000000000     
           2               (3.9999999999999987,0.0000000000000000)   1.0000000000000000     
           2               (4.0000000000000018,0.0000000000000000)   1.0000000000000000     
           2               (3.9999999999999947,0.0000000000000000)   1.0000000000000000     
           2               (4.0000000000000089,0.0000000000000000)   1.0000000000000000     
           2               (3.9999999999999760,0.0000000000000000)   1.0000000000000000     
           2               (3.9999999999999920,0.0000000000000000)   1.0000000000000000     
           2               (3.9999999999999156,0.0000000000000000)   1.0000000000000000     
           2               (4.0000000000000213,0.0000000000000000)   1.0000000000000000     
           2               (4.0000000000000151,0.0000000000000000)   1.0000000000000000     
           2               (3.9999999999999964,0.0000000000000000)   1.0000000000000000     
           2               (3.9999999999999956,0.0000000000000000)   1.0000000000000000     
           2               (4.0000000000000044,0.0000000000000000)   1.0000000000000000     
           2               (4.0000000000000275,0.0000000000000000)   1.0000000000000000     
           2               (3.9999999999999991,0.0000000000000000)   1.0000000000000000     
           2               (4.0000000000000115,0.0000000000000000)   1.0000000000000000     
           2               (3.9999999999999920,0.0000000000000000)   1.0000000000000000     
           2               (3.9999999999999574,0.0000000000000000)   1.0000000000000000     
           2               (4.0000000000000027,0.0000000000000000)   1.0000000000000000     
           2               (4.0000000000000151,0.0000000000000000)   1.0000000000000000     
           2               (3.9999999999999902,0.0000000000000000)   1.0000000000000000     
           2               (4.0000000000000098,0.0000000000000000)   1.0000000000000000     
           2               (3.9999999999999902,0.0000000000000000)   1.0000000000000000     
           2               (4.0000000000000107,0.0000000000000000)   1.0000000000000000     
           2               (4.0000000000000098,0.0000000000000000)   1.0000000000000000     
           2               (4.0000000000000142,0.0000000000000000)   1.0000000000000000     
           2               (4.0000000000000302,0.0000000000000000)   1.0000000000000000     
           2               (3.9999999999999760,0.0000000000000000)   1.0000000000000000     
           2               (4.0000000000000302,0.0000000000000000)   1.0000000000000000     
           2               (4.0000000000000027,0.0000000000000000)   1.0000000000000000     
           2               (4.0000000000000400,0.0000000000000000)   1.0000000000000000     
           2               (4.0000000000000036,0.0000000000000000)   1.0000000000000000     
           2               (3.9999999999999880,0.0000000000000000)   1.0000000000000000     
           2               (4.0000000000000231,0.0000000000000000)   1.0000000000000000     
           2               (4.0000000000000071,0.0000000000000000)   1.0000000000000000     
           2               (4.0000000000000204,0.0000000000000000)   1.0000000000000000     
           2               (3.9999999999999867,0.0000000000000000)   1.0000000000000000     
           2               (4.0000000000000000,0.0000000000000000)   1.0000000000000000     
           2               (4.0000000000000124,0.0000000000000000)   1.0000000000000000     
           2               (4.0000000000000338,0.0000000000000000)   1.0000000000000000     
           2               (4.0000000000000293,0.0000000000000000)   1.0000000000000000     
           2               (4.0000000000000018,0.0000000000000000)   1.0000000000000000     
           2               (4.0000000000000098,0.0000000000000000)   1.0000000000000000     
           2               (4.0000000000000071,0.0000000000000000)   1.0000000000000000     
           2               (4.0000000000000133,0.0000000000000000)   1.0000000000000000     
           2               (4.0000000000000160,0.0000000000000000)   1.0000000000000000     
           2               (3.9999999999999805,0.0000000000000000)   1.0000000000000000     
           2               (4.0000000000000142,0.0000000000000000)   1.0000000000000000     
           2               (4.0000000000000400,0.0000000000000000)   1.0000000000000000     
           2               (3.9999999999999969,0.0000000000000000)   1.0000000000000000     
           2               (4.0000000000000231,0.0000000000000000)   1.0000000000000000     
           2               (4.0000000000000577,0.0000000000000000)   1.0000000000000000     
           2               (4.0000000000000071,0.0000000000000000)   1.0000000000000000     
           2               (4.0000000000000115,0.0000000000000000)   1.0000000000000000     
           2               (4.0000000000000080,0.0000000000000000)   1.0000000000000000     
           2               (3.9999999999999734,0.0000000000000000)   1.0000000000000000     
           2               (3.9999999999999991,0.0000000000000000)   1.0000000000000000     
           2               (4.0000000000000044,0.0000000000000000)   1.0000000000000000     
           2               (4.0000000000000027,0.0000000000000000)   1.0000000000000000     
           2               (3.9999999999999978,0.0000000000000000)   1.0000000000000000     
           2               (4.0000000000001847,0.0000000000000000)   1.0000000000000000     
           2               (4.0000000000000036,0.0000000000000000)   1.0000000000000000     
           2               (4.0000000000000044,0.0000000000000000)   1.0000000000000000     
           2               (3.9999999999999858,0.0000000000000000)   1.0000000000000000     
           2               (3.9999999999999867,0.0000000000000000)   1.0000000000000000     
           2               (3.9999999999999942,0.0000000000000000)   1.0000000000000000     
           2               (4.0000000000000169,0.0000000000000000)   1.0000000000000000     
           2               (4.0000000000000009,0.0000000000000000)   1.0000000000000000     
           2               (4.0000000000000089,0.0000000000000000)   1.0000000000000000     
           2               (3.9999999999999747,0.0000000000000000)   1.0000000000000000     
           2               (4.0000000000000506,0.0000000000000000)   1.0000000000000000     
           2               (3.9999999999999987,0.0000000000000000)   1.0000000000000000     
           2               (3.9999999999999991,0.0000000000000000)   1.0000000000000000     
           2               (3.9999999999999782,0.0000000000000000)   1.0000000000000000     
           2               (4.0000000000000115,0.0000000000000000)   1.0000000000000000     
           2               (4.0000000000000053,0.0000000000000000)   1.0000000000000000     
           2               (3.9999999999999849,0.0000000000000000)   1.0000000000000000     
           2               (4.0000000000000053,0.0000000000000000)   1.0000000000000000     
           2               (3.9999999999999969,0.0000000000000000)   1.0000000000000000     
           2               (4.0000000000000107,0.0000000000000000)   1.0000000000000000     
           2               (4.0000000000000142,0.0000000000000000)   1.0000000000000000     
           2               (3.9999999999999956,0.0000000000000000)   1.0000000000000000     
           2               (4.0000000000000071,0.0000000000000000)   1.0000000000000000     
           2               (4.0000000000000080,0.0000000000000000)   1.0000000000000000     
           2               (4.0000000000000027,0.0000000000000000)   1.0000000000000000     
           2               (4.0000000000000506,0.0000000000000000)   1.0000000000000000     
           2               (4.0000000000000062,0.0000000000000000)   1.0000000000000000     
           2               (4.0000000000000862,0.0000000000000000)   1.0000000000000000     
           2               (3.9999999999999956,0.0000000000000000)   1.0000000000000000     
           2               (4.0000000000000515,0.0000000000000000)   1.0000000000000000     
           2               (3.9999999999999822,0.0000000000000000)   1.0000000000000000     
           2               (4.0000000000000560,0.0000000000000000)   1.0000000000000000     
           2               (4.0000000000000053,0.0000000000000000)   1.0000000000000000     
           2               (4.0000000000000151,0.0000000000000000)   1.0000000000000000     
           2               (4.0000000000000160,0.0000000000000000)   1.0000000000000000     
           2               (4.0000000000000195,0.0000000000000000)   1.0000000000000000     
           2               (4.0000000000000302,0.0000000000000000)   1.0000000000000000     
           2               (4.0000000000000089,0.0000000000000000)   1.0000000000000000     
           2               (3.9999999999999778,0.0000000000000000)   1.0000000000000000     
           2               (3.9999999999999933,0.0000000000000000)   1.0000000000000000     
           2               (4.0000000000000044,0.0000000000000000)   1.0000000000000000     
           2               (3.9999999999999867,0.0000000000000000)   1.0000000000000000     
           2               (4.0000000000000080,0.0000000000000000)   1.0000000000000000     
           2               (4.0000000000000275,0.0000000000000000)   1.0000000000000000     
           2               (4.0000000000000027,0.0000000000000000)   1.0000000000000000     
           2               (4.0000000000000222,0.0000000000000000)   1.0000000000000000     
           2               (4.0000000000000080,0.0000000000000000)   1.0000000000000000     
           2               (4.0000000000000364,0.0000000000000000)   1.0000000000000000     
           2               (3.9999999999999969,0.0000000000000000)   1.0000000000000000     
           2               (4.0000000000000089,0.0000000000000000)   1.0000000000000000     
           2               (4.0000000000000044,0.0000000000000000)   1.0000000000000000     
           2               (4.0000000000000080,0.0000000000000000)   1.0000000000000000     
           2               (3.9999999999999942,0.0000000000000000)   1.0000000000000000     
           2               (3.9999999999999947,0.0000000000000000)   1.0000000000000000     
           2               (3.9999999999999987,0.0000000000000000)   1.0000000000000000     
           2               (4.0000000000000107,0.0000000000000000)   1.0000000000000000     
           2               (3.9999999999999694,0.0000000000000000)   1.0000000000000000     
           2               (4.0000000000000062,0.0000000000000000)   1.0000000000000000     
           2               (3.9999999999999911,0.0000000000000000)   1.0000000000000000     
           2               (4.0000000000000195,0.0000000000000000)   1.0000000000000000     
           2               (3.9999999999999964,0.0000000000000000)   1.0000000000000000     
           2               (4.0000000000000151,0.0000000000000000)   1.0000000000000000     
           2               (4.0000000000000027,0.0000000000000000)   1.0000000000000000     
           2               (3.9999999999999947,0.0000000000000000)   1.0000000000000000     
           2               (4.0000000000000684,0.0000000000000000)   1.0000000000000000     
           2               (4.0000000000000169,0.0000000000000000)   1.0000000000000000     
           2               (3.9999999999999920,0.0000000000000000)   1.0000000000000000     
           2               (4.0000000000000071,0.0000000000000000)   1.0000000000000000     
           2               (4.0000000000000142,0.0000000000000000)   1.0000000000000000     
           2               (3.9999999999999507,0.0000000000000000)   1.0000000000000000     
           2               (4.0000000000000160,0.0000000000000000)   1.0000000000000000     
           2               (4.0000000000000160,0.0000000000000000)   1.0000000000000000     
           2               (3.9999999999999023,0.0000000000000000)   1.0000000000000000     
           2               (4.0000000000000151,0.0000000000000000)   1.0000000000000000     
           2               (3.9999999999999845,0.0000000000000000)   1.0000000000000000     
           2               (4.0000000000000249,0.0000000000000000)   1.0000000000000000     
           2               (3.9999999999999947,0.0000000000000000)   1.0000000000000000     
           2               (4.0000000000000302,0.0000000000000000)   1.0000000000000000     
           2               (4.0000000000000302,0.0000000000000000)   1.0000000000000000     
           2               (3.9999999999999978,0.0000000000000000)   1.0000000000000000     
           2               (3.9999999999999978,0.0000000000000000)   1.0000000000000000     
           2               (3.9999999999999991,0.0000000000000000)   1.0000000000000000     
           2               (4.0000000000000133,0.0000000000000000)   1.0000000000000000     
           2               (3.9999999999995044,0.0000000000000000)   1.0000000000000000     
           2               (3.9999999999999978,0.0000000000000000)   1.0000000000000000     
           2               (3.9999999999999942,0.0000000000000000)   1.0000000000000000     
           2               (4.0000000000000018,0.0000000000000000)   1.0000000000000000     
           2               (3.9999999999999902,0.0000000000000000)   1.0000000000000000     
           2               (3.9999999999999813,0.0000000000000000)   1.0000000000000000     
           2               (4.0000000000000115,0.0000000000000000)   1.0000000000000000     
           2               (4.0000000000000222,0.0000000000000000)   1.0000000000000000     
           2               (4.0000000000000018,0.0000000000000000)   1.0000000000000000     
           2               (4.0000000000000151,0.0000000000000000)   1.0000000000000000     
           2               (4.0000000000003348,0.0000000000000000)   1.0000000000000000     
           2               (4.0000000000000160,0.0000000000000000)   1.0000000000000000     
           2               (4.0000000000000000,0.0000000000000000)   1.0000000000000000     
           2               (3.9999999999999911,0.0000000000000000)   1.0000000000000000     
           2               (3.9999999999999969,0.0000000000000000)   1.0000000000000000     
           2               (3.9999999999999867,0.0000000000000000)   1.0000000000000000     
           2               (4.0000000000000195,0.0000000000000000)   1.0000000000000000     
           2               (4.0000000000000000,0.0000000000000000)   1.0000000000000000     
           2               (4.0000000000000497,0.0000000000000000)   1.0000000000000000     
           2               (4.0000000000000417,0.0000000000000000)   1.0000000000000000     
           2               (3.9999999999999671,0.0000000000000000)   1.0000000000000000     
           2               (4.0000000000000160,0.0000000000000000)   1.0000000000000000     
           2               (4.0000000000000080,0.0000000000000000)   1.0000000000000000     
           2               (4.0000000000000124,0.0000000000000000)   1.0000000000000000     
           2               (4.0000000000000107,0.0000000000000000)   1.0000000000000000     
           2               (3.9999999999999805,0.0000000000000000)   1.0000000000000000     
           2               (4.0000000000002913,0.0000000000000000)   1.0000000000000000     
           2               (3.9999999999999956,0.0000000000000000)   1.0000000000000000     
           2               (4.0000000000000213,0.0000000000000000)   1.0000000000000000     
           2               (4.0000000000000071,0.0000000000000000)   1.0000000000000000     
           2               (4.0000000000000142,0.0000000000000000)   1.0000000000000000     
           2               (4.0000000000000142,0.0000000000000000)   1.0000000000000000     
           2               (4.0000000000000311,0.0000000000000000)   1.0000000000000000     
           2               (4.0000000000000169,0.0000000000000000)   1.0000000000000000     
           2               (3.9999999999999964,0.0000000000000000)   1.0000000000000000     
           2               (4.0000000000000062,0.0000000000000000)   1.0000000000000000     
           2               (4.0000000000000808,0.0000000000000000)   1.0000000000000000     
           2               (4.0000000000000115,0.0000000000000000)   1.0000000000000000     
           2               (4.0000000000000071,0.0000000000000000)   1.0000000000000000     
           2               (3.9999999999999893,0.0000000000000000)   1.0000000000000000     
           2               (4.0000000000000062,0.0000000000000000)   1.0000000000000000     
           2               (4.0000000000000213,0.0000000000000000)   1.0000000000000000     
           2               (4.0000000000000080,0.0000000000000000)   1.0000000000000000     
           2               (4.0000000000000266,0.0000000000000000)   1.0000000000000000     
           2               (4.0000000000000213,0.0000000000000000)   1.0000000000000000     
           2               (3.9999999999999964,0.0000000000000000)   1.0000000000000000     
           2               (4.0000000000000169,0.0000000000000000)   1.0000000000000000     
           2               (4.0000000000000195,0.0000000000000000)   1.0000000000000000     
           2               (4.0000000000000044,0.0000000000000000)   1.0000000000000000     
           2               (4.0000000000000124,0.0000000000000000)   1.0000000000000000     
           2               (3.9999999999999871,0.0000000000000000)   1.0000000000000000     
           2               (4.0000000000000080,0.0000000000000000)   1.0000000000000000     
           2               (3.9999999999999312,0.0000000000000000)   1.0000000000000000     
           2               (3.9999999999999871,0.0000000000000000)   1.0000000000000000     
           2               (4.0000000000000124,0.0000000000000000)   1.0000000000000000     
           2               (3.9999999999999791,0.0000000000000000)   1.0000000000000000     
           2               (4.0000000000000071,0.0000000000000000)   1.0000000000000000     
           2               (3.9999999999999964,0.0000000000000000)   1.0000000000000000     
           2               (4.0000000000000053,0.0000000000000000)   1.0000000000000000     
           2               (4.0000000000000071,0.0000000000000000)   1.0000000000000000     
           2               (3.9999999999999920,0.0000000000000000)   1.0000000000000000     
           2               (4.0000000000000009,0.0000000000000000)   1.0000000000000000     
           2               (4.0000000000000266,0.0000000000000000)   1.0000000000000000     
           2               (4.0000000000000036,0.0000000000000000)   1.0000000000000000     
           2               (3.9999999999999614,0.0000000000000000)   1.0000000000000000     
           2               (3.9999999999999964,0.0000000000000000)   1.0000000000000000     
           2               (3.9999999999999920,0.0000000000000000)   1.0000000000000000     
           2               (3.9999999999999956,0.0000000000000000)   1.0000000000000000     
           2               (4.0000000000000089,0.0000000000000000)   1.0000000000000000     
           2               (4.0000000000000400,0.0000000000000000)   1.0000000000000000     
           2               (4.0000000000000426,0.0000000000000000)   1.0000000000000000     
           2               (4.0000000000000071,0.0000000000000000)   1.0000000000000000     
           2               (3.9999999999999991,0.0000000000000000)   1.0000000000000000     
           2               (4.0000000000000258,0.0000000000000000)   1.0000000000000000     
           2               (4.0000000000000098,0.0000000000000000)   1.0000000000000000     
           2               (4.0000000000000302,0.0000000000000000)   1.0000000000000000     
           2               (3.9999999999999494,0.0000000000000000)   1.0000000000000000     
           2               (4.0000000000000169,0.0000000000000000)   1.0000000000000000     
           2               (3.9999999999999956,0.0000000000000000)   1.0000000000000000     
           2               (3.9999999999999964,0.0000000000000000)   1.0000000000000000     
           2               (4.0000000000000160,0.0000000000000000)   1.0000000000000000     
           2               (3.9999999999999836,0.0000000000000000)   1.0000000000000000     
           2               (4.0000000000000115,0.0000000000000000)   1.0000000000000000     
           2               (3.9999999999999956,0.0000000000000000)   1.0000000000000000     
           2               (4.0000000000000187,0.0000000000000000)   1.0000000000000000     
           2               (4.0000000000000133,0.0000000000000000)   1.0000000000000000     
           2               (4.0000000000000080,0.0000000000000000)   1.0000000000000000     
           2               (4.0000000000000098,0.0000000000000000)   1.0000000000000000     
           2               (4.0000000000000444,0.0000000000000000)   1.0000000000000000     
           2               (3.9999999999998059,0.0000000000000000)   1.0000000000000000     
           2               (4.0000000000000222,0.0000000000000000)   1.0000000000000000     
