     0.0000000        0.22804372        0.00231840
     0.1000000        0.14674633        0.00144060
     0.2000000        0.09584265        0.00112131
     0.3000000        0.06289625        0.00093982
     0.4000000        0.04140181        0.00079333
     0.5000000        0.02752037        0.00073891
     0.6000000        0.01861751        0.00058180
     0.7000000        0.01274808        0.00043279
     0.8000000        0.00885905        0.00032436
     0.9000000        0.00622661        0.00030862
     1.0000000        0.00431011        0.00031896
     1.1000000        0.00304868        0.00029069
     1.2000000        0.00218339        0.00025711
     1.3000000        0.00141705        0.00020475
     1.4000000        0.00090882        0.00017526
     1.5000000        0.00065419        0.00012473
     1.6000000        0.00050964        0.00007611
     1.7000000        0.00041879        0.00004712
     1.8000000        0.00040161        0.00002930
     1.9000000        0.00031856        0.00004399
     2.0000000        0.00023847        0.00006089
     2.1000000        0.00020252        0.00005476
     2.2000000        0.00016337        0.00004489
     2.3000000        0.00011325        0.00003853
     2.4000000        0.00006718        0.00003691
     2.5000000        0.00002836        0.00003759
     2.6000000        0.00000342        0.00002939
     2.7000000        0.00000516        0.00002666
     2.8000000       -0.00000737        0.00003236
     2.9000000        0.00000300        0.00003745
     3.0000000        0.00000496        0.00004662
     3.1000000        0.00000012        0.00004484
     3.2000000       -0.00001369        0.00004320
     3.3000000        0.00000499        0.00004050
     3.4000000        0.00004182        0.00003029
     3.5000000        0.00005190        0.00002864
     3.6000000        0.00006146        0.00003642
     3.7000000        0.00006796        0.00004571
     3.8000000        0.00004593        0.00003664
     3.9000000       -0.00001930        0.00006093
     4.0000000       -0.00003283        0.00006905
     4.1000000       -0.00005126        0.00007704
     4.2000000       -0.00002867        0.00006128
     4.3000000       -0.00002806        0.00005415
     4.4000000       -0.00000979        0.00003054
     4.5000000       -0.00000295        0.00002478
     4.6000000        0.00002275        0.00001714
     4.7000000        0.00003129        0.00002905
     4.8000000        0.00004816        0.00004836
     4.9000000        0.00007810        0.00007263
     5.0000000        0.00006394        0.00007322
     5.1000000        0.00007027        0.00008765
     5.2000000        0.00007946        0.00008758
     5.3000000        0.00008505        0.00008644
     5.4000000        0.00010139        0.00009673
     5.5000000        0.00006966        0.00009133
     5.6000000        0.00004906        0.00008157
     5.7000000        0.00005091        0.00008533
     5.8000000        0.00004938        0.00007523
     5.9000000        0.00005991        0.00006179
     6.0000000        0.00005747        0.00005838
     6.1000000        0.00008135        0.00007060
     6.2000000        0.00008068        0.00007167
     6.3000000        0.00006525        0.00007854
     6.4000000        0.00004770        0.00007523
     6.5000000        0.00003841        0.00006948
     6.6000000        0.00003421        0.00005500
     6.7000000        0.00003937        0.00005013
     6.8000000        0.00003309        0.00005972
     6.9000000        0.00006301        0.00006452
     7.0000000        0.00007086        0.00007283
     7.1000000        0.00006388        0.00007454
     7.2000000        0.00006072        0.00006937
     7.3000000        0.00008319        0.00008216
     7.4000000        0.00009943        0.00007817
     7.5000000        0.00010011        0.00008320
     7.6000000        0.00010050        0.00007644
     7.7000000        0.00011468        0.00008229
     7.8000000        0.00012717        0.00008989
     7.9000000        0.00010609        0.00008530
     8.0000000        0.00014468        0.00007911
     8.1000000        0.00019545        0.00010326
     8.2000000        0.00031267        0.00012274
     8.3000000        0.00044695        0.00013487
     8.4000000        0.00059653        0.00014778
     8.5000000        0.00081244        0.00021161
     8.6000000        0.00114994        0.00033531
     8.7000000        0.00148577        0.00035216
     8.8000000        0.00194739        0.00034919
     8.9000000        0.00283006        0.00035277
     9.0000000        0.00404508        0.00036663
     9.1000000        0.00582422        0.00028483
     9.2000000        0.00846899        0.00028083
     9.3000000        0.01225928        0.00028254
     9.4000000        0.01792998        0.00031949
     9.5000000        0.02680646        0.00048740
     9.6000000        0.04050518        0.00059643
     9.7000000        0.06162191        0.00070105
     9.8000000        0.09453143        0.00097333
     9.9000000        0.14603318        0.00132392
    10.0000000        0.22804372        0.00231840
