     0.0000000        1.00000000        0.00000000
     0.1250000        0.77111005        0.00038137
     0.2500000        0.60406616        0.00054365
     0.3750000        0.48017256        0.00060159
     0.5000000        0.38733605        0.00060145
     0.6250000        0.31773705        0.00061651
     0.7500000        0.26336577        0.00059204
     0.8750000        0.22155846        0.00066113
     1.0000000        0.18837655        0.00064400
     1.1250000        0.16248673        0.00064419
     1.2500000        0.14201123        0.00063160
     1.3750000        0.12543897        0.00060287
     1.5000000        0.11290106        0.00052324
     1.6250000        0.10364548        0.00051200
     1.7500000        0.09778808        0.00054122
     1.8750000        0.09493039        0.00052715
     2.0000000        0.09290408        0.00058062
     2.1250000        0.09481585        0.00069381
     2.2500000        0.09923205        0.00066348
     2.3750000        0.10565868        0.00069891
     2.5000000        0.11470441        0.00068812
     2.6250000        0.12599193        0.00069134
     2.7500000        0.14080205        0.00064103
     2.8750000        0.16161313        0.00065164
     3.0000000        0.18652747        0.00064859
     3.1250000        0.22037631        0.00061304
     3.2500000        0.26389269        0.00062327
     3.3750000        0.31786308        0.00074135
     3.5000000        0.38947527        0.00073698
     3.6250000        0.48143041        0.00065029
     3.7500000        0.60377370        0.00055619
     3.8750000        0.77033798        0.00044380
     4.0000000        1.00000000        0.00000000
