         201           5   20.000000000000000                1
     0.0000000        0.50000000        0.00000000
     0.1000000        0.38086658        0.00359389
     0.2000000        0.30065606        0.00258558
     0.3000000        0.24066145        0.00430363
     0.4000000        0.19037229        0.00242499
     0.5000000        0.15147789        0.00358165
     0.6000000        0.12284774        0.00506070
     0.7000000        0.10292884        0.00474332
     0.8000000        0.08462972        0.00466696
     0.9000000        0.07638342        0.00299290
     1.0000000        0.06561514        0.00254699
     1.1000000        0.05893970        0.00130654
     1.2000000        0.05278894        0.00140096
     1.3000000        0.04455394        0.00255944
     1.4000000        0.04104199        0.00132475
     1.5000000        0.03732926        0.00132910
     1.6000000        0.03311311        0.00209217
     1.7000000        0.02943284        0.00156682
     1.8000000        0.02559358        0.00228074
     1.9000000        0.02411283        0.00306856
     2.0000000        0.02336562        0.00234987
     2.1000000        0.02194084        0.00089770
     2.2000000        0.02092197        0.00162564
     2.3000000        0.01928533        0.00206814
     2.4000000        0.01881688        0.00316792
     2.5000000        0.01729977        0.00138500
     2.6000000        0.01631898        0.00147770
     2.7000000        0.01364285        0.00205266
     2.8000000        0.01253147        0.00157749
     2.9000000        0.01238149        0.00161232
     3.0000000        0.01214532        0.00092387
     3.1000000        0.00978587        0.00180372
     3.2000000        0.01062626        0.00224425
     3.3000000        0.00810791        0.00227831
     3.4000000        0.00729518        0.00160131
     3.5000000        0.00546047        0.00206988
     3.6000000        0.00807595        0.00100292
     3.7000000        0.00668369        0.00127576
     3.8000000        0.00770620        0.00208851
     3.9000000        0.00779017        0.00158252
     4.0000000        0.00696540        0.00166465
     4.1000000        0.00736088        0.00246362
     4.2000000        0.00834147        0.00274920
     4.3000000        0.00671404        0.00206574
     4.4000000        0.00522947        0.00189095
     4.5000000        0.00450253        0.00246282
     4.6000000        0.00379143        0.00262209
     4.7000000        0.00437867        0.00157813
     4.8000000        0.00366997        0.00123443
     4.9000000        0.00422085        0.00125544
     5.0000000        0.00372102        0.00089463
     5.1000000        0.00384886        0.00068095
     5.2000000        0.00234062        0.00070040
     5.3000000        0.00214137        0.00093943
     5.4000000        0.00208856        0.00044713
     5.5000000        0.00185761        0.00123869
     5.6000000        0.00207363        0.00161957
     5.7000000        0.00386598        0.00343350
     5.8000000        0.00548275        0.00562450
     5.9000000        0.00524501        0.00513213
     6.0000000        0.00544117        0.00447160
     6.1000000        0.00371914        0.00329356
     6.2000000        0.00451104        0.00301625
     6.3000000        0.00513841        0.00236850
     6.4000000        0.00547704        0.00403631
     6.5000000        0.00525160        0.00340492
     6.6000000        0.00470951        0.00348027
     6.7000000        0.00428588        0.00338751
     6.8000000        0.00369524        0.00262380
     6.9000000        0.00276530        0.00202828
     7.0000000        0.00314203        0.00248226
     7.1000000        0.00395282        0.00280732
     7.2000000        0.00371911        0.00279210
     7.3000000        0.00391712        0.00301626
     7.4000000        0.00326799        0.00253484
     7.5000000        0.00265793        0.00182877
     7.6000000        0.00200305        0.00146470
     7.7000000        0.00179465        0.00081444
     7.8000000        0.00167870        0.00119577
     7.9000000        0.00273257        0.00116682
     8.0000000        0.00250913        0.00130024
     8.1000000        0.00134338        0.00108916
     8.2000000        0.00240883        0.00084711
     8.3000000        0.00111656        0.00159049
     8.4000000        0.00104225        0.00147564
     8.5000000        0.00063431        0.00055971
     8.6000000        0.00042062        0.00079087
     8.7000000        0.00017944        0.00041122
     8.8000000       -0.00004580        0.00065352
     8.9000000       -0.00063035        0.00104069
     9.0000000        0.00072127        0.00099445
     9.1000000        0.00124702        0.00092500
     9.2000000        0.00122013        0.00083384
     9.3000000        0.00169137        0.00127268
     9.4000000        0.00110189        0.00120415
     9.5000000        0.00051855        0.00092335
     9.6000000        0.00069776        0.00110440
     9.7000000        0.00135555        0.00071576
     9.8000000        0.00158155        0.00088892
     9.9000000        0.00175979        0.00082897
    10.0000000        0.00126735        0.00087649
    10.1000000        0.00099197        0.00107509
    10.2000000        0.00156067        0.00119008
    10.3000000        0.00177363        0.00145478
    10.4000000        0.00151209        0.00117392
    10.5000000        0.00180505        0.00180545
    10.6000000        0.00224258        0.00148004
    10.7000000        0.00157337        0.00160707
    10.8000000        0.00177467        0.00134958
    10.9000000        0.00166263        0.00117330
    11.0000000        0.00145452        0.00124638
    11.1000000        0.00116773        0.00143895
    11.2000000        0.00046930        0.00159568
    11.3000000        0.00064153        0.00105212
    11.4000000       -0.00031891        0.00069345
    11.5000000       -0.00014062        0.00103822
    11.6000000        0.00011467        0.00101876
    11.7000000        0.00103516        0.00082522
    11.8000000        0.00117561        0.00068372
    11.9000000        0.00100272        0.00096881
    12.0000000        0.00110006        0.00093631
    12.1000000        0.00042115        0.00054525
    12.2000000       -0.00005817        0.00074517
    12.3000000       -0.00003004        0.00126200
    12.4000000        0.00082251        0.00062376
    12.5000000        0.00145101        0.00139751
    12.6000000        0.00152472        0.00132150
    12.7000000        0.00135973        0.00091532
    12.8000000        0.00203673        0.00123382
    12.9000000        0.00220024        0.00121403
    13.0000000        0.00184235        0.00155376
    13.1000000        0.00198917        0.00146455
    13.2000000        0.00091927        0.00100004
    13.3000000        0.00181319        0.00103235
    13.4000000        0.00275935        0.00175668
    13.5000000        0.00234036        0.00132100
    13.6000000        0.00209983        0.00129353
    13.7000000        0.00131958        0.00083273
    13.8000000        0.00146051        0.00114023
    13.9000000        0.00141293        0.00102681
    14.0000000        0.00153475        0.00136154
    14.1000000        0.00187709        0.00105162
    14.2000000        0.00291946        0.00143802
    14.3000000        0.00320044        0.00114051
    14.4000000        0.00290719        0.00121399
    14.5000000        0.00291638        0.00079521
    14.6000000        0.00175403        0.00122459
    14.7000000        0.00210062        0.00114457
    14.8000000        0.00285389        0.00146164
    14.9000000        0.00305663        0.00126322
    15.0000000        0.00219500        0.00092404
    15.1000000        0.00247134        0.00088472
    15.2000000        0.00253073        0.00067266
    15.3000000        0.00294594        0.00083388
    15.4000000        0.00331262        0.00080327
    15.5000000        0.00404091        0.00095172
    15.6000000        0.00421472        0.00042527
    15.7000000        0.00397984        0.00096348
    15.8000000        0.00647248        0.00137934
    15.9000000        0.00481587        0.00095122
    16.0000000        0.00607673        0.00121336
    16.1000000        0.00612081        0.00075208
    16.2000000        0.00682551        0.00103312
    16.3000000        0.00866784        0.00148845
    16.4000000        0.00699689        0.00107704
    16.5000000        0.00674938        0.00099103
    16.6000000        0.00806489        0.00093164
    16.7000000        0.00886276        0.00139126
    16.8000000        0.00969344        0.00207837
    16.9000000        0.01011403        0.00234770
    17.0000000        0.01016350        0.00139053
    17.1000000        0.00961312        0.00150979
    17.2000000        0.00975003        0.00127250
    17.3000000        0.01059374        0.00194877
    17.4000000        0.01179297        0.00149845
    17.5000000        0.01256698        0.00149508
    17.6000000        0.01481340        0.00205390
    17.7000000        0.01488578        0.00172451
    17.8000000        0.01768212        0.00157201
    17.9000000        0.02014176        0.00167762
    18.0000000        0.02251729        0.00136840
    18.1000000        0.02638157        0.00197179
    18.2000000        0.02844017        0.00274180
    18.3000000        0.02926477        0.00130788
    18.4000000        0.03165363        0.00080324
    18.5000000        0.03326712        0.00146128
    18.6000000        0.03794797        0.00129986
    18.7000000        0.04288827        0.00234263
    18.8000000        0.04660450        0.00078186
    18.9000000        0.05483590        0.00145225
    19.0000000        0.06241434        0.00126314
    19.1000000        0.07284344        0.00091283
    19.2000000        0.08833571        0.00171293
    19.3000000        0.10694773        0.00361248
    19.4000000        0.12296965        0.00360282
    19.5000000        0.14519949        0.00424868
    19.6000000        0.17655419        0.00747739
    19.7000000        0.22611776        0.00445274
    19.8000000        0.29348460        0.00368336
    19.9000000        0.38171520        0.00546624
    20.0000000        0.50000000        0.00000000
