     0.0000000        0.08169707        0.00045176
     0.1000000        0.06940031        0.00054679
     0.2000000        0.05900405        0.00058024
     0.3000000        0.04978160        0.00049113
     0.4000000        0.04237750        0.00043541
     0.5000000        0.03600411        0.00047761
     0.6000000        0.03024576        0.00044935
     0.7000000        0.02586402        0.00036160
     0.8000000        0.02182048        0.00041944
     0.9000000        0.01852429        0.00036744
     1.0000000        0.01590544        0.00036394
     1.1000000        0.01365347        0.00031604
     1.2000000        0.01155067        0.00032517
     1.3000000        0.00982068        0.00027823
     1.4000000        0.00842636        0.00032375
     1.5000000        0.00711840        0.00027155
     1.6000000        0.00619957        0.00026043
     1.7000000        0.00523386        0.00028958
     1.8000000        0.00438167        0.00026301
     1.9000000        0.00357614        0.00022866
     2.0000000        0.00310051        0.00020117
     2.1000000        0.00277214        0.00023781
     2.2000000        0.00233093        0.00026453
     2.3000000        0.00177308        0.00034795
     2.4000000        0.00149712        0.00025281
     2.5000000        0.00097024        0.00024113
     2.6000000        0.00084071        0.00024149
     2.7000000        0.00052214        0.00022698
     2.8000000        0.00060439        0.00021112
     2.9000000        0.00068473        0.00018304
     3.0000000        0.00058189        0.00013667
     3.1000000        0.00032331        0.00015018
     3.2000000        0.00029997        0.00016552
     3.3000000        0.00030143        0.00017774
     3.4000000        0.00020893        0.00018652
     3.5000000        0.00006515        0.00019510
     3.6000000        0.00000162        0.00019221
     3.7000000        0.00005147        0.00021664
     3.8000000       -0.00012643        0.00027680
     3.9000000       -0.00020458        0.00025857
     4.0000000       -0.00005882        0.00032033
     4.1000000       -0.00016063        0.00031221
     4.2000000       -0.00042470        0.00039480
     4.3000000       -0.00005974        0.00033464
     4.4000000        0.00012553        0.00027981
     4.5000000       -0.00034375        0.00031859
     4.6000000       -0.00024734        0.00028371
     4.7000000       -0.00031343        0.00024628
     4.8000000       -0.00017109        0.00018490
     4.9000000       -0.00009677        0.00017958
     5.0000000       -0.00007541        0.00021133
     5.1000000       -0.00020380        0.00017757
     5.2000000       -0.00020093        0.00024755
     5.3000000       -0.00010036        0.00029363
     5.4000000       -0.00013470        0.00025542
     5.5000000       -0.00012094        0.00018324
     5.6000000       -0.00018966        0.00019408
     5.7000000       -0.00027169        0.00019108
     5.8000000       -0.00005317        0.00018325
     5.9000000       -0.00026869        0.00023959
     6.0000000       -0.00003074        0.00025631
     6.1000000        0.00005062        0.00022779
     6.2000000        0.00011180        0.00026785
     6.3000000        0.00001726        0.00023199
     6.4000000        0.00006717        0.00017905
     6.5000000       -0.00016648        0.00019552
     6.6000000       -0.00003372        0.00017155
     6.7000000        0.00014625        0.00020912
     6.8000000        0.00010420        0.00023631
     6.9000000       -0.00002066        0.00021341
     7.0000000       -0.00014401        0.00019541
     7.1000000       -0.00008309        0.00020231
     7.2000000        0.00001162        0.00017791
     7.3000000        0.00000177        0.00019653
     7.4000000       -0.00005954        0.00012193
     7.5000000       -0.00011879        0.00014339
     7.6000000       -0.00026722        0.00016855
     7.7000000       -0.00006663        0.00023331
     7.8000000        0.00007795        0.00019071
     7.9000000        0.00012262        0.00023586
     8.0000000        0.00014871        0.00036106
     8.1000000        0.00019875        0.00035010
     8.2000000        0.00007402        0.00023670
     8.3000000       -0.00001098        0.00034430
     8.4000000       -0.00012022        0.00029273
     8.5000000       -0.00020712        0.00025676
     8.6000000       -0.00025927        0.00025845
     8.7000000       -0.00031514        0.00023136
     8.8000000       -0.00043789        0.00020720
     8.9000000       -0.00039587        0.00017228
     9.0000000       -0.00040422        0.00015601
     9.1000000       -0.00047638        0.00017870
     9.2000000       -0.00047926        0.00022735
     9.3000000       -0.00049097        0.00021202
     9.4000000       -0.00056296        0.00018972
     9.5000000       -0.00052667        0.00018119
     9.6000000       -0.00054162        0.00022257
     9.7000000       -0.00031130        0.00019373
     9.8000000       -0.00031673        0.00018392
     9.9000000       -0.00040085        0.00024688
    10.0000000       -0.00024735        0.00024106
    10.1000000       -0.00047274        0.00022272
    10.2000000       -0.00017676        0.00029881
    10.3000000       -0.00014870        0.00035626
    10.4000000       -0.00011534        0.00024086
    10.5000000        0.00031706        0.00037687
    10.6000000        0.00007593        0.00014684
    10.7000000        0.00003783        0.00020155
    10.8000000       -0.00003354        0.00019892
    10.9000000       -0.00012246        0.00026835
    11.0000000       -0.00013427        0.00024693
    11.1000000        0.00007484        0.00022414
    11.2000000       -0.00013456        0.00032248
    11.3000000        0.00001236        0.00028047
    11.4000000        0.00007385        0.00026104
    11.5000000       -0.00012788        0.00025103
    11.6000000       -0.00009763        0.00027638
    11.7000000       -0.00016567        0.00029144
    11.8000000       -0.00004784        0.00031300
    11.9000000       -0.00004355        0.00026615
    12.0000000        0.00004486        0.00019081
    12.1000000       -0.00001522        0.00023301
    12.2000000       -0.00009381        0.00025499
    12.3000000       -0.00030561        0.00034318
    12.4000000       -0.00013897        0.00031526
    12.5000000        0.00002297        0.00021544
    12.6000000       -0.00000361        0.00025989
    12.7000000        0.00012560        0.00028428
    12.8000000       -0.00017502        0.00032179
    12.9000000       -0.00015410        0.00024927
    13.0000000       -0.00010692        0.00028575
    13.1000000       -0.00007097        0.00027678
    13.2000000        0.00006613        0.00028347
    13.3000000        0.00022107        0.00027130
    13.4000000        0.00004713        0.00022920
    13.5000000       -0.00000776        0.00023712
    13.6000000        0.00005661        0.00021756
    13.7000000       -0.00014020        0.00025495
    13.8000000       -0.00004738        0.00021321
    13.9000000       -0.00004140        0.00021543
    14.0000000       -0.00021690        0.00021145
    14.1000000       -0.00036421        0.00020566
    14.2000000       -0.00031527        0.00019184
    14.3000000       -0.00033053        0.00018951
    14.4000000       -0.00033027        0.00020061
    14.5000000       -0.00027193        0.00022829
    14.6000000       -0.00013387        0.00022482
    14.7000000        0.00006160        0.00022515
    14.8000000       -0.00004806        0.00022797
    14.9000000        0.00000363        0.00023651
    15.0000000       -0.00006682        0.00018158
    15.1000000        0.00000028        0.00016941
    15.2000000       -0.00009046        0.00018256
    15.3000000       -0.00019453        0.00018869
    15.4000000        0.00005235        0.00016875
    15.5000000        0.00010743        0.00022094
    15.6000000        0.00013676        0.00025008
    15.7000000        0.00013970        0.00027520
    15.8000000        0.00004409        0.00019532
    15.9000000       -0.00005682        0.00022953
    16.0000000        0.00009066        0.00021841
    16.1000000        0.00003184        0.00019429
    16.2000000        0.00019523        0.00022972
    16.3000000        0.00016976        0.00019538
    16.4000000        0.00006271        0.00019196
    16.5000000        0.00029143        0.00016911
    16.6000000        0.00007662        0.00025141
    16.7000000        0.00022828        0.00032917
    16.8000000        0.00048377        0.00028854
    16.9000000        0.00074543        0.00042261
    17.0000000        0.00102922        0.00044950
    17.1000000        0.00118363        0.00035694
    17.2000000        0.00104229        0.00024305
    17.3000000        0.00114320        0.00030352
    17.4000000        0.00138893        0.00028328
    17.5000000        0.00179189        0.00028950
    17.6000000        0.00171011        0.00024358
    17.7000000        0.00204740        0.00024828
    17.8000000        0.00234336        0.00018678
    17.9000000        0.00267590        0.00020342
    18.0000000        0.00319220        0.00019222
    18.1000000        0.00367202        0.00014375
    18.2000000        0.00443164        0.00020147
    18.3000000        0.00505416        0.00030569
    18.4000000        0.00593416        0.00043595
    18.5000000        0.00689429        0.00034769
    18.6000000        0.00780312        0.00024511
    18.7000000        0.00920551        0.00023246
    18.8000000        0.01095648        0.00023939
    18.9000000        0.01264178        0.00020323
    19.0000000        0.01486389        0.00025899
    19.1000000        0.01800643        0.00029431
    19.2000000        0.02130388        0.00021893
    19.3000000        0.02513924        0.00030940
    19.4000000        0.02998054        0.00036700
    19.5000000        0.03529550        0.00035245
    19.6000000        0.04151743        0.00032996
    19.7000000        0.04910580        0.00038262
    19.8000000        0.05800952        0.00033804
    19.9000000        0.06882728        0.00041098
    20.0000000        0.08169707        0.00045176
