     0.0000000        0.31162457        0.00276813
     0.1000000        0.18357193        0.00125625
     0.2000000        0.10929650        0.00056328
     0.3000000        0.06531701        0.00050211
     0.4000000        0.03943156        0.00040684
     0.5000000        0.02400692        0.00051620
     0.6000000        0.01488221        0.00052785
     0.7000000        0.00930772        0.00056957
     0.8000000        0.00598731        0.00053164
     0.9000000        0.00418644        0.00061958
     1.0000000        0.00276456        0.00051188
     1.1000000        0.00188190        0.00041877
     1.2000000        0.00124207        0.00037062
     1.3000000        0.00069124        0.00030731
     1.4000000        0.00034972        0.00026502
     1.5000000        0.00008849        0.00026445
     1.6000000        0.00008381        0.00017807
     1.7000000        0.00011070        0.00013773
     1.8000000        0.00010700        0.00013163
     1.9000000        0.00001466        0.00017233
     2.0000000       -0.00007531        0.00024446
     2.1000000       -0.00000171        0.00031432
     2.2000000        0.00009001        0.00030354
     2.3000000       -0.00001835        0.00029336
     2.4000000       -0.00006108        0.00027317
     2.5000000       -0.00006553        0.00021573
     2.6000000       -0.00008955        0.00017301
     2.7000000       -0.00003020        0.00009609
     2.8000000       -0.00000874        0.00007659
     2.9000000        0.00000450        0.00006843
     3.0000000        0.00000348        0.00006064
     3.1000000        0.00000458        0.00004477
     3.2000000        0.00001204        0.00003262
     3.3000000        0.00000015        0.00003534
     3.4000000       -0.00002592        0.00003530
     3.5000000       -0.00002260        0.00003624
     3.6000000       -0.00002372        0.00002765
     3.7000000       -0.00002399        0.00003113
     3.8000000       -0.00004100        0.00003571
     3.9000000       -0.00006406        0.00006379
     4.0000000       -0.00005387        0.00005890
     4.1000000       -0.00006845        0.00006389
     4.2000000       -0.00005730        0.00005170
     4.3000000       -0.00003990        0.00003372
     4.4000000       -0.00000511        0.00001509
     4.5000000       -0.00001350        0.00001889
     4.6000000       -0.00001824        0.00001574
     4.7000000       -0.00002292        0.00002395
     4.8000000       -0.00005088        0.00003566
     4.9000000       -0.00004148        0.00003140
     5.0000000       -0.00003221        0.00003209
     5.1000000       -0.00001746        0.00003331
     5.2000000        0.00000208        0.00003350
     5.3000000        0.00000725        0.00003590
     5.4000000        0.00004538        0.00005031
     5.5000000        0.00005190        0.00006421
     5.6000000        0.00004910        0.00006143
     5.7000000        0.00002527        0.00005145
     5.8000000        0.00001054        0.00003922
     5.9000000       -0.00000046        0.00003401
     6.0000000        0.00000437        0.00002711
     6.1000000        0.00001742        0.00002546
     6.2000000        0.00000342        0.00002657
     6.3000000        0.00001211        0.00003046
     6.4000000       -0.00001254        0.00004505
     6.5000000       -0.00001038        0.00004432
     6.6000000       -0.00000674        0.00003704
     6.7000000        0.00000953        0.00002779
     6.8000000        0.00002269        0.00002763
     6.9000000        0.00005563        0.00003233
     7.0000000        0.00011565        0.00006413
     7.1000000        0.00013909        0.00008039
     7.2000000        0.00019660        0.00010139
     7.3000000        0.00020536        0.00011178
     7.4000000        0.00018576        0.00012746
     7.5000000        0.00009827        0.00011999
     7.6000000        0.00004008        0.00011346
     7.7000000       -0.00000163        0.00011025
     7.8000000       -0.00016107        0.00013754
     7.9000000       -0.00021158        0.00013578
     8.0000000       -0.00030867        0.00019501
     8.1000000       -0.00029190        0.00021312
     8.2000000       -0.00024253        0.00018890
     8.3000000       -0.00011408        0.00016848
     8.4000000       -0.00002969        0.00020545
     8.5000000        0.00024563        0.00016586
     8.6000000        0.00038536        0.00019232
     8.7000000        0.00064037        0.00023918
     8.8000000        0.00097154        0.00025653
     8.9000000        0.00141574        0.00030475
     9.0000000        0.00215727        0.00029964
     9.1000000        0.00339967        0.00032483
     9.2000000        0.00547787        0.00046127
     9.3000000        0.00856007        0.00038853
     9.4000000        0.01374744        0.00051111
     9.5000000        0.02307117        0.00056400
     9.6000000        0.03810053        0.00056251
     9.7000000        0.06383486        0.00053089
     9.8000000        0.10783506        0.00069604
     9.9000000        0.18255455        0.00105181
    10.0000000        0.31162457        0.00276813
