     0.0000000        1.37681272        0.05687307
     0.1000000        1.05222738        0.09153955
     0.2000000        0.95157735        0.04522783
     0.3000000        0.77569118        0.04130907
     0.4000000        0.65397118        0.03092240
     0.5000000        0.55053903        0.04158400
     0.6000000        0.53850888        0.06367953
     0.7000000        0.50201527        0.08960040
     0.8000000        0.56659061        0.18849312
     0.9000000        0.40887239        0.09422946
     1.0000000        0.33345676        0.07031284
     1.1000000        0.32466080        0.08915046
     1.2000000        0.18764037        0.04430841
     1.3000000        0.27895367        0.15160686
     1.4000000        0.23964332        0.13249614
     1.5000000        0.08642491        0.02009587
     1.6000000        0.05641899        0.04311522
     1.7000000        0.04106369        0.14454652
     1.8000000        0.02955070        0.05400521
     1.9000000        0.08307063        0.03970709
     2.0000000        0.10506773        0.09498480
     2.1000000        0.06340492        0.05006759
     2.2000000        0.01009483        0.06432663
     2.3000000        0.03371306        0.04319043
     2.4000000        0.03338645        0.02833175
     2.5000000        0.03267369        0.02851939
     2.6000000        0.02169435        0.03387564
     2.7000000        0.05107482        0.04684996
     2.8000000        0.09214333        0.06328288
     2.9000000        0.05042009        0.03744597
     3.0000000        0.05353568        0.05641118
     3.1000000        0.02545002        0.03148260
     3.2000000        0.00919154        0.01779065
     3.3000000        0.00113914        0.00808383
     3.4000000       -0.00314470        0.00687247
     3.5000000       -0.00650304        0.01129302
     3.6000000        0.00645896        0.00621161
     3.7000000       -0.00946173        0.01944503
     3.8000000        0.01252456        0.01962312
     3.9000000        0.03812503        0.04425139
     4.0000000        0.00336739        0.00533693
     4.1000000        0.00016995        0.00285009
     4.2000000       -0.00050975        0.00350375
     4.3000000        0.00085992        0.00209708
     4.4000000       -0.00111785        0.00363251
     4.5000000        0.00208980        0.00492668
     4.6000000       -0.00165579        0.00388807
     4.7000000        0.00170666        0.00415164
     4.8000000       -0.00120733        0.00113738
     4.9000000       -0.00081865        0.00109445
     5.0000000        0.00080465        0.00155632
     5.1000000        0.00189332        0.00224787
     5.2000000       -0.00627604        0.00692147
     5.3000000       -0.00048053        0.00234728
     5.4000000        0.00571736        0.00548687
     5.5000000        0.00280148        0.00528514
     5.6000000        0.00951078        0.01050525
     5.7000000        0.01427203        0.01189975
     5.8000000        0.00417301        0.00504918
     5.9000000       -0.00249622        0.00276182
     6.0000000       -0.00246245        0.00678707
     6.1000000        0.00340628        0.00621001
     6.2000000        0.00351128        0.00351939
     6.3000000        0.00318851        0.00466187
     6.4000000       -0.00320100        0.01091614
     6.5000000       -0.00444051        0.01700057
     6.6000000        0.02618436        0.02302286
     6.7000000        0.00606059        0.00360744
     6.8000000       -0.00755991        0.01432607
     6.9000000        0.01326934        0.00474430
     7.0000000        0.00069075        0.00632298
     7.1000000        0.04255464        0.02738573
     7.2000000        0.02283640        0.01301175
     7.3000000        0.02737162        0.01963760
     7.4000000        0.02688150        0.01340992
     7.5000000        0.03001884        0.01479573
     7.6000000        0.03511633        0.01167651
     7.7000000        0.03412691        0.00596599
     7.8000000        0.07331411        0.02027617
     7.9000000        0.06106080        0.01946704
     8.0000000        0.08259555        0.02467332
     8.1000000        0.09970083        0.04351163
     8.2000000        0.09393387        0.01841629
     8.3000000        0.11485234        0.01963978
     8.4000000        0.08513354        0.02245164
     8.5000000        0.07569005        0.02004634
     8.6000000        0.09833959        0.01447720
     8.7000000        0.11026292        0.01562525
     8.8000000        0.15898518        0.01768913
     8.9000000        0.21528666        0.04135719
     9.0000000        0.28763358        0.11141378
     9.1000000        0.27643574        0.03242044
     9.2000000        0.31344747        0.02838682
     9.3000000        0.43457660        0.02985281
     9.4000000        0.46130411        0.02022381
     9.5000000        0.59406892        0.02803057
     9.6000000        0.63037794        0.05200993
     9.7000000        0.75681468        0.02535086
     9.8000000        0.90449258        0.05119877
     9.9000000        1.05456398        0.10531794
    10.0000000        1.37681272        0.05687307
