     0.0000000        0.80371136        0.00278225
     0.1000000        0.71300841        0.00366334
     0.2000000        0.63703762        0.00437517
     0.3000000        0.57421989        0.00595671
     0.4000000        0.51949466        0.00821070
     0.5000000        0.47235278        0.00933670
     0.6000000        0.42891533        0.00835660
     0.7000000        0.38972148        0.00693071
     0.8000000        0.35532342        0.00734701
     0.9000000        0.32658316        0.00770199
     1.0000000        0.29880141        0.00805553
     1.1000000        0.27231909        0.00857325
     1.2000000        0.25067456        0.00868218
     1.3000000        0.23189350        0.00872096
     1.4000000        0.21573017        0.00877309
     1.5000000        0.20169989        0.00980318
     1.6000000        0.18977789        0.01122154
     1.7000000        0.18057547        0.01215681
     1.8000000        0.17266185        0.01273923
     1.9000000        0.16245151        0.01313847
     2.0000000        0.15485796        0.01400646
     2.1000000        0.14810159        0.01589611
     2.2000000        0.14088856        0.01818343
     2.3000000        0.13334323        0.02026573
     2.4000000        0.12605465        0.02066584
     2.5000000        0.11962160        0.02112597
     2.6000000        0.11433501        0.02202990
     2.7000000        0.11024147        0.02270002
     2.8000000        0.10342491        0.02331065
     2.9000000        0.09752742        0.02440792
     3.0000000        0.09552278        0.02357351
     3.1000000        0.09633846        0.02221493
     3.2000000        0.09533715        0.02157387
     3.3000000        0.09476441        0.02111937
     3.4000000        0.09607131        0.02178054
     3.5000000        0.09395214        0.02279802
     3.6000000        0.09102107        0.02228616
     3.7000000        0.08553208        0.02172012
     3.8000000        0.08092130        0.02130361
     3.9000000        0.07626228        0.02120327
     4.0000000        0.07494296        0.02145070
     4.1000000        0.07227383        0.02221526
     4.2000000        0.06852290        0.02236704
     4.3000000        0.06305416        0.02197104
     4.4000000        0.06211443        0.02140330
     4.5000000        0.06098301        0.02054010
     4.6000000        0.06072145        0.01997548
     4.7000000        0.06070300        0.01948666
     4.8000000        0.05986088        0.01872577
     4.9000000        0.05835033        0.01801327
     5.0000000        0.05927970        0.01836480
     5.1000000        0.06079857        0.01933321
     5.2000000        0.06235603        0.01847036
     5.3000000        0.06522234        0.01728250
     5.4000000        0.06570173        0.01680234
     5.5000000        0.06815932        0.01703415
     5.6000000        0.06921436        0.01741724
     5.7000000        0.07235362        0.01756908
     5.8000000        0.07577123        0.01731828
     5.9000000        0.07778991        0.01772090
     6.0000000        0.08275328        0.01777260
     6.1000000        0.08758708        0.01728421
     6.2000000        0.08962769        0.01645983
     6.3000000        0.09245512        0.01520771
     6.4000000        0.09826732        0.01410905
     6.5000000        0.10392199        0.01313653
     6.6000000        0.10693252        0.01266064
     6.7000000        0.11002233        0.01221798
     6.8000000        0.11270737        0.01224226
     6.9000000        0.11619662        0.01166323
     7.0000000        0.11781418        0.01067127
     7.1000000        0.11934047        0.00984479
     7.2000000        0.12772804        0.00915645
     7.3000000        0.13225115        0.00983552
     7.4000000        0.13694973        0.01027948
     7.5000000        0.14137962        0.01193652
     7.6000000        0.14565501        0.01304371
     7.7000000        0.15108066        0.01414810
     7.8000000        0.15540829        0.01441381
     7.9000000        0.16489343        0.01491120
     8.0000000        0.17666808        0.01486026
     8.1000000        0.18491861        0.01519497
     8.2000000        0.19590501        0.01522196
     8.3000000        0.20744728        0.01501647
     8.4000000        0.21897132        0.01502466
     8.5000000        0.23406834        0.01609148
     8.6000000        0.25120211        0.01610290
     8.7000000        0.26782384        0.01598898
     8.8000000        0.28500681        0.01613441
     8.9000000        0.30308946        0.01625703
     9.0000000        0.32465249        0.01514748
     9.1000000        0.34934506        0.01283405
     9.2000000        0.38013360        0.01100502
     9.3000000        0.41133055        0.01000947
     9.4000000        0.44594499        0.00934307
     9.5000000        0.48462649        0.00787578
     9.6000000        0.52890649        0.00765303
     9.7000000        0.58167914        0.00679459
     9.8000000        0.64218251        0.00487521
     9.9000000        0.71611404        0.00381525
    10.0000000        0.80371136        0.00278225
