     0.0000000        1.79427517        0.00139852
     0.0500000        1.57452005        0.00146189
     0.1000000        1.38430118        0.00158576
     0.1500000        1.21642957        0.00154195
     0.2000000        1.07061747        0.00148189
     0.2500000        0.94394478        0.00151687
     0.3000000        0.83285351        0.00153532
     0.3500000        0.73465749        0.00143713
     0.4000000        0.65076485        0.00147211
     0.4500000        0.57666080        0.00145336
     0.5000000        0.51065933        0.00150599
     0.5500000        0.45345957        0.00146845
     0.6000000        0.40176416        0.00138979
     0.6500000        0.35877530        0.00134824
     0.7000000        0.31937126        0.00134449
     0.7500000        0.28600394        0.00141095
     0.8000000        0.25607297        0.00149411
     0.8500000        0.22845201        0.00138681
     0.9000000        0.20377120        0.00130687
     0.9500000        0.18213555        0.00126068
     1.0000000        0.16388845        0.00127675
     1.0500000        0.14677251        0.00124550
     1.1000000        0.13252376        0.00124666
     1.1500000        0.11901786        0.00122379
     1.2000000        0.10762635        0.00124835
     1.2500000        0.09790806        0.00128807
     1.3000000        0.08827659        0.00131523
     1.3500000        0.08015215        0.00119822
     1.4000000        0.07284533        0.00117984
     1.4500000        0.06607913        0.00115069
     1.5000000        0.06052615        0.00113485
     1.5500000        0.05547841        0.00116259
     1.6000000        0.05057967        0.00119147
     1.6500000        0.04673484        0.00112350
     1.7000000        0.04306577        0.00110334
     1.7500000        0.03919273        0.00110734
     1.8000000        0.03695010        0.00109389
     1.8500000        0.03426209        0.00109740
     1.9000000        0.03218214        0.00098338
     1.9500000        0.02991955        0.00098705
     2.0000000        0.02762223        0.00094066
     2.0500000        0.02621984        0.00090874
     2.1000000        0.02482250        0.00094013
     2.1500000        0.02360789        0.00081752
     2.2000000        0.02162247        0.00077422
     2.2500000        0.02104862        0.00078008
     2.3000000        0.02055744        0.00078091
     2.3500000        0.01976502        0.00070685
     2.4000000        0.01967956        0.00079842
     2.4500000        0.01941288        0.00085185
     2.5000000        0.01967701        0.00087620
     2.5500000        0.01899159        0.00076905
     2.6000000        0.01864180        0.00078542
     2.6500000        0.01878950        0.00074817
     2.7000000        0.01832200        0.00109119
     2.7500000        0.01836740        0.00136778
     2.8000000        0.01912927        0.00119892
     2.8500000        0.01918708        0.00106563
     2.9000000        0.01997009        0.00094661
     2.9500000        0.02074812        0.00093558
     3.0000000        0.02221861        0.00093596
     3.0500000        0.02345311        0.00093721
     3.1000000        0.02515121        0.00100337
     3.1500000        0.02647035        0.00096828
     3.2000000        0.02894123        0.00099452
     3.2500000        0.03094334        0.00095264
     3.3000000        0.03355329        0.00094090
     3.3500000        0.03708505        0.00087668
     3.4000000        0.04039608        0.00089536
     3.4500000        0.04492743        0.00102769
     3.5000000        0.04984427        0.00100802
     3.5500000        0.05752670        0.00105399
     3.6000000        0.06513940        0.00109633
     3.6500000        0.07320771        0.00118027
     3.7000000        0.08344485        0.00126364
     3.7500000        0.09552830        0.00122778
     3.8000000        0.10996616        0.00124232
     3.8500000        0.12838770        0.00120882
     3.9000000        0.14965273        0.00122775
     3.9500000        0.17478932        0.00126013
     4.0000000        0.20572483        0.00139852
