     0.0000000        0.97427786        0.00208492
     0.1000000        0.72317326        0.00384945
     0.2000000        0.53538776        0.00416167
     0.3000000        0.39595116        0.00366643
     0.4000000        0.29494016        0.00352681
     0.5000000        0.22083547        0.00340373
     0.6000000        0.16509337        0.00329533
     0.7000000        0.12215420        0.00254230
     0.8000000        0.09047659        0.00218011
     0.9000000        0.06782271        0.00188688
     1.0000000        0.05143514        0.00192068
     1.1000000        0.03990278        0.00206726
     1.2000000        0.03305879        0.00285368
     1.3000000        0.02373368        0.00204724
     1.4000000        0.01734156        0.00220632
     1.5000000        0.01084060        0.00177332
     1.6000000        0.00837826        0.00213906
     1.7000000        0.00603873        0.00172478
     1.8000000        0.00417495        0.00192055
     1.9000000        0.00202078        0.00158700
     2.0000000        0.00097955        0.00193121
     2.1000000        0.00316032        0.00164587
     2.2000000        0.00320067        0.00139726
     2.3000000        0.00207540        0.00166160
     2.4000000       -0.00044020        0.00134585
     2.5000000       -0.00240417        0.00150178
     2.6000000       -0.00299585        0.00135663
     2.7000000       -0.00039299        0.00114983
     2.8000000        0.00110732        0.00171147
     2.9000000        0.00114027        0.00162998
     3.0000000       -0.00128080        0.00146588
     3.1000000       -0.00278122        0.00137167
     3.2000000        0.00029820        0.00121523
     3.3000000       -0.00039515        0.00140409
     3.4000000        0.00000271        0.00154052
     3.5000000        0.00034606        0.00160065
     3.6000000        0.00080069        0.00182987
     3.7000000        0.00019336        0.00151321
     3.8000000        0.00129800        0.00119303
     3.9000000        0.00090408        0.00145191
     4.0000000        0.00015351        0.00156854
     4.1000000        0.00006881        0.00169548
     4.2000000        0.00051372        0.00144357
     4.3000000        0.00017139        0.00101422
     4.4000000       -0.00019747        0.00130655
     4.5000000       -0.00071035        0.00155326
     4.6000000        0.00154330        0.00133767
     4.7000000        0.00061368        0.00128234
     4.8000000        0.00121860        0.00146649
     4.9000000       -0.00034773        0.00108683
     5.0000000       -0.00020341        0.00134663
     5.1000000       -0.00168591        0.00143390
     5.2000000        0.00110496        0.00155667
     5.3000000        0.00117314        0.00161585
     5.4000000        0.00102370        0.00144871
     5.5000000        0.00106866        0.00134819
     5.6000000        0.00210921        0.00125031
     5.7000000        0.00190345        0.00118605
     5.8000000        0.00085133        0.00107931
     5.9000000        0.00095724        0.00124805
     6.0000000        0.00024888        0.00146751
     6.1000000       -0.00019330        0.00130362
     6.2000000        0.00086126        0.00113612
     6.3000000        0.00132800        0.00170001
     6.4000000       -0.00070881        0.00175121
     6.5000000       -0.00158433        0.00139180
     6.6000000       -0.00088054        0.00119018
     6.7000000       -0.00012554        0.00113296
     6.8000000        0.00073564        0.00114707
     6.9000000        0.00092433        0.00137467
     7.0000000        0.00075081        0.00110086
     7.1000000       -0.00047140        0.00094954
     7.2000000       -0.00088540        0.00139141
     7.3000000       -0.00064970        0.00087636
     7.4000000        0.00088493        0.00111442
     7.5000000        0.00083067        0.00126786
     7.6000000        0.00131269        0.00206059
     7.7000000        0.00084365        0.00158686
     7.8000000        0.00011141        0.00206820
     7.9000000       -0.00084259        0.00140731
     8.0000000       -0.00071322        0.00157662
     8.1000000       -0.00054890        0.00132623
     8.2000000       -0.00041888        0.00167287
     8.3000000       -0.00097979        0.00149045
     8.4000000        0.00136468        0.00108200
     8.5000000        0.00016089        0.00136763
     8.6000000        0.00027467        0.00161547
     8.7000000        0.00064035        0.00162680
     8.8000000       -0.00028428        0.00142824
     8.9000000        0.00296730        0.00185985
     9.0000000        0.00164133        0.00163901
     9.1000000       -0.00017261        0.00168036
     9.2000000        0.00161530        0.00111844
     9.3000000        0.00365512        0.00123419
     9.4000000        0.00220173        0.00143350
     9.5000000       -0.00100226        0.00171674
     9.6000000        0.00081566        0.00116561
     9.7000000        0.00126740        0.00112760
     9.8000000        0.00050582        0.00151738
     9.9000000        0.00051261        0.00138050
    10.0000000        0.00166313        0.00276859
    10.1000000        0.00400482        0.00413461
    10.2000000        0.00274856        0.00302145
    10.3000000        0.00193631        0.00107702
    10.4000000        0.00101573        0.00091184
    10.5000000       -0.00047819        0.00132490
    10.6000000        0.00068799        0.00105672
    10.7000000        0.00157190        0.00123553
    10.8000000        0.00160984        0.00088362
    10.9000000        0.00025150        0.00107558
    11.0000000        0.00023663        0.00142384
    11.1000000       -0.00046316        0.00122731
    11.2000000       -0.00231310        0.00104563
    11.3000000       -0.00297742        0.00134827
    11.4000000       -0.00176467        0.00092312
    11.5000000       -0.00154561        0.00141064
    11.6000000       -0.00133840        0.00138820
    11.7000000       -0.00085259        0.00098834
    11.8000000        0.00064441        0.00108842
    11.9000000        0.00105907        0.00112323
    12.0000000       -0.00111074        0.00115310
    12.1000000       -0.00071712        0.00115749
    12.2000000        0.00130507        0.00102489
    12.3000000        0.00025210        0.00083582
    12.4000000        0.00091273        0.00109913
    12.5000000        0.00075067        0.00129341
    12.6000000        0.00021841        0.00100311
    12.7000000        0.00062728        0.00115368
    12.8000000        0.00146231        0.00139157
    12.9000000        0.00121794        0.00162831
    13.0000000        0.00163262        0.00141236
    13.1000000        0.00221957        0.00141914
    13.2000000        0.00034917        0.00135779
    13.3000000        0.00094739        0.00169198
    13.4000000        0.00119318        0.00166556
    13.5000000        0.00181245        0.00131162
    13.6000000       -0.00007207        0.00115182
    13.7000000        0.00115151        0.00162348
    13.8000000        0.00100186        0.00155092
    13.9000000        0.00005229        0.00133911
    14.0000000        0.00086173        0.00107832
    14.1000000        0.00134348        0.00199754
    14.2000000       -0.00008783        0.00181124
    14.3000000       -0.00396627        0.00237890
    14.4000000       -0.00524468        0.00368751
    14.5000000       -0.00280163        0.00263876
    14.6000000       -0.00169249        0.00163927
    14.7000000        0.00100883        0.00123550
    14.8000000        0.00129438        0.00199329
    14.9000000       -0.00213780        0.00182441
    15.0000000       -0.00122673        0.00137515
    15.1000000        0.00009698        0.00134647
    15.2000000       -0.00089435        0.00175015
    15.3000000       -0.00046551        0.00135343
    15.4000000        0.00032651        0.00119208
    15.5000000       -0.00076401        0.00182720
    15.6000000        0.00002920        0.00156619
    15.7000000        0.00078922        0.00126134
    15.8000000        0.00149748        0.00156779
    15.9000000        0.00197472        0.00132500
    16.0000000        0.00120054        0.00104790
    16.1000000        0.00111739        0.00204495
    16.2000000       -0.00016619        0.00193828
    16.3000000        0.00075869        0.00223586
    16.4000000       -0.00065996        0.00159604
    16.5000000        0.00022061        0.00319192
    16.6000000        0.00062707        0.00149610
    16.7000000       -0.00057433        0.00161561
    16.8000000       -0.00136808        0.00169792
    16.9000000       -0.00063204        0.00333146
    17.0000000        0.00192118        0.00273391
    17.1000000        0.00230723        0.00172154
    17.2000000        0.00121680        0.00287892
    17.3000000        0.00127336        0.00302942
    17.4000000        0.00190123        0.00340779
    17.5000000       -0.00097273        0.00427621
    17.6000000       -0.00030103        0.00448389
    17.7000000        0.00524070        0.00272574
    17.8000000        0.00497253        0.00262094
    17.9000000        0.00499013        0.00261701
    18.0000000        0.00487535        0.00204381
    18.1000000        0.00286583        0.00178738
    18.2000000        0.00308874        0.00216650
    18.3000000        0.00234533        0.00227066
    18.4000000        0.00225554        0.00342701
    18.5000000       -0.00138478        0.00276507
    18.6000000       -0.00155061        0.00313771
    18.7000000       -0.00291763        0.00355368
    18.8000000       -0.00352623        0.00230778
    18.9000000       -0.00006789        0.00205066
    19.0000000       -0.00001971        0.00249568
    19.1000000       -0.00198042        0.00275331
    19.2000000        0.00152574        0.00359083
    19.3000000        0.00257751        0.00243069
    19.4000000        0.00407017        0.00231782
    19.5000000        0.00558674        0.00239515
    19.6000000        0.00687905        0.00199532
    19.7000000        0.00633909        0.00213525
    19.8000000        0.00810613        0.00196862
    19.9000000        0.01748969        0.00143087
    20.0000000        0.02572214        0.00208492
