         101           5   20.000000000000000                1
     0.0000000        0.00060482        0.00014262
     0.1000000        0.00060482        0.00014262
     0.2000000        0.00060482        0.00014262
     0.3000000        0.00060482        0.00014262
     0.4000000        0.00060482        0.00014262
     0.5000000        0.00060482        0.00014262
     0.6000000        0.00060482        0.00014262
     0.7000000        0.00060482        0.00014262
     0.8000000        0.00060482        0.00014262
     0.9000000        0.00060482        0.00014262
     1.0000000        0.00060482        0.00014262
     1.1000000        0.00060482        0.00014262
     1.2000000        0.00060482        0.00014262
     1.3000000        0.00060482        0.00014262
     1.4000000        0.00060482        0.00014262
     1.5000000        0.00060482        0.00014262
     1.6000000        0.00060482        0.00014262
     1.7000000        0.00060482        0.00014262
     1.8000000        0.00060482        0.00014262
     1.9000000        0.00060482        0.00014262
     2.0000000        0.00060482        0.00014262
     2.1000000        0.00060482        0.00014262
     2.2000000        0.00060482        0.00014262
     2.3000000        0.00060482        0.00014262
     2.4000000        0.00060482        0.00014262
     2.5000000        0.00060482        0.00014262
     2.6000000        0.00060482        0.00014262
     2.7000000        0.00060482        0.00014262
     2.8000000        0.00060482        0.00014262
     2.9000000        0.00060482        0.00014262
     3.0000000        0.00060482        0.00014262
     3.1000000        0.00060482        0.00014262
     3.2000000        0.00060482        0.00014262
     3.3000000        0.00060482        0.00014262
     3.4000000        0.00060482        0.00014262
     3.5000000        0.00060482        0.00014262
     3.6000000        0.00060482        0.00014262
     3.7000000        0.00060482        0.00014262
     3.8000000        0.00060482        0.00014262
     3.9000000        0.00060482        0.00014262
     4.0000000        0.00060482        0.00014262
     4.1000000        0.00060482        0.00014262
     4.2000000        0.00060482        0.00014262
     4.3000000        0.00060482        0.00014262
     4.4000000        0.00060482        0.00014262
     4.5000000        0.00060482        0.00014262
     4.6000000        0.00060482        0.00014262
     4.7000000        0.00060482        0.00014262
     4.8000000        0.00060482        0.00014262
     4.9000000        0.00060482        0.00014262
     5.0000000        0.00060482        0.00014262
     5.1000000        0.00060482        0.00014262
     5.2000000        0.00060482        0.00014262
     5.3000000        0.00060482        0.00014262
     5.4000000        0.00060482        0.00014262
     5.5000000        0.00060482        0.00014262
     5.6000000        0.00060482        0.00014262
     5.7000000        0.00060482        0.00014262
     5.8000000        0.00060482        0.00014262
     5.9000000        0.00060482        0.00014262
     6.0000000        0.00060482        0.00014262
     6.1000000        0.00060482        0.00014262
     6.2000000        0.00060482        0.00014262
     6.3000000        0.00060482        0.00014262
     6.4000000        0.00060482        0.00014262
     6.5000000        0.00060482        0.00014262
     6.6000000        0.00060482        0.00014262
     6.7000000        0.00060482        0.00014262
     6.8000000        0.00060482        0.00014262
     6.9000000        0.00060482        0.00014262
     7.0000000        0.00060482        0.00014262
     7.1000000        0.00060482        0.00014262
     7.2000000        0.00060482        0.00014262
     7.3000000        0.00060482        0.00014262
     7.4000000        0.00060482        0.00014262
     7.5000000        0.00060482        0.00014262
     7.6000000        0.00060482        0.00014262
     7.7000000        0.00060482        0.00014262
     7.8000000        0.00060482        0.00014262
     7.9000000        0.00060482        0.00014262
     8.0000000        0.00060482        0.00014262
     8.1000000        0.00060482        0.00014262
     8.2000000        0.00060482        0.00014262
     8.3000000        0.00060482        0.00014262
     8.4000000        0.00060482        0.00014262
     8.5000000        0.00060482        0.00014262
     8.6000000        0.00060482        0.00014262
     8.7000000        0.00060482        0.00014262
     8.8000000        0.00060482        0.00014262
     8.9000000        0.00060482        0.00014262
     9.0000000        0.00060482        0.00014262
     9.1000000        0.00060482        0.00014262
     9.2000000        0.00060482        0.00014262
     9.3000000        0.00060482        0.00014262
     9.4000000        0.00060482        0.00014262
     9.5000000        0.00060482        0.00014262
     9.6000000        0.00060482        0.00014262
     9.7000000        0.00060482        0.00014262
     9.8000000        0.00060482        0.00014262
     9.9000000        0.00060482        0.00014262
    10.0000000        0.00060482        0.00014262
