           2              (-2.9099746366312069,0.0000000000000000)   1.0000000000000000     
           2              (-2.9270126126241940,0.0000000000000000)   1.0000000000000000     
           2              (-2.8515277336472913,0.0000000000000000)   1.0000000000000000     
           2              (-2.8284512559533725,0.0000000000000000)   1.0000000000000000     
           2              (-2.8603186866748267,0.0000000000000000)   1.0000000000000000     
           2              (-2.8957281074953749,0.0000000000000000)   1.0000000000000000     
           2              (-2.8055667895682466,0.0000000000000000)   1.0000000000000000     
           2              (-2.8818920261438667,0.0000000000000000)   1.0000000000000000     
           2              (-2.8976894889597502,0.0000000000000000)   1.0000000000000000     
           2              (-2.8429385816031796,0.0000000000000000)   1.0000000000000000     
           2              (-2.8231948074628455,0.0000000000000000)   1.0000000000000000     
           2              (-2.9061157993528757,0.0000000000000000)   1.0000000000000000     
           2              (-2.8873211476871510,0.0000000000000000)   1.0000000000000000     
           2              (-2.8539637552487167,0.0000000000000000)   1.0000000000000000     
           2              (-2.8389515231200337,0.0000000000000000)   1.0000000000000000     
           2              (-2.9035789728295534,0.0000000000000000)   1.0000000000000000     
           2              (-2.8851878007160634,0.0000000000000000)   1.0000000000000000     
           2              (-2.8682402454413829,0.0000000000000000)   1.0000000000000000     
           2              (-2.9061433237711549,0.0000000000000000)   1.0000000000000000     
           2              (-2.8584397349848105,0.0000000000000000)   1.0000000000000000     
           2              (-2.8582120678526830,0.0000000000000000)   1.0000000000000000     
           2              (-2.8196603495054906,0.0000000000000000)   1.0000000000000000     
           2              (-2.8381730976314565,0.0000000000000000)   1.0000000000000000     
           2              (-2.8581011395058744,0.0000000000000000)   1.0000000000000000     
           2              (-2.9107485546532135,0.0000000000000000)   1.0000000000000000     
           2              (-2.8772863444185321,0.0000000000000000)   1.0000000000000000     
           2              (-2.8730664270684985,0.0000000000000000)   1.0000000000000000     
           2              (-2.8788190884921323,0.0000000000000000)   1.0000000000000000     
           2              (-2.9072529901378861,0.0000000000000000)   1.0000000000000000     
           2              (-2.8187089020109308,0.0000000000000000)   1.0000000000000000     
           2              (-2.8855742310914718,0.0000000000000000)   1.0000000000000000     
           2              (-2.8201646365410391,0.0000000000000000)   1.0000000000000000     
           2              (-2.8251830044356030,0.0000000000000000)   1.0000000000000000     
           2              (-2.8735278566611271,0.0000000000000000)   1.0000000000000000     
           2              (-2.8736192043319155,0.0000000000000000)   1.0000000000000000     
           2              (-2.9108299244037585,0.0000000000000000)   1.0000000000000000     
           2              (-2.9011849857458762,0.0000000000000000)   1.0000000000000000     
           2              (-2.8562261735245951,0.0000000000000000)   1.0000000000000000     
           2              (-2.8723919244950991,0.0000000000000000)   1.0000000000000000     
           2              (-2.8320413669106572,0.0000000000000000)   1.0000000000000000     
           2              (-2.8194595418079773,0.0000000000000000)   1.0000000000000000     
           2              (-2.8867245332878859,0.0000000000000000)   1.0000000000000000     
           2              (-2.8615296366020520,0.0000000000000000)   1.0000000000000000     
           2              (-2.9131924799804017,0.0000000000000000)   1.0000000000000000     
           2              (-2.8219796923895673,0.0000000000000000)   1.0000000000000000     
           2              (-2.8763371231371875,0.0000000000000000)   1.0000000000000000     
           2              (-2.8796584407422392,0.0000000000000000)   1.0000000000000000     
           2              (-2.8121759489478300,0.0000000000000000)   1.0000000000000000     
           2              (-2.8986065511918500,0.0000000000000000)   1.0000000000000000     
           2              (-2.8608642923223560,0.0000000000000000)   1.0000000000000000     
           2              (-2.9043551734574344,0.0000000000000000)   1.0000000000000000     
           2              (-2.9236885582257193,0.0000000000000000)   1.0000000000000000     
           2              (-2.9325403831201866,0.0000000000000000)   1.0000000000000000     
           2              (-2.9424849406144737,0.0000000000000000)   1.0000000000000000     
           2              (-2.8503694958121266,0.0000000000000000)   1.0000000000000000     
           2              (-2.9296051197849100,0.0000000000000000)   1.0000000000000000     
           2              (-2.8855100942808725,0.0000000000000000)   1.0000000000000000     
           2              (-2.8975071330710032,0.0000000000000000)   1.0000000000000000     
           2              (-2.8950939926547994,0.0000000000000000)   1.0000000000000000     
           2              (-2.9253428323320976,0.0000000000000000)   1.0000000000000000     
           2              (-2.9219877692419987,0.0000000000000000)   1.0000000000000000     
           2              (-2.9582920042560139,0.0000000000000000)   1.0000000000000000     
           2              (-2.8735064725133204,0.0000000000000000)   1.0000000000000000     
           2              (-2.8696207745715125,0.0000000000000000)   1.0000000000000000     
           2              (-2.8220430342824594,0.0000000000000000)   1.0000000000000000     
           2              (-2.8984313859238702,0.0000000000000000)   1.0000000000000000     
           2              (-2.8574519130487230,0.0000000000000000)   1.0000000000000000     
           2              (-2.8345738083602727,0.0000000000000000)   1.0000000000000000     
           2              (-2.9393628269681775,0.0000000000000000)   1.0000000000000000     
           2              (-2.9031877959896173,0.0000000000000000)   1.0000000000000000     
           2              (-2.8746860647715500,0.0000000000000000)   1.0000000000000000     
           2              (-2.9047124690832522,0.0000000000000000)   1.0000000000000000     
           2              (-2.9100256100982205,0.0000000000000000)   1.0000000000000000     
           2              (-2.8879904791021618,0.0000000000000000)   1.0000000000000000     
           2              (-2.8957537233588848,0.0000000000000000)   1.0000000000000000     
           2              (-2.8368553499194853,0.0000000000000000)   1.0000000000000000     
           2              (-2.8693365902021721,0.0000000000000000)   1.0000000000000000     
           2              (-2.9024558060319863,0.0000000000000000)   1.0000000000000000     
           2              (-2.9144349335739719,0.0000000000000000)   1.0000000000000000     
           2              (-2.8610368371007131,0.0000000000000000)   1.0000000000000000     
           2              (-2.8883189417237576,0.0000000000000000)   1.0000000000000000     
           2              (-2.8420362140095325,0.0000000000000000)   1.0000000000000000     
           2              (-2.8788475253321821,0.0000000000000000)   1.0000000000000000     
           2              (-2.9295562978805507,0.0000000000000000)   1.0000000000000000     
           2              (-2.8799537941185025,0.0000000000000000)   1.0000000000000000     
           2              (-2.9171703017892217,0.0000000000000000)   1.0000000000000000     
           2              (-2.9046043565691440,0.0000000000000000)   1.0000000000000000     
           2              (-2.8672693012019947,0.0000000000000000)   1.0000000000000000     
           2              (-2.8280912706076355,0.0000000000000000)   1.0000000000000000     
           2              (-2.8348779369824810,0.0000000000000000)   1.0000000000000000     
           2              (-2.9351500164029987,0.0000000000000000)   1.0000000000000000     
           2              (-2.8860419451825523,0.0000000000000000)   1.0000000000000000     
           2              (-2.8671007106055457,0.0000000000000000)   1.0000000000000000     
           2              (-2.8867142384471234,0.0000000000000000)   1.0000000000000000     
           2              (-2.8804408068166314,0.0000000000000000)   1.0000000000000000     
           2              (-2.8755967169547247,0.0000000000000000)   1.0000000000000000     
           2              (-2.8547395699012568,0.0000000000000000)   1.0000000000000000     
           2              (-2.8791525672282070,0.0000000000000000)   1.0000000000000000     
           2              (-2.9380248459996290,0.0000000000000000)   1.0000000000000000     
           2              (-2.8198278903189062,0.0000000000000000)   1.0000000000000000     
           2              (-2.9099123536741236,0.0000000000000000)   1.0000000000000000     
           2              (-2.8730788413865720,0.0000000000000000)   1.0000000000000000     
           2              (-2.8288170664350223,0.0000000000000000)   1.0000000000000000     
           2              (-2.8751979515591382,0.0000000000000000)   1.0000000000000000     
           2              (-2.8913567110034437,0.0000000000000000)   1.0000000000000000     
           2              (-2.8548550095622738,0.0000000000000000)   1.0000000000000000     
           2              (-2.9115333480628141,0.0000000000000000)   1.0000000000000000     
           2              (-2.8784691931942232,0.0000000000000000)   1.0000000000000000     
           2              (-2.8755005420450801,0.0000000000000000)   1.0000000000000000     
           2              (-2.8456126795810888,0.0000000000000000)   1.0000000000000000     
           2              (-2.8871754427628891,0.0000000000000000)   1.0000000000000000     
           2              (-2.8316358353296391,0.0000000000000000)   1.0000000000000000     
           2              (-2.8858337637386886,0.0000000000000000)   1.0000000000000000     
           2              (-2.8884553553697372,0.0000000000000000)   1.0000000000000000     
           2              (-2.9222526172183381,0.0000000000000000)   1.0000000000000000     
           2              (-2.9258290630530990,0.0000000000000000)   1.0000000000000000     
           2              (-2.9281622449217597,0.0000000000000000)   1.0000000000000000     
           2              (-2.8423367269208586,0.0000000000000000)   1.0000000000000000     
           2              (-2.8694977778327000,0.0000000000000000)   1.0000000000000000     
           2              (-2.8794289084032991,0.0000000000000000)   1.0000000000000000     
           2              (-2.8889706370524584,0.0000000000000000)   1.0000000000000000     
           2              (-2.8445370886683667,0.0000000000000000)   1.0000000000000000     
           2              (-2.8811265875663037,0.0000000000000000)   1.0000000000000000     
           2              (-2.8807659710009990,0.0000000000000000)   1.0000000000000000     
           2              (-2.9008413352053428,0.0000000000000000)   1.0000000000000000     
           2              (-2.8775034252024554,0.0000000000000000)   1.0000000000000000     
           2              (-2.8848868191132473,0.0000000000000000)   1.0000000000000000     
           2              (-2.8104181260138592,0.0000000000000000)   1.0000000000000000     
           2              (-2.9064219882369042,0.0000000000000000)   1.0000000000000000     
           2              (-2.9174405997496122,0.0000000000000000)   1.0000000000000000     
           2              (-2.8653195781746925,0.0000000000000000)   1.0000000000000000     
           2              (-2.9078900941511292,0.0000000000000000)   1.0000000000000000     
           2              (-2.8836473066457566,0.0000000000000000)   1.0000000000000000     
           2              (-2.8465327117733583,0.0000000000000000)   1.0000000000000000     
           2              (-2.8296608796323541,0.0000000000000000)   1.0000000000000000     
           2              (-2.8847945472895669,0.0000000000000000)   1.0000000000000000     
           2              (-2.8980016061162583,0.0000000000000000)   1.0000000000000000     
           2              (-2.8663332672356954,0.0000000000000000)   1.0000000000000000     
           2              (-2.8244160749443692,0.0000000000000000)   1.0000000000000000     
