     0.0000000        1.49283628        0.01109048
     0.1000000        1.30679211        0.01409918
     0.2000000        1.15202499        0.01670179
     0.3000000        1.01739642        0.02166899
     0.4000000        0.91348512        0.02198345
     0.5000000        0.80742206        0.02146199
     0.6000000        0.74682695        0.02148390
     0.7000000        0.67720043        0.01779124
     0.8000000        0.61105772        0.02066350
     0.9000000        0.55286236        0.01796631
     1.0000000        0.49722047        0.01880904
     1.1000000        0.45108574        0.02063129
     1.2000000        0.40544911        0.01766789
     1.3000000        0.37650602        0.01608707
     1.4000000        0.34260462        0.01188456
     1.5000000        0.30959628        0.01343806
     1.6000000        0.27931092        0.00961294
     1.7000000        0.24777199        0.00963568
     1.8000000        0.21778678        0.00978181
     1.9000000        0.19671202        0.01102177
     2.0000000        0.18117250        0.00865092
     2.1000000        0.16350062        0.00798507
     2.2000000        0.14969856        0.00867283
     2.3000000        0.13435695        0.01135813
     2.4000000        0.11938765        0.01175902
     2.5000000        0.10552322        0.00767810
     2.6000000        0.10109507        0.00855540
     2.7000000        0.09109618        0.00739804
     2.8000000        0.08540501        0.00894809
     2.9000000        0.07592371        0.00699199
     3.0000000        0.06721169        0.00640084
     3.1000000        0.06158599        0.00702282
     3.2000000        0.06186866        0.00675336
     3.3000000        0.05848772        0.00722412
     3.4000000        0.04819201        0.00838914
     3.5000000        0.04272101        0.00576981
     3.6000000        0.04147111        0.00510206
     3.7000000        0.04031097        0.00442573
     3.8000000        0.04024945        0.00491952
     3.9000000        0.03454633        0.00542876
     4.0000000        0.03393764        0.00674153
     4.1000000        0.02962601        0.00639758
     4.2000000        0.03165991        0.00593450
     4.3000000        0.02663573        0.00674837
     4.4000000        0.02660706        0.00806010
     4.5000000        0.01271280        0.00981885
     4.6000000        0.01358612        0.00707434
     4.7000000        0.01317432        0.00948936
     4.8000000        0.01172635        0.00897073
     4.9000000        0.01285958        0.00754146
     5.0000000        0.01229073        0.00519697
     5.1000000        0.01048712        0.00605381
     5.2000000        0.01283822        0.00872850
     5.3000000        0.01147401        0.00732017
     5.4000000        0.01278494        0.00621059
     5.5000000        0.02033619        0.00465645
     5.6000000        0.02589075        0.00560366
     5.7000000        0.02277301        0.00564217
     5.8000000        0.02270147        0.00571118
     5.9000000        0.02328253        0.00506016
     6.0000000        0.02343821        0.00491600
     6.1000000        0.02628222        0.00562463
     6.2000000        0.02704313        0.00484944
     6.3000000        0.02246807        0.00557923
     6.4000000        0.02666735        0.00686065
     6.5000000        0.02111105        0.00513860
     6.6000000        0.02575663        0.00536364
     6.7000000        0.02370038        0.00618643
     6.8000000        0.02574610        0.00548225
     6.9000000        0.01923228        0.01160975
     7.0000000        0.01973883        0.01781415
     7.1000000        0.02580156        0.01741076
     7.2000000        0.03221541        0.01394408
     7.3000000        0.04297566        0.01174345
     7.4000000        0.05435093        0.01258678
     7.5000000        0.05407197        0.01161581
     7.6000000        0.05046797        0.00933783
     7.7000000        0.05459272        0.00884887
     7.8000000        0.05072249        0.00813923
     7.9000000        0.04287513        0.00716176
     8.0000000        0.04593892        0.00852082
     8.1000000        0.04921709        0.01092309
     8.2000000        0.05082678        0.00824185
     8.3000000        0.05883831        0.00861849
     8.4000000        0.06795806        0.00855195
     8.5000000        0.06986060        0.01409250
     8.6000000        0.08629829        0.00795897
     8.7000000        0.08821177        0.00894017
     8.8000000        0.09188363        0.01267797
     8.9000000        0.11028782        0.00972888
     9.0000000        0.12116891        0.01187595
     9.1000000        0.14040949        0.01484849
     9.2000000        0.14810092        0.01180474
     9.3000000        0.16769382        0.00754294
     9.4000000        0.19691100        0.01017500
     9.5000000        0.22708537        0.01354352
     9.6000000        0.25839700        0.01987317
     9.7000000        0.30258201        0.01881087
     9.8000000        0.34077768        0.01358281
     9.9000000        0.41905871        0.01050884
    10.0000000        0.50716372        0.01109048
