     0.0000000        0.17255193        0.00034769
     0.1000000        0.11052916        0.00029974
     0.2000000        0.07137131        0.00024626
     0.3000000        0.04639998        0.00020100
     0.4000000        0.03047926        0.00015436
     0.5000000        0.02025901        0.00011229
     0.6000000        0.01362538        0.00008352
     0.7000000        0.00925518        0.00006391
     0.8000000        0.00634773        0.00004920
     0.9000000        0.00441180        0.00003702
     1.0000000        0.00308431        0.00003115
     1.1000000        0.00220053        0.00002767
     1.2000000        0.00159954        0.00002527
     1.3000000        0.00120314        0.00002524
     1.4000000        0.00092369        0.00002155
     1.5000000        0.00071581        0.00001888
     1.6000000        0.00057906        0.00001920
     1.7000000        0.00048582        0.00002000
     1.8000000        0.00044668        0.00001779
     1.9000000        0.00041804        0.00001870
     2.0000000        0.00042682        0.00001761
     2.1000000        0.00046752        0.00002121
     2.2000000        0.00049884        0.00001908
     2.3000000        0.00055789        0.00001909
     2.4000000        0.00065637        0.00002040
     2.5000000        0.00077888        0.00001739
     2.6000000        0.00096997        0.00001843
     2.7000000        0.00124025        0.00001982
     2.8000000        0.00165760        0.00002140
     2.9000000        0.00224967        0.00002862
     3.0000000        0.00313878        0.00003327
     3.1000000        0.00443478        0.00004273
     3.2000000        0.00638715        0.00004986
     3.3000000        0.00930095        0.00006204
     3.4000000        0.01368393        0.00008656
     3.5000000        0.02044958        0.00011712
     3.6000000        0.03078508        0.00014904
     3.7000000        0.04680905        0.00018917
     3.8000000        0.07166743        0.00023998
     3.9000000        0.11074447        0.00028923
     4.0000000        0.17255193        0.00034769
