     0.0000000        0.89057502        0.00680469
     0.1000000        0.73442215        0.00796931
     0.2000000        0.60747710        0.00756893
     0.3000000        0.51007972        0.00694624
     0.4000000        0.42418242        0.00786946
     0.5000000        0.35173812        0.00720381
     0.6000000        0.29574344        0.00636813
     0.7000000        0.25347113        0.00636814
     0.8000000        0.21160071        0.00509955
     0.9000000        0.18175941        0.00422194
     1.0000000        0.15731916        0.00456053
     1.1000000        0.13656512        0.00520168
     1.2000000        0.12077770        0.00472552
     1.3000000        0.10096393        0.00375271
     1.4000000        0.08503572        0.00372729
     1.5000000        0.07883865        0.00364928
     1.6000000        0.06925558        0.00342884
     1.7000000        0.05800792        0.00356403
     1.8000000        0.04878308        0.00341981
     1.9000000        0.04869384        0.00754225
     2.0000000        0.03450841        0.00341861
     2.1000000        0.02587022        0.00299609
     2.2000000        0.01787914        0.00476179
     2.3000000        0.01447053        0.00682262
     2.4000000        0.01487949        0.00571740
     2.5000000        0.01221726        0.00672218
     2.6000000        0.01170711        0.00529559
     2.7000000        0.01086797        0.00478228
     2.8000000        0.01025903        0.00451023
     2.9000000        0.01004052        0.00275267
     3.0000000        0.00733320        0.00240151
     3.1000000        0.00603727        0.00228781
     3.2000000        0.00592131        0.00373377
     3.3000000        0.00480802        0.00357410
     3.4000000        0.00873194        0.00387785
     3.5000000        0.00788873        0.00353071
     3.6000000        0.00426432        0.00310474
     3.7000000        0.00184911        0.00381881
     3.8000000       -0.00027365        0.00349401
     3.9000000        0.00177857        0.00405600
     4.0000000        0.00385063        0.00376715
     4.1000000        0.00446941        0.00386151
     4.2000000        0.00242600        0.00344223
     4.3000000        0.00469828        0.00410107
     4.4000000        0.00274412        0.00369994
     4.5000000        0.00249263        0.00372134
     4.6000000        0.00040661        0.00345630
     4.7000000        0.00224610        0.00327408
     4.8000000        0.00253479        0.00363703
     4.9000000        0.00228561        0.00350992
     5.0000000        0.00322506        0.00398025
     5.1000000        0.00336014        0.00416067
     5.2000000        0.00290078        0.00410869
     5.3000000        0.00176287        0.00420497
     5.4000000        0.00236256        0.00346114
     5.5000000        0.00205269        0.00381956
     5.6000000        0.00169526        0.00377420
     5.7000000        0.00312798        0.00442721
     5.8000000        0.00436255        0.00427217
     5.9000000        0.00547514        0.00340697
     6.0000000        0.00369026        0.00294007
     6.1000000        0.00138857        0.00257270
     6.2000000       -0.00092616        0.00240440
     6.3000000       -0.00117763        0.00274467
     6.4000000       -0.00151706        0.00370304
     6.5000000       -0.00359684        0.00397871
     6.6000000       -0.00536349        0.00384908
     6.7000000       -0.00357174        0.00512179
     6.8000000       -0.00323013        0.00439011
     6.9000000       -0.00229629        0.00366049
     7.0000000       -0.00203814        0.00334771
     7.1000000        0.00033318        0.00336051
     7.2000000        0.00020079        0.00314720
     7.3000000        0.00275952        0.00280872
     7.4000000        0.00476958        0.00313446
     7.5000000        0.00275121        0.00338201
     7.6000000        0.00127335        0.00406122
     7.7000000       -0.00070509        0.00516248
     7.8000000       -0.00106292        0.00274887
     7.9000000       -0.00161816        0.00418356
     8.0000000        0.00190223        0.00302983
     8.1000000        0.00128348        0.00449333
     8.2000000       -0.00001593        0.00518334
     8.3000000        0.00107132        0.00390965
     8.4000000        0.00264963        0.00262629
     8.5000000        0.00351408        0.00199934
     8.6000000        0.00376673        0.00171016
     8.7000000        0.00124352        0.00159635
     8.8000000       -0.00020631        0.00155136
     8.9000000        0.00011856        0.00178805
     9.0000000       -0.00108349        0.00202201
     9.1000000        0.00139300        0.00151569
     9.2000000        0.00052715        0.00178226
     9.3000000        0.00088053        0.00212664
     9.4000000       -0.00033673        0.00202431
     9.5000000       -0.00019124        0.00217253
     9.6000000        0.00006108        0.00190444
     9.7000000        0.00068429        0.00227317
     9.8000000        0.00151079        0.00241251
     9.9000000       -0.00018984        0.00244427
    10.0000000       -0.00262652        0.00266327
    10.1000000       -0.00328077        0.00186502
    10.2000000       -0.00177477        0.00177911
    10.3000000       -0.00237546        0.00213453
    10.4000000       -0.00064438        0.00225413
    10.5000000       -0.00002506        0.00181432
    10.6000000        0.00156818        0.00217046
    10.7000000        0.00130267        0.00205428
    10.8000000        0.00009239        0.00201253
    10.9000000       -0.00026101        0.00152806
    11.0000000       -0.00186668        0.00190679
    11.1000000       -0.00265467        0.00183903
    11.2000000        0.00026496        0.00205542
    11.3000000        0.00006626        0.00213472
    11.4000000        0.00080909        0.00202837
    11.5000000        0.00010782        0.00167464
    11.6000000       -0.00172585        0.00180884
    11.7000000       -0.00318209        0.00200642
    11.8000000       -0.00349068        0.00181279
    11.9000000       -0.00243620        0.00230716
    12.0000000       -0.00244178        0.00218567
    12.1000000       -0.00043192        0.00275845
    12.2000000        0.00008366        0.00222911
    12.3000000       -0.00242844        0.00237160
    12.4000000       -0.00337287        0.00230159
    12.5000000       -0.00138445        0.00224031
    12.6000000        0.00115309        0.00200724
    12.7000000       -0.00110624        0.00150365
    12.8000000        0.00056850        0.00138946
    12.9000000        0.00316632        0.00205692
    13.0000000        0.00121105        0.00156470
    13.1000000        0.00290381        0.00164156
    13.2000000        0.00511598        0.00176711
    13.3000000        0.00426825        0.00273529
    13.4000000        0.00368544        0.00266332
    13.5000000        0.00241898        0.00304253
    13.6000000        0.00417463        0.00257522
    13.7000000        0.00533859        0.00250396
    13.8000000        0.00604468        0.00250426
    13.9000000        0.00691619        0.00313940
    14.0000000        0.00809333        0.00433447
    14.1000000        0.00271900        0.00352343
    14.2000000        0.00013888        0.00233776
    14.3000000        0.00141289        0.00232944
    14.4000000       -0.00041866        0.00209580
    14.5000000       -0.00210305        0.00396849
    14.6000000       -0.00786348        0.00854972
    14.7000000       -0.00741565        0.00864385
    14.8000000       -0.00557231        0.00686820
    14.9000000       -0.00552619        0.00642895
    15.0000000       -0.01167287        0.01138475
    15.1000000       -0.01300457        0.01266821
    15.2000000        0.00365738        0.00465055
    15.3000000        0.00090799        0.00252150
    15.4000000       -0.00455012        0.00760422
    15.5000000       -0.00112594        0.00379254
    15.6000000       -0.00254186        0.00432470
    15.7000000       -0.00259128        0.00593453
    15.8000000       -0.00704269        0.00826898
    15.9000000       -0.00235510        0.00598836
    16.0000000       -0.00291988        0.00619947
    16.1000000       -0.00232314        0.00457919
    16.2000000       -0.00157201        0.00323745
    16.3000000        0.00178601        0.00244670
    16.4000000        0.00424145        0.00406839
    16.5000000        0.00063934        0.00326403
    16.6000000        0.00008469        0.00319880
    16.7000000        0.00240146        0.00379387
    16.8000000       -0.00135202        0.00248937
    16.9000000        0.00300711        0.00296709
    17.0000000        0.00255562        0.00223073
    17.1000000        0.00433820        0.00302538
    17.2000000        0.00113469        0.00249511
    17.3000000        0.00121409        0.00248517
    17.4000000       -0.00123034        0.00270644
    17.5000000        0.00076183        0.00258633
    17.6000000       -0.00499848        0.00304557
    17.7000000       -0.00464999        0.00299701
    17.8000000       -0.00340352        0.00283469
    17.9000000       -0.00289503        0.00299954
    18.0000000       -0.00111552        0.00305956
    18.1000000       -0.00209950        0.00414318
    18.2000000       -0.00475384        0.00451124
    18.3000000       -0.00108985        0.00437169
    18.4000000       -0.00195333        0.00281385
    18.5000000        0.00115256        0.00283784
    18.6000000        0.00476807        0.00232777
    18.7000000        0.00457655        0.00295123
    18.8000000        0.00365740        0.00342300
    18.9000000        0.00591697        0.00273224
    19.0000000        0.00682679        0.00342831
    19.1000000        0.00812500        0.00277985
    19.2000000        0.01061292        0.00289610
    19.3000000        0.01454360        0.00336188
    19.4000000        0.01972216        0.00389112
    19.5000000        0.02655077        0.00376998
    19.6000000        0.03435499        0.00390652
    19.7000000        0.04207315        0.00454915
    19.8000000        0.05102793        0.00435669
    19.9000000        0.07859508        0.00489373
    20.0000000        0.10942498        0.00680469
