           2              (-1.5239007631749739,0.0000000000000000)   1.0000000000000000     
           2              (-1.5867734816577932,0.0000000000000000)   1.0000000000000000     
           2              (-1.5445021388623352,0.0000000000000000)   1.0000000000000000     
           2              (-1.5639098094318660,0.0000000000000000)   1.0000000000000000     
           2              (-1.5976076253802554,0.0000000000000000)   1.0000000000000000     
           2              (-1.5665671627611186,0.0000000000000000)   1.0000000000000000     
           2              (-1.5244711624917273,0.0000000000000000)   1.0000000000000000     
           2              (-1.5295538721537063,0.0000000000000000)   1.0000000000000000     
           2              (-1.5328533948390479,0.0000000000000000)   1.0000000000000000     
           2              (-1.5582247751767606,0.0000000000000000)   1.0000000000000000     
           2              (-1.5371717321096872,0.0000000000000000)   1.0000000000000000     
           2              (-1.4976560298264430,0.0000000000000000)   1.0000000000000000     
           2              (-1.5944280325961599,0.0000000000000000)   1.0000000000000000     
           2              (-1.5390051297318608,0.0000000000000000)   1.0000000000000000     
           2              (-1.5256517791750135,0.0000000000000000)   1.0000000000000000     
           2              (-1.5765371490214597,0.0000000000000000)   1.0000000000000000     
           2              (-1.5643845315101905,0.0000000000000000)   1.0000000000000000     
           2              (-1.5513887378879752,0.0000000000000000)   1.0000000000000000     
           2              (-1.5617792768534640,0.0000000000000000)   1.0000000000000000     
           2              (-1.5172567813476452,0.0000000000000000)   1.0000000000000000     
           2              (-1.5320368619189726,0.0000000000000000)   1.0000000000000000     
           2              (-1.5289498226595164,0.0000000000000000)   1.0000000000000000     
           2              (-1.5400179172034809,0.0000000000000000)   1.0000000000000000     
           2              (-1.5498750173173794,0.0000000000000000)   1.0000000000000000     
           2              (-1.5369748011276174,0.0000000000000000)   1.0000000000000000     
           2              (-1.5129189973558050,0.0000000000000000)   1.0000000000000000     
           2              (-1.5890980724434478,0.0000000000000000)   1.0000000000000000     
           2              (-1.5256100273344486,0.0000000000000000)   1.0000000000000000     
           2              (-1.5631520694423757,0.0000000000000000)   1.0000000000000000     
           2              (-1.5384470352394470,0.0000000000000000)   1.0000000000000000     
           2              (-1.5335424691106330,0.0000000000000000)   1.0000000000000000     
           2              (-1.5613900708378357,0.0000000000000000)   1.0000000000000000     
           2              (-1.5512420207318058,0.0000000000000000)   1.0000000000000000     
           2              (-1.5912782516876784,0.0000000000000000)   1.0000000000000000     
           2              (-1.5366212797216876,0.0000000000000000)   1.0000000000000000     
           2              (-1.5644471198348278,0.0000000000000000)   1.0000000000000000     
           2              (-1.5233578810880035,0.0000000000000000)   1.0000000000000000     
           2              (-1.5452806207783465,0.0000000000000000)   1.0000000000000000     
           2              (-1.5527648279393482,0.0000000000000000)   1.0000000000000000     
           2              (-1.5603223290157759,0.0000000000000000)   1.0000000000000000     
           2              (-1.6025181128007928,0.0000000000000000)   1.0000000000000000     
           2              (-1.5093072529235594,0.0000000000000000)   1.0000000000000000     
           2              (-1.5800774116473506,0.0000000000000000)   1.0000000000000000     
           2              (-1.5558593979871747,0.0000000000000000)   1.0000000000000000     
           2              (-1.5671264125938247,0.0000000000000000)   1.0000000000000000     
           2              (-1.5384842868358177,0.0000000000000000)   1.0000000000000000     
           2              (-1.5509414137245432,0.0000000000000000)   1.0000000000000000     
           2              (-1.5457263302211819,0.0000000000000000)   1.0000000000000000     
           2              (-1.5334296244104479,0.0000000000000000)   1.0000000000000000     
           2              (-1.5233691002379406,0.0000000000000000)   1.0000000000000000     
           2              (-1.5509105313150708,0.0000000000000000)   1.0000000000000000     
           2              (-1.5482367337471705,0.0000000000000000)   1.0000000000000000     
           2              (-1.5620867012832373,0.0000000000000000)   1.0000000000000000     
           2              (-1.5316608792691229,0.0000000000000000)   1.0000000000000000     
           2              (-1.5850152590498987,0.0000000000000000)   1.0000000000000000     
           2              (-1.5568078726308203,0.0000000000000000)   1.0000000000000000     
           2              (-1.5042259193060257,0.0000000000000000)   1.0000000000000000     
           2              (-1.5679559262278022,0.0000000000000000)   1.0000000000000000     
           2              (-1.5288166888769810,0.0000000000000000)   1.0000000000000000     
           2              (-1.5637443443568895,0.0000000000000000)   1.0000000000000000     
           2              (-1.5154005357320355,0.0000000000000000)   1.0000000000000000     
           2              (-1.5576752372579903,0.0000000000000000)   1.0000000000000000     
           2              (-1.5626118776355062,0.0000000000000000)   1.0000000000000000     
           2              (-1.5585602217805099,0.0000000000000000)   1.0000000000000000     
           2              (-1.5270341349250593,0.0000000000000000)   1.0000000000000000     
           2              (-1.5449127501022710,0.0000000000000000)   1.0000000000000000     
           2              (-1.5034373862423247,0.0000000000000000)   1.0000000000000000     
           2              (-1.5543518673852073,0.0000000000000000)   1.0000000000000000     
           2              (-1.5433837451808194,0.0000000000000000)   1.0000000000000000     
           2              (-1.5248898331365397,0.0000000000000000)   1.0000000000000000     
           2              (-1.5711484614502016,0.0000000000000000)   1.0000000000000000     
           2              (-1.5691412483319542,0.0000000000000000)   1.0000000000000000     
           2              (-1.5404847867770934,0.0000000000000000)   1.0000000000000000     
           2              (-1.5215813768362227,0.0000000000000000)   1.0000000000000000     
           2              (-1.5603450757721842,0.0000000000000000)   1.0000000000000000     
           2              (-1.5569043209602655,0.0000000000000000)   1.0000000000000000     
           2              (-1.5825257954127583,0.0000000000000000)   1.0000000000000000     
           2              (-1.5754333498833932,0.0000000000000000)   1.0000000000000000     
           2              (-1.5366160468229779,0.0000000000000000)   1.0000000000000000     
           2              (-1.5542596696972171,0.0000000000000000)   1.0000000000000000     
           2              (-1.5664069386147179,0.0000000000000000)   1.0000000000000000     
           2              (-1.5751281889478386,0.0000000000000000)   1.0000000000000000     
           2              (-1.5364303332253733,0.0000000000000000)   1.0000000000000000     
           2              (-1.5273949972449714,0.0000000000000000)   1.0000000000000000     
           2              (-1.5357344765301151,0.0000000000000000)   1.0000000000000000     
           2              (-1.5573683635502127,0.0000000000000000)   1.0000000000000000     
           2              (-1.5663540042098809,0.0000000000000000)   1.0000000000000000     
           2              (-1.4987130507483666,0.0000000000000000)   1.0000000000000000     
           2              (-1.5644643454690945,0.0000000000000000)   1.0000000000000000     
           2              (-1.5860286269557786,0.0000000000000000)   1.0000000000000000     
           2              (-1.5614049079984231,0.0000000000000000)   1.0000000000000000     
           2              (-1.5304420421978926,0.0000000000000000)   1.0000000000000000     
           2              (-1.5263320199246386,0.0000000000000000)   1.0000000000000000     
           2              (-1.5389900466048536,0.0000000000000000)   1.0000000000000000     
           2              (-1.5480182849732680,0.0000000000000000)   1.0000000000000000     
           2              (-1.5602801989786437,0.0000000000000000)   1.0000000000000000     
           2              (-1.5478871907902185,0.0000000000000000)   1.0000000000000000     
           2              (-1.5069246429505565,0.0000000000000000)   1.0000000000000000     
           2              (-1.5275481003579037,0.0000000000000000)   1.0000000000000000     
           2              (-1.5619848312355877,0.0000000000000000)   1.0000000000000000     
           2              (-1.5701909192840187,0.0000000000000000)   1.0000000000000000     
           2              (-1.5792260667319733,0.0000000000000000)   1.0000000000000000     
           2              (-1.5719398267876747,0.0000000000000000)   1.0000000000000000     
           2              (-1.5708246630899567,0.0000000000000000)   1.0000000000000000     
           2              (-1.5495958193062043,0.0000000000000000)   1.0000000000000000     
           2              (-1.5380694834350492,0.0000000000000000)   1.0000000000000000     
           2              (-1.5156255292070488,0.0000000000000000)   1.0000000000000000     
           2              (-1.5564758293538794,0.0000000000000000)   1.0000000000000000     
           2              (-1.5742323403245935,0.0000000000000000)   1.0000000000000000     
           2              (-1.5705838535489050,0.0000000000000000)   1.0000000000000000     
           2              (-1.5671368100344500,0.0000000000000000)   1.0000000000000000     
           2              (-1.5515497009014454,0.0000000000000000)   1.0000000000000000     
           2              (-1.5434764493392152,0.0000000000000000)   1.0000000000000000     
           2              (-1.5538358406212935,0.0000000000000000)   1.0000000000000000     
           2              (-1.5753089879802304,0.0000000000000000)   1.0000000000000000     
           2              (-1.6008026122391967,0.0000000000000000)   1.0000000000000000     
           2              (-1.5848923597731384,0.0000000000000000)   1.0000000000000000     
           2              (-1.5672781260880533,0.0000000000000000)   1.0000000000000000     
           2              (-1.5648989441670427,0.0000000000000000)   1.0000000000000000     
           2              (-1.5120411303643537,0.0000000000000000)   1.0000000000000000     
           2              (-1.5614109831900564,0.0000000000000000)   1.0000000000000000     
           2              (-1.6063416973143740,0.0000000000000000)   1.0000000000000000     
           2              (-1.5844510330479025,0.0000000000000000)   1.0000000000000000     
           2              (-1.5531856147697254,0.0000000000000000)   1.0000000000000000     
           2              (-1.6130841611267648,0.0000000000000000)   1.0000000000000000     
           2              (-1.5211176062799554,0.0000000000000000)   1.0000000000000000     
           2              (-1.5455616390977553,0.0000000000000000)   1.0000000000000000     
           2              (-1.5546966007335614,0.0000000000000000)   1.0000000000000000     
           2              (-1.5822411627937074,0.0000000000000000)   1.0000000000000000     
           2              (-1.5691460431189470,0.0000000000000000)   1.0000000000000000     
           2              (-1.5625543278939047,0.0000000000000000)   1.0000000000000000     
           2              (-1.5168632465402536,0.0000000000000000)   1.0000000000000000     
           2              (-1.5255282249088284,0.0000000000000000)   1.0000000000000000     
           2              (-1.5487797726505419,0.0000000000000000)   1.0000000000000000     
           2              (-1.5485507626195576,0.0000000000000000)   1.0000000000000000     
           2              (-1.5729853155289477,0.0000000000000000)   1.0000000000000000     
           2              (-1.5074638226263226,0.0000000000000000)   1.0000000000000000     
           2              (-1.5555882710851505,0.0000000000000000)   1.0000000000000000     
           2              (-1.5555833619233495,0.0000000000000000)   1.0000000000000000     
           2              (-1.5604192100803711,0.0000000000000000)   1.0000000000000000     
           2              (-1.5527703049554979,0.0000000000000000)   1.0000000000000000     
           2              (-1.5729976717719347,0.0000000000000000)   1.0000000000000000     
           2              (-1.5222101608720706,0.0000000000000000)   1.0000000000000000     
           2              (-1.5754616817620606,0.0000000000000000)   1.0000000000000000     
           2              (-1.4864671503900824,0.0000000000000000)   1.0000000000000000     
           2              (-1.5623474494151155,0.0000000000000000)   1.0000000000000000     
           2              (-1.5422973064198897,0.0000000000000000)   1.0000000000000000     
           2              (-1.5718634659590265,0.0000000000000000)   1.0000000000000000     
           2              (-1.5225887897043155,0.0000000000000000)   1.0000000000000000     
           2              (-1.5449139199140680,0.0000000000000000)   1.0000000000000000     
           2              (-1.5235724336734775,0.0000000000000000)   1.0000000000000000     
           2              (-1.5852518661774337,0.0000000000000000)   1.0000000000000000     
           2              (-1.5583257735316971,0.0000000000000000)   1.0000000000000000     
           2              (-1.5412854239851346,0.0000000000000000)   1.0000000000000000     
           2              (-1.5666097570783968,0.0000000000000000)   1.0000000000000000     
           2              (-1.5312851703183354,0.0000000000000000)   1.0000000000000000     
           2              (-1.5600891367487248,0.0000000000000000)   1.0000000000000000     
           2              (-1.5769968442792195,0.0000000000000000)   1.0000000000000000     
           2              (-1.5564543307145400,0.0000000000000000)   1.0000000000000000     
           2              (-1.5227374209980453,0.0000000000000000)   1.0000000000000000     
           2              (-1.5325515725577676,0.0000000000000000)   1.0000000000000000     
           2              (-1.5386659389260815,0.0000000000000000)   1.0000000000000000     
           2              (-1.5646837161113127,0.0000000000000000)   1.0000000000000000     
           2              (-1.5515522048501356,0.0000000000000000)   1.0000000000000000     
           2              (-1.5560230137374298,0.0000000000000000)   1.0000000000000000     
           2              (-1.5582885228934775,0.0000000000000000)   1.0000000000000000     
           2              (-1.5395076637192386,0.0000000000000000)   1.0000000000000000     
           2              (-1.5494747227270504,0.0000000000000000)   1.0000000000000000     
           2              (-1.5607498845365881,0.0000000000000000)   1.0000000000000000     
           2              (-1.5904841490526447,0.0000000000000000)   1.0000000000000000     
           2              (-1.5505191034287242,0.0000000000000000)   1.0000000000000000     
           2              (-1.5461320663848992,0.0000000000000000)   1.0000000000000000     
           2              (-1.5224913435581782,0.0000000000000000)   1.0000000000000000     
           2              (-1.5623168534583372,0.0000000000000000)   1.0000000000000000     
           2              (-1.5724998527269098,0.0000000000000000)   1.0000000000000000     
           2              (-1.5819847877073534,0.0000000000000000)   1.0000000000000000     
           2              (-1.5492135203695623,0.0000000000000000)   1.0000000000000000     
           2              (-1.5511659605040689,0.0000000000000000)   1.0000000000000000     
           2              (-1.5319181538503575,0.0000000000000000)   1.0000000000000000     
           2              (-1.5791188941017107,0.0000000000000000)   1.0000000000000000     
           2              (-1.5728522717088653,0.0000000000000000)   1.0000000000000000     
           2              (-1.5587703005191325,0.0000000000000000)   1.0000000000000000     
           2              (-1.5643502475213649,0.0000000000000000)   1.0000000000000000     
           2              (-1.5316985558198024,0.0000000000000000)   1.0000000000000000     
           2              (-1.5336974835246844,0.0000000000000000)   1.0000000000000000     
           2              (-1.5291695711925517,0.0000000000000000)   1.0000000000000000     
           2              (-1.5843807929815035,0.0000000000000000)   1.0000000000000000     
           2              (-1.5809846256106619,0.0000000000000000)   1.0000000000000000     
           2              (-1.5669733124749490,0.0000000000000000)   1.0000000000000000     
           2              (-1.5514859424981680,0.0000000000000000)   1.0000000000000000     
           2              (-1.5451971088881780,0.0000000000000000)   1.0000000000000000     
           2              (-1.5789804636709175,0.0000000000000000)   1.0000000000000000     
           2              (-1.5622686519826288,0.0000000000000000)   1.0000000000000000     
           2              (-1.5428705471334321,0.0000000000000000)   1.0000000000000000     
           2              (-1.5625320760840611,0.0000000000000000)   1.0000000000000000     
           2              (-1.5100825577691928,0.0000000000000000)   1.0000000000000000     
           2              (-1.5219745625236576,0.0000000000000000)   1.0000000000000000     
           2              (-1.5696437656398161,0.0000000000000000)   1.0000000000000000     
           2              (-1.5749782523309290,0.0000000000000000)   1.0000000000000000     
           2              (-1.5521892732615845,0.0000000000000000)   1.0000000000000000     
           2              (-1.5741615097272672,0.0000000000000000)   1.0000000000000000     
           2              (-1.5396858324136324,0.0000000000000000)   1.0000000000000000     
           2              (-1.5629262986598955,0.0000000000000000)   1.0000000000000000     
           2              (-1.5423316159360561,0.0000000000000000)   1.0000000000000000     
           2              (-1.5650780789770582,0.0000000000000000)   1.0000000000000000     
           2              (-1.5506649000324044,0.0000000000000000)   1.0000000000000000     
           2              (-1.5375463723396441,0.0000000000000000)   1.0000000000000000     
           2              (-1.5655138401773281,0.0000000000000000)   1.0000000000000000     
           2              (-1.5230258685171665,0.0000000000000000)   1.0000000000000000     
           2              (-1.5367332724531400,0.0000000000000000)   1.0000000000000000     
           2              (-1.5402515133054433,0.0000000000000000)   1.0000000000000000     
           2              (-1.5590439598594881,0.0000000000000000)   1.0000000000000000     
           2              (-1.5172553209445969,0.0000000000000000)   1.0000000000000000     
           2              (-1.5497895735666598,0.0000000000000000)   1.0000000000000000     
           2              (-1.5828825444480432,0.0000000000000000)   1.0000000000000000     
           2              (-1.5848601173468357,0.0000000000000000)   1.0000000000000000     
           2              (-1.5541391184286009,0.0000000000000000)   1.0000000000000000     
           2              (-1.5598486118635109,0.0000000000000000)   1.0000000000000000     
           2              (-1.5675889072458338,0.0000000000000000)   1.0000000000000000     
           2              (-1.5152358845974896,0.0000000000000000)   1.0000000000000000     
           2              (-1.5419641108671276,0.0000000000000000)   1.0000000000000000     
           2              (-1.5301205314680957,0.0000000000000000)   1.0000000000000000     
           2              (-1.5748045346624848,0.0000000000000000)   1.0000000000000000     
           2              (-1.5649550296275667,0.0000000000000000)   1.0000000000000000     
           2              (-1.5781768335757289,0.0000000000000000)   1.0000000000000000     
           2              (-1.5601834568343087,0.0000000000000000)   1.0000000000000000     
           2              (-1.5553880526510520,0.0000000000000000)   1.0000000000000000     
           2              (-1.5536457547690692,0.0000000000000000)   1.0000000000000000     
           2              (-1.5799089165656670,0.0000000000000000)   1.0000000000000000     
           2              (-1.5375670002589288,0.0000000000000000)   1.0000000000000000     
           2              (-1.5585404476715792,0.0000000000000000)   1.0000000000000000     
           2              (-1.5226082076943597,0.0000000000000000)   1.0000000000000000     
           2              (-1.5867248816584925,0.0000000000000000)   1.0000000000000000     
           2              (-1.5406131015417994,0.0000000000000000)   1.0000000000000000     
           2              (-1.5553292575126654,0.0000000000000000)   1.0000000000000000     
           2              (-1.5578265044252029,0.0000000000000000)   1.0000000000000000     
           2              (-1.5440529136677834,0.0000000000000000)   1.0000000000000000     
           2              (-1.5307119451237818,0.0000000000000000)   1.0000000000000000     
           2              (-1.5533231452255845,0.0000000000000000)   1.0000000000000000     
           2              (-1.5597109245981915,0.0000000000000000)   1.0000000000000000     
           2              (-1.5591703376166606,0.0000000000000000)   1.0000000000000000     
           2              (-1.5667670103481068,0.0000000000000000)   1.0000000000000000     
           2              (-1.5480361605868636,0.0000000000000000)   1.0000000000000000     
           2              (-1.5016550562607929,0.0000000000000000)   1.0000000000000000     
           2              (-1.5408177990330230,0.0000000000000000)   1.0000000000000000     
           2              (-1.5835629127550512,0.0000000000000000)   1.0000000000000000     
           2              (-1.5141554237357293,0.0000000000000000)   1.0000000000000000     
           2              (-1.5813726260457808,0.0000000000000000)   1.0000000000000000     
           2              (-1.5474572949355905,0.0000000000000000)   1.0000000000000000     
           2              (-1.5390558277186677,0.0000000000000000)   1.0000000000000000     
           2              (-1.5485031809595631,0.0000000000000000)   1.0000000000000000     
           2              (-1.5645237623571973,0.0000000000000000)   1.0000000000000000     
           2              (-1.5078278496979858,0.0000000000000000)   1.0000000000000000     
           2              (-1.5801463298383744,0.0000000000000000)   1.0000000000000000     
           2              (-1.5481131954586835,0.0000000000000000)   1.0000000000000000     
           2              (-1.5404792511439320,0.0000000000000000)   1.0000000000000000     
           2              (-1.5132059507630804,0.0000000000000000)   1.0000000000000000     
           2              (-1.5590828904097502,0.0000000000000000)   1.0000000000000000     
           2              (-1.5469403251986693,0.0000000000000000)   1.0000000000000000     
           2              (-1.5099563231974245,0.0000000000000000)   1.0000000000000000     
           2              (-1.5602808573696278,0.0000000000000000)   1.0000000000000000     
           2              (-1.5184249803712944,0.0000000000000000)   1.0000000000000000     
           2              (-1.5665358295880678,0.0000000000000000)   1.0000000000000000     
           2              (-1.5838320523706371,0.0000000000000000)   1.0000000000000000     
           2              (-1.5377808444344856,0.0000000000000000)   1.0000000000000000     
           2              (-1.5289193849331177,0.0000000000000000)   1.0000000000000000     
           2              (-1.5475434516475319,0.0000000000000000)   1.0000000000000000     
           2              (-1.5661928393217524,0.0000000000000000)   1.0000000000000000     
           2              (-1.5474027985029564,0.0000000000000000)   1.0000000000000000     
           2              (-1.5592267777940561,0.0000000000000000)   1.0000000000000000     
           2              (-1.5306168743417159,0.0000000000000000)   1.0000000000000000     
           2              (-1.5880114715221367,0.0000000000000000)   1.0000000000000000     
           2              (-1.5396892438171759,0.0000000000000000)   1.0000000000000000     
           2              (-1.5308622150264852,0.0000000000000000)   1.0000000000000000     
           2              (-1.5603408182169625,0.0000000000000000)   1.0000000000000000     
           2              (-1.5887372001660305,0.0000000000000000)   1.0000000000000000     
           2              (-1.5272576544479337,0.0000000000000000)   1.0000000000000000     
           2              (-1.5542294110970589,0.0000000000000000)   1.0000000000000000     
           2              (-1.5715766884219768,0.0000000000000000)   1.0000000000000000     
           2              (-1.5515272422185522,0.0000000000000000)   1.0000000000000000     
           2              (-1.5234053616217296,0.0000000000000000)   1.0000000000000000     
           2              (-1.5709502865863925,0.0000000000000000)   1.0000000000000000     
           2              (-1.5185934051481016,0.0000000000000000)   1.0000000000000000     
           2              (-1.5296679205520203,0.0000000000000000)   1.0000000000000000     
           2              (-1.4978469482806329,0.0000000000000000)   1.0000000000000000     
           2              (-1.4940217530365343,0.0000000000000000)   1.0000000000000000     
           2              (-1.5254105582302617,0.0000000000000000)   1.0000000000000000     
           2              (-1.5619650235528131,0.0000000000000000)   1.0000000000000000     
           2              (-1.5628479320811179,0.0000000000000000)   1.0000000000000000     
           2              (-1.5895705381671128,0.0000000000000000)   1.0000000000000000     
           2              (-1.5514559204010641,0.0000000000000000)   1.0000000000000000     
           2              (-1.5237309994555370,0.0000000000000000)   1.0000000000000000     
           2              (-1.5658246519999264,0.0000000000000000)   1.0000000000000000     
           2              (-1.5632156321332575,0.0000000000000000)   1.0000000000000000     
           2              (-1.5194947697198815,0.0000000000000000)   1.0000000000000000     
           2              (-1.5391073722050241,0.0000000000000000)   1.0000000000000000     
           2              (-1.5920625263722474,0.0000000000000000)   1.0000000000000000     
           2              (-1.4952046915464083,0.0000000000000000)   1.0000000000000000     
           2              (-1.5236892526088859,0.0000000000000000)   1.0000000000000000     
           2              (-1.5382869014560963,0.0000000000000000)   1.0000000000000000     
           2              (-1.5607690169523347,0.0000000000000000)   1.0000000000000000     
           2              (-1.5241954691726711,0.0000000000000000)   1.0000000000000000     
           2              (-1.5739931141093455,0.0000000000000000)   1.0000000000000000     
           2              (-1.5498571068338509,0.0000000000000000)   1.0000000000000000     
           2              (-1.5444456329213285,0.0000000000000000)   1.0000000000000000     
           2              (-1.5865704501240441,0.0000000000000000)   1.0000000000000000     
           2              (-1.5764664654802956,0.0000000000000000)   1.0000000000000000     
           2              (-1.5537098731179042,0.0000000000000000)   1.0000000000000000     
           2              (-1.5569498336548420,0.0000000000000000)   1.0000000000000000     
           2              (-1.5636729387970294,0.0000000000000000)   1.0000000000000000     
           2              (-1.5386001740160802,0.0000000000000000)   1.0000000000000000     
           2              (-1.5792231998535793,0.0000000000000000)   1.0000000000000000     
           2              (-1.5585188718458716,0.0000000000000000)   1.0000000000000000     
           2              (-1.5643934603991387,0.0000000000000000)   1.0000000000000000     
           2              (-1.5348739816760970,0.0000000000000000)   1.0000000000000000     
           2              (-1.5397620656302788,0.0000000000000000)   1.0000000000000000     
           2              (-1.5659499510071606,0.0000000000000000)   1.0000000000000000     
           2              (-1.5387169314354514,0.0000000000000000)   1.0000000000000000     
           2              (-1.5433459515973937,0.0000000000000000)   1.0000000000000000     
           2              (-1.5601208565971640,0.0000000000000000)   1.0000000000000000     
           2              (-1.5555378220336338,0.0000000000000000)   1.0000000000000000     
           2              (-1.5115784368252103,0.0000000000000000)   1.0000000000000000     
           2              (-1.5490686209688187,0.0000000000000000)   1.0000000000000000     
           2              (-1.5544417351810844,0.0000000000000000)   1.0000000000000000     
           2              (-1.5907526396995715,0.0000000000000000)   1.0000000000000000     
           2              (-1.5415883458109092,0.0000000000000000)   1.0000000000000000     
           2              (-1.5582362309408724,0.0000000000000000)   1.0000000000000000     
           2              (-1.5321084029854315,0.0000000000000000)   1.0000000000000000     
           2              (-1.5699521063277546,0.0000000000000000)   1.0000000000000000     
           2              (-1.5264921147603705,0.0000000000000000)   1.0000000000000000     
           2              (-1.5722935469692774,0.0000000000000000)   1.0000000000000000     
           2              (-1.5276841347635643,0.0000000000000000)   1.0000000000000000     
           2              (-1.5455568743620691,0.0000000000000000)   1.0000000000000000     
           2              (-1.5350122199013827,0.0000000000000000)   1.0000000000000000     
           2              (-1.5816322951784232,0.0000000000000000)   1.0000000000000000     
           2              (-1.6014957494596727,0.0000000000000000)   1.0000000000000000     
           2              (-1.5167712719607658,0.0000000000000000)   1.0000000000000000     
           2              (-1.5569959184188638,0.0000000000000000)   1.0000000000000000     
           2              (-1.5681205480762925,0.0000000000000000)   1.0000000000000000     
