           2              (-2.8352030215677457,0.0000000000000000)   1.0000000000000000     
           2              (-2.9317244206185822,0.0000000000000000)   1.0000000000000000     
           2              (-2.8507755762235747,0.0000000000000000)   1.0000000000000000     
           2              (-2.9261584280948831,0.0000000000000000)   1.0000000000000000     
           2              (-2.9712807287022933,0.0000000000000000)   1.0000000000000000     
           2              (-2.9394719856413336,0.0000000000000000)   1.0000000000000000     
           2              (-2.8588295713450655,0.0000000000000000)   1.0000000000000000     
           2              (-2.8638490811246196,0.0000000000000000)   1.0000000000000000     
           2              (-2.8697023710691654,0.0000000000000000)   1.0000000000000000     
           2              (-2.9114648563463068,0.0000000000000000)   1.0000000000000000     
           2              (-2.9493440496272489,0.0000000000000000)   1.0000000000000000     
           2              (-2.8416397443068226,0.0000000000000000)   1.0000000000000000     
           2              (-2.9432537422045102,0.0000000000000000)   1.0000000000000000     
           2              (-2.8830736804597383,0.0000000000000000)   1.0000000000000000     
           2              (-2.8842379443013000,0.0000000000000000)   1.0000000000000000     
           2              (-2.9531659598968973,0.0000000000000000)   1.0000000000000000     
           2              (-2.9272603746622012,0.0000000000000000)   1.0000000000000000     
           2              (-2.9082913408896998,0.0000000000000000)   1.0000000000000000     
           2              (-2.9254326868189988,0.0000000000000000)   1.0000000000000000     
           2              (-2.8752503630336794,0.0000000000000000)   1.0000000000000000     
           2              (-2.8791479078088158,0.0000000000000000)   1.0000000000000000     
           2              (-2.9107243345417686,0.0000000000000000)   1.0000000000000000     
           2              (-2.9071676479358111,0.0000000000000000)   1.0000000000000000     
           2              (-2.9188893729323375,0.0000000000000000)   1.0000000000000000     
           2              (-2.8675769313762332,0.0000000000000000)   1.0000000000000000     
           2              (-2.8828087324141576,0.0000000000000000)   1.0000000000000000     
           2              (-2.9628533298297337,0.0000000000000000)   1.0000000000000000     
           2              (-2.8876485273617036,0.0000000000000000)   1.0000000000000000     
           2              (-2.9314505030809546,0.0000000000000000)   1.0000000000000000     
           2              (-2.8808551770338364,0.0000000000000000)   1.0000000000000000     
           2              (-2.8820869377538085,0.0000000000000000)   1.0000000000000000     
           2              (-2.9132715819331256,0.0000000000000000)   1.0000000000000000     
           2              (-2.8762948082940367,0.0000000000000000)   1.0000000000000000     
           2              (-2.9634225888979713,0.0000000000000000)   1.0000000000000000     
           2              (-2.8828173193947171,0.0000000000000000)   1.0000000000000000     
           2              (-2.9113097963832093,0.0000000000000000)   1.0000000000000000     
           2              (-2.8901018446698008,0.0000000000000000)   1.0000000000000000     
           2              (-2.8940221783832940,0.0000000000000000)   1.0000000000000000     
           2              (-2.9206563926463107,0.0000000000000000)   1.0000000000000000     
           2              (-2.9135952893424784,0.0000000000000000)   1.0000000000000000     
           2              (-2.9878762986462353,0.0000000000000000)   1.0000000000000000     
           2              (-2.8686269418485608,0.0000000000000000)   1.0000000000000000     
           2              (-2.9609657844135193,0.0000000000000000)   1.0000000000000000     
           2              (-2.8981583392686163,0.0000000000000000)   1.0000000000000000     
           2              (-2.9475361783827263,0.0000000000000000)   1.0000000000000000     
           2              (-2.8972884970560084,0.0000000000000000)   1.0000000000000000     
           2              (-2.9152174716204051,0.0000000000000000)   1.0000000000000000     
           2              (-2.9077596865883351,0.0000000000000000)   1.0000000000000000     
           2              (-2.8426097098068737,0.0000000000000000)   1.0000000000000000     
           2              (-2.8915688480556447,0.0000000000000000)   1.0000000000000000     
           2              (-2.8855652185663190,0.0000000000000000)   1.0000000000000000     
           2              (-2.8960211568155723,0.0000000000000000)   1.0000000000000000     
           2              (-2.9405884918074414,0.0000000000000000)   1.0000000000000000     
           2              (-2.8556749799944328,0.0000000000000000)   1.0000000000000000     
           2              (-2.9255044982225313,0.0000000000000000)   1.0000000000000000     
           2              (-2.8836740731960733,0.0000000000000000)   1.0000000000000000     
           2              (-2.8523552668842380,0.0000000000000000)   1.0000000000000000     
           2              (-2.9299893201812495,0.0000000000000000)   1.0000000000000000     
           2              (-2.8927314558166075,0.0000000000000000)   1.0000000000000000     
           2              (-2.9135789779028465,0.0000000000000000)   1.0000000000000000     
           2              (-2.8837023942828997,0.0000000000000000)   1.0000000000000000     
           2              (-2.8996977137491995,0.0000000000000000)   1.0000000000000000     
           2              (-2.9242218673775207,0.0000000000000000)   1.0000000000000000     
           2              (-2.9000948557788835,0.0000000000000000)   1.0000000000000000     
           2              (-2.8764574861233418,0.0000000000000000)   1.0000000000000000     
           2              (-2.9202722076151999,0.0000000000000000)   1.0000000000000000     
           2              (-2.8511243965719824,0.0000000000000000)   1.0000000000000000     
           2              (-2.9139031640640169,0.0000000000000000)   1.0000000000000000     
           2              (-2.9064878649820365,0.0000000000000000)   1.0000000000000000     
           2              (-2.8488858044896572,0.0000000000000000)   1.0000000000000000     
           2              (-2.9256853725465954,0.0000000000000000)   1.0000000000000000     
           2              (-2.9549239424806584,0.0000000000000000)   1.0000000000000000     
           2              (-2.8882081445102825,0.0000000000000000)   1.0000000000000000     
           2              (-2.8655045290496557,0.0000000000000000)   1.0000000000000000     
           2              (-2.8918405432472865,0.0000000000000000)   1.0000000000000000     
           2              (-2.9070042204424764,0.0000000000000000)   1.0000000000000000     
           2              (-2.9710281590673988,0.0000000000000000)   1.0000000000000000     
           2              (-2.9509442532289816,0.0000000000000000)   1.0000000000000000     
           2              (-2.9000229086890865,0.0000000000000000)   1.0000000000000000     
           2              (-2.9172543704826763,0.0000000000000000)   1.0000000000000000     
           2              (-2.9128139503323709,0.0000000000000000)   1.0000000000000000     
           2              (-2.9544719383822051,0.0000000000000000)   1.0000000000000000     
           2              (-2.8702735376066109,0.0000000000000000)   1.0000000000000000     
           2              (-2.9092522206131139,0.0000000000000000)   1.0000000000000000     
           2              (-2.8834917468345491,0.0000000000000000)   1.0000000000000000     
           2              (-2.9194263513206744,0.0000000000000000)   1.0000000000000000     
           2              (-2.9405482555019926,0.0000000000000000)   1.0000000000000000     
           2              (-2.8352924837174989,0.0000000000000000)   1.0000000000000000     
           2              (-2.9550015165261274,0.0000000000000000)   1.0000000000000000     
           2              (-2.9506709882154434,0.0000000000000000)   1.0000000000000000     
           2              (-2.9261555587597363,0.0000000000000000)   1.0000000000000000     
           2              (-2.8838965662780032,0.0000000000000000)   1.0000000000000000     
           2              (-2.8167188099365692,0.0000000000000000)   1.0000000000000000     
           2              (-2.8611711184149340,0.0000000000000000)   1.0000000000000000     
           2              (-2.9353414621855323,0.0000000000000000)   1.0000000000000000     
           2              (-2.9313573161446453,0.0000000000000000)   1.0000000000000000     
           2              (-2.9191638700706477,0.0000000000000000)   1.0000000000000000     
           2              (-2.8830939641700417,0.0000000000000000)   1.0000000000000000     
           2              (-2.8757042172230185,0.0000000000000000)   1.0000000000000000     
           2              (-2.9363052467602846,0.0000000000000000)   1.0000000000000000     
           2              (-2.9335902965266971,0.0000000000000000)   1.0000000000000000     
           2              (-2.9258725672081920,0.0000000000000000)   1.0000000000000000     
           2              (-2.9494500614412353,0.0000000000000000)   1.0000000000000000     
           2              (-2.9338196247033101,0.0000000000000000)   1.0000000000000000     
           2              (-2.9265111699083395,0.0000000000000000)   1.0000000000000000     
           2              (-2.8780319320807921,0.0000000000000000)   1.0000000000000000     
           2              (-2.8830987519537512,0.0000000000000000)   1.0000000000000000     
           2              (-2.8814522467587484,0.0000000000000000)   1.0000000000000000     
           2              (-2.9042384129137564,0.0000000000000000)   1.0000000000000000     
           2              (-2.9735388525223239,0.0000000000000000)   1.0000000000000000     
           2              (-2.9247869441670340,0.0000000000000000)   1.0000000000000000     
           2              (-2.8953007023415904,0.0000000000000000)   1.0000000000000000     
           2              (-2.9202847444495661,0.0000000000000000)   1.0000000000000000     
           2              (-2.9189216355826808,0.0000000000000000)   1.0000000000000000     
           2              (-2.9032820630662703,0.0000000000000000)   1.0000000000000000     
           2              (-2.9537319229300008,0.0000000000000000)   1.0000000000000000     
           2              (-2.9424854578079627,0.0000000000000000)   1.0000000000000000     
           2              (-2.9157779663129602,0.0000000000000000)   1.0000000000000000     
           2              (-2.9075310104618359,0.0000000000000000)   1.0000000000000000     
           2              (-2.8645612432654435,0.0000000000000000)   1.0000000000000000     
           2              (-2.9037548797197803,0.0000000000000000)   1.0000000000000000     
           2              (-2.9973250034325112,0.0000000000000000)   1.0000000000000000     
           2              (-2.9848059150088169,0.0000000000000000)   1.0000000000000000     
           2              (-2.9233342276607583,0.0000000000000000)   1.0000000000000000     
           2              (-2.9932974859767700,0.0000000000000000)   1.0000000000000000     
           2              (-2.8743587023485131,0.0000000000000000)   1.0000000000000000     
           2              (-2.9035872122807622,0.0000000000000000)   1.0000000000000000     
           2              (-2.8850362730933101,0.0000000000000000)   1.0000000000000000     
           2              (-2.9214305588549547,0.0000000000000000)   1.0000000000000000     
           2              (-2.9467327313354601,0.0000000000000000)   1.0000000000000000     
           2              (-2.9192855569594238,0.0000000000000000)   1.0000000000000000     
           2              (-2.8411488719706068,0.0000000000000000)   1.0000000000000000     
           2              (-2.8813194663040167,0.0000000000000000)   1.0000000000000000     
           2              (-2.9106627045488205,0.0000000000000000)   1.0000000000000000     
           2              (-2.9072907595854560,0.0000000000000000)   1.0000000000000000     
           2              (-2.9063730222704196,0.0000000000000000)   1.0000000000000000     
           2              (-2.8697724568191436,0.0000000000000000)   1.0000000000000000     
           2              (-2.9064954304574226,0.0000000000000000)   1.0000000000000000     
           2              (-2.9381503869905918,0.0000000000000000)   1.0000000000000000     
           2              (-2.8947216315755457,0.0000000000000000)   1.0000000000000000     
           2              (-2.8849702345159187,0.0000000000000000)   1.0000000000000000     
           2              (-2.9433277590815012,0.0000000000000000)   1.0000000000000000     
           2              (-2.8586183113943684,0.0000000000000000)   1.0000000000000000     
           2              (-2.9487010681223840,0.0000000000000000)   1.0000000000000000     
           2              (-2.8018131961905364,0.0000000000000000)   1.0000000000000000     
           2              (-2.9359203362025807,0.0000000000000000)   1.0000000000000000     
           2              (-2.8699323559416823,0.0000000000000000)   1.0000000000000000     
           2              (-2.9354745042661281,0.0000000000000000)   1.0000000000000000     
           2              (-2.8686872672013104,0.0000000000000000)   1.0000000000000000     
           2              (-2.9301947937250006,0.0000000000000000)   1.0000000000000000     
           2              (-2.8537340721966862,0.0000000000000000)   1.0000000000000000     
           2              (-2.9617597032205270,0.0000000000000000)   1.0000000000000000     
           2              (-2.9328197213720975,0.0000000000000000)   1.0000000000000000     
           2              (-2.9010032631710794,0.0000000000000000)   1.0000000000000000     
           2              (-2.9146667113743643,0.0000000000000000)   1.0000000000000000     
           2              (-2.9043220423951639,0.0000000000000000)   1.0000000000000000     
           2              (-2.9650390956246264,0.0000000000000000)   1.0000000000000000     
           2              (-2.9280820445889679,0.0000000000000000)   1.0000000000000000     
           2              (-2.9585345924181521,0.0000000000000000)   1.0000000000000000     
           2              (-2.8531226089155872,0.0000000000000000)   1.0000000000000000     
           2              (-2.8807574157473845,0.0000000000000000)   1.0000000000000000     
           2              (-2.9052814092705077,0.0000000000000000)   1.0000000000000000     
           2              (-2.9543562240675443,0.0000000000000000)   1.0000000000000000     
           2              (-2.8831442741810238,0.0000000000000000)   1.0000000000000000     
           2              (-2.9136301085373955,0.0000000000000000)   1.0000000000000000     
           2              (-2.9423100951532146,0.0000000000000000)   1.0000000000000000     
           2              (-2.9381311202600808,0.0000000000000000)   1.0000000000000000     
           2              (-2.8929462760803060,0.0000000000000000)   1.0000000000000000     
           2              (-2.9196549352094161,0.0000000000000000)   1.0000000000000000     
           2              (-2.9831197526207816,0.0000000000000000)   1.0000000000000000     
           2              (-2.9185713680006096,0.0000000000000000)   1.0000000000000000     
           2              (-2.9059750016642552,0.0000000000000000)   1.0000000000000000     
           2              (-2.8419448442610786,0.0000000000000000)   1.0000000000000000     
           2              (-2.9441163090377129,0.0000000000000000)   1.0000000000000000     
           2              (-2.9001899426662923,0.0000000000000000)   1.0000000000000000     
           2              (-2.9656437159193523,0.0000000000000000)   1.0000000000000000     
           2              (-2.8901979856712363,0.0000000000000000)   1.0000000000000000     
           2              (-2.8782375999943670,0.0000000000000000)   1.0000000000000000     
           2              (-2.8648803441105248,0.0000000000000000)   1.0000000000000000     
           2              (-2.9157349502038090,0.0000000000000000)   1.0000000000000000     
           2              (-2.9260718494326992,0.0000000000000000)   1.0000000000000000     
           2              (-2.9193500840007611,0.0000000000000000)   1.0000000000000000     
           2              (-2.9210924732032568,0.0000000000000000)   1.0000000000000000     
           2              (-2.8595888111822632,0.0000000000000000)   1.0000000000000000     
           2              (-2.8738240267707953,0.0000000000000000)   1.0000000000000000     
           2              (-2.8721826391994929,0.0000000000000000)   1.0000000000000000     
           2              (-2.9552485795415491,0.0000000000000000)   1.0000000000000000     
           2              (-2.9302313946443475,0.0000000000000000)   1.0000000000000000     
           2              (-2.9275136508280339,0.0000000000000000)   1.0000000000000000     
           2              (-2.9219993290400734,0.0000000000000000)   1.0000000000000000     
           2              (-2.8917288297934638,0.0000000000000000)   1.0000000000000000     
           2              (-2.9473559010941193,0.0000000000000000)   1.0000000000000000     
           2              (-2.9357395350856033,0.0000000000000000)   1.0000000000000000     
           2              (-2.9139616484130606,0.0000000000000000)   1.0000000000000000     
           2              (-2.9149789364755212,0.0000000000000000)   1.0000000000000000     
           2              (-2.8504534559084944,0.0000000000000000)   1.0000000000000000     
           2              (-2.8814797678203052,0.0000000000000000)   1.0000000000000000     
           2              (-2.9253644364464444,0.0000000000000000)   1.0000000000000000     
           2              (-2.9438685117705012,0.0000000000000000)   1.0000000000000000     
           2              (-2.8961338822855676,0.0000000000000000)   1.0000000000000000     
           2              (-2.9149239986544093,0.0000000000000000)   1.0000000000000000     
           2              (-2.8912727069371345,0.0000000000000000)   1.0000000000000000     
           2              (-2.9326549086269189,0.0000000000000000)   1.0000000000000000     
           2              (-2.8828029568666165,0.0000000000000000)   1.0000000000000000     
           2              (-2.9152858268321178,0.0000000000000000)   1.0000000000000000     
           2              (-2.9121563243697612,0.0000000000000000)   1.0000000000000000     
           2              (-2.8867560584477934,0.0000000000000000)   1.0000000000000000     
           2              (-2.9587553605682770,0.0000000000000000)   1.0000000000000000     
           2              (-2.8874601581630750,0.0000000000000000)   1.0000000000000000     
           2              (-2.9098130322158808,0.0000000000000000)   1.0000000000000000     
           2              (-2.8841086125626427,0.0000000000000000)   1.0000000000000000     
           2              (-2.9126091805615193,0.0000000000000000)   1.0000000000000000     
           2              (-2.8802855596249479,0.0000000000000000)   1.0000000000000000     
           2              (-2.9078011104312238,0.0000000000000000)   1.0000000000000000     
           2              (-2.9432787661473316,0.0000000000000000)   1.0000000000000000     
           2              (-2.9442224510983230,0.0000000000000000)   1.0000000000000000     
           2              (-2.9169544001162171,0.0000000000000000)   1.0000000000000000     
           2              (-2.9279524478732402,0.0000000000000000)   1.0000000000000000     
           2              (-2.9142918251715675,0.0000000000000000)   1.0000000000000000     
           2              (-2.8971443309978797,0.0000000000000000)   1.0000000000000000     
           2              (-2.9040140242670742,0.0000000000000000)   1.0000000000000000     
           2              (-2.8974152704346499,0.0000000000000000)   1.0000000000000000     
           2              (-2.9151355814480353,0.0000000000000000)   1.0000000000000000     
           2              (-2.9216524666880170,0.0000000000000000)   1.0000000000000000     
           2              (-2.9229797656787073,0.0000000000000000)   1.0000000000000000     
           2              (-2.8951825940860969,0.0000000000000000)   1.0000000000000000     
           2              (-2.9177848811264355,0.0000000000000000)   1.0000000000000000     
           2              (-2.9429575804323940,0.0000000000000000)   1.0000000000000000     
           2              (-2.9672932420707445,0.0000000000000000)   1.0000000000000000     
           2              (-2.9201433324496251,0.0000000000000000)   1.0000000000000000     
           2              (-2.9188290622514690,0.0000000000000000)   1.0000000000000000     
           2              (-2.8546481021175003,0.0000000000000000)   1.0000000000000000     
           2              (-2.9555861899586882,0.0000000000000000)   1.0000000000000000     
           2              (-2.8766712560254226,0.0000000000000000)   1.0000000000000000     
           2              (-2.9053187604083828,0.0000000000000000)   1.0000000000000000     
           2              (-2.8826683187653082,0.0000000000000000)   1.0000000000000000     
           2              (-2.8918985692598969,0.0000000000000000)   1.0000000000000000     
           2              (-2.9112889979834788,0.0000000000000000)   1.0000000000000000     
           2              (-2.9213479633566646,0.0000000000000000)   1.0000000000000000     
           2              (-2.9170443916992621,0.0000000000000000)   1.0000000000000000     
           2              (-2.9142210666148993,0.0000000000000000)   1.0000000000000000     
           2              (-2.9378581128125609,0.0000000000000000)   1.0000000000000000     
           2              (-2.9215401820537621,0.0000000000000000)   1.0000000000000000     
           2              (-2.8595900678039183,0.0000000000000000)   1.0000000000000000     
           2              (-2.8845988444372694,0.0000000000000000)   1.0000000000000000     
           2              (-2.9443625378877711,0.0000000000000000)   1.0000000000000000     
           2              (-2.8603449277126285,0.0000000000000000)   1.0000000000000000     
           2              (-2.9487996837646500,0.0000000000000000)   1.0000000000000000     
           2              (-2.8549112653249451,0.0000000000000000)   1.0000000000000000     
           2              (-2.9024872120284781,0.0000000000000000)   1.0000000000000000     
           2              (-2.9322494232628853,0.0000000000000000)   1.0000000000000000     
           2              (-2.8831380557766648,0.0000000000000000)   1.0000000000000000     
           2              (-2.8917173820127879,0.0000000000000000)   1.0000000000000000     
           2              (-2.9243185904909925,0.0000000000000000)   1.0000000000000000     
           2              (-2.9105061161206827,0.0000000000000000)   1.0000000000000000     
           2              (-2.8815959752131097,0.0000000000000000)   1.0000000000000000     
           2              (-2.8923392185077432,0.0000000000000000)   1.0000000000000000     
           2              (-2.9016261403201642,0.0000000000000000)   1.0000000000000000     
           2              (-2.9271932856349414,0.0000000000000000)   1.0000000000000000     
           2              (-2.8181766995818558,0.0000000000000000)   1.0000000000000000     
           2              (-2.9114647152652218,0.0000000000000000)   1.0000000000000000     
           2              (-2.8608081555706826,0.0000000000000000)   1.0000000000000000     
           2              (-2.8916620882243040,0.0000000000000000)   1.0000000000000000     
           2              (-2.9075503083616496,0.0000000000000000)   1.0000000000000000     
           2              (-2.8692566076284827,0.0000000000000000)   1.0000000000000000     
           2              (-2.8817479205605370,0.0000000000000000)   1.0000000000000000     
           2              (-2.9240320580237844,0.0000000000000000)   1.0000000000000000     
           2              (-2.9335427446643672,0.0000000000000000)   1.0000000000000000     
           2              (-2.9231548926928559,0.0000000000000000)   1.0000000000000000     
           2              (-2.9039044804049499,0.0000000000000000)   1.0000000000000000     
           2              (-2.8697189485328374,0.0000000000000000)   1.0000000000000000     
           2              (-2.9562827173043034,0.0000000000000000)   1.0000000000000000     
           2              (-2.8850895298776758,0.0000000000000000)   1.0000000000000000     
           2              (-2.8726881848724388,0.0000000000000000)   1.0000000000000000     
           2              (-2.9255373717489506,0.0000000000000000)   1.0000000000000000     
           2              (-2.9804004206481491,0.0000000000000000)   1.0000000000000000     
           2              (-2.8746337014538406,0.0000000000000000)   1.0000000000000000     
           2              (-2.9066212943413667,0.0000000000000000)   1.0000000000000000     
           2              (-2.9123899888967837,0.0000000000000000)   1.0000000000000000     
           2              (-2.8915001750162848,0.0000000000000000)   1.0000000000000000     
           2              (-2.9014564357351333,0.0000000000000000)   1.0000000000000000     
           2              (-2.9247211395509765,0.0000000000000000)   1.0000000000000000     
           2              (-2.8667740164982281,0.0000000000000000)   1.0000000000000000     
           2              (-2.8755639575239922,0.0000000000000000)   1.0000000000000000     
           2              (-2.8254232022233268,0.0000000000000000)   1.0000000000000000     
           2              (-2.8331653443716247,0.0000000000000000)   1.0000000000000000     
           2              (-2.8515207192405070,0.0000000000000000)   1.0000000000000000     
           2              (-2.9090986215815273,0.0000000000000000)   1.0000000000000000     
           2              (-2.9510882573624362,0.0000000000000000)   1.0000000000000000     
           2              (-2.9742665944640629,0.0000000000000000)   1.0000000000000000     
           2              (-2.8971459086584099,0.0000000000000000)   1.0000000000000000     
           2              (-2.9114846134482955,0.0000000000000000)   1.0000000000000000     
           2              (-2.9047036468273242,0.0000000000000000)   1.0000000000000000     
           2              (-2.9067592135252589,0.0000000000000000)   1.0000000000000000     
           2              (-2.8669570089141869,0.0000000000000000)   1.0000000000000000     
           2              (-2.8937177365469018,0.0000000000000000)   1.0000000000000000     
           2              (-2.9696109217376079,0.0000000000000000)   1.0000000000000000     
           2              (-2.8312118151090440,0.0000000000000000)   1.0000000000000000     
           2              (-2.8702552368302841,0.0000000000000000)   1.0000000000000000     
           2              (-2.8725284499326458,0.0000000000000000)   1.0000000000000000     
           2              (-2.9362460556074312,0.0000000000000000)   1.0000000000000000     
           2              (-2.8603807432851496,0.0000000000000000)   1.0000000000000000     
           2              (-2.9212526434334323,0.0000000000000000)   1.0000000000000000     
           2              (-2.9255061024729705,0.0000000000000000)   1.0000000000000000     
           2              (-2.8929019022449438,0.0000000000000000)   1.0000000000000000     
           2              (-2.9397160104811020,0.0000000000000000)   1.0000000000000000     
           2              (-2.9243097793982518,0.0000000000000000)   1.0000000000000000     
           2              (-2.9104992008001016,0.0000000000000000)   1.0000000000000000     
           2              (-2.9288263521421039,0.0000000000000000)   1.0000000000000000     
           2              (-2.9126435156548522,0.0000000000000000)   1.0000000000000000     
           2              (-2.8792196155760097,0.0000000000000000)   1.0000000000000000     
           2              (-2.9359933627274097,0.0000000000000000)   1.0000000000000000     
           2              (-2.9427255154470027,0.0000000000000000)   1.0000000000000000     
           2              (-2.9132959263955036,0.0000000000000000)   1.0000000000000000     
           2              (-2.8984546185519382,0.0000000000000000)   1.0000000000000000     
           2              (-2.8842222739124894,0.0000000000000000)   1.0000000000000000     
           2              (-2.9214653151812029,0.0000000000000000)   1.0000000000000000     
           2              (-2.8796149799107686,0.0000000000000000)   1.0000000000000000     
           2              (-2.9065773219601785,0.0000000000000000)   1.0000000000000000     
           2              (-2.9178388683290124,0.0000000000000000)   1.0000000000000000     
           2              (-2.9322385036241529,0.0000000000000000)   1.0000000000000000     
           2              (-2.8650150904709188,0.0000000000000000)   1.0000000000000000     
           2              (-2.8793095883926449,0.0000000000000000)   1.0000000000000000     
           2              (-2.9020215331099863,0.0000000000000000)   1.0000000000000000     
           2              (-2.9312704202389006,0.0000000000000000)   1.0000000000000000     
           2              (-2.9184610811619414,0.0000000000000000)   1.0000000000000000     
           2              (-2.9107600315280022,0.0000000000000000)   1.0000000000000000     
           2              (-2.9010198320853777,0.0000000000000000)   1.0000000000000000     
           2              (-2.9004844160977510,0.0000000000000000)   1.0000000000000000     
           2              (-2.8935121665598094,0.0000000000000000)   1.0000000000000000     
           2              (-2.9496335007517973,0.0000000000000000)   1.0000000000000000     
           2              (-2.8928142550512441,0.0000000000000000)   1.0000000000000000     
           2              (-2.8814620429216102,0.0000000000000000)   1.0000000000000000     
           2              (-2.8820667455314335,0.0000000000000000)   1.0000000000000000     
           2              (-2.9302580649569845,0.0000000000000000)   1.0000000000000000     
           2              (-2.9762594567088887,0.0000000000000000)   1.0000000000000000     
           2              (-2.9046132156701643,0.0000000000000000)   1.0000000000000000     
           2              (-2.9053358138238843,0.0000000000000000)   1.0000000000000000     
           2              (-2.9538245418706439,0.0000000000000000)   1.0000000000000000     
