           2               (4.0000000000000044,0.0000000000000000)   1.0000000000000000     
           2               (4.0000000000000373,0.0000000000000000)   1.0000000000000000     
           2               (3.9999999999997762,0.0000000000000000)   1.0000000000000000     
           2               (3.9999999999998921,0.0000000000000000)   1.0000000000000000     
           2               (3.9999999999996110,0.0000000000000000)   1.0000000000000000     
           2               (3.9999999999991713,0.0000000000000000)   1.0000000000000000     
           2               (3.9999999999995799,0.0000000000000000)   1.0000000000000000     
           2               (4.0000000000007070,0.0000000000000000)   1.0000000000000000     
           2               (3.9999999999996896,0.0000000000000000)   1.0000000000000000     
           2               (3.9999999999994960,0.0000000000000000)   1.0000000000000000     
           2               (4.0000000000001092,0.0000000000000000)   1.0000000000000000     
           2               (4.0000000000000400,0.0000000000000000)   1.0000000000000000     
           2               (4.0000000000012008,0.0000000000000000)   1.0000000000000000     
           2               (4.0000000000013358,0.0000000000000000)   1.0000000000000000     
           2               (3.9999999999999893,0.0000000000000000)   1.0000000000000000     
           2               (3.9999999999998690,0.0000000000000000)   1.0000000000000000     
           2               (4.0000000000005720,0.0000000000000000)   1.0000000000000000     
           2               (3.9999999999998073,0.0000000000000000)   1.0000000000000000     
           2               (4.0000000000005702,0.0000000000000000)   1.0000000000000000     
           2               (4.0000000000001510,0.0000000000000000)   1.0000000000000000     
           2               (4.0000000000003073,0.0000000000000000)   1.0000000000000000     
           2               (4.0000000000000542,0.0000000000000000)   1.0000000000000000     
           2               (3.9999999999999774,0.0000000000000000)   1.0000000000000000     
           2               (3.9999999999991691,0.0000000000000000)   1.0000000000000000     
           2               (4.0000000000000995,0.0000000000000000)   1.0000000000000000     
           2               (3.9999999999995830,0.0000000000000000)   1.0000000000000000     
           2               (4.0000000000000222,0.0000000000000000)   1.0000000000000000     
           2               (3.9999999999999809,0.0000000000000000)   1.0000000000000000     
           2               (4.0000000000000417,0.0000000000000000)   1.0000000000000000     
           2               (4.0000000000005462,0.0000000000000000)   1.0000000000000000     
           2               (3.9999999999999183,0.0000000000000000)   1.0000000000000000     
           2               (3.9999999999999316,0.0000000000000000)   1.0000000000000000     
           2               (4.0000000000000933,0.0000000000000000)   1.0000000000000000     
           2               (4.0000000000002203,0.0000000000000000)   1.0000000000000000     
           2               (3.9999999999971640,0.0000000000000000)   1.0000000000000000     
           2               (3.9999999999997660,0.0000000000000000)   1.0000000000000000     
           2               (4.0000000000000790,0.0000000000000000)   1.0000000000000000     
           2               (3.9999999999997606,0.0000000000000000)   1.0000000000000000     
           2               (3.9999999999997926,0.0000000000000000)   1.0000000000000000     
           2               (4.0000000000000071,0.0000000000000000)   1.0000000000000000     
           2               (4.0000000000002380,0.0000000000000000)   1.0000000000000000     
           2               (3.9999999999996927,0.0000000000000000)   1.0000000000000000     
           2               (3.9999999999999925,0.0000000000000000)   1.0000000000000000     
           2               (4.0000000000001137,0.0000000000000000)   1.0000000000000000     
           2               (4.0000000000000071,0.0000000000000000)   1.0000000000000000     
           2               (3.9999999999999454,0.0000000000000000)   1.0000000000000000     
           2               (4.0000000000004912,0.0000000000000000)   1.0000000000000000     
           2               (4.0000000000001608,0.0000000000000000)   1.0000000000000000     
           2               (3.9999999999999889,0.0000000000000000)   1.0000000000000000     
           2               (3.9999999999999725,0.0000000000000000)   1.0000000000000000     
           2               (3.9999999999998863,0.0000000000000000)   1.0000000000000000     
           2               (4.0000000000003126,0.0000000000000000)   1.0000000000000000     
           2               (4.0000000000000142,0.0000000000000000)   1.0000000000000000     
           2               (3.9999999999999862,0.0000000000000000)   1.0000000000000000     
           2               (4.0000000000000178,0.0000000000000000)   1.0000000000000000     
           2               (3.9999999999999569,0.0000000000000000)   1.0000000000000000     
           2               (4.0000000000000071,0.0000000000000000)   1.0000000000000000     
           2               (3.9999999999997007,0.0000000000000000)   1.0000000000000000     
           2               (4.0000000000001332,0.0000000000000000)   1.0000000000000000     
           2               (3.9999999999997788,0.0000000000000000)   1.0000000000000000     
           2               (4.0000000000004947,0.0000000000000000)   1.0000000000000000     
           2               (3.9999999999999059,0.0000000000000000)   1.0000000000000000     
           2               (4.0000000000000524,0.0000000000000000)   1.0000000000000000     
           2               (3.9999999999999312,0.0000000000000000)   1.0000000000000000     
           2               (3.9999999999999578,0.0000000000000000)   1.0000000000000000     
           2               (3.9999999999993014,0.0000000000000000)   1.0000000000000000     
           2               (4.0000000000000711,0.0000000000000000)   1.0000000000000000     
           2               (4.0000000000000204,0.0000000000000000)   1.0000000000000000     
           2               (4.0000000000000808,0.0000000000000000)   1.0000000000000000     
           2               (4.0000000000002780,0.0000000000000000)   1.0000000000000000     
           2               (4.0000000000001421,0.0000000000000000)   1.0000000000000000     
           2               (4.0000000000006617,0.0000000000000000)   1.0000000000000000     
           2               (4.0000000000010028,0.0000000000000000)   1.0000000000000000     
           2               (3.9999999999998783,0.0000000000000000)   1.0000000000000000     
           2               (4.0000000000001004,0.0000000000000000)   1.0000000000000000     
           2               (3.9999999999997780,0.0000000000000000)   1.0000000000000000     
           2               (4.0000000000001039,0.0000000000000000)   1.0000000000000000     
           2               (4.0000000000000595,0.0000000000000000)   1.0000000000000000     
           2               (4.0000000000001714,0.0000000000000000)   1.0000000000000000     
           2               (3.9999999999999503,0.0000000000000000)   1.0000000000000000     
           2               (4.0000000000001510,0.0000000000000000)   1.0000000000000000     
           2               (4.0000000000000240,0.0000000000000000)   1.0000000000000000     
           2               (4.0000000000000018,0.0000000000000000)   1.0000000000000000     
           2               (3.9999999999997811,0.0000000000000000)   1.0000000000000000     
           2               (3.9999999999997642,0.0000000000000000)   1.0000000000000000     
           2               (4.0000000000002505,0.0000000000000000)   1.0000000000000000     
           2               (4.0000000000000568,0.0000000000000000)   1.0000000000000000     
           2               (4.0000000000004716,0.0000000000000000)   1.0000000000000000     
           2               (3.9999999999998033,0.0000000000000000)   1.0000000000000000     
           2               (3.9999999999982956,0.0000000000000000)   1.0000000000000000     
           2               (4.0000000000002931,0.0000000000000000)   1.0000000000000000     
           2               (4.0000000000000941,0.0000000000000000)   1.0000000000000000     
           2               (3.9999999999999543,0.0000000000000000)   1.0000000000000000     
           2               (4.0000000000000915,0.0000000000000000)   1.0000000000000000     
           2               (3.9999999999999045,0.0000000000000000)   1.0000000000000000     
           2               (4.0000000000001465,0.0000000000000000)   1.0000000000000000     
           2               (4.0000000000002087,0.0000000000000000)   1.0000000000000000     
           2               (4.0000000000003357,0.0000000000000000)   1.0000000000000000     
           2               (3.9999999999996252,0.0000000000000000)   1.0000000000000000     
           2               (3.9999999999991767,0.0000000000000000)   1.0000000000000000     
           2               (3.9999999999999072,0.0000000000000000)   1.0000000000000000     
           2               (3.9999999999999933,0.0000000000000000)   1.0000000000000000     
           2               (3.9999999999999525,0.0000000000000000)   1.0000000000000000     
           2               (3.9999999999999152,0.0000000000000000)   1.0000000000000000     
           2               (3.9999999999998921,0.0000000000000000)   1.0000000000000000     
           2               (4.0000000000002771,0.0000000000000000)   1.0000000000000000     
           2               (3.9999999999999440,0.0000000000000000)   1.0000000000000000     
           2               (4.0000000000003331,0.0000000000000000)   1.0000000000000000     
           2               (4.0000000000000782,0.0000000000000000)   1.0000000000000000     
           2               (3.9999999999993348,0.0000000000000000)   1.0000000000000000     
           2               (4.0000000000002318,0.0000000000000000)   1.0000000000000000     
           2               (4.0000000000001830,0.0000000000000000)   1.0000000000000000     
           2               (4.0000000000002283,0.0000000000000000)   1.0000000000000000     
           2               (3.9999999999999440,0.0000000000000000)   1.0000000000000000     
           2               (3.9999999999998099,0.0000000000000000)   1.0000000000000000     
           2               (4.0000000000000089,0.0000000000000000)   1.0000000000000000     
           2               (3.9999999999991882,0.0000000000000000)   1.0000000000000000     
           2               (4.0000000000004752,0.0000000000000000)   1.0000000000000000     
           2               (4.0000000000000115,0.0000000000000000)   1.0000000000000000     
           2               (4.0000000000001048,0.0000000000000000)   1.0000000000000000     
           2               (3.9999999999983595,0.0000000000000000)   1.0000000000000000     
           2               (4.0000000000004405,0.0000000000000000)   1.0000000000000000     
           2               (4.0000000000000551,0.0000000000000000)   1.0000000000000000     
           2               (4.0000000000000107,0.0000000000000000)   1.0000000000000000     
           2               (4.0000000000002887,0.0000000000000000)   1.0000000000000000     
           2               (4.0000000000000036,0.0000000000000000)   1.0000000000000000     
           2               (4.0000000000003313,0.0000000000000000)   1.0000000000000000     
           2               (4.0000000000001101,0.0000000000000000)   1.0000000000000000     
           2               (4.0000000000000719,0.0000000000000000)   1.0000000000000000     
           2               (4.0000000000003233,0.0000000000000000)   1.0000000000000000     
           2               (3.9999999999999245,0.0000000000000000)   1.0000000000000000     
           2               (3.9999999999999636,0.0000000000000000)   1.0000000000000000     
           2               (4.0000000000000808,0.0000000000000000)   1.0000000000000000     
           2               (4.0000000000000036,0.0000000000000000)   1.0000000000000000     
           2               (4.0000000000000009,0.0000000000000000)   1.0000000000000000     
           2               (4.0000000000001581,0.0000000000000000)   1.0000000000000000     
           2               (3.9999999999997105,0.0000000000000000)   1.0000000000000000     
           2               (4.0000000000002354,0.0000000000000000)   1.0000000000000000     
           2               (3.9999999999999760,0.0000000000000000)   1.0000000000000000     
           2               (4.0000000000001492,0.0000000000000000)   1.0000000000000000     
           2               (4.0000000000001945,0.0000000000000000)   1.0000000000000000     
           2               (3.9999999999986531,0.0000000000000000)   1.0000000000000000     
           2               (3.9999999999998712,0.0000000000000000)   1.0000000000000000     
           2               (3.9999999999999281,0.0000000000000000)   1.0000000000000000     
           2               (3.9999999999990825,0.0000000000000000)   1.0000000000000000     
           2               (4.0000000000000204,0.0000000000000000)   1.0000000000000000     
           2               (4.0000000000003704,0.0000000000000000)   1.0000000000000000     
           2               (4.0000000000002176,0.0000000000000000)   1.0000000000000000     
           2               (4.0000000000000018,0.0000000000000000)   1.0000000000000000     
           2               (4.0000000000000240,0.0000000000000000)   1.0000000000000000     
           2               (3.9999999999996243,0.0000000000000000)   1.0000000000000000     
           2               (4.0000000000001528,0.0000000000000000)   1.0000000000000000     
           2               (3.9999999999999178,0.0000000000000000)   1.0000000000000000     
           2               (3.9999999999999583,0.0000000000000000)   1.0000000000000000     
           2               (4.0000000000000187,0.0000000000000000)   1.0000000000000000     
           2               (3.9999999999970579,0.0000000000000000)   1.0000000000000000     
           2               (4.0000000000001981,0.0000000000000000)   1.0000000000000000     
           2               (4.0000000000000613,0.0000000000000000)   1.0000000000000000     
           2               (3.9999999999999907,0.0000000000000000)   1.0000000000000000     
           2               (4.0000000000002709,0.0000000000000000)   1.0000000000000000     
           2               (4.0000000000002167,0.0000000000000000)   1.0000000000000000     
           2               (4.0000000000001430,0.0000000000000000)   1.0000000000000000     
           2               (3.9999999999999289,0.0000000000000000)   1.0000000000000000     
           2               (4.0000000000000187,0.0000000000000000)   1.0000000000000000     
           2               (4.0000000000016982,0.0000000000000000)   1.0000000000000000     
           2               (3.9999999999995635,0.0000000000000000)   1.0000000000000000     
           2               (3.9999999999996225,0.0000000000000000)   1.0000000000000000     
           2               (4.0000000000003144,0.0000000000000000)   1.0000000000000000     
           2               (4.0000000000003935,0.0000000000000000)   1.0000000000000000     
           2               (4.0000000000002593,0.0000000000000000)   1.0000000000000000     
           2               (3.9999999999999867,0.0000000000000000)   1.0000000000000000     
           2               (3.9999999999998104,0.0000000000000000)   1.0000000000000000     
           2               (3.9999999999999516,0.0000000000000000)   1.0000000000000000     
           2               (4.0000000000001217,0.0000000000000000)   1.0000000000000000     
           2               (3.9999999999999387,0.0000000000000000)   1.0000000000000000     
           2               (4.0000000000001608,0.0000000000000000)   1.0000000000000000     
           2               (4.0000000000000249,0.0000000000000000)   1.0000000000000000     
           2               (4.0000000000001972,0.0000000000000000)   1.0000000000000000     
           2               (3.9999999999998344,0.0000000000000000)   1.0000000000000000     
           2               (3.9999999999842277,0.0000000000000000)   1.0000000000000000     
           2               (3.9999999999996660,0.0000000000000000)   1.0000000000000000     
           2               (4.0000000000001412,0.0000000000000000)   1.0000000000000000     
           2               (4.0000000000003348,0.0000000000000000)   1.0000000000000000     
           2               (3.9999999999999605,0.0000000000000000)   1.0000000000000000     
           2               (4.0000000000001767,0.0000000000000000)   1.0000000000000000     
           2               (3.9999999999997744,0.0000000000000000)   1.0000000000000000     
           2               (4.0000000000000853,0.0000000000000000)   1.0000000000000000     
           2               (4.0000000000000018,0.0000000000000000)   1.0000000000000000     
           2               (4.0000000000001474,0.0000000000000000)   1.0000000000000000     
           2               (4.0000000000004556,0.0000000000000000)   1.0000000000000000     
           2               (4.0000000000001625,0.0000000000000000)   1.0000000000000000     
           2               (3.9999999999995270,0.0000000000000000)   1.0000000000000000     
           2               (3.9999999999998765,0.0000000000000000)   1.0000000000000000     
           2               (3.9999999999997833,0.0000000000000000)   1.0000000000000000     
           2               (4.0000000000002238,0.0000000000000000)   1.0000000000000000     
           2               (4.0000000000002398,0.0000000000000000)   1.0000000000000000     
           2               (3.9999999999999210,0.0000000000000000)   1.0000000000000000     
           2               (3.9999999999999734,0.0000000000000000)   1.0000000000000000     
           2               (3.9999999999998499,0.0000000000000000)   1.0000000000000000     
           2               (4.0000000000011404,0.0000000000000000)   1.0000000000000000     
           2               (4.0000000000002318,0.0000000000000000)   1.0000000000000000     
           2               (4.0000000000006111,0.0000000000000000)   1.0000000000000000     
           2               (4.0000000000000853,0.0000000000000000)   1.0000000000000000     
           2               (4.0000000000000178,0.0000000000000000)   1.0000000000000000     
           2               (3.9999999999999614,0.0000000000000000)   1.0000000000000000     
           2               (4.0000000000004228,0.0000000000000000)   1.0000000000000000     
           2               (4.0000000000013074,0.0000000000000000)   1.0000000000000000     
           2               (4.0000000000001483,0.0000000000000000)   1.0000000000000000     
           2               (3.9999999999996683,0.0000000000000000)   1.0000000000000000     
           2               (3.9999999999997766,0.0000000000000000)   1.0000000000000000     
           2               (3.9999999999998259,0.0000000000000000)   1.0000000000000000     
           2               (3.9999999999995883,0.0000000000000000)   1.0000000000000000     
           2               (4.0000000000003890,0.0000000000000000)   1.0000000000000000     
           2               (3.9999999999999734,0.0000000000000000)   1.0000000000000000     
           2               (3.9999999999990221,0.0000000000000000)   1.0000000000000000     
           2               (3.9999999999999343,0.0000000000000000)   1.0000000000000000     
           2               (4.0000000000000995,0.0000000000000000)   1.0000000000000000     
           2               (4.0000000000000764,0.0000000000000000)   1.0000000000000000     
           2               (3.9999999999998872,0.0000000000000000)   1.0000000000000000     
           2               (3.9999999999999343,0.0000000000000000)   1.0000000000000000     
           2               (4.0000000000002700,0.0000000000000000)   1.0000000000000000     
           2               (4.0000000000001279,0.0000000000000000)   1.0000000000000000     
           2               (4.0000000000000506,0.0000000000000000)   1.0000000000000000     
           2               (3.9999999999999241,0.0000000000000000)   1.0000000000000000     
           2               (3.9999999999995164,0.0000000000000000)   1.0000000000000000     
           2               (3.9999999999998632,0.0000000000000000)   1.0000000000000000     
           2               (3.9999999999999116,0.0000000000000000)   1.0000000000000000     
           2               (3.9999999999998179,0.0000000000000000)   1.0000000000000000     
           2               (4.0000000000000346,0.0000000000000000)   1.0000000000000000     
           2               (4.0000000000000471,0.0000000000000000)   1.0000000000000000     
           2               (3.9999999999996350,0.0000000000000000)   1.0000000000000000     
           2               (4.0000000000000773,0.0000000000000000)   1.0000000000000000     
           2               (3.9999999999999489,0.0000000000000000)   1.0000000000000000     
           2               (3.9999999999997837,0.0000000000000000)   1.0000000000000000     
           2               (3.9999999999998774,0.0000000000000000)   1.0000000000000000     
           2               (3.9999999999993423,0.0000000000000000)   1.0000000000000000     
           2               (3.9999999999998468,0.0000000000000000)   1.0000000000000000     
           2               (4.0000000000001519,0.0000000000000000)   1.0000000000000000     
           2               (3.9999999999999223,0.0000000000000000)   1.0000000000000000     
           2               (4.0000000000000373,0.0000000000000000)   1.0000000000000000     
           2               (4.0000000000007061,0.0000000000000000)   1.0000000000000000     
           2               (4.0000000000002043,0.0000000000000000)   1.0000000000000000     
           2               (3.9999999999998543,0.0000000000000000)   1.0000000000000000     
           2               (3.9999999999998823,0.0000000000000000)   1.0000000000000000     
           2               (4.0000000000000036,0.0000000000000000)   1.0000000000000000     
           2               (3.9999999999997868,0.0000000000000000)   1.0000000000000000     
           2               (4.0000000000000284,0.0000000000000000)   1.0000000000000000     
           2               (4.0000000000001057,0.0000000000000000)   1.0000000000000000     
           2               (4.0000000000000071,0.0000000000000000)   1.0000000000000000     
           2               (4.0000000000076472,0.0000000000000000)   1.0000000000000000     
           2               (4.0000000000013367,0.0000000000000000)   1.0000000000000000     
           2               (3.9999999999999822,0.0000000000000000)   1.0000000000000000     
           2               (4.0000000000000462,0.0000000000000000)   1.0000000000000000     
           2               (3.9999999999999587,0.0000000000000000)   1.0000000000000000     
           2               (3.9999999999999174,0.0000000000000000)   1.0000000000000000     
           2               (3.9999999999998530,0.0000000000000000)   1.0000000000000000     
           2               (3.9999999999997904,0.0000000000000000)   1.0000000000000000     
           2               (4.0000000000000169,0.0000000000000000)   1.0000000000000000     
           2               (4.0000000000000755,0.0000000000000000)   1.0000000000000000     
           2               (4.0000000000094467,0.0000000000000000)   1.0000000000000000     
           2               (3.9999999999999774,0.0000000000000000)   1.0000000000000000     
           2               (4.0000000000005276,0.0000000000000000)   1.0000000000000000     
           2               (4.0000000000002958,0.0000000000000000)   1.0000000000000000     
           2               (3.9999999999999911,0.0000000000000000)   1.0000000000000000     
           2               (4.0000000000006493,0.0000000000000000)   1.0000000000000000     
           2               (3.9999999999999267,0.0000000000000000)   1.0000000000000000     
           2               (3.9999999999996905,0.0000000000000000)   1.0000000000000000     
           2               (4.0000000000002132,0.0000000000000000)   1.0000000000000000     
           2               (3.9999999999997011,0.0000000000000000)   1.0000000000000000     
           2               (3.9999999999998077,0.0000000000000000)   1.0000000000000000     
           2               (4.0000000000000568,0.0000000000000000)   1.0000000000000000     
           2               (4.0000000000001874,0.0000000000000000)   1.0000000000000000     
           2               (4.0000000000000728,0.0000000000000000)   1.0000000000000000     
           2               (3.9999999999999098,0.0000000000000000)   1.0000000000000000     
           2               (3.9999999999998836,0.0000000000000000)   1.0000000000000000     
           2               (4.0000000000000506,0.0000000000000000)   1.0000000000000000     
           2               (3.9999999999989710,0.0000000000000000)   1.0000000000000000     
           2               (3.9999999999998921,0.0000000000000000)   1.0000000000000000     
           2               (3.9999999999999334,0.0000000000000000)   1.0000000000000000     
           2               (4.0000000000001465,0.0000000000000000)   1.0000000000000000     
           2               (3.9999999999998699,0.0000000000000000)   1.0000000000000000     
           2               (3.9999999999999933,0.0000000000000000)   1.0000000000000000     
           2               (4.0000000000001537,0.0000000000000000)   1.0000000000000000     
           2               (3.9999999999999911,0.0000000000000000)   1.0000000000000000     
           2               (3.9999999999999165,0.0000000000000000)   1.0000000000000000     
           2               (3.9999999999998157,0.0000000000000000)   1.0000000000000000     
           2               (4.0000000000005400,0.0000000000000000)   1.0000000000000000     
           2               (3.9999999999997660,0.0000000000000000)   1.0000000000000000     
           2               (3.9999999999999529,0.0000000000000000)   1.0000000000000000     
           2               (3.9999999999995470,0.0000000000000000)   1.0000000000000000     
           2               (3.9999999999995999,0.0000000000000000)   1.0000000000000000     
           2               (4.0000000000000142,0.0000000000000000)   1.0000000000000000     
           2               (3.9999999999996136,0.0000000000000000)   1.0000000000000000     
           2               (3.9999999999998228,0.0000000000000000)   1.0000000000000000     
           2               (4.0000000000002505,0.0000000000000000)   1.0000000000000000     
           2               (3.9999999999970486,0.0000000000000000)   1.0000000000000000     
           2               (4.0000000000000124,0.0000000000000000)   1.0000000000000000     
           2               (4.0000000000001341,0.0000000000000000)   1.0000000000000000     
           2               (4.0000000000000222,0.0000000000000000)   1.0000000000000000     
           2               (4.0000000000001119,0.0000000000000000)   1.0000000000000000     
           2               (4.0000000000001590,0.0000000000000000)   1.0000000000000000     
           2               (3.9999999999997082,0.0000000000000000)   1.0000000000000000     
           2               (4.0000000000000346,0.0000000000000000)   1.0000000000000000     
           2               (3.9999999999991087,0.0000000000000000)   1.0000000000000000     
           2               (4.0000000000000488,0.0000000000000000)   1.0000000000000000     
           2               (3.9999999999996958,0.0000000000000000)   1.0000000000000000     
           2               (4.0000000000001714,0.0000000000000000)   1.0000000000000000     
           2               (4.0000000000001288,0.0000000000000000)   1.0000000000000000     
           2               (4.0000000000001004,0.0000000000000000)   1.0000000000000000     
           2               (3.9999999999999831,0.0000000000000000)   1.0000000000000000     
           2               (3.9999999999999880,0.0000000000000000)   1.0000000000000000     
           2               (3.9999999999999005,0.0000000000000000)   1.0000000000000000     
           2               (4.0000000000013562,0.0000000000000000)   1.0000000000000000     
           2               (4.0000000000001155,0.0000000000000000)   1.0000000000000000     
           2               (4.0000000000000000,0.0000000000000000)   1.0000000000000000     
           2               (3.9999999999998423,0.0000000000000000)   1.0000000000000000     
           2               (4.0000000000001821,0.0000000000000000)   1.0000000000000000     
           2               (3.9999999999990923,0.0000000000000000)   1.0000000000000000     
           2               (4.0000000000000044,0.0000000000000000)   1.0000000000000000     
           2               (3.9999999999999156,0.0000000000000000)   1.0000000000000000     
           2               (3.9999999999999014,0.0000000000000000)   1.0000000000000000     
           2               (4.0000000000001101,0.0000000000000000)   1.0000000000000000     
           2               (3.9999999999994547,0.0000000000000000)   1.0000000000000000     
           2               (4.0000000000000426,0.0000000000000000)   1.0000000000000000     
           2               (3.9999999999999396,0.0000000000000000)   1.0000000000000000     
           2               (4.0000000000000746,0.0000000000000000)   1.0000000000000000     
           2               (3.9999999999998601,0.0000000000000000)   1.0000000000000000     
           2               (3.9999999999999942,0.0000000000000000)   1.0000000000000000     
           2               (3.9999999999999973,0.0000000000000000)   1.0000000000000000     
           2               (3.9999999999999698,0.0000000000000000)   1.0000000000000000     
           2               (3.9999999999999725,0.0000000000000000)   1.0000000000000000     
           2               (3.9999999999999076,0.0000000000000000)   1.0000000000000000     
           2               (4.0000000000001013,0.0000000000000000)   1.0000000000000000     
           2               (3.9999999999999734,0.0000000000000000)   1.0000000000000000     
           2               (4.0000000000001634,0.0000000000000000)   1.0000000000000000     
           2               (3.9999999999987406,0.0000000000000000)   1.0000000000000000     
           2               (3.9999999999999791,0.0000000000000000)   1.0000000000000000     
           2               (3.9999999999998095,0.0000000000000000)   1.0000000000000000     
           2               (3.9999999999998712,0.0000000000000000)   1.0000000000000000     
