           2               (1.3113022583927521,0.0000000000000000)   1.0000000000000000     
           2               (1.3449509389607730,0.0000000000000000)   1.0000000000000000     
           2               (1.3062734373612463,0.0000000000000000)   1.0000000000000000     
           2               (1.3622486186630021,0.0000000000000000)   1.0000000000000000     
           2               (1.3736731033220428,0.0000000000000000)   1.0000000000000000     
           2               (1.3729048228801861,0.0000000000000000)   1.0000000000000000     
           2               (1.3343584088533380,0.0000000000000000)   1.0000000000000000     
           2               (1.3342952089709281,0.0000000000000000)   1.0000000000000000     
           2               (1.3368489762301075,0.0000000000000000)   1.0000000000000000     
           2               (1.3532400811695446,0.0000000000000000)   1.0000000000000000     
           2               (1.4121723175175651,0.0000000000000000)   1.0000000000000000     
           2               (1.3439837144803612,0.0000000000000000)   1.0000000000000000     
           2               (1.3488257096083749,0.0000000000000000)   1.0000000000000000     
           2               (1.3440685507278642,0.0000000000000000)   1.0000000000000000     
           2               (1.3585861651262667,0.0000000000000000)   1.0000000000000000     
           2               (1.3766288108754463,0.0000000000000000)   1.0000000000000000     
           2               (1.3628758431519923,0.0000000000000000)   1.0000000000000000     
           2               (1.3569026030017215,0.0000000000000000)   1.0000000000000000     
           2               (1.3636534099655111,0.0000000000000000)   1.0000000000000000     
           2               (1.3579935816860162,0.0000000000000000)   1.0000000000000000     
           2               (1.3471110458898619,0.0000000000000000)   1.0000000000000000     
           2               (1.3817745118822478,0.0000000000000000)   1.0000000000000000     
           2               (1.3671497307323586,0.0000000000000000)   1.0000000000000000     
           2               (1.3690143556149872,0.0000000000000000)   1.0000000000000000     
           2               (1.3306021302486186,0.0000000000000000)   1.0000000000000000     
           2               (1.3698897350583858,0.0000000000000000)   1.0000000000000000     
           2               (1.3737552573862728,0.0000000000000000)   1.0000000000000000     
           2               (1.3620385000272599,0.0000000000000000)   1.0000000000000000     
           2               (1.3682984336385695,0.0000000000000000)   1.0000000000000000     
           2               (1.3424081417943825,0.0000000000000000)   1.0000000000000000     
           2               (1.3485444686431722,0.0000000000000000)   1.0000000000000000     
           2               (1.3518815110952938,0.0000000000000000)   1.0000000000000000     
           2               (1.3250527875622418,0.0000000000000000)   1.0000000000000000     
           2               (1.3721443372102835,0.0000000000000000)   1.0000000000000000     
           2               (1.3461960396730499,0.0000000000000000)   1.0000000000000000     
           2               (1.3468626765483822,0.0000000000000000)   1.0000000000000000     
           2               (1.3667439635818068,0.0000000000000000)   1.0000000000000000     
           2               (1.3487415576049389,0.0000000000000000)   1.0000000000000000     
           2               (1.3678915647069527,0.0000000000000000)   1.0000000000000000     
           2               (1.3532729603266873,0.0000000000000000)   1.0000000000000000     
           2               (1.3853581858454314,0.0000000000000000)   1.0000000000000000     
           2               (1.3593196889249664,0.0000000000000000)   1.0000000000000000     
           2               (1.3808883727661645,0.0000000000000000)   1.0000000000000000     
           2               (1.3422989412814434,0.0000000000000000)   1.0000000000000000     
           2               (1.3804097657888854,0.0000000000000000)   1.0000000000000000     
           2               (1.3588042102201663,0.0000000000000000)   1.0000000000000000     
           2               (1.3642760578958804,0.0000000000000000)   1.0000000000000000     
           2               (1.3620333563671554,0.0000000000000000)   1.0000000000000000     
           2               (1.3091800853964355,0.0000000000000000)   1.0000000000000000     
           2               (1.3681997478177128,0.0000000000000000)   1.0000000000000000     
           2               (1.3346546872512455,0.0000000000000000)   1.0000000000000000     
           2               (1.3477844230684195,0.0000000000000000)   1.0000000000000000     
           2               (1.3785017905242112,0.0000000000000000)   1.0000000000000000     
           2               (1.3240141007253172,0.0000000000000000)   1.0000000000000000     
           2               (1.3404892391726040,0.0000000000000000)   1.0000000000000000     
           2               (1.3268662005652663,0.0000000000000000)   1.0000000000000000     
           2               (1.3481293475781848,0.0000000000000000)   1.0000000000000000     
           2               (1.3620333939534692,0.0000000000000000)   1.0000000000000000     
           2               (1.3639147669396281,0.0000000000000000)   1.0000000000000000     
           2               (1.3498346335459639,0.0000000000000000)   1.0000000000000000     
           2               (1.3683018585508659,0.0000000000000000)   1.0000000000000000     
           2               (1.3420224764912208,0.0000000000000000)   1.0000000000000000     
           2               (1.3616099897420282,0.0000000000000000)   1.0000000000000000     
           2               (1.3415346339983298,0.0000000000000000)   1.0000000000000000     
           2               (1.3494233511982796,0.0000000000000000)   1.0000000000000000     
           2               (1.3753594575128891,0.0000000000000000)   1.0000000000000000     
           2               (1.3476870103296266,0.0000000000000000)   1.0000000000000000     
           2               (1.3595512966788357,0.0000000000000000)   1.0000000000000000     
           2               (1.3631041198012050,0.0000000000000000)   1.0000000000000000     
           2               (1.3239959713531280,0.0000000000000000)   1.0000000000000000     
           2               (1.3545369110963863,0.0000000000000000)   1.0000000000000000     
           2               (1.3857826941486964,0.0000000000000000)   1.0000000000000000     
           2               (1.3477233577331815,0.0000000000000000)   1.0000000000000000     
           2               (1.3439231522134627,0.0000000000000000)   1.0000000000000000     
           2               (1.3314954674750878,0.0000000000000000)   1.0000000000000000     
           2               (1.3500998994822071,0.0000000000000000)   1.0000000000000000     
           2               (1.3885023636546698,0.0000000000000000)   1.0000000000000000     
           2               (1.3755109033456101,0.0000000000000000)   1.0000000000000000     
           2               (1.3634068618660729,0.0000000000000000)   1.0000000000000000     
           2               (1.3629947007854384,0.0000000000000000)   1.0000000000000000     
           2               (1.3464070117176399,0.0000000000000000)   1.0000000000000000     
           2               (1.3793437494343705,0.0000000000000000)   1.0000000000000000     
           2               (1.3338432043812021,0.0000000000000000)   1.0000000000000000     
           2               (1.3818572233681390,0.0000000000000000)   1.0000000000000000     
           2               (1.3477572703044418,0.0000000000000000)   1.0000000000000000     
           2               (1.3620579877704468,0.0000000000000000)   1.0000000000000000     
           2               (1.3741942512921037,0.0000000000000000)   1.0000000000000000     
           2               (1.3365794329691401,0.0000000000000000)   1.0000000000000000     
           2               (1.3905371710570433,0.0000000000000000)   1.0000000000000000     
           2               (1.3646423612596454,0.0000000000000000)   1.0000000000000000     
           2               (1.3647506507613505,0.0000000000000000)   1.0000000000000000     
           2               (1.3534545240800890,0.0000000000000000)   1.0000000000000000     
           2               (1.2903867900119168,0.0000000000000000)   1.0000000000000000     
           2               (1.3221810718101112,0.0000000000000000)   1.0000000000000000     
           2               (1.3873231772122530,0.0000000000000000)   1.0000000000000000     
           2               (1.3710771171659830,0.0000000000000000)   1.0000000000000000     
           2               (1.3712766792804232,0.0000000000000000)   1.0000000000000000     
           2               (1.3761693212194890,0.0000000000000000)   1.0000000000000000     
           2               (1.3481561168651222,0.0000000000000000)   1.0000000000000000     
           2               (1.3743204155247226,0.0000000000000000)   1.0000000000000000     
           2               (1.3633993772427231,0.0000000000000000)   1.0000000000000000     
           2               (1.3466465004762271,0.0000000000000000)   1.0000000000000000     
           2               (1.3775102346535648,0.0000000000000000)   1.0000000000000000     
           2               (1.3629949616133492,0.0000000000000000)   1.0000000000000000     
           2               (1.3769153506021030,0.0000000000000000)   1.0000000000000000     
           2               (1.3399624486457353,0.0000000000000000)   1.0000000000000000     
           2               (1.3674732227466826,0.0000000000000000)   1.0000000000000000     
           2               (1.3249764174048815,0.0000000000000000)   1.0000000000000000     
           2               (1.3300060725891591,0.0000000000000000)   1.0000000000000000     
           2               (1.4029549989734416,0.0000000000000000)   1.0000000000000000     
           2               (1.3576501341325875,0.0000000000000000)   1.0000000000000000     
           2               (1.3437510014401457,0.0000000000000000)   1.0000000000000000     
           2               (1.3768082951103540,0.0000000000000000)   1.0000000000000000     
           2               (1.3650857949613726,0.0000000000000000)   1.0000000000000000     
           2               (1.3279730750860248,0.0000000000000000)   1.0000000000000000     
           2               (1.3529293106907949,0.0000000000000000)   1.0000000000000000     
           2               (1.3575930980348088,0.0000000000000000)   1.0000000000000000     
           2               (1.3484998402248829,0.0000000000000000)   1.0000000000000000     
           2               (1.3426320662947751,0.0000000000000000)   1.0000000000000000     
           2               (1.3525201129010724,0.0000000000000000)   1.0000000000000000     
           2               (1.3423438965297272,0.0000000000000000)   1.0000000000000000     
           2               (1.3909833061181482,0.0000000000000000)   1.0000000000000000     
           2               (1.4003548819609299,0.0000000000000000)   1.0000000000000000     
           2               (1.3701486128910314,0.0000000000000000)   1.0000000000000000     
           2               (1.3802133248500168,0.0000000000000000)   1.0000000000000000     
           2               (1.3532410960685712,0.0000000000000000)   1.0000000000000000     
           2               (1.3580255731829940,0.0000000000000000)   1.0000000000000000     
           2               (1.3303396723597547,0.0000000000000000)   1.0000000000000000     
           2               (1.3391893960612502,0.0000000000000000)   1.0000000000000000     
           2               (1.3775866882165029,0.0000000000000000)   1.0000000000000000     
           2               (1.3567312290655262,0.0000000000000000)   1.0000000000000000     
           2               (1.3242856254303641,0.0000000000000000)   1.0000000000000000     
           2               (1.3557912413951669,0.0000000000000000)   1.0000000000000000     
           2               (1.3618829318982673,0.0000000000000000)   1.0000000000000000     
           2               (1.3587399969658498,0.0000000000000000)   1.0000000000000000     
           2               (1.3333877067415059,0.0000000000000000)   1.0000000000000000     
           2               (1.3623086341928137,0.0000000000000000)   1.0000000000000000     
           2               (1.3509071593722835,0.0000000000000000)   1.0000000000000000     
           2               (1.3825670250672439,0.0000000000000000)   1.0000000000000000     
           2               (1.3343024214952000,0.0000000000000000)   1.0000000000000000     
           2               (1.3321999295604359,0.0000000000000000)   1.0000000000000000     
           2               (1.3703300873095643,0.0000000000000000)   1.0000000000000000     
           2               (1.3364081505223000,0.0000000000000000)   1.0000000000000000     
           2               (1.3732393863603307,0.0000000000000000)   1.0000000000000000     
           2               (1.3153460458004458,0.0000000000000000)   1.0000000000000000     
           2               (1.3735728867874557,0.0000000000000000)   1.0000000000000000     
           2               (1.3276350495217666,0.0000000000000000)   1.0000000000000000     
           2               (1.3636110383071263,0.0000000000000000)   1.0000000000000000     
           2               (1.3460984774969715,0.0000000000000000)   1.0000000000000000     
           2               (1.3852808738109390,0.0000000000000000)   1.0000000000000000     
           2               (1.3301616385232340,0.0000000000000000)   1.0000000000000000     
           2               (1.3765078370430766,0.0000000000000000)   1.0000000000000000     
           2               (1.3744939478403750,0.0000000000000000)   1.0000000000000000     
           2               (1.3597178391859530,0.0000000000000000)   1.0000000000000000     
           2               (1.3480569542959497,0.0000000000000000)   1.0000000000000000     
           2               (1.3730368720768420,0.0000000000000000)   1.0000000000000000     
           2               (1.4049499588758962,0.0000000000000000)   1.0000000000000000     
           2               (1.3510852003097351,0.0000000000000000)   1.0000000000000000     
           2               (1.4020802617036263,0.0000000000000000)   1.0000000000000000     
           2               (1.3303851879175688,0.0000000000000000)   1.0000000000000000     
           2               (1.3482058431896091,0.0000000000000000)   1.0000000000000000     
           2               (1.3666154703444235,0.0000000000000000)   1.0000000000000000     
           2               (1.3896725079562298,0.0000000000000000)   1.0000000000000000     
           2               (1.3315920693309413,0.0000000000000000)   1.0000000000000000     
           2               (1.3576070947999341,0.0000000000000000)   1.0000000000000000     
           2               (1.3840215722597531,0.0000000000000000)   1.0000000000000000     
           2               (1.3986234565408346,0.0000000000000000)   1.0000000000000000     
           2               (1.3434715533532695,0.0000000000000000)   1.0000000000000000     
           2               (1.3589050506728089,0.0000000000000000)   1.0000000000000000     
           2               (1.3926356035681444,0.0000000000000000)   1.0000000000000000     
           2               (1.3680522645718682,0.0000000000000000)   1.0000000000000000     
           2               (1.3598429352793568,0.0000000000000000)   1.0000000000000000     
           2               (1.3194535007028998,0.0000000000000000)   1.0000000000000000     
           2               (1.3817994555793660,0.0000000000000000)   1.0000000000000000     
           2               (1.3276900899393871,0.0000000000000000)   1.0000000000000000     
           2               (1.3836589282119998,0.0000000000000000)   1.0000000000000000     
           2               (1.3409844653016751,0.0000000000000000)   1.0000000000000000     
           2               (1.3270716394902895,0.0000000000000000)   1.0000000000000000     
           2               (1.3329621902601752,0.0000000000000000)   1.0000000000000000     
           2               (1.3366160561020815,0.0000000000000000)   1.0000000000000000     
           2               (1.3532195777238345,0.0000000000000000)   1.0000000000000000     
           2               (1.3605797834816329,0.0000000000000000)   1.0000000000000000     
           2               (1.3567422256818920,0.0000000000000000)   1.0000000000000000     
           2               (1.3278902553624594,0.0000000000000000)   1.0000000000000000     
           2               (1.3401265432461156,0.0000000000000000)   1.0000000000000000     
           2               (1.3430130680069128,0.0000000000000000)   1.0000000000000000     
           2               (1.3708677865600130,0.0000000000000000)   1.0000000000000000     
           2               (1.3492467690336707,0.0000000000000000)   1.0000000000000000     
           2               (1.3605403383531012,0.0000000000000000)   1.0000000000000000     
           2               (1.3705133865419517,0.0000000000000000)   1.0000000000000000     
           2               (1.3465317209052974,0.0000000000000000)   1.0000000000000000     
           2               (1.3683754374231967,0.0000000000000000)   1.0000000000000000     
           2               (1.3734708831029361,0.0000000000000000)   1.0000000000000000     
           2               (1.3710911012796285,0.0000000000000000)   1.0000000000000000     
           2               (1.3524468603914750,0.0000000000000000)   1.0000000000000000     
           2               (1.3403708981393028,0.0000000000000000)   1.0000000000000000     
           2               (1.3595052052966314,0.0000000000000000)   1.0000000000000000     
           2               (1.3557206708066292,0.0000000000000000)   1.0000000000000000     
           2               (1.3688902594395782,0.0000000000000000)   1.0000000000000000     
           2               (1.3439446090239842,0.0000000000000000)   1.0000000000000000     
           2               (1.3407624889271315,0.0000000000000000)   1.0000000000000000     
           2               (1.3515868745235102,0.0000000000000000)   1.0000000000000000     
           2               (1.3697286099670243,0.0000000000000000)   1.0000000000000000     
           2               (1.3404713409305720,0.0000000000000000)   1.0000000000000000     
           2               (1.3502077478550600,0.0000000000000000)   1.0000000000000000     
           2               (1.3614914243373066,0.0000000000000000)   1.0000000000000000     
           2               (1.3492096861081448,0.0000000000000000)   1.0000000000000000     
           2               (1.3932415203909621,0.0000000000000000)   1.0000000000000000     
           2               (1.3644342896459130,0.0000000000000000)   1.0000000000000000     
           2               (1.3730797597627553,0.0000000000000000)   1.0000000000000000     
           2               (1.3438570992572112,0.0000000000000000)   1.0000000000000000     
           2               (1.3535652207020565,0.0000000000000000)   1.0000000000000000     
           2               (1.3630302386803361,0.0000000000000000)   1.0000000000000000     
           2               (1.3580115368645522,0.0000000000000000)   1.0000000000000000     
           2               (1.3603962216992798,0.0000000000000000)   1.0000000000000000     
           2               (1.3593623337514895,0.0000000000000000)   1.0000000000000000     
           2               (1.3628152816875891,0.0000000000000000)   1.0000000000000000     
           2               (1.3681038360097508,0.0000000000000000)   1.0000000000000000     
           2               (1.3467029179257612,0.0000000000000000)   1.0000000000000000     
           2               (1.3819084464003983,0.0000000000000000)   1.0000000000000000     
           2               (1.3620499133999495,0.0000000000000000)   1.0000000000000000     
           2               (1.3672947389665777,0.0000000000000000)   1.0000000000000000     
           2               (1.3403310467855456,0.0000000000000000)   1.0000000000000000     
           2               (1.3566974370604439,0.0000000000000000)   1.0000000000000000     
           2               (1.3448029321029653,0.0000000000000000)   1.0000000000000000     
           2               (1.3349991372517576,0.0000000000000000)   1.0000000000000000     
           2               (1.3623968284754029,0.0000000000000000)   1.0000000000000000     
           2               (1.3893118256632992,0.0000000000000000)   1.0000000000000000     
           2               (1.3873843255050986,0.0000000000000000)   1.0000000000000000     
           2               (1.3825763321906608,0.0000000000000000)   1.0000000000000000     
           2               (1.3602886145798934,0.0000000000000000)   1.0000000000000000     
           2               (1.3320398944231457,0.0000000000000000)   1.0000000000000000     
           2               (1.3688613083001850,0.0000000000000000)   1.0000000000000000     
           2               (1.3360581544836216,0.0000000000000000)   1.0000000000000000     
           2               (1.3499895028957065,0.0000000000000000)   1.0000000000000000     
           2               (1.3248418143401195,0.0000000000000000)   1.0000000000000000     
           2               (1.3478456555921314,0.0000000000000000)   1.0000000000000000     
           2               (1.3805770528596939,0.0000000000000000)   1.0000000000000000     
           2               (1.3680248181310819,0.0000000000000000)   1.0000000000000000     
           2               (1.3573334671010859,0.0000000000000000)   1.0000000000000000     
           2               (1.3550507289982381,0.0000000000000000)   1.0000000000000000     
           2               (1.3710911024644388,0.0000000000000000)   1.0000000000000000     
           2               (1.3735040214668739,0.0000000000000000)   1.0000000000000000     
           2               (1.3579350115430997,0.0000000000000000)   1.0000000000000000     
           2               (1.3437810454042276,0.0000000000000000)   1.0000000000000000     
           2               (1.3607996251327159,0.0000000000000000)   1.0000000000000000     
           2               (1.3461895039768923,0.0000000000000000)   1.0000000000000000     
           2               (1.3674270577188825,0.0000000000000000)   1.0000000000000000     
           2               (1.3074539703893453,0.0000000000000000)   1.0000000000000000     
           2               (1.3634313843097958,0.0000000000000000)   1.0000000000000000     
           2               (1.3837462423033147,0.0000000000000000)   1.0000000000000000     
           2               (1.3186142934194620,0.0000000000000000)   1.0000000000000000     
           2               (1.3838895323148090,0.0000000000000000)   1.0000000000000000     
           2               (1.3441722606526054,0.0000000000000000)   1.0000000000000000     
           2               (1.3623929206619974,0.0000000000000000)   1.0000000000000000     
           2               (1.3411167240691930,0.0000000000000000)   1.0000000000000000     
           2               (1.3791332677446648,0.0000000000000000)   1.0000000000000000     
           2               (1.3425432499103969,0.0000000000000000)   1.0000000000000000     
           2               (1.3802529604362783,0.0000000000000000)   1.0000000000000000     
           2               (1.3082203763844320,0.0000000000000000)   1.0000000000000000     
           2               (1.3511838578955968,0.0000000000000000)   1.0000000000000000     
           2               (1.3423831751993702,0.0000000000000000)   1.0000000000000000     
           2               (1.3251262586362456,0.0000000000000000)   1.0000000000000000     
           2               (1.3237182559910068,0.0000000000000000)   1.0000000000000000     
           2               (1.3314757631939937,0.0000000000000000)   1.0000000000000000     
           2               (1.3528285356273857,0.0000000000000000)   1.0000000000000000     
           2               (1.3764886063762596,0.0000000000000000)   1.0000000000000000     
           2               (1.3673499053426117,0.0000000000000000)   1.0000000000000000     
           2               (1.3757520941898889,0.0000000000000000)   1.0000000000000000     
           2               (1.3446777026108976,0.0000000000000000)   1.0000000000000000     
           2               (1.3391020741911173,0.0000000000000000)   1.0000000000000000     
           2               (1.3682712457821280,0.0000000000000000)   1.0000000000000000     
           2               (1.3454002860604646,0.0000000000000000)   1.0000000000000000     
           2               (1.3418259698459274,0.0000000000000000)   1.0000000000000000     
           2               (1.3651965535320150,0.0000000000000000)   1.0000000000000000     
           2               (1.3916632204821300,0.0000000000000000)   1.0000000000000000     
           2               (1.3473760470058933,0.0000000000000000)   1.0000000000000000     
           2               (1.3523918832443345,0.0000000000000000)   1.0000000000000000     
           2               (1.3408133004747826,0.0000000000000000)   1.0000000000000000     
           2               (1.3399729327977139,0.0000000000000000)   1.0000000000000000     
           2               (1.3780510741133760,0.0000000000000000)   1.0000000000000000     
           2               (1.3537708529646153,0.0000000000000000)   1.0000000000000000     
           2               (1.3481806113501189,0.0000000000000000)   1.0000000000000000     
           2               (1.3458960369719923,0.0000000000000000)   1.0000000000000000     
           2               (1.3275762539426568,0.0000000000000000)   1.0000000000000000     
           2               (1.3391435913350858,0.0000000000000000)   1.0000000000000000     
           2               (1.3261101610102606,0.0000000000000000)   1.0000000000000000     
           2               (1.3471335980287351,0.0000000000000000)   1.0000000000000000     
           2               (1.3882403252812892,0.0000000000000000)   1.0000000000000000     
           2               (1.3846960562969364,0.0000000000000000)   1.0000000000000000     
           2               (1.3456899882573312,0.0000000000000000)   1.0000000000000000     
           2               (1.3877536139927495,0.0000000000000000)   1.0000000000000000     
           2               (1.3388789948273714,0.0000000000000000)   1.0000000000000000     
           2               (1.3435435813919896,0.0000000000000000)   1.0000000000000000     
           2               (1.3474622391943338,0.0000000000000000)   1.0000000000000000     
           2               (1.3546103643418976,0.0000000000000000)   1.0000000000000000     
           2               (1.3775483953653660,0.0000000000000000)   1.0000000000000000     
           2               (1.3360071235626163,0.0000000000000000)   1.0000000000000000     
           2               (1.3465659842213977,0.0000000000000000)   1.0000000000000000     
           2               (1.3342415484765566,0.0000000000000000)   1.0000000000000000     
           2               (1.3754770386550859,0.0000000000000000)   1.0000000000000000     
           2               (1.3361852741124678,0.0000000000000000)   1.0000000000000000     
           2               (1.3472595293240661,0.0000000000000000)   1.0000000000000000     
           2               (1.3756489956391367,0.0000000000000000)   1.0000000000000000     
           2               (1.3484562693235980,0.0000000000000000)   1.0000000000000000     
           2               (1.3531455603570406,0.0000000000000000)   1.0000000000000000     
           2               (1.3478433139179420,0.0000000000000000)   1.0000000000000000     
           2               (1.3567893276821796,0.0000000000000000)   1.0000000000000000     
           2               (1.3718765184873005,0.0000000000000000)   1.0000000000000000     
           2               (1.3489705768578324,0.0000000000000000)   1.0000000000000000     
           2               (1.3406194415599242,0.0000000000000000)   1.0000000000000000     
           2               (1.3567701628738236,0.0000000000000000)   1.0000000000000000     
           2               (1.3842066436011256,0.0000000000000000)   1.0000000000000000     
           2               (1.3489024659963706,0.0000000000000000)   1.0000000000000000     
           2               (1.3635806368758485,0.0000000000000000)   1.0000000000000000     
           2               (1.3444602082821988,0.0000000000000000)   1.0000000000000000     
           2               (1.3555153641740267,0.0000000000000000)   1.0000000000000000     
           2               (1.3408980484753250,0.0000000000000000)   1.0000000000000000     
           2               (1.3632313703628163,0.0000000000000000)   1.0000000000000000     
           2               (1.3577180117318535,0.0000000000000000)   1.0000000000000000     
           2               (1.3767006815905489,0.0000000000000000)   1.0000000000000000     
           2               (1.3534366536456928,0.0000000000000000)   1.0000000000000000     
           2               (1.3302409674238020,0.0000000000000000)   1.0000000000000000     
           2               (1.3475797979289212,0.0000000000000000)   1.0000000000000000     
           2               (1.3405177805393484,0.0000000000000000)   1.0000000000000000     
           2               (1.3768727353510313,0.0000000000000000)   1.0000000000000000     
           2               (1.3525238005871343,0.0000000000000000)   1.0000000000000000     
           2               (1.3689114290999629,0.0000000000000000)   1.0000000000000000     
           2               (1.3305323097699888,0.0000000000000000)   1.0000000000000000     
           2               (1.3670200517994624,0.0000000000000000)   1.0000000000000000     
           2               (1.3773399537825290,0.0000000000000000)   1.0000000000000000     
           2               (1.3651301202876323,0.0000000000000000)   1.0000000000000000     
           2               (1.3359051685595367,0.0000000000000000)   1.0000000000000000     
           2               (1.3470545256300521,0.0000000000000000)   1.0000000000000000     
           2               (1.3486257697785731,0.0000000000000000)   1.0000000000000000     
           2               (1.3747637072492360,0.0000000000000000)   1.0000000000000000     
           2               (1.3878419437093805,0.0000000000000000)   1.0000000000000000     
           2               (1.3483398954050203,0.0000000000000000)   1.0000000000000000     
           2               (1.3857039937943354,0.0000000000000000)   1.0000000000000000     
