     0.0000000        0.50000000        0.00000004
     0.1000000        0.38565924        0.00226844
     0.2000000        0.29891838        0.00183369
     0.3000000        0.23835388        0.00148613
     0.4000000        0.18919533        0.00186383
     0.5000000        0.15300224        0.00193690
     0.6000000        0.12707838        0.00194962
     0.7000000        0.10673687        0.00192820
     0.8000000        0.08913445        0.00171726
     0.9000000        0.07715500        0.00166001
     1.0000000        0.06728822        0.00137833
     1.1000000        0.06031038        0.00145534
     1.2000000        0.05322349        0.00133342
     1.3000000        0.04625075        0.00143697
     1.4000000        0.04110916        0.00134579
     1.5000000        0.03751782        0.00140246
     1.6000000        0.03349721        0.00100828
     1.7000000        0.03058389        0.00107263
     1.8000000        0.02824070        0.00082426
     1.9000000        0.02648107        0.00108073
     2.0000000        0.02348720        0.00084664
     2.1000000        0.02187525        0.00088526
     2.2000000        0.01914608        0.00121978
     2.3000000        0.01651661        0.00148239
     2.4000000        0.01535136        0.00147826
     2.5000000        0.01484861        0.00132196
     2.6000000        0.01310497        0.00101201
     2.7000000        0.01312203        0.00094034
     2.8000000        0.01360901        0.00095075
     2.9000000        0.01276636        0.00094105
     3.0000000        0.01203238        0.00103726
     3.1000000        0.01127071        0.00085658
     3.2000000        0.01190529        0.00093419
     3.3000000        0.01157301        0.00130449
     3.4000000        0.01083430        0.00092386
     3.5000000        0.01067126        0.00124786
     3.6000000        0.01056116        0.00123489
     3.7000000        0.00925255        0.00113364
     3.8000000        0.00861958        0.00108136
     3.9000000        0.00863156        0.00091347
     4.0000000        0.00807573        0.00087850
     4.1000000        0.00761242        0.00096676
     4.2000000        0.00720738        0.00079434
     4.3000000        0.00781783        0.00091974
     4.4000000        0.00742894        0.00086496
     4.5000000        0.00717031        0.00075110
     4.6000000        0.00736439        0.00073059
     4.7000000        0.00659825        0.00101576
     4.8000000        0.00646218        0.00095902
     4.9000000        0.00545371        0.00085173
     5.0000000        0.00554367        0.00122315
     5.1000000        0.00624956        0.00103817
     5.2000000        0.00551288        0.00123907
     5.3000000        0.00426982        0.00076664
     5.4000000        0.00393100        0.00075044
     5.5000000        0.00327009        0.00088169
     5.6000000        0.00306599        0.00059158
     5.7000000        0.00344808        0.00073624
     5.8000000        0.00387647        0.00063440
     5.9000000        0.00427555        0.00069850
     6.0000000        0.00379931        0.00072461
     6.1000000        0.00353464        0.00080116
     6.2000000        0.00262161        0.00078278
     6.3000000        0.00286984        0.00066828
     6.4000000        0.00199776        0.00090527
     6.5000000        0.00200301        0.00111916
     6.6000000        0.00222282        0.00101206
     6.7000000        0.00203792        0.00135815
     6.8000000        0.00171372        0.00124656
     6.9000000        0.00218026        0.00114273
     7.0000000        0.00186594        0.00106497
     7.1000000        0.00168489        0.00102001
     7.2000000        0.00234745        0.00098486
     7.3000000        0.00260468        0.00117686
     7.4000000        0.00252483        0.00097063
     7.5000000        0.00274885        0.00112047
     7.6000000        0.00265701        0.00099980
     7.7000000        0.00172350        0.00159309
     7.8000000        0.00193719        0.00113624
     7.9000000        0.00241931        0.00109110
     8.0000000        0.00203535        0.00090713
     8.1000000        0.00212748        0.00086638
     8.2000000        0.00214798        0.00098032
     8.3000000        0.00212178        0.00086941
     8.4000000        0.00215320        0.00090622
     8.5000000        0.00160227        0.00067120
     8.6000000        0.00167904        0.00054770
     8.7000000        0.00193473        0.00053255
     8.8000000        0.00203954        0.00065395
     8.9000000        0.00189758        0.00055485
     9.0000000        0.00219120        0.00045282
     9.1000000        0.00217038        0.00044792
     9.2000000        0.00229296        0.00050205
     9.3000000        0.00212829        0.00055306
     9.4000000        0.00192586        0.00053148
     9.5000000        0.00138634        0.00062007
     9.6000000        0.00133571        0.00053962
     9.7000000        0.00081402        0.00066809
     9.8000000        0.00090174        0.00061728
     9.9000000        0.00056410        0.00060560
    10.0000000        0.00073635        0.00071846
    10.1000000        0.00145919        0.00068477
    10.2000000        0.00159145        0.00058680
    10.3000000        0.00143516        0.00094717
    10.4000000        0.00170033        0.00075311
    10.5000000        0.00161909        0.00055339
    10.6000000        0.00184250        0.00041690
    10.7000000        0.00162638        0.00045650
    10.8000000        0.00144580        0.00054275
    10.9000000        0.00130285        0.00048694
    11.0000000        0.00103943        0.00055233
    11.1000000        0.00159203        0.00055182
    11.2000000        0.00110566        0.00052572
    11.3000000        0.00159440        0.00062156
    11.4000000        0.00202193        0.00066269
    11.5000000        0.00188474        0.00059254
    11.6000000        0.00163776        0.00056167
    11.7000000        0.00128499        0.00050919
    11.8000000        0.00153952        0.00049669
    11.9000000        0.00166726        0.00060953
    12.0000000        0.00182978        0.00046895
    12.1000000        0.00197395        0.00041308
    12.2000000        0.00203847        0.00034079
    12.3000000        0.00157087        0.00046408
    12.4000000        0.00119274        0.00039852
    12.5000000        0.00117084        0.00082826
    12.6000000        0.00169422        0.00081800
    12.7000000        0.00114421        0.00072538
    12.8000000        0.00100343        0.00093187
    12.9000000        0.00168477        0.00087764
    13.0000000        0.00189288        0.00084217
    13.1000000        0.00228581        0.00087869
    13.2000000        0.00260873        0.00078636
    13.3000000        0.00268802        0.00086254
    13.4000000        0.00347243        0.00100088
    13.5000000        0.00404116        0.00103855
    13.6000000        0.00416354        0.00098930
    13.7000000        0.00394465        0.00091757
    13.8000000        0.00389296        0.00112812
    13.9000000        0.00395132        0.00078555
    14.0000000        0.00330738        0.00071200
    14.1000000        0.00334403        0.00064672
    14.2000000        0.00193648        0.00110118
    14.3000000        0.00237411        0.00086516
    14.4000000        0.00225251        0.00089242
    14.5000000        0.00259812        0.00132885
    14.6000000        0.00316896        0.00106381
    14.7000000        0.00359027        0.00091835
    14.8000000        0.00389851        0.00086386
    14.9000000        0.00368320        0.00092416
    15.0000000        0.00256051        0.00185712
    15.1000000        0.00297886        0.00198787
    15.2000000        0.00455781        0.00081963
    15.3000000        0.00623875        0.00086075
    15.4000000        0.00380343        0.00256407
    15.5000000        0.00451040        0.00221662
    15.6000000        0.00528161        0.00311781
    15.7000000        0.00594277        0.00382889
    15.8000000        0.00398360        0.00525084
    15.9000000        0.00610490        0.00260525
    16.0000000        0.00429757        0.00410729
    16.1000000        0.00489441        0.00287614
    16.2000000        0.00717610        0.00135885
    16.3000000        0.00675772        0.00176702
    16.4000000        0.00718497        0.00121521
    16.5000000        0.00698849        0.00190685
    16.6000000        0.00890699        0.00138488
    16.7000000        0.01031183        0.00091016
    16.8000000        0.01171485        0.00114558
    16.9000000        0.01360132        0.00127359
    17.0000000        0.01443851        0.00129234
    17.1000000        0.01549755        0.00130113
    17.2000000        0.01496301        0.00114045
    17.3000000        0.01271426        0.00224546
    17.4000000        0.01353015        0.00131252
    17.5000000        0.01540827        0.00093343
    17.6000000        0.01570661        0.00099867
    17.7000000        0.01684768        0.00103053
    17.8000000        0.01851408        0.00110682
    17.9000000        0.01941721        0.00125618
    18.0000000        0.02190631        0.00140790
    18.1000000        0.02545675        0.00118735
    18.2000000        0.02791838        0.00103391
    18.3000000        0.03078354        0.00131690
    18.4000000        0.03260389        0.00138799
    18.5000000        0.03680202        0.00131982
    18.6000000        0.04113694        0.00144473
    18.7000000        0.04574477        0.00169455
    18.8000000        0.05184581        0.00156655
    18.9000000        0.05834065        0.00143881
    19.0000000        0.06790806        0.00145068
    19.1000000        0.07769858        0.00192380
    19.2000000        0.08986634        0.00219233
    19.3000000        0.10654588        0.00231268
    19.4000000        0.12869206        0.00235866
    19.5000000        0.15568494        0.00279091
    19.6000000        0.19073537        0.00363434
    19.7000000        0.23529923        0.00311004
    19.8000000        0.29644854        0.00202738
    19.9000000        0.38208818        0.00105246
    20.0000000        0.50000000        0.00000003
