   -2.917193      0.000000
  1    1        0.46427598        0.00000000       -0.00000000        0.00000000
   -2.692794      0.000000
  1    1        0.42857143        0.00000000        0.00000000        0.00000000
   -2.468394      0.000000
  1    1        0.39285714        0.00000000       -0.00000000        0.00000000
   -2.243995      0.000000
  1    1        0.35714286        0.00000000        0.00000000        0.00000000
   -2.019595      0.000000
  1    1        0.32142857        0.00000000       -0.00000000        0.00000000
   -1.795196      0.000000
  1    1        0.28571429        0.00000000        0.00000000        0.00000000
   -1.570796      0.000000
  1    1        0.25000000        0.00000000       -0.00000000        0.00000000
   -1.346397      0.000000
  1    1        0.21428571        0.00000000        0.00000000        0.00000000
   -1.121997      0.000000
  1    1        0.17857143        0.00000000       -0.00000000        0.00000000
   -0.897598      0.000000
  1    1        0.14285714        0.00000000        0.00000000        0.00000000
   -0.673198      0.000000
  1    1        0.10714286        0.00000000       -0.00000000        0.00000000
   -0.448799      0.000000
  1    1        0.07142857        0.00000000        0.00000000        0.00000000
   -0.224399      0.000000
  1    1        0.03572402        0.00000000       -0.00000000        0.00000000
    0.000000      0.000000
  1    1        0.01787661        0.00000000        0.00000000        0.00000000
    0.224399      0.000000
  1    1        0.03572402        0.00000000        0.00000000        0.00000000
    0.448799      0.000000
  1    1        0.07142857        0.00000000       -0.00000000        0.00000000
    0.673198      0.000000
  1    1        0.10714286        0.00000000        0.00000000        0.00000000
    0.897598      0.000000
  1    1        0.14285714        0.00000000       -0.00000000        0.00000000
    1.121997      0.000000
  1    1        0.17857143        0.00000000        0.00000000        0.00000000
    1.346397      0.000000
  1    1        0.21428571        0.00000000       -0.00000000        0.00000000
    1.570796      0.000000
  1    1        0.25000000        0.00000000        0.00000000        0.00000000
    1.795196      0.000000
  1    1        0.28571429        0.00000000       -0.00000000        0.00000000
    2.019595      0.000000
  1    1        0.32142857        0.00000000        0.00000000        0.00000000
    2.243995      0.000000
  1    1        0.35714286        0.00000000       -0.00000000        0.00000000
    2.468394      0.000000
  1    1        0.39285714        0.00000000        0.00000000        0.00000000
    2.692794      0.000000
  1    1        0.42857143        0.00000000       -0.00000000        0.00000000
    2.917193      0.000000
  1    1        0.46427598        0.00000000        0.00000000        0.00000000
    3.141593      0.000000
  1    1        0.48212339        0.00000000       -0.00000000        0.00000000
