  -13.000000      0.000000
  1    1        0.00401970        0.00000000        0.00000000        0.00000000
  -12.000000      0.000000
  1    1        0.00000000        0.00000000        0.00000000        0.00000000
  -11.000000      0.000000
  1    1       -0.01248484        0.00000000        0.00000000        0.00000000
  -10.000000      0.000000
  1    1       -0.00000000        0.00000000       -0.00000000        0.00000000
   -9.000000      0.000000
  1    1        0.02242324        0.00000000        0.00000000        0.00000000
   -8.000000      0.000000
  1    1        0.00000000        0.00000000       -0.00000000        0.00000000
   -7.000000      0.000000
  1    1       -0.03569482        0.00000000        0.00000000        0.00000000
   -6.000000      0.000000
  1    1       -0.00000000        0.00000000        0.00000000        0.00000000
   -5.000000      0.000000
  1    1        0.05682142        0.00000000       -0.00000000        0.00000000
   -4.000000      0.000000
  1    1        0.00000000        0.00000000        0.00000000        0.00000000
   -3.000000      0.000000
  1    1       -0.10205342        0.00000000        0.00000000        0.00000000
   -2.000000      0.000000
  1    1       -0.00000000        0.00000000        0.00000000        0.00000000
   -1.000000      0.000000
  1    1        0.31696872        0.00000000        0.00000000        0.00000000
    0.000000      0.000000
  1    1        0.50000000        0.00000000        0.00000000        0.00000000
    1.000000      0.000000
  1    1        0.31696872        0.00000000        0.00000000        0.00000000
    2.000000      0.000000
  1    1       -0.00000000        0.00000000       -0.00000000        0.00000000
    3.000000      0.000000
  1    1       -0.10205342        0.00000000       -0.00000000        0.00000000
    4.000000      0.000000
  1    1        0.00000000        0.00000000        0.00000000        0.00000000
    5.000000      0.000000
  1    1        0.05682142        0.00000000        0.00000000        0.00000000
    6.000000      0.000000
  1    1       -0.00000000        0.00000000        0.00000000        0.00000000
    7.000000      0.000000
  1    1       -0.03569482        0.00000000       -0.00000000        0.00000000
    8.000000      0.000000
  1    1        0.00000000        0.00000000       -0.00000000        0.00000000
    9.000000      0.000000
  1    1        0.02242324        0.00000000        0.00000000        0.00000000
   10.000000      0.000000
  1    1       -0.00000000        0.00000000        0.00000000        0.00000000
   11.000000      0.000000
  1    1       -0.01248484        0.00000000       -0.00000000        0.00000000
   12.000000      0.000000
  1    1        0.00000000        0.00000000       -0.00000000        0.00000000
   13.000000      0.000000
  1    1        0.00401970        0.00000000        0.00000000        0.00000000
   14.000000      0.000000
  1    1       -0.00000000        0.00000000        0.00000000        0.00000000
