     0.0000000        0.25000000        0.00000002
     0.1000000        0.19663032        0.00110819
     0.2000000        0.15506235        0.00138008
     0.3000000        0.12386795        0.00120415
     0.4000000        0.10078947        0.00105545
     0.5000000        0.08269310        0.00112569
     0.6000000        0.06803610        0.00124880
     0.7000000        0.05833518        0.00134288
     0.8000000        0.04850970        0.00095400
     0.9000000        0.04155790        0.00083526
     1.0000000        0.03570593        0.00067251
     1.1000000        0.03195419        0.00090431
     1.2000000        0.02792906        0.00068385
     1.3000000        0.02467794        0.00064449
     1.4000000        0.02296948        0.00091144
     1.5000000        0.02039488        0.00092469
     1.6000000        0.01842558        0.00075591
     1.7000000        0.01681381        0.00061460
     1.8000000        0.01564765        0.00057307
     1.9000000        0.01454654        0.00047717
     2.0000000        0.01364664        0.00048845
     2.1000000        0.01260888        0.00031665
     2.2000000        0.01223056        0.00048116
     2.3000000        0.01160899        0.00056084
     2.4000000        0.01072943        0.00053875
     2.5000000        0.00993325        0.00035010
     2.6000000        0.00958742        0.00044757
     2.7000000        0.00917714        0.00035590
     2.8000000        0.00882747        0.00035513
     2.9000000        0.00855309        0.00035217
     3.0000000        0.00832755        0.00034570
     3.1000000        0.00802887        0.00030781
     3.2000000        0.00773864        0.00028502
     3.3000000        0.00745885        0.00023160
     3.4000000        0.00734511        0.00029016
     3.5000000        0.00719483        0.00022648
     3.6000000        0.00698071        0.00029284
     3.7000000        0.00684884        0.00036403
     3.8000000        0.00692544        0.00037190
     3.9000000        0.00666507        0.00035011
     4.0000000        0.00681226        0.00044716
     4.1000000        0.00693465        0.00061404
     4.2000000        0.00689999        0.00068799
     4.3000000        0.00686026        0.00058401
     4.4000000        0.00683300        0.00046035
     4.5000000        0.00642736        0.00038970
     4.6000000        0.00639349        0.00036372
     4.7000000        0.00619489        0.00036449
     4.8000000        0.00603247        0.00040441
     4.9000000        0.00568844        0.00030844
     5.0000000        0.00568133        0.00032048
     5.1000000        0.00568677        0.00036945
     5.2000000        0.00560717        0.00033845
     5.3000000        0.00567631        0.00043112
     5.4000000        0.00579225        0.00050940
     5.5000000        0.00559454        0.00047232
     5.6000000        0.00555422        0.00043448
     5.7000000        0.00526394        0.00031493
     5.8000000        0.00524353        0.00033791
     5.9000000        0.00503692        0.00037317
     6.0000000        0.00479288        0.00030786
     6.1000000        0.00496008        0.00034283
     6.2000000        0.00496114        0.00031868
     6.3000000        0.00479266        0.00027285
     6.4000000        0.00461590        0.00023888
     6.5000000        0.00473369        0.00030487
     6.6000000        0.00465497        0.00030841
     6.7000000        0.00467726        0.00030646
     6.8000000        0.00454862        0.00026604
     6.9000000        0.00449585        0.00025407
     7.0000000        0.00437415        0.00025603
     7.1000000        0.00438349        0.00028003
     7.2000000        0.00422532        0.00022647
     7.3000000        0.00439699        0.00025182
     7.4000000        0.00447013        0.00029003
     7.5000000        0.00437390        0.00022814
     7.6000000        0.00446470        0.00023466
     7.7000000        0.00463661        0.00029741
     7.8000000        0.00440702        0.00023833
     7.9000000        0.00442328        0.00024461
     8.0000000        0.00437158        0.00029201
     8.1000000        0.00438076        0.00026956
     8.2000000        0.00446170        0.00028547
     8.3000000        0.00450756        0.00030442
     8.4000000        0.00439146        0.00028575
     8.5000000        0.00441437        0.00029432
     8.6000000        0.00463243        0.00036403
     8.7000000        0.00444791        0.00026642
     8.8000000        0.00428251        0.00021656
     8.9000000        0.00428520        0.00024065
     9.0000000        0.00416793        0.00024060
     9.1000000        0.00414376        0.00025418
     9.2000000        0.00445112        0.00033793
     9.3000000        0.00450036        0.00041859
     9.4000000        0.00467876        0.00050306
     9.5000000        0.00443922        0.00033360
     9.6000000        0.00433127        0.00028276
     9.7000000        0.00435439        0.00029853
     9.8000000        0.00453100        0.00036364
     9.9000000        0.00454598        0.00036078
    10.0000000        0.00486926        0.00069177
    10.1000000        0.00481988        0.00054417
    10.2000000        0.00515416        0.00078637
    10.3000000        0.00617704        0.00181965
    10.4000000        0.00544587        0.00092861
    10.5000000        0.00579622        0.00143941
    10.6000000        0.00484187        0.00061446
    10.7000000        0.00501516        0.00079532
    10.8000000        0.00439251        0.00032083
    10.9000000        0.00437674        0.00031238
    11.0000000        0.00458519        0.00037796
    11.1000000        0.00454032        0.00034911
    11.2000000        0.00443113        0.00036905
    11.3000000        0.00452382        0.00038422
    11.4000000        0.00443113        0.00037519
    11.5000000        0.00450563        0.00040002
    11.6000000        0.00441315        0.00036488
    11.7000000        0.00440851        0.00038615
    11.8000000        0.00458121        0.00042300
    11.9000000        0.00443014        0.00039033
    12.0000000        0.00413769        0.00027601
    12.1000000        0.00417536        0.00030200
    12.2000000        0.00432651        0.00027125
    12.3000000        0.00452229        0.00030338
    12.4000000        0.00451474        0.00027164
    12.5000000        0.00471340        0.00034335
    12.6000000        0.00480244        0.00031419
    12.7000000        0.00478297        0.00023395
    12.8000000        0.00472502        0.00022748
    12.9000000        0.00468330        0.00021352
    13.0000000        0.00457773        0.00021705
    13.1000000        0.00461239        0.00025601
    13.2000000        0.00445721        0.00022186
    13.3000000        0.00461645        0.00029192
    13.4000000        0.00452829        0.00024531
    13.5000000        0.00469146        0.00027634
    13.6000000        0.00467719        0.00024256
    13.7000000        0.00463520        0.00024016
    13.8000000        0.00450840        0.00023640
    13.9000000        0.00461688        0.00020585
    14.0000000        0.00486613        0.00023200
    14.1000000        0.00516413        0.00033295
    14.2000000        0.00499761        0.00025107
    14.3000000        0.00498819        0.00023335
    14.4000000        0.00488978        0.00019625
    14.5000000        0.00524397        0.00029883
    14.6000000        0.00514548        0.00027231
    14.7000000        0.00540896        0.00027142
    14.8000000        0.00537635        0.00034456
    14.9000000        0.00559881        0.00031045
    15.0000000        0.00547172        0.00027002
    15.1000000        0.00542484        0.00028530
    15.2000000        0.00549041        0.00029818
    15.3000000        0.00572356        0.00035212
    15.4000000        0.00597576        0.00053440
    15.5000000        0.00614296        0.00048313
    15.6000000        0.00664819        0.00047438
    15.7000000        0.00703054        0.00082685
    15.8000000        0.00619516        0.00024001
    15.9000000        0.00649380        0.00037714
    16.0000000        0.00637011        0.00021726
    16.1000000        0.00646017        0.00028802
    16.2000000        0.00644812        0.00025603
    16.3000000        0.00664316        0.00026757
    16.4000000        0.00695536        0.00035071
    16.5000000        0.00747093        0.00075156
    16.6000000        0.00734297        0.00053378
    16.7000000        0.00803962        0.00081939
    16.8000000        0.00812211        0.00055953
    16.9000000        0.00838817        0.00042922
    17.0000000        0.00844585        0.00040449
    17.1000000        0.00865912        0.00035948
    17.2000000        0.00890159        0.00034402
    17.3000000        0.00937194        0.00034993
    17.4000000        0.00965571        0.00033914
    17.5000000        0.01037785        0.00078646
    17.6000000        0.01066277        0.00067282
    17.7000000        0.01107847        0.00053834
    17.8000000        0.01178603        0.00047316
    17.9000000        0.01243790        0.00039013
    18.0000000        0.01287313        0.00039090
    18.1000000        0.01382556        0.00037284
    18.2000000        0.01541372        0.00070362
    18.3000000        0.01678425        0.00112697
    18.4000000        0.01907948        0.00154373
    18.5000000        0.02043813        0.00114120
    18.6000000        0.02130403        0.00052190
    18.7000000        0.02365428        0.00052676
    18.8000000        0.02714256        0.00054204
    18.9000000        0.03086666        0.00055589
    19.0000000        0.03554038        0.00071755
    19.1000000        0.04225075        0.00112127
    19.2000000        0.04936660        0.00108884
    19.3000000        0.05709834        0.00072087
    19.4000000        0.06858073        0.00112167
    19.5000000        0.08231542        0.00110879
    19.6000000        0.10000449        0.00083112
    19.7000000        0.12330379        0.00102211
    19.8000000        0.15405267        0.00101627
    19.9000000        0.19488043        0.00089850
    20.0000000        0.25000000        0.00000001
