     0.0000000        0.33471539        0.01913143
     0.1000000        0.30075808        0.01770694
     0.2000000        0.27077007        0.01715156
     0.3000000        0.24279086        0.01560601
     0.4000000        0.21819033        0.01460265
     0.5000000        0.19550461        0.01337678
     0.6000000        0.17249751        0.01211586
     0.7000000        0.15384984        0.01134852
     0.8000000        0.13637127        0.01108019
     0.9000000        0.12037196        0.01091584
     1.0000000        0.10724253        0.01035025
     1.1000000        0.09629296        0.00986132
     1.2000000        0.08714211        0.00985449
     1.3000000        0.07791193        0.00967361
     1.4000000        0.06957536        0.00945782
     1.5000000        0.06187117        0.00856831
     1.6000000        0.05659872        0.00814994
     1.7000000        0.05126196        0.00721688
     1.8000000        0.04602643        0.00624566
     1.9000000        0.04221422        0.00575649
     2.0000000        0.03867173        0.00611959
     2.1000000        0.03595754        0.00628279
     2.2000000        0.03191120        0.00638947
     2.3000000        0.02779822        0.00669775
     2.4000000        0.02358555        0.00642998
     2.5000000        0.02046433        0.00574202
     2.6000000        0.01829954        0.00554206
     2.7000000        0.01796705        0.00557176
     2.8000000        0.01778291        0.00551190
     2.9000000        0.01741332        0.00528123
     3.0000000        0.01597477        0.00510717
     3.1000000        0.01502969        0.00494462
     3.2000000        0.01265258        0.00529676
     3.3000000        0.01051016        0.00571970
     3.4000000        0.00943584        0.00581642
     3.5000000        0.00859768        0.00571153
     3.6000000        0.00692621        0.00602860
     3.7000000        0.00584758        0.00612210
     3.8000000        0.00479753        0.00555995
     3.9000000        0.00284315        0.00551747
     4.0000000        0.00049546        0.00565971
     4.1000000       -0.00233677        0.00558866
     4.2000000       -0.00518872        0.00568451
     4.3000000       -0.00687992        0.00642144
     4.4000000       -0.00823295        0.00711568
     4.5000000       -0.00922680        0.00734851
     4.6000000       -0.00994839        0.00701527
     4.7000000       -0.00926257        0.00746000
     4.8000000       -0.00908640        0.00772912
     4.9000000       -0.00877754        0.00785339
     5.0000000       -0.00764684        0.00756505
     5.1000000       -0.00654546        0.00777909
     5.2000000       -0.00506960        0.00817352
     5.3000000       -0.00436333        0.00821495
     5.4000000       -0.00317635        0.00869855
     5.5000000       -0.00355569        0.00910590
     5.6000000       -0.00455717        0.00936888
     5.7000000       -0.00652326        0.00900995
     5.8000000       -0.00703565        0.00900574
     5.9000000       -0.00671657        0.00889959
     6.0000000       -0.00548357        0.00928438
     6.1000000       -0.00499462        0.01036413
     6.2000000       -0.00566701        0.01135672
     6.3000000       -0.00605377        0.01251990
     6.4000000       -0.00600217        0.01290174
     6.5000000       -0.00440902        0.01352287
     6.6000000       -0.00308406        0.01457685
     6.7000000       -0.00215595        0.01548197
     6.8000000       -0.00035207        0.01607528
     6.9000000        0.00123435        0.01720470
     7.0000000        0.00318966        0.01736398
     7.1000000        0.00616948        0.01768173
     7.2000000        0.01083277        0.01773507
     7.3000000        0.01570116        0.01673416
     7.4000000        0.02186262        0.01738266
     7.5000000        0.02597757        0.01800786
     7.6000000        0.03076399        0.01836417
     7.7000000        0.03583290        0.01808643
     7.8000000        0.03987170        0.01672392
     7.9000000        0.04533594        0.01670635
     8.0000000        0.05041007        0.01671652
     8.1000000        0.05513159        0.01662586
     8.2000000        0.06168684        0.01718352
     8.3000000        0.06833863        0.01774456
     8.4000000        0.07273905        0.01826706
     8.5000000        0.07972896        0.01849143
     8.6000000        0.08620237        0.01852654
     8.7000000        0.09425310        0.01930465
     8.8000000        0.10242563        0.01986866
     8.9000000        0.11129220        0.02017609
     9.0000000        0.12196846        0.02066908
     9.1000000        0.13501152        0.02079540
     9.2000000        0.15096511        0.02147131
     9.3000000        0.16671387        0.02170317
     9.4000000        0.18469521        0.02170985
     9.5000000        0.20445290        0.02151718
     9.6000000        0.22434932        0.02138252
     9.7000000        0.24648110        0.02121276
     9.8000000        0.27136540        0.02091290
     9.9000000        0.30136271        0.02027801
    10.0000000        0.33471539        0.01913143
