     0.0000000        0.00300940        0.00024463
     0.1000000        0.00200771        0.00019603
     0.2000000        0.00141896        0.00016184
     0.3000000        0.00100531        0.00013231
     0.4000000        0.00075576        0.00012303
     0.5000000        0.00055713        0.00011112
     0.6000000        0.00044173        0.00009334
     0.7000000        0.00034892        0.00008287
     0.8000000        0.00028651        0.00007445
     0.9000000        0.00022562        0.00006280
     1.0000000        0.00018755        0.00005401
     1.1000000        0.00015783        0.00004675
     1.2000000        0.00013328        0.00004007
     1.3000000        0.00011643        0.00003580
     1.4000000        0.00010303        0.00003046
     1.5000000        0.00009408        0.00002767
     1.6000000        0.00008382        0.00002697
     1.7000000        0.00007523        0.00002700
     1.8000000        0.00006977        0.00002649
     1.9000000        0.00006490        0.00002523
     2.0000000        0.00006065        0.00002395
     2.1000000        0.00005667        0.00002259
     2.2000000        0.00005256        0.00002084
     2.3000000        0.00004688        0.00002026
     2.4000000        0.00004400        0.00002005
     2.5000000        0.00004257        0.00002008
     2.6000000        0.00004223        0.00002007
     2.7000000        0.00004187        0.00001968
     2.8000000        0.00004115        0.00001925
     2.9000000        0.00004059        0.00001898
     3.0000000        0.00004038        0.00001882
     3.1000000        0.00004012        0.00001855
     3.2000000        0.00003972        0.00001821
     3.3000000        0.00003878        0.00001732
     3.4000000        0.00003877        0.00001713
     3.5000000        0.00003849        0.00001690
     3.6000000        0.00003864        0.00001694
     3.7000000        0.00003830        0.00001690
     3.8000000        0.00003767        0.00001698
     3.9000000        0.00003748        0.00001731
     4.0000000        0.00003740        0.00001770
     4.1000000        0.00003806        0.00001782
     4.2000000        0.00003921        0.00001758
     4.3000000        0.00004080        0.00001661
     4.4000000        0.00004353        0.00001494
     4.5000000        0.00004415        0.00001468
     4.6000000        0.00004518        0.00001449
     4.7000000        0.00004519        0.00001430
     4.8000000        0.00004560        0.00001392
     4.9000000        0.00004560        0.00001369
     5.0000000        0.00004521        0.00001353
     5.1000000        0.00004498        0.00001355
     5.2000000        0.00004580        0.00001341
     5.3000000        0.00004612        0.00001332
     5.4000000        0.00004604        0.00001336
     5.5000000        0.00004590        0.00001342
     5.6000000        0.00004574        0.00001377
     5.7000000        0.00004550        0.00001411
     5.8000000        0.00004540        0.00001437
     5.9000000        0.00004486        0.00001473
     6.0000000        0.00004463        0.00001487
     6.1000000        0.00004461        0.00001499
     6.2000000        0.00004438        0.00001508
     6.3000000        0.00004468        0.00001511
     6.4000000        0.00004437        0.00001511
     6.5000000        0.00004487        0.00001525
     6.6000000        0.00004475        0.00001512
     6.7000000        0.00004491        0.00001498
     6.8000000        0.00004495        0.00001488
     6.9000000        0.00004389        0.00001495
     7.0000000        0.00004330        0.00001490
     7.1000000        0.00004339        0.00001449
     7.2000000        0.00004442        0.00001431
     7.3000000        0.00004374        0.00001407
     7.4000000        0.00004341        0.00001339
     7.5000000        0.00004558        0.00001374
     7.6000000        0.00004663        0.00001508
     7.7000000        0.00004852        0.00001719
     7.8000000        0.00005079        0.00001799
     7.9000000        0.00005552        0.00001962
     8.0000000        0.00005944        0.00002197
     8.1000000        0.00006114        0.00002235
     8.2000000        0.00005839        0.00002513
     8.3000000        0.00005892        0.00002884
     8.4000000        0.00006712        0.00003520
     8.5000000        0.00008921        0.00004472
     8.6000000        0.00011297        0.00004863
     8.7000000        0.00013344        0.00005318
     8.8000000        0.00015578        0.00005702
     8.9000000        0.00016947        0.00004842
     9.0000000        0.00015642        0.00003320
     9.1000000        0.00017792        0.00003506
     9.2000000        0.00023444        0.00005209
     9.3000000        0.00029505        0.00007376
     9.4000000        0.00038955        0.00008887
     9.5000000        0.00051215        0.00010835
     9.6000000        0.00068984        0.00012997
     9.7000000        0.00093711        0.00015309
     9.8000000        0.00131860        0.00019236
     9.9000000        0.00193398        0.00021557
    10.0000000        0.00300940        0.00024463
