     0.0000000        0.03217270        0.00052077
     0.1000000        0.02498136        0.00058356
     0.2000000        0.01963780        0.00061759
     0.3000000        0.01560033        0.00065294
     0.4000000        0.01245917        0.00066291
     0.5000000        0.01004612        0.00066177
     0.6000000        0.00818385        0.00064695
     0.7000000        0.00667415        0.00062789
     0.8000000        0.00548934        0.00057611
     0.9000000        0.00451674        0.00054061
     1.0000000        0.00364617        0.00048624
     1.1000000        0.00288858        0.00044991
     1.2000000        0.00224319        0.00040391
     1.3000000        0.00176957        0.00038161
     1.4000000        0.00139049        0.00035951
     1.5000000        0.00108175        0.00034087
     1.6000000        0.00085703        0.00030217
     1.7000000        0.00069642        0.00026411
     1.8000000        0.00059405        0.00022827
     1.9000000        0.00052090        0.00019416
     2.0000000        0.00045423        0.00016588
     2.1000000        0.00044306        0.00013568
     2.2000000        0.00040308        0.00011689
     2.3000000        0.00036762        0.00010543
     2.4000000        0.00032369        0.00009587
     2.5000000        0.00028058        0.00009206
     2.6000000        0.00024035        0.00008904
     2.7000000        0.00021775        0.00008406
     2.8000000        0.00019206        0.00008022
     2.9000000        0.00015937        0.00007861
     3.0000000        0.00013068        0.00007216
     3.1000000        0.00011253        0.00007020
     3.2000000        0.00008725        0.00006816
     3.3000000        0.00008336        0.00006218
     3.4000000        0.00007599        0.00005960
     3.5000000        0.00007618        0.00005421
     3.6000000        0.00007647        0.00004720
     3.7000000        0.00008039        0.00003810
     3.8000000        0.00007487        0.00003541
     3.9000000        0.00006838        0.00003350
     4.0000000        0.00006913        0.00002821
     4.1000000        0.00006447        0.00002867
     4.2000000        0.00006710        0.00002444
     4.3000000        0.00007610        0.00002574
     4.4000000        0.00008740        0.00003479
     4.5000000        0.00009415        0.00004132
     4.6000000        0.00010266        0.00004911
     4.7000000        0.00011749        0.00005924
     4.8000000        0.00013193        0.00007353
     4.9000000        0.00013519        0.00008147
     5.0000000        0.00013950        0.00008833
     5.1000000        0.00013659        0.00009779
     5.2000000        0.00012918        0.00010308
     5.3000000        0.00012660        0.00010582
     5.4000000        0.00012411        0.00010940
     5.5000000        0.00012467        0.00011199
     5.6000000        0.00012901        0.00011416
     5.7000000        0.00013356        0.00011797
     5.8000000        0.00013498        0.00012060
     5.9000000        0.00013823        0.00012359
     6.0000000        0.00014408        0.00012564
     6.1000000        0.00014534        0.00012581
     6.2000000        0.00014584        0.00012067
     6.3000000        0.00015124        0.00011998
     6.4000000        0.00015181        0.00011628
     6.5000000        0.00014448        0.00010654
     6.6000000        0.00014298        0.00009902
     6.7000000        0.00015426        0.00009528
     6.8000000        0.00016535        0.00009566
     6.9000000        0.00017369        0.00010009
     7.0000000        0.00019449        0.00010378
     7.1000000        0.00021213        0.00010748
     7.2000000        0.00023970        0.00011203
     7.3000000        0.00027839        0.00011532
     7.4000000        0.00033345        0.00012229
     7.5000000        0.00040649        0.00013427
     7.6000000        0.00047118        0.00015252
     7.7000000        0.00054807        0.00016433
     7.8000000        0.00064561        0.00017480
     7.9000000        0.00072911        0.00017788
     8.0000000        0.00082043        0.00020118
     8.1000000        0.00092656        0.00021584
     8.2000000        0.00105344        0.00022664
     8.3000000        0.00122752        0.00023626
     8.4000000        0.00145086        0.00024457
     8.5000000        0.00168729        0.00026090
     8.6000000        0.00192458        0.00031158
     8.7000000        0.00226447        0.00036156
     8.8000000        0.00266440        0.00042360
     8.9000000        0.00320900        0.00043099
     9.0000000        0.00386559        0.00044540
     9.1000000        0.00464959        0.00043804
     9.2000000        0.00558390        0.00045597
     9.3000000        0.00680395        0.00041481
     9.4000000        0.00825722        0.00038658
     9.5000000        0.01008852        0.00036584
     9.6000000        0.01245460        0.00040337
     9.7000000        0.01564351        0.00045191
     9.8000000        0.01971953        0.00048142
     9.9000000        0.02502651        0.00050600
    10.0000000        0.03217270        0.00052077
