         101           5   20.000000000000000                1
     0.0000000       -0.06211406        0.24379454
     0.1000000       -0.06090272        0.18884499
     0.2000000       -0.00271137        0.08106874
     0.3000000       -0.00166145        0.06523264
     0.4000000        0.06147743        0.02514958
     0.5000000       -0.04531877        0.06811362
     0.6000000       -0.22851976        0.26237096
     0.7000000       -0.09951805        0.09974606
     0.8000000        0.04600747        0.05560495
     0.9000000       -0.04243856        0.02424404
     1.0000000       -0.01002696        0.02532960
     1.1000000        0.00394133        0.01367488
     1.2000000       -0.00931995        0.01357236
     1.3000000       -0.01630005        0.01336819
     1.4000000       -0.01684726        0.02062808
     1.5000000       -0.01235274        0.00969453
     1.6000000        0.00058918        0.00591414
     1.7000000       -0.06105232        0.06338855
     1.8000000       -0.01283861        0.01264385
     1.9000000       -0.00431296        0.00702212
     2.0000000       -0.00211395        0.00989761
     2.1000000       -0.00100931        0.02256706
     2.2000000        0.02456477        0.02909164
     2.3000000        0.01723707        0.01787080
     2.4000000        0.00539304        0.02187905
     2.5000000       -0.01365507        0.02018706
     2.6000000        0.03106973        0.04954142
     2.7000000        0.05271515        0.04302990
     2.8000000        0.00019387        0.03158782
     2.9000000       -0.03181102        0.01170291
     3.0000000       -0.01956913        0.01358887
     3.1000000       -0.01006201        0.01276224
     3.2000000       -0.00854019        0.00917916
     3.3000000       -0.00119290        0.00724754
     3.4000000        0.00469861        0.00322644
     3.5000000       -0.00138717        0.00489757
     3.6000000       -0.00932140        0.01130646
     3.7000000        0.00952734        0.00751621
     3.8000000        0.00335625        0.01011883
     3.9000000        0.00656412        0.00667470
     4.0000000       -0.00045416        0.00879847
     4.1000000       -0.00839322        0.00933246
     4.2000000        0.00820387        0.01486899
     4.3000000        0.00327825        0.00581683
     4.4000000       -0.00029076        0.00791360
     4.5000000        0.00322405        0.00462291
     4.6000000        0.00114775        0.01251933
     4.7000000       -0.00078110        0.00762622
     4.8000000        0.00596363        0.01106633
     4.9000000       -0.00216606        0.00632861
     5.0000000        0.00166659        0.00518893
     5.1000000        0.00287799        0.00514667
     5.2000000       -0.00478425        0.00232897
     5.3000000       -0.00620344        0.00560109
     5.4000000       -0.02118949        0.01557086
     5.5000000       -0.02372041        0.01350140
     5.6000000       -0.02261393        0.01128186
     5.7000000       -0.03705922        0.03337575
     5.8000000       -0.01925772        0.03915262
     5.9000000        0.00222829        0.01283967
     6.0000000        0.00204521        0.00221601
     6.1000000        0.00356791        0.00493747
     6.2000000       -0.00379658        0.01176183
     6.3000000       -0.00915278        0.00802702
     6.4000000        0.00101045        0.00472278
     6.5000000       -0.00572537        0.00688516
     6.6000000        0.00056528        0.00618829
     6.7000000       -0.00994683        0.00580218
     6.8000000       -0.04958575        0.05047907
     6.9000000       -0.00525096        0.00530792
     7.0000000       -0.00150597        0.00212478
     7.1000000       -0.00658021        0.00319069
     7.2000000       -0.00632032        0.00722759
     7.3000000       -0.00750155        0.00805917
     7.4000000       -0.00249619        0.00283152
     7.5000000        0.00019733        0.00184839
     7.6000000       -0.00464000        0.00305102
     7.7000000       -0.00847823        0.00959511
     7.8000000       -0.00571047        0.01071726
     7.9000000       -0.00603654        0.00787629
     8.0000000       -0.01521534        0.01447420
     8.1000000       -0.01079325        0.00916873
     8.2000000       -0.00273121        0.00417771
     8.3000000        0.00234480        0.00166570
     8.4000000        0.00589897        0.00197678
     8.5000000        0.00005761        0.00353574
     8.6000000       -0.00023533        0.00347430
     8.7000000       -0.00231014        0.00176031
     8.8000000        0.00213919        0.00029889
     8.9000000        0.00268450        0.00230875
     9.0000000        0.00020413        0.00189479
     9.1000000       -0.00046363        0.00132157
     9.2000000       -0.00184431        0.00233286
     9.3000000        0.00132808        0.00187579
     9.4000000        0.00001989        0.00131260
     9.5000000       -0.00170012        0.00219795
     9.6000000        0.00175187        0.00293571
     9.7000000        0.00260468        0.00171070
     9.8000000       -0.00534038        0.01073597
     9.9000000       -0.01177640        0.01423464
    10.0000000       -0.01312035        0.01548740
