         101         161   20.000000000000000                1
     0.0000000        0.32142857        0.00000000
     0.1000000        0.24256280        0.00000000
     0.2000000        0.18352877        0.00000000
     0.3000000        0.13923915        0.00000000
     0.4000000        0.10593271        0.00000000
     0.5000000        0.08082419        0.00000000
     0.6000000        0.06184756        0.00000000
     0.7000000        0.04746755        0.00000000
     0.8000000        0.03654119        0.00000000
     0.9000000        0.02821591        0.00000000
     1.0000000        0.02185442        0.00000000
     1.1000000        0.01697937        0.00000000
     1.2000000        0.01323241        0.00000000
     1.3000000        0.01034389        0.00000000
     1.4000000        0.00811043        0.00000000
     1.5000000        0.00637823        0.00000000
     1.6000000        0.00503074        0.00000000
     1.7000000        0.00397934        0.00000000
     1.8000000        0.00315650        0.00000000
     1.9000000        0.00251065        0.00000000
     2.0000000        0.00200221        0.00000000
     2.1000000        0.00160081        0.00000000
     2.2000000        0.00128303        0.00000000
     2.3000000        0.00103075        0.00000000
     2.4000000        0.00082995        0.00000000
     2.5000000        0.00066970        0.00000000
     2.6000000        0.00054151        0.00000000
     2.7000000        0.00043870        0.00000000
     2.8000000        0.00035608        0.00000000
     2.9000000        0.00028952        0.00000000
     3.0000000        0.00023579        0.00000000
     3.1000000        0.00019233        0.00000000
     3.2000000        0.00015712        0.00000000
     3.3000000        0.00012853        0.00000000
     3.4000000        0.00010528        0.00000000
     3.5000000        0.00008634        0.00000000
     3.6000000        0.00007089        0.00000000
     3.7000000        0.00005827        0.00000000
     3.8000000        0.00004795        0.00000000
     3.9000000        0.00003949        0.00000000
     4.0000000        0.00003255        0.00000000
     4.1000000        0.00002686        0.00000000
     4.2000000        0.00002218        0.00000000
     4.3000000        0.00001832        0.00000000
     4.4000000        0.00001515        0.00000000
     4.5000000        0.00001254        0.00000000
     4.6000000        0.00001038        0.00000000
     4.7000000        0.00000860        0.00000000
     4.8000000        0.00000713        0.00000000
     4.9000000        0.00000591        0.00000000
     5.0000000        0.00000491        0.00000000
     5.1000000        0.00000407        0.00000000
     5.2000000        0.00000338        0.00000000
     5.3000000        0.00000281        0.00000000
     5.4000000        0.00000234        0.00000000
     5.5000000        0.00000194        0.00000000
     5.6000000        0.00000162        0.00000000
     5.7000000        0.00000134        0.00000000
     5.8000000        0.00000112        0.00000000
     5.9000000        0.00000093        0.00000000
     6.0000000        0.00000078        0.00000000
     6.1000000        0.00000065        0.00000000
     6.2000000        0.00000054        0.00000000
     6.3000000        0.00000045        0.00000000
     6.4000000        0.00000037        0.00000000
     6.5000000        0.00000031        0.00000000
     6.6000000        0.00000026        0.00000000
     6.7000000        0.00000022        0.00000000
     6.8000000        0.00000018        0.00000000
     6.9000000        0.00000015        0.00000000
     7.0000000        0.00000013        0.00000000
     7.1000000        0.00000011        0.00000000
     7.2000000        0.00000009        0.00000000
     7.3000000        0.00000007        0.00000000
     7.4000000        0.00000006        0.00000000
     7.5000000        0.00000005        0.00000000
     7.6000000        0.00000004        0.00000000
     7.7000000        0.00000004        0.00000000
     7.8000000        0.00000003        0.00000000
     7.9000000        0.00000003        0.00000000
     8.0000000        0.00000002        0.00000000
     8.1000000        0.00000002        0.00000000
     8.2000000        0.00000002        0.00000000
     8.3000000        0.00000001        0.00000000
     8.4000000        0.00000001        0.00000000
     8.5000000        0.00000001        0.00000000
     8.6000000        0.00000001        0.00000000
     8.7000000        0.00000001        0.00000000
     8.8000000        0.00000001        0.00000000
     8.9000000        0.00000000        0.00000000
     9.0000000        0.00000000        0.00000000
     9.1000000        0.00000000        0.00000000
     9.2000000        0.00000000        0.00000000
     9.3000000        0.00000000        0.00000000
     9.4000000        0.00000000        0.00000000
     9.5000000        0.00000000        0.00000000
     9.6000000        0.00000000        0.00000000
     9.7000000        0.00000000        0.00000000
     9.8000000        0.00000000        0.00000000
     9.9000000        0.00000000        0.00000000
    10.0000000        0.00000000        0.00000000
