     0.0000000        0.15235750        0.02217870
     0.1000000        0.08981735        0.01368894
     0.2000000        0.07037314        0.01722368
     0.3000000        0.06420119        0.02046690
     0.4000000        0.01521551        0.01765304
     0.5000000        0.02244032        0.01036699
     0.6000000        0.01212031        0.01059696
     0.7000000        0.00217509        0.01183587
     0.8000000        0.02146380        0.02192281
     0.9000000        0.01742811        0.01813411
     1.0000000        0.00344436        0.01541167
     1.1000000       -0.00250095        0.00541089
     1.2000000       -0.00719945        0.00588506
     1.3000000       -0.01943957        0.01581884
     1.4000000       -0.01245521        0.01056979
     1.5000000       -0.01861549        0.02476176
     1.6000000        0.01129676        0.00889582
     1.7000000        0.05262766        0.04623609
     1.8000000        0.01177575        0.01202053
     1.9000000       -0.04384050        0.05075976
     2.0000000       -0.01057503        0.02348060
     2.1000000       -0.00182117        0.01015524
     2.2000000        0.00237122        0.00405171
     2.3000000       -0.00276659        0.00437014
     2.4000000       -0.01424566        0.01140244
     2.5000000       -0.00981859        0.00720857
     2.6000000       -0.00278209        0.00855809
     2.7000000       -0.00436282        0.00523088
     2.8000000        0.00229112        0.00665202
     2.9000000        0.00326717        0.00729558
     3.0000000        0.00051655        0.00707631
     3.1000000        0.00331239        0.00671041
     3.2000000       -0.00072008        0.00770285
     3.3000000        0.00074323        0.00321119
     3.4000000       -0.00622369        0.00474578
     3.5000000       -0.01420225        0.01257939
     3.6000000       -0.01007063        0.00815924
     3.7000000       -0.00480096        0.00755014
     3.8000000       -0.00126062        0.00406173
     3.9000000        0.00290326        0.00541885
     4.0000000        0.00212480        0.00386662
     4.1000000       -0.00408542        0.00449952
     4.2000000        0.00059140        0.00354875
     4.3000000       -0.00028541        0.00290342
     4.4000000       -0.00828046        0.00570668
     4.5000000        0.00508398        0.00892000
     4.6000000       -0.00501762        0.00566187
     4.7000000       -0.01243498        0.00658933
     4.8000000       -0.00569640        0.00738373
     4.9000000       -0.00349629        0.00967969
     5.0000000       -0.00576994        0.00931188
     5.1000000       -0.02678907        0.03025282
     5.2000000       -0.01652854        0.02057691
     5.3000000       -0.01033146        0.00765751
     5.4000000       -0.00298457        0.00589415
     5.5000000        0.00860889        0.00399717
     5.6000000        0.00418185        0.00395238
     5.7000000        0.00525168        0.00515000
     5.8000000        0.00398824        0.00695472
     5.9000000       -0.00424832        0.00688455
     6.0000000       -0.01031120        0.01454828
     6.1000000       -0.01163418        0.00770608
     6.2000000       -0.00756469        0.00605540
     6.3000000       -0.00719701        0.00433598
     6.4000000       -0.00844397        0.00514007
     6.5000000        0.01255062        0.01251315
     6.6000000        0.00554777        0.00930918
     6.7000000        0.00291577        0.02093731
     6.8000000        0.00626916        0.01175862
     6.9000000        0.00159500        0.00571406
     7.0000000       -0.00411085        0.00386191
     7.1000000       -0.00937542        0.01244109
     7.2000000       -0.00471124        0.00580702
     7.3000000        0.00645646        0.00475177
     7.4000000        0.01219806        0.01088795
     7.5000000       -0.00643188        0.00750753
     7.6000000       -0.00877874        0.00919011
     7.7000000       -0.00264138        0.01443440
     7.8000000       -0.01662291        0.01368345
     7.9000000       -0.05525512        0.03689295
     8.0000000        0.00091989        0.01255985
     8.1000000        0.00814874        0.01729618
     8.2000000        0.00607416        0.00727079
     8.3000000       -0.00385988        0.00649094
     8.4000000       -0.00075093        0.00341846
     8.5000000       -0.00431978        0.00335289
     8.6000000       -0.00420037        0.00316654
     8.7000000        0.00131211        0.00392632
     8.8000000        0.00466932        0.00527943
     8.9000000       -0.00184897        0.00436197
     9.0000000        0.00095697        0.00424941
     9.1000000       -0.00512072        0.00470752
     9.2000000        0.00135673        0.00330176
     9.3000000       -0.00280941        0.00521472
     9.4000000       -0.00309490        0.00349277
     9.5000000       -0.00968372        0.00678241
     9.6000000       -0.01487453        0.00878679
     9.7000000       -0.00437183        0.00565835
     9.8000000       -0.01307916        0.01168394
     9.9000000       -0.00431629        0.00365161
    10.0000000        0.00508057        0.00421950
    10.1000000        0.00354413        0.00246363
    10.2000000        0.00715819        0.00507137
    10.3000000        0.01040551        0.00721322
    10.4000000       -0.00466448        0.00536718
    10.5000000        0.00095963        0.00527985
    10.6000000       -0.01455112        0.00891738
    10.7000000       -0.00203933        0.00234718
    10.8000000        0.00329073        0.00520005
    10.9000000        0.00420510        0.00335586
    11.0000000        0.00510933        0.00725533
    11.1000000        0.00865391        0.00871685
    11.2000000        0.01220893        0.01146392
    11.3000000        0.00895800        0.00765668
    11.4000000        0.00716692        0.00685518
    11.5000000        0.00538751        0.00696142
    11.6000000        0.00247029        0.00488588
    11.7000000        0.00220937        0.00553621
    11.8000000       -0.00825724        0.00488936
    11.9000000       -0.00186028        0.00788070
    12.0000000        0.01524287        0.01027286
    12.1000000        0.00777348        0.00610329
    12.2000000       -0.00078781        0.00491860
    12.3000000       -0.01559458        0.01173553
    12.4000000       -0.00341531        0.00513502
    12.5000000       -0.00030150        0.00524989
    12.6000000       -0.00333548        0.00285757
    12.7000000       -0.00431792        0.00439029
    12.8000000       -0.00251440        0.00317635
    12.9000000       -0.00399082        0.00432364
    13.0000000       -0.00275216        0.00647509
    13.1000000       -0.00657793        0.00711610
    13.2000000       -0.00050884        0.00498029
    13.3000000       -0.00358075        0.00440148
    13.4000000       -0.00066814        0.00542099
    13.5000000       -0.00626203        0.00776155
    13.6000000        0.01101479        0.01190551
    13.7000000        0.00614678        0.00528597
    13.8000000       -0.00499844        0.00476030
    13.9000000       -0.06146858        0.05652440
    14.0000000        0.00188362        0.00663094
    14.1000000        0.08498874        0.08323626
    14.2000000        0.02161404        0.02100107
    14.3000000        0.01773803        0.02337319
    14.4000000       -0.24725000        0.24777798
    14.5000000       -0.21478641        0.21390392
    14.6000000       -0.30029284        0.30435469
    14.7000000        0.17835441        0.18129991
    14.8000000        0.17017131        0.18264152
    14.9000000       -0.04529054        0.03902314
    15.0000000        0.40182154        0.41640463
    15.1000000       -0.15390360        0.16008089
    15.2000000       -2.71798476        2.79438483
    15.3000000       -2.02992222        2.08762180
    15.4000000       -1.63960583        1.68170187
    15.5000000       -0.83440648        0.85166721
    15.6000000       -0.50438060        0.54692704
    15.7000000       -0.14281974        0.18637939
    15.8000000       -0.07664977        0.09688378
    15.9000000       -0.05580207        0.06419475
    16.0000000        0.37353177        0.38582732
    16.1000000        0.20474076        0.20549423
    16.2000000       -0.16223788        0.16320285
    16.3000000       -0.00049080        0.00893626
    16.4000000        0.11974517        0.11403676
    16.5000000        0.14382696        0.14503280
    16.6000000        0.11619944        0.10959906
    16.7000000        0.15128926        0.14773328
    16.8000000       -0.04599316        0.05474590
    16.9000000       -0.00493437        0.00672573
    17.0000000        0.01209067        0.00948511
    17.1000000        0.00798845        0.02197836
    17.2000000        0.02534117        0.01300193
    17.3000000       -0.00211002        0.00931406
    17.4000000        0.01597956        0.01521661
    17.5000000        0.00373051        0.00803430
    17.6000000        0.01435626        0.00781938
    17.7000000       -0.00346614        0.00937611
    17.8000000        0.00417254        0.00691071
    17.9000000        0.00457717        0.00530818
    18.0000000       -0.01870287        0.01734138
    18.1000000       -0.04235356        0.03569198
    18.2000000       -0.07283211        0.06176252
    18.3000000       -0.01857930        0.00783103
    18.4000000       -0.00897522        0.00937749
    18.5000000        0.00552915        0.01341890
    18.6000000       -0.00063515        0.01337711
    18.7000000        0.00341637        0.01459353
    18.8000000        0.01341759        0.00960859
    18.9000000       -0.00219466        0.01255790
    19.0000000        0.00711588        0.01163694
    19.1000000       -0.05522415        0.06501786
    19.2000000       -0.01007739        0.02129358
    19.3000000        0.00173145        0.01927104
    19.4000000       -0.00811096        0.02794792
    19.5000000        0.03007017        0.00992158
    19.6000000        0.05766266        0.02423522
    19.7000000        0.04270199        0.01226645
    19.8000000        0.06631402        0.01225956
    19.9000000        0.10730149        0.01650468
    20.0000000        0.15235750        0.02217870
