     0.0000000        0.82610451        0.00030911
     0.0500000        0.79256618        0.00035244
     0.1000000        0.76331510        0.00039127
     0.1500000        0.73775309        0.00042760
     0.2000000        0.71517531        0.00046668
     0.2500000        0.69514353        0.00050938
     0.3000000        0.67738569        0.00055137
     0.3500000        0.66174744        0.00059004
     0.4000000        0.64796176        0.00061905
     0.4500000        0.63578356        0.00064630
     0.5000000        0.62508004        0.00066848
     0.5500000        0.61560068        0.00069459
     0.6000000        0.60741292        0.00071768
     0.6500000        0.60032809        0.00075158
     0.7000000        0.59439727        0.00078873
     0.7500000        0.58946007        0.00082089
     0.8000000        0.58555621        0.00084793
     0.8500000        0.58257512        0.00086371
     0.9000000        0.58037409        0.00087026
     0.9500000        0.57909588        0.00086880
     1.0000000        0.57870058        0.00086587
     1.0500000        0.57914007        0.00085440
     1.1000000        0.58047608        0.00084640
     1.1500000        0.58262268        0.00083570
     1.2000000        0.58577881        0.00082852
     1.2500000        0.58975194        0.00082265
     1.3000000        0.59464436        0.00081177
     1.3500000        0.60057161        0.00079807
     1.4000000        0.60759718        0.00078270
     1.4500000        0.61571039        0.00075955
     1.5000000        0.62512974        0.00073350
     1.5500000        0.63590594        0.00070662
     1.6000000        0.64810900        0.00067357
     1.6500000        0.66187248        0.00063672
     1.7000000        0.67746861        0.00059258
     1.7500000        0.69501617        0.00055076
     1.8000000        0.71498027        0.00050281
     1.8500000        0.73755249        0.00045606
     1.9000000        0.76322552        0.00040620
     1.9500000        0.79253226        0.00035898
     2.0000000        0.82610451        0.00030911
