         101           5   20.000000000000000                1
     0.0000000        0.31777303        0.02036344
     0.1000000        0.23524201        0.01170145
     0.2000000        0.15854913        0.00673274
     0.3000000        0.10541451        0.00699998
     0.4000000        0.07035676        0.01519757
     0.5000000        0.06541293        0.00646543
     0.6000000        0.05037720        0.00778314
     0.7000000        0.03415848        0.00935634
     0.8000000        0.01583375        0.01512969
     0.9000000        0.01764284        0.00606690
     1.0000000        0.02215595        0.01720167
     1.1000000       -0.00517167        0.01407631
     1.2000000       -0.01082161        0.02145750
     1.3000000        0.03709500        0.05421574
     1.4000000       -0.01997929        0.02257461
     1.5000000       -0.01357341        0.01473327
     1.6000000        0.00383675        0.01536543
     1.7000000       -0.03088018        0.01704978
     1.8000000       -0.01841135        0.01062657
     1.9000000       -0.13211586        0.12009372
     2.0000000       -0.04544115        0.04241269
     2.1000000       -0.03588516        0.03424687
     2.2000000       -0.01202745        0.03037523
     2.3000000       -0.03341166        0.04785484
     2.4000000        0.00008749        0.00882165
     2.5000000        0.01203012        0.01868666
     2.6000000        0.02531436        0.02310367
     2.7000000        0.01952486        0.02737542
     2.8000000       -0.00808275        0.00967861
     2.9000000        0.01105483        0.02255562
     3.0000000        0.10796762        0.13201612
     3.1000000        0.13210079        0.15253739
     3.2000000        0.05834766        0.07163805
     3.3000000        0.20090294        0.21578730
     3.4000000        0.06399664        0.06881477
     3.5000000        0.03427053        0.03065716
     3.6000000        0.04194485        0.04395883
     3.7000000        0.03396769        0.03533335
     3.8000000        0.01078476        0.00911831
     3.9000000        0.00231981        0.00632067
     4.0000000        0.01324227        0.01239659
     4.1000000        0.02934983        0.03756433
     4.2000000       -0.00486430        0.01044859
     4.3000000       -0.01503195        0.01571909
     4.4000000       -0.03484790        0.03342033
     4.5000000       -0.01387910        0.00734583
     4.6000000        0.00680463        0.00725067
     4.7000000        0.00832009        0.00434444
     4.8000000       -0.00211725        0.01257896
     4.9000000       -0.01562419        0.01782249
     5.0000000       -0.00502985        0.01266392
     5.1000000       -0.00418035        0.00618637
     5.2000000       -0.01458649        0.01402400
     5.3000000        0.00118228        0.01495813
     5.4000000       -0.00694040        0.01241598
     5.5000000       -0.00708471        0.00640420
     5.6000000       -0.00748109        0.00429336
     5.7000000        0.00009522        0.01033574
     5.8000000       -0.00617716        0.01866280
     5.9000000        0.01091710        0.02495314
     6.0000000        0.00307710        0.00919032
     6.1000000        0.00808135        0.00975265
     6.2000000        0.01279183        0.01101534
     6.3000000        0.00564338        0.00487260
     6.4000000        0.01804255        0.01089703
     6.5000000        0.00008880        0.00027706
     6.6000000       -0.02431551        0.02172779
     6.7000000       -0.00547092        0.00635521
     6.8000000       -0.01155222        0.01064640
     6.9000000       -0.02805295        0.03634951
     7.0000000       -0.00087834        0.01609307
     7.1000000       -0.00506913        0.01438808
     7.2000000        0.00057522        0.00417611
     7.3000000       -0.00383165        0.00367851
     7.4000000       -0.00168947        0.00136102
     7.5000000        0.00350750        0.00331016
     7.6000000        0.00115311        0.00212720
     7.7000000        0.00491563        0.00712702
     7.8000000        0.00494322        0.00372454
     7.9000000        0.00954866        0.01086861
     8.0000000        0.01824443        0.04544009
     8.1000000       -0.00061588        0.03335577
     8.2000000        0.00963513        0.00580671
     8.3000000        0.00344265        0.00712145
     8.4000000        0.00241291        0.00466501
     8.5000000        0.00393585        0.00548102
     8.6000000        0.00375061        0.00940647
     8.7000000        0.01374870        0.01747365
     8.8000000        0.06444010        0.05778706
     8.9000000        0.01951220        0.02225452
     9.0000000        0.02228770        0.02024567
     9.1000000        0.02044855        0.01688158
     9.2000000        0.02988128        0.02440142
     9.3000000        0.00937732        0.01089846
     9.4000000        0.00693487        0.01394466
     9.5000000        0.00806405        0.01381705
     9.6000000       -0.00352890        0.00475471
     9.7000000       -0.00038846        0.00299683
     9.8000000       -0.00309097        0.00716206
     9.9000000       -0.00581719        0.00472915
    10.0000000       -0.00335278        0.00261794
