     0.0000000        1.27495732        0.02857632
     0.1000000        0.97395840        0.02799437
     0.2000000        0.83018698        0.02999642
     0.3000000        0.62777069        0.03037738
     0.4000000        0.48036882        0.02357418
     0.5000000        0.37547890        0.02461344
     0.6000000        0.33683595        0.03916994
     0.7000000        0.31031438        0.07624323
     0.8000000        0.38634845        0.16483738
     0.9000000        0.23647880        0.08289188
     1.0000000        0.15656774        0.05361489
     1.1000000        0.23911407        0.14763496
     1.2000000        0.10217363        0.03720593
     1.3000000        0.18940851        0.14291527
     1.4000000        0.41815112        0.39030118
     1.5000000        0.14860237        0.14646837
     1.6000000        0.07144234        0.05055871
     1.7000000        0.15069032        0.09627041
     1.8000000        0.03555456        0.03334819
     1.9000000       -0.01774593        0.04684222
     2.0000000       -0.04507390        0.07997475
     2.1000000       -0.03331852        0.07822502
     2.2000000        0.00219467        0.02791630
     2.3000000        0.03235398        0.01756186
     2.4000000        0.01860354        0.00721404
     2.5000000        0.01577940        0.01447900
     2.6000000        0.00393251        0.01004611
     2.7000000        0.01617422        0.01631531
     2.8000000        0.06197599        0.04899271
     2.9000000        0.02182969        0.01971384
     3.0000000        0.03617972        0.03301374
     3.1000000        0.00430229        0.00831490
     3.2000000       -0.00740818        0.00625913
     3.3000000       -0.00005328        0.00219579
     3.4000000       -0.00266886        0.00206275
     3.5000000       -0.00280267        0.00417805
     3.6000000        0.00650692        0.00488109
     3.7000000       -0.01311238        0.01021608
     3.8000000       -0.02132355        0.02357164
     3.9000000       -0.06182228        0.06755717
     4.0000000       -0.00492755        0.00513870
     4.1000000       -0.00838147        0.00594965
     4.2000000       -0.00822412        0.00565985
     4.3000000       -0.00424448        0.00179173
     4.4000000       -0.00503814        0.00383078
     4.5000000       -0.00046179        0.00103675
     4.6000000       -0.00312170        0.00399901
     4.7000000        0.00161096        0.00271650
     4.8000000       -0.00282833        0.00264885
     4.9000000       -0.00256751        0.00373486
     5.0000000       -0.00500328        0.00854804
     5.1000000       -0.01322369        0.01647920
     5.2000000        0.00056248        0.00229972
     5.3000000        0.00169646        0.00178431
     5.4000000       -0.01095344        0.01128743
     5.5000000       -0.00543903        0.00389818
     5.6000000       -0.01047510        0.00925531
     5.7000000        0.00841752        0.00745912
     5.8000000        0.00203826        0.00252386
     5.9000000        0.00225207        0.00191495
     6.0000000       -0.00084814        0.00177813
     6.1000000        0.00481782        0.00620744
     6.2000000        0.00340379        0.00444884
     6.3000000       -0.00193796        0.00133444
     6.4000000       -0.00897216        0.00587758
     6.5000000        0.00833448        0.00699852
     6.6000000        0.00987885        0.01908667
     6.7000000       -0.01675398        0.01865351
     6.8000000       -0.00689332        0.00730470
     6.9000000       -0.02151151        0.02285101
     7.0000000       -0.01058765        0.01101175
     7.1000000       -0.02589852        0.02258130
     7.2000000       -0.00824605        0.01211042
     7.3000000       -0.02882636        0.02814442
     7.4000000       -0.01439934        0.01261037
     7.5000000        0.00232309        0.00658600
     7.6000000        0.01360709        0.00735926
     7.7000000       -0.00184757        0.00548814
     7.8000000        0.01399870        0.01560433
     7.9000000        0.01868549        0.00660277
     8.0000000        0.03011535        0.01748620
     8.1000000        0.05756939        0.03273568
     8.2000000        0.04134729        0.01697042
     8.3000000        0.05101065        0.01444937
     8.4000000        0.03084260        0.02471652
     8.5000000        0.03034665        0.01371513
     8.6000000        0.02413846        0.01358636
     8.7000000        0.04611712        0.01880200
     8.8000000        0.02327332        0.01267986
     8.9000000        0.06394550        0.01270414
     9.0000000        0.09977407        0.03497199
     9.1000000        0.12760023        0.02488013
     9.2000000        0.14855849        0.01562251
     9.3000000        0.24821600        0.02771446
     9.4000000        0.27750656        0.02053593
     9.5000000        0.40577208        0.01748226
     9.6000000        0.48579525        0.01381229
     9.7000000        0.61182597        0.01335567
     9.8000000        0.80050432        0.03411563
     9.9000000        0.99782277        0.03488842
    10.0000000        1.27495732        0.02857632
