         101         161   20.000000000000000                1
     0.0000000        0.07142857        0.00000000
     0.1000000        0.06541864        0.00000000
     0.2000000        0.05991445        0.00000000
     0.3000000        0.05487345        0.00000000
     0.4000000        0.05025664        0.00000000
     0.5000000        0.04602832        0.00000000
     0.6000000        0.04215581        0.00000000
     0.7000000        0.03860915        0.00000000
     0.8000000        0.03536092        0.00000000
     0.9000000        0.03238601        0.00000000
     1.0000000        0.02966142        0.00000000
     1.1000000        0.02716608        0.00000000
     1.2000000        0.02488069        0.00000000
     1.3000000        0.02278760        0.00000000
     1.4000000        0.02087061        0.00000000
     1.5000000        0.01911491        0.00000000
     1.6000000        0.01750693        0.00000000
     1.7000000        0.01603424        0.00000000
     1.8000000        0.01468545        0.00000000
     1.9000000        0.01345013        0.00000000
     2.0000000        0.01231875        0.00000000
     2.1000000        0.01128254        0.00000000
     2.2000000        0.01033351        0.00000000
     2.3000000        0.00946433        0.00000000
     2.4000000        0.00866826        0.00000000
     2.5000000        0.00793916        0.00000000
     2.6000000        0.00727140        0.00000000
     2.7000000        0.00665981        0.00000000
     2.8000000        0.00609967        0.00000000
     2.9000000        0.00558665        0.00000000
     3.0000000        0.00511678        0.00000000
     3.1000000        0.00468644        0.00000000
     3.2000000        0.00429230        0.00000000
     3.3000000        0.00393131        0.00000000
     3.4000000        0.00360069        0.00000000
     3.5000000        0.00329788        0.00000000
     3.6000000        0.00302054        0.00000000
     3.7000000        0.00276652        0.00000000
     3.8000000        0.00253388        0.00000000
     3.9000000        0.00232080        0.00000000
     4.0000000        0.00212564        0.00000000
     4.1000000        0.00194690        0.00000000
     4.2000000        0.00178319        0.00000000
     4.3000000        0.00163325        0.00000000
     4.4000000        0.00149593        0.00000000
     4.5000000        0.00137015        0.00000000
     4.6000000        0.00125495        0.00000000
     4.7000000        0.00114945        0.00000000
     4.8000000        0.00105281        0.00000000
     4.9000000        0.00096431        0.00000000
     5.0000000        0.00088325        0.00000000
     5.1000000        0.00080901        0.00000000
     5.2000000        0.00074101        0.00000000
     5.3000000        0.00067874        0.00000000
     5.4000000        0.00062170        0.00000000
     5.5000000        0.00056946        0.00000000
     5.6000000        0.00052162        0.00000000
     5.7000000        0.00047781        0.00000000
     5.8000000        0.00043768        0.00000000
     5.9000000        0.00040093        0.00000000
     6.0000000        0.00036728        0.00000000
     6.1000000        0.00033646        0.00000000
     6.2000000        0.00030824        0.00000000
     6.3000000        0.00028239        0.00000000
     6.4000000        0.00025873        0.00000000
     6.5000000        0.00023706        0.00000000
     6.6000000        0.00021722        0.00000000
     6.7000000        0.00019906        0.00000000
     6.8000000        0.00018243        0.00000000
     6.9000000        0.00016721        0.00000000
     7.0000000        0.00015328        0.00000000
     7.1000000        0.00014054        0.00000000
     7.2000000        0.00012887        0.00000000
     7.3000000        0.00011821        0.00000000
     7.4000000        0.00010845        0.00000000
     7.5000000        0.00009953        0.00000000
     7.6000000        0.00009138        0.00000000
     7.7000000        0.00008393        0.00000000
     7.8000000        0.00007713        0.00000000
     7.9000000        0.00007093        0.00000000
     8.0000000        0.00006527        0.00000000
     8.1000000        0.00006012        0.00000000
     8.2000000        0.00005543        0.00000000
     8.3000000        0.00005117        0.00000000
     8.4000000        0.00004730        0.00000000
     8.5000000        0.00004380        0.00000000
     8.6000000        0.00004063        0.00000000
     8.7000000        0.00003778        0.00000000
     8.8000000        0.00003522        0.00000000
     8.9000000        0.00003293        0.00000000
     9.0000000        0.00003090        0.00000000
     9.1000000        0.00002910        0.00000000
     9.2000000        0.00002753        0.00000000
     9.3000000        0.00002617        0.00000000
     9.4000000        0.00002501        0.00000000
     9.5000000        0.00002405        0.00000000
     9.6000000        0.00002327        0.00000000
     9.7000000        0.00002267        0.00000000
     9.8000000        0.00002224        0.00000000
     9.9000000        0.00002199        0.00000000
    10.0000000        0.00002191        0.00000000
