         201           5   20.000000000000000                1
     0.0000000        0.01531153        0.00686419
     0.1000000        0.01066324        0.00756961
     0.2000000        0.00759014        0.00651122
     0.3000000        0.00107069        0.00363168
     0.4000000       -0.00048469        0.00548417
     0.5000000       -0.00198160        0.00261635
     0.6000000       -0.00453779        0.00370524
     0.7000000       -0.00595813        0.00126497
     0.8000000       -0.00783775        0.00205915
     0.9000000       -0.00096825        0.00318085
     1.0000000       -0.00729939        0.00443971
     1.1000000       -0.00643890        0.00316333
     1.2000000       -0.00301000        0.00336590
     1.3000000       -0.00265518        0.00463132
     1.4000000       -0.00395326        0.00224538
     1.5000000        0.00204238        0.00318515
     1.6000000        0.00362666        0.00508280
     1.7000000        0.00289590        0.00436224
     1.8000000        0.00208123        0.00291171
     1.9000000        0.00189394        0.00117153
     2.0000000       -0.00105240        0.00215908
     2.1000000       -0.00043575        0.00379844
     2.2000000        0.00014718        0.00507023
     2.3000000        0.00262770        0.00425418
     2.4000000        0.00073276        0.00406844
     2.5000000        0.00209508        0.00367002
     2.6000000        0.00078169        0.00139020
     2.7000000       -0.00171929        0.00355331
     2.8000000       -0.00314642        0.00243721
     2.9000000       -0.00673450        0.00103304
     3.0000000       -0.00756204        0.00319137
     3.1000000       -0.00862070        0.00316813
     3.2000000       -0.00737521        0.00265621
     3.3000000       -0.00190974        0.00226598
     3.4000000       -0.00187221        0.00197881
     3.5000000       -0.00550675        0.00524330
     3.6000000       -0.00897020        0.00682735
     3.7000000       -0.00741746        0.00312756
     3.8000000       -0.00750416        0.00236017
     3.9000000       -0.00520654        0.00271315
     4.0000000       -0.00657116        0.00365679
     4.1000000       -0.00362939        0.00489300
     4.2000000       -0.00017674        0.00517536
     4.3000000       -0.00101947        0.00290381
     4.4000000       -0.00162995        0.00257981
     4.5000000        0.00286116        0.00649062
     4.6000000       -0.00119945        0.00261478
     4.7000000        0.00019180        0.00262379
     4.8000000       -0.00077115        0.00302405
     4.9000000       -0.00067985        0.00197356
     5.0000000       -0.00258151        0.00164921
     5.1000000       -0.00225708        0.00257409
     5.2000000       -0.00568588        0.00304369
     5.3000000       -0.00598636        0.00227021
     5.4000000       -0.00581173        0.00302796
     5.5000000       -0.00175870        0.00166956
     5.6000000       -0.00138379        0.00290262
     5.7000000        0.00248295        0.00243474
     5.8000000        0.00994663        0.00629058
     5.9000000        0.00583138        0.00326137
     6.0000000        0.00519623        0.00216335
     6.1000000        0.00240269        0.00232400
     6.2000000        0.00263731        0.00272702
     6.3000000        0.00249190        0.00344995
     6.4000000        0.00411369        0.00437528
     6.5000000       -0.00053480        0.00237874
     6.6000000        0.00045071        0.00279104
     6.7000000        0.00062508        0.00257700
     6.8000000       -0.00076875        0.00220436
     6.9000000        0.00174585        0.00249218
     7.0000000        0.00152643        0.00482938
     7.1000000        0.00009814        0.00865451
     7.2000000       -0.00206022        0.00380927
     7.3000000        0.00290214        0.00456103
     7.4000000        0.00042266        0.00274746
     7.5000000       -0.00267615        0.00313317
     7.6000000       -0.00197942        0.00613223
     7.7000000        0.00307115        0.00581325
     7.8000000        0.00490515        0.00835542
     7.9000000        0.01055122        0.00809301
     8.0000000        0.01179985        0.00882730
     8.1000000        0.00587399        0.00547826
     8.2000000        0.00350688        0.00343577
     8.3000000        0.00302869        0.00289350
     8.4000000        0.00322320        0.00041026
     8.5000000        0.00236818        0.00105240
     8.6000000        0.00213792        0.00184260
     8.7000000        0.00480677        0.00572579
     8.8000000       -0.00110481        0.00246719
     8.9000000       -0.00207646        0.00227725
     9.0000000       -0.00301170        0.00145069
     9.1000000       -0.00123505        0.00220561
     9.2000000        0.00005943        0.00246811
     9.3000000       -0.00076015        0.00053164
     9.4000000       -0.00242291        0.00070722
     9.5000000       -0.00263112        0.00080378
     9.6000000       -0.00041218        0.00154450
     9.7000000        0.00315309        0.00233437
     9.8000000        0.00091425        0.00138519
     9.9000000        0.00024872        0.00169014
    10.0000000        0.00058943        0.00133371
    10.1000000        0.00200133        0.00132505
    10.2000000        0.00254252        0.00084932
    10.3000000        0.00131965        0.00163121
    10.4000000       -0.00099879        0.00114004
    10.5000000       -0.00222470        0.00098885
    10.6000000        0.00147212        0.00229383
    10.7000000        0.00175640        0.00273286
    10.8000000       -0.00090382        0.00145433
    10.9000000       -0.00167355        0.00172444
    11.0000000       -0.00224947        0.00109061
    11.1000000       -0.00148577        0.00148067
    11.2000000       -0.00084663        0.00104999
    11.3000000       -0.00180517        0.00096461
    11.4000000       -0.00124388        0.00194327
    11.5000000       -0.00097568        0.00252907
    11.6000000       -0.00026758        0.00238019
    11.7000000       -0.00172775        0.00187888
    11.8000000       -0.00052117        0.00160809
    11.9000000       -0.00145347        0.00127834
    12.0000000       -0.00049851        0.00163183
    12.1000000        0.00148236        0.00225379
    12.2000000        0.00177908        0.00301392
    12.3000000       -0.00083957        0.00365159
    12.4000000       -0.00034976        0.00267287
    12.5000000        0.00182394        0.00300214
    12.6000000        0.00430235        0.00348782
    12.7000000        0.00377798        0.00319035
    12.8000000        0.00471978        0.00367062
    12.9000000        0.00384871        0.00421467
    13.0000000        0.00231550        0.00395487
    13.1000000        0.00127324        0.00364476
    13.2000000       -0.00065981        0.00352518
    13.3000000       -0.00481998        0.00352752
    13.4000000       -0.00741938        0.00421461
    13.5000000       -0.00462742        0.00278715
    13.6000000       -0.00165003        0.00314356
    13.7000000       -0.00108818        0.00087412
    13.8000000        0.00083724        0.00152026
    13.9000000        0.00118493        0.00252746
    14.0000000       -0.00098105        0.00283532
    14.1000000       -0.00174501        0.00391111
    14.2000000       -0.00022645        0.00278821
    14.3000000        0.00352682        0.00221707
    14.4000000        0.00430223        0.00274156
    14.5000000        0.00257509        0.00291888
    14.6000000       -0.00047992        0.00242497
    14.7000000        0.00255287        0.00261478
    14.8000000        0.00323841        0.00203994
    14.9000000        0.00233035        0.00225009
    15.0000000        0.00198795        0.00283407
    15.1000000        0.00093396        0.00402102
    15.2000000        0.00063699        0.00391328
    15.3000000       -0.00194273        0.00685806
    15.4000000       -0.00289867        0.00523025
    15.5000000       -0.00157759        0.00443896
    15.6000000        0.00004558        0.00599029
    15.7000000        0.00131403        0.00692743
    15.8000000       -0.00052051        0.00686427
    15.9000000        0.00295188        0.00962524
    16.0000000        0.00191395        0.00888544
    16.1000000        0.00399058        0.00726503
    16.2000000       -0.00289496        0.00233991
    16.3000000       -0.00205066        0.00484299
    16.4000000       -0.00167084        0.00429596
    16.5000000       -0.00262311        0.00392042
    16.6000000       -0.00368451        0.00545308
    16.7000000       -0.00327258        0.00622075
    16.8000000       -0.00788305        0.00603318
    16.9000000       -0.00628260        0.00663273
    17.0000000       -0.00149402        0.00666898
    17.1000000        0.00464976        0.00583655
    17.2000000        0.00447984        0.00530378
    17.3000000        0.00053714        0.00636668
    17.4000000       -0.00043306        0.01083501
    17.5000000        0.00066224        0.00913031
    17.6000000       -0.00203541        0.00929050
    17.7000000       -0.00425065        0.01080808
    17.8000000       -0.00069238        0.00738591
    17.9000000       -0.00048295        0.00674627
    18.0000000       -0.00071792        0.00496789
    18.1000000       -0.00183313        0.00569541
    18.2000000        0.00478437        0.00597124
    18.3000000        0.00950347        0.00475750
    18.4000000        0.01062921        0.00407028
    18.5000000        0.01199108        0.00655542
    18.6000000        0.01808013        0.00561715
    18.7000000        0.03352137        0.00862331
    18.8000000        0.02428197        0.00914263
    18.9000000        0.02325332        0.00736731
    19.0000000        0.03315187        0.00637594
    19.1000000        0.05275924        0.00535082
    19.2000000        0.07738370        0.00605838
    19.3000000        0.10068655        0.00962776
    19.4000000        0.13572837        0.00910226
    19.5000000        0.19306253        0.00752477
    19.6000000        0.25882923        0.01045409
    19.7000000        0.36365258        0.01432648
    19.8000000        0.51235965        0.00990572
    19.9000000        0.71044713        0.01193308
    20.0000000        0.98468847        0.00686419
