     0.0000000        1.40264783        0.03598902
     0.1000000        1.11227900        0.03516740
     0.2000000        0.89867922        0.03145063
     0.3000000        0.74288119        0.03263534
     0.4000000        0.61684610        0.02980040
     0.5000000        0.51502476        0.02865176
     0.6000000        0.43750862        0.02581316
     0.7000000        0.35150135        0.02430099
     0.8000000        0.29041401        0.02431425
     0.9000000        0.25619916        0.02944209
     1.0000000        0.22595470        0.02567240
     1.1000000        0.20148029        0.02533884
     1.2000000        0.18565049        0.03395490
     1.3000000        0.15882562        0.03758124
     1.4000000        0.13850832        0.04210048
     1.5000000        0.11952078        0.04171102
     1.6000000        0.09664567        0.03779816
     1.7000000        0.07882283        0.03791425
     1.8000000        0.05975145        0.04083296
     1.9000000        0.04251495        0.03489290
     2.0000000        0.01454807        0.02902657
     2.1000000       -0.00262925        0.02220918
     2.2000000       -0.01355623        0.01840088
     2.3000000       -0.01902391        0.01825295
     2.4000000       -0.02103617        0.02049501
     2.5000000       -0.01148378        0.02555966
     2.6000000       -0.00606853        0.02917469
     2.7000000        0.00804650        0.03091634
     2.8000000        0.02382177        0.03419464
     2.9000000        0.01615820        0.03219508
     3.0000000        0.01458865        0.03272534
     3.1000000        0.01549586        0.02922508
     3.2000000        0.01056396        0.03434223
     3.3000000        0.01295772        0.03970703
     3.4000000        0.03055807        0.03473540
     3.5000000        0.04105700        0.03369544
     3.6000000        0.02937455        0.03522697
     3.7000000        0.01153199        0.03413891
     3.8000000        0.01289069        0.03071050
     3.9000000        0.02177495        0.02868404
     4.0000000        0.01819511        0.02954609
     4.1000000        0.01502128        0.02798768
     4.2000000        0.01753775        0.02192160
     4.3000000        0.02558734        0.01897562
     4.4000000        0.04474513        0.01412622
     4.5000000        0.05813817        0.01697287
     4.6000000        0.05842515        0.02047749
     4.7000000        0.05956698        0.02242109
     4.8000000        0.04162422        0.01877113
     4.9000000        0.03414876        0.01845517
     5.0000000        0.03086621        0.01904398
     5.1000000        0.04492842        0.01432788
     5.2000000        0.05415089        0.00947497
     5.3000000        0.05567642        0.00778270
     5.4000000        0.05702370        0.01069312
     5.5000000        0.05989984        0.01311560
     5.6000000        0.05230297        0.01664201
     5.7000000        0.05377225        0.02090486
     5.8000000        0.04587249        0.02480020
     5.9000000        0.03225291        0.03289652
     6.0000000        0.02774734        0.03197248
     6.1000000        0.03402446        0.02621925
     6.2000000        0.04572597        0.02484426
     6.3000000        0.03833305        0.01683117
     6.4000000        0.03099484        0.01185144
     6.5000000        0.02232606        0.01424758
     6.6000000        0.01567774        0.01720933
     6.7000000        0.01393276        0.02292256
     6.8000000        0.01196798        0.02831520
     6.9000000        0.02756981        0.02670524
     7.0000000        0.04679858        0.02788359
     7.1000000        0.03942625        0.03141233
     7.2000000        0.03532070        0.03511957
     7.3000000        0.03843452        0.03662784
     7.4000000        0.04516541        0.03814006
     7.5000000        0.03150669        0.03591763
     7.6000000        0.02976152        0.03455716
     7.7000000        0.03049702        0.03535169
     7.8000000        0.03152397        0.03411393
     7.9000000        0.03769506        0.03691520
     8.0000000        0.03940113        0.03806059
     8.1000000        0.03749948        0.04076182
     8.2000000        0.02991697        0.03625395
     8.3000000        0.03895573        0.02907271
     8.4000000        0.05227807        0.02697525
     8.5000000        0.07486900        0.02253556
     8.6000000        0.10885248        0.02228060
     8.7000000        0.12348658        0.01866973
     8.8000000        0.13392899        0.01720863
     8.9000000        0.14181653        0.02179315
     9.0000000        0.17162808        0.02902773
     9.1000000        0.20593716        0.02686451
     9.2000000        0.25234525        0.02150724
     9.3000000        0.30396828        0.02221398
     9.4000000        0.37685013        0.01984107
     9.5000000        0.46241492        0.02251182
     9.6000000        0.55824485        0.02510800
     9.7000000        0.69101962        0.02863810
     9.8000000        0.87128809        0.03747321
     9.9000000        1.09186186        0.03575985
    10.0000000        1.40264783        0.03598902
