     0.0000000        1.39371131        0.00384035
     0.0500000        1.32316994        0.00326526
     0.1000000        1.26589124        0.00332295
     0.1500000        1.22285717        0.00401469
     0.2000000        1.18488434        0.00518523
     0.2500000        1.14870259        0.00563490
     0.3000000        1.11879431        0.00719115
     0.3500000        1.09176382        0.00881533
     0.4000000        1.06649117        0.00811180
     0.4500000        1.04826745        0.01056725
     0.5000000        1.02167549        0.01027272
     0.5500000        0.99886772        0.01115745
     0.6000000        0.99050654        0.01234000
     0.6500000        0.99359047        0.01518485
     0.7000000        0.98747731        0.01725320
     0.7500000        0.99965721        0.02355115
     0.8000000        0.96411251        0.01644865
     0.8500000        0.96973705        0.01831733
     0.9000000        0.95873719        0.01823101
     0.9500000        0.98004484        0.03381327
     1.0000000        0.95320226        0.01708003
     1.0500000        0.96803726        0.01712154
     1.1000000        0.97398466        0.01864768
     1.1500000        0.96687971        0.01586417
     1.2000000        0.95599717        0.01507299
     1.2500000        0.97021351        0.01893963
     1.3000000        0.98265018        0.01690189
     1.3500000        0.98786005        0.01483843
     1.4000000        1.01852936        0.02249374
     1.4500000        1.02041690        0.01472539
     1.5000000        1.03969072        0.01475656
     1.5500000        1.05345784        0.01185100
     1.6000000        1.06860156        0.01459280
     1.6500000        1.10579140        0.01035570
     1.7000000        1.12163140        0.00761880
     1.7500000        1.15382798        0.00648552
     1.8000000        1.19170960        0.00712403
     1.8500000        1.22899916        0.00504568
     1.9000000        1.27564657        0.00394291
     1.9500000        1.33183021        0.00396445
     2.0000000        1.39371131        0.00384035
