     0.0000000        1.39211618        0.00601439
     0.0500000        1.32610482        0.00598144
     0.1000000        1.27012199        0.00596990
     0.1500000        1.22269789        0.00596511
     0.2000000        1.18197353        0.00593860
     0.2500000        1.14665947        0.00594367
     0.3000000        1.11630401        0.00595092
     0.3500000        1.09033826        0.00597145
     0.4000000        1.06807603        0.00599505
     0.4500000        1.04873503        0.00600234
     0.5000000        1.03202328        0.00601865
     0.5500000        1.01728189        0.00603713
     0.6000000        1.00470697        0.00603916
     0.6500000        0.99369333        0.00603835
     0.7000000        0.98448799        0.00604519
     0.7500000        0.97701011        0.00604992
     0.8000000        0.97113298        0.00607928
     0.8500000        0.96649406        0.00611947
     0.9000000        0.96298996        0.00615890
     0.9500000        0.96094970        0.00617595
     1.0000000        0.96040159        0.00618381
     1.0500000        0.96101515        0.00617869
     1.1000000        0.96288746        0.00619862
     1.1500000        0.96581517        0.00619389
     1.2000000        0.97024461        0.00616530
     1.2500000        0.97588141        0.00612831
     1.3000000        0.98292699        0.00610367
     1.3500000        0.99160482        0.00609267
     1.4000000        1.00220609        0.00608445
     1.4500000        1.01455859        0.00606923
     1.5000000        1.02941483        0.00610203
     1.5500000        1.04657149        0.00611694
     1.6000000        1.06634990        0.00612619
     1.6500000        1.08916486        0.00611197
     1.7000000        1.11552183        0.00610578
     1.7500000        1.14581526        0.00608742
     1.8000000        1.18109988        0.00607480
     1.8500000        1.22192326        0.00605835
     1.9000000        1.26974160        0.00602378
     1.9500000        1.32583875        0.00600835
     2.0000000        1.39211618        0.00601439
