     0.0000000        0.84365297        0.00034229
     0.0500000        0.80603517        0.00112987
     0.1000000        0.77486137        0.00182824
     0.1500000        0.74142481        0.00263701
     0.2000000        0.71195526        0.00342576
     0.2500000        0.68330240        0.00377496
     0.3000000        0.65910216        0.00407974
     0.3500000        0.63287134        0.00552808
     0.4000000        0.61326980        0.00639036
     0.4500000        0.59773774        0.00770231
     0.5000000        0.57088296        0.00809438
     0.5500000        0.55668988        0.00968188
     0.6000000        0.53069038        0.00920222
     0.6500000        0.51093524        0.00980727
     0.7000000        0.49481127        0.01003326
     0.7500000        0.50468988        0.01576462
     0.8000000        0.51559961        0.02361738
     0.8500000        0.48671416        0.01910463
     0.9000000        0.44923137        0.01389076
     0.9500000        0.43024082        0.01369466
     1.0000000        0.44487291        0.02026043
     1.0500000        0.43262149        0.02211346
     1.1000000        0.39957825        0.01952017
     1.1500000        0.38160833        0.01929308
     1.2000000        0.37558249        0.01827992
     1.2500000        0.36610363        0.01907928
     1.3000000        0.36303736        0.02355110
     1.3500000        0.35242355        0.02347567
     1.4000000        0.36793402        0.03195329
     1.4500000        0.34281382        0.02502852
     1.5000000        0.36713978        0.03395547
     1.5500000        0.34782781        0.02499399
     1.6000000        0.36200174        0.03827615
     1.6500000        0.34502155        0.02944738
     1.7000000        0.35175645        0.03745096
     1.7500000        0.33916018        0.03465927
     1.8000000        0.34131572        0.03256128
     1.8500000        0.35467059        0.05130700
     1.9000000        0.35330291        0.04251092
     1.9500000        0.34888808        0.03989091
     2.0000000        0.31198856        0.02614580
     2.0500000        0.34978824        0.03729064
     2.1000000        0.38808210        0.05670985
     2.1500000        0.38508947        0.07361957
     2.2000000        0.36359326        0.05650344
     2.2500000        0.39815663        0.09753536
     2.3000000        0.35788079        0.05715452
     2.3500000        0.36282922        0.06163417
     2.4000000        0.35082638        0.04307273
     2.4500000        0.37950423        0.05176542
     2.5000000        0.35998941        0.03926724
     2.5500000        0.34331415        0.02520881
     2.6000000        0.33307111        0.01977842
     2.6500000        0.36078203        0.02560121
     2.7000000        0.38348584        0.05063732
     2.7500000        0.40342122        0.04892613
     2.8000000        0.42005695        0.04825872
     2.8500000        0.40331544        0.02716938
     2.9000000        0.40955996        0.01870991
     2.9500000        0.42299499        0.01922907
     3.0000000        0.45905178        0.02511460
     3.0500000        0.47214285        0.03953320
     3.1000000        0.45697318        0.01705731
     3.1500000        0.50521723        0.02594026
     3.2000000        0.52949833        0.02881398
     3.2500000        0.52993230        0.01729796
     3.3000000        0.54129934        0.01890920
     3.3500000        0.55446773        0.01536336
     3.4000000        0.56825979        0.01391705
     3.4500000        0.59380551        0.01307363
     3.5000000        0.59866673        0.01273825
     3.5500000        0.63223782        0.01976623
     3.6000000        0.64329229        0.01195607
     3.6500000        0.65647173        0.00773721
     3.7000000        0.67612958        0.00559480
     3.7500000        0.69496828        0.00394799
     3.8000000        0.71739962        0.00320427
     3.8500000        0.74378093        0.00272388
     3.9000000        0.77329804        0.00183093
     3.9500000        0.80591717        0.00112168
     4.0000000        0.84365297        0.00034229
