     0.0000000        0.18806159        0.00035317
     0.0500000        0.15578234        0.00031041
     0.1000000        0.12972463        0.00027868
     0.1500000        0.10860073        0.00024817
     0.2000000        0.09137020        0.00021803
     0.2500000        0.07727447        0.00019364
     0.3000000        0.06573365        0.00017309
     0.3500000        0.05626409        0.00015476
     0.4000000        0.04848073        0.00013827
     0.4500000        0.04209408        0.00012314
     0.5000000        0.03683051        0.00010918
     0.5500000        0.03251801        0.00009851
     0.6000000        0.02898810        0.00009020
     0.6500000        0.02611326        0.00008239
     0.7000000        0.02379736        0.00007642
     0.7500000        0.02196083        0.00007247
     0.8000000        0.02053553        0.00006867
     0.8500000        0.01947745        0.00006698
     0.9000000        0.01873775        0.00006497
     0.9500000        0.01830230        0.00006383
     1.0000000        0.01815967        0.00006311
     1.0500000        0.01830329        0.00006281
     1.1000000        0.01874065        0.00006310
     1.1500000        0.01948726        0.00006419
     1.2000000        0.02056733        0.00006630
     1.2500000        0.02199059        0.00006898
     1.3000000        0.02383523        0.00007272
     1.3500000        0.02616166        0.00007795
     1.4000000        0.02903513        0.00008480
     1.4500000        0.03256609        0.00009111
     1.5000000        0.03688868        0.00010169
     1.5500000        0.04212956        0.00011351
     1.6000000        0.04850019        0.00012868
     1.6500000        0.05626280        0.00014536
     1.7000000        0.06572672        0.00016496
     1.7500000        0.07723498        0.00018810
     1.8000000        0.09131977        0.00021234
     1.8500000        0.10859150        0.00024429
     1.9000000        0.12976834        0.00027927
     1.9500000        0.15586137        0.00031567
     2.0000000        0.18806159        0.00035317
