         101           5   20.000000000000000                1
     0.0000000        0.04017557        0.00861572
     0.1000000        0.02796301        0.00422779
     0.2000000        0.02821603        0.00781999
     0.3000000        0.02750471        0.00789407
     0.4000000        0.02863657        0.00763051
     0.5000000        0.02101850        0.00380415
     0.6000000        0.02812766        0.01485660
     0.7000000        0.01931964        0.00827143
     0.8000000        0.00914163        0.00350216
     0.9000000        0.00963609        0.00386472
     1.0000000        0.00689809        0.00327009
     1.1000000        0.00664045        0.00224044
     1.2000000        0.00647235        0.00223027
     1.3000000        0.00525762        0.00249875
     1.4000000        0.00293755        0.00106082
     1.5000000        0.00285583        0.00227765
     1.6000000        0.00241337        0.00106366
     1.7000000        0.00075088        0.00135610
     1.8000000        0.00413894        0.00344369
     1.9000000        0.00384451        0.00349713
     2.0000000        0.00174261        0.00214684
     2.1000000        0.00147698        0.00354037
     2.2000000        0.00064740        0.00190207
     2.3000000        0.00009494        0.00171625
     2.4000000        0.00068613        0.00115840
     2.5000000        0.00213763        0.00290650
     2.6000000       -0.00215830        0.00208493
     2.7000000       -0.00321368        0.00299108
     2.8000000       -0.00217335        0.00218374
     2.9000000        0.00352158        0.00356170
     3.0000000        0.00259227        0.00182204
     3.1000000        0.00428954        0.00325744
     3.2000000        0.00206158        0.00301859
     3.3000000        0.00069846        0.00162713
     3.4000000       -0.00149178        0.00214467
     3.5000000        0.00004655        0.00222835
     3.6000000       -0.00072442        0.00199822
     3.7000000       -0.00108803        0.00284624
     3.8000000        0.00140952        0.00233616
     3.9000000        0.00234631        0.00214709
     4.0000000        0.00099104        0.00233538
     4.1000000        0.00130895        0.00183417
     4.2000000        0.00321448        0.00193612
     4.3000000        0.00220796        0.00194169
     4.4000000        0.00074297        0.00169303
     4.5000000        0.00042080        0.00133708
     4.6000000        0.00014636        0.00150429
     4.7000000        0.00090999        0.00171416
     4.8000000        0.00054919        0.00215883
     4.9000000        0.00117566        0.00227884
     5.0000000        0.00114594        0.00233645
     5.1000000        0.00223602        0.00104491
     5.2000000        0.00016543        0.00267423
     5.3000000       -0.00004670        0.00189870
     5.4000000        0.00039228        0.00122261
     5.5000000       -0.00076824        0.00122013
     5.6000000       -0.00187389        0.00201443
     5.7000000       -0.00143046        0.00224791
     5.8000000        0.00195339        0.00345268
     5.9000000       -0.00317265        0.00418824
     6.0000000       -0.00004678        0.00119131
     6.1000000       -0.00105720        0.00095708
     6.2000000       -0.00217485        0.00166241
     6.3000000       -0.00238408        0.00253011
     6.4000000        0.00074215        0.00135431
     6.5000000        0.00038914        0.00085236
     6.6000000       -0.00064790        0.00098966
     6.7000000       -0.00286882        0.00181569
     6.8000000       -0.00616950        0.00529034
     6.9000000        0.00366804        0.00450369
     7.0000000        0.00198430        0.00303146
     7.1000000        0.00277152        0.00332115
     7.2000000        0.00097784        0.00132319
     7.3000000        0.00243931        0.00344182
     7.4000000        0.00048584        0.00267980
     7.5000000        0.00100160        0.00213389
     7.6000000        0.00054990        0.00087136
     7.7000000        0.00148388        0.00222109
     7.8000000       -0.00141754        0.00069506
     7.9000000       -0.00128837        0.00130032
     8.0000000       -0.00034664        0.00117552
     8.1000000       -0.00127225        0.00168253
     8.2000000       -0.00097923        0.00187337
     8.3000000        0.00056838        0.00209488
     8.4000000       -0.00030721        0.00188157
     8.5000000       -0.00141080        0.00214027
     8.6000000       -0.00100582        0.00188272
     8.7000000       -0.00132338        0.00141910
     8.8000000       -0.00137954        0.00150595
     8.9000000       -0.00134423        0.00145872
     9.0000000       -0.00081212        0.00125853
     9.1000000       -0.00130827        0.00088524
     9.2000000       -0.00101162        0.00113315
     9.3000000       -0.00067290        0.00073465
     9.4000000       -0.00100070        0.00116220
     9.5000000       -0.00042466        0.00083893
     9.6000000       -0.00093308        0.00121525
     9.7000000       -0.00241985        0.00195577
     9.8000000       -0.00167231        0.00125937
     9.9000000       -0.00050578        0.00151565
    10.0000000       -0.00110076        0.00177704
