     0.0000000        0.80173881        0.03458537
     0.1000000        0.67711014        0.03122892
     0.2000000        0.57896956        0.02506060
     0.3000000        0.49664600        0.02176726
     0.4000000        0.42458762        0.01747875
     0.5000000        0.36037076        0.01374997
     0.6000000        0.31238767        0.01320885
     0.7000000        0.27663274        0.01297217
     0.8000000        0.24931976        0.01256866
     0.9000000        0.23036422        0.01105725
     1.0000000        0.21187752        0.01266931
     1.1000000        0.19500253        0.01421853
     1.2000000        0.18074005        0.01668637
     1.3000000        0.16844040        0.01612042
     1.4000000        0.15152838        0.01468173
     1.5000000        0.14018022        0.01558929
     1.6000000        0.12742417        0.01669405
     1.7000000        0.11083782        0.01753001
     1.8000000        0.10012526        0.01652839
     1.9000000        0.08691086        0.01653981
     2.0000000        0.07739277        0.01634241
     2.1000000        0.07251670        0.01666033
     2.2000000        0.06737860        0.01881276
     2.3000000        0.06312885        0.01900994
     2.4000000        0.05459658        0.01869487
     2.5000000        0.05380700        0.01881209
     2.6000000        0.05425104        0.01978437
     2.7000000        0.05470981        0.01982941
     2.8000000        0.05605018        0.02120191
     2.9000000        0.05399050        0.02362352
     3.0000000        0.05138314        0.02404998
     3.1000000        0.04894341        0.02480628
     3.2000000        0.04798493        0.02399178
     3.3000000        0.04153463        0.02241363
     3.4000000        0.03502320        0.02086166
     3.5000000        0.02478472        0.02019361
     3.6000000        0.01744403        0.01964366
     3.7000000        0.01150890        0.01857568
     3.8000000        0.00569671        0.01757383
     3.9000000        0.00236431        0.01621927
     4.0000000       -0.00059554        0.01503460
     4.1000000        0.00022817        0.01954732
     4.2000000        0.00164852        0.02102619
     4.3000000        0.00009630        0.02137330
     4.4000000        0.00123872        0.02132997
     4.5000000       -0.00204102        0.02269343
     4.6000000       -0.00523371        0.02252603
     4.7000000       -0.00549209        0.02185893
     4.8000000       -0.00874005        0.02125753
     4.9000000       -0.00693583        0.02257041
     5.0000000       -0.00076688        0.02332596
     5.1000000       -0.00026362        0.02318947
     5.2000000        0.00238231        0.02223114
     5.3000000        0.00312489        0.02119668
     5.4000000        0.00671355        0.01907498
     5.5000000        0.01015377        0.01999360
     5.6000000        0.00838139        0.02047278
     5.7000000        0.00815141        0.01981844
     5.8000000        0.00541472        0.01964227
     5.9000000        0.00288585        0.02046454
     6.0000000        0.00675431        0.01875581
     6.1000000        0.01284885        0.02049555
     6.2000000        0.01722832        0.02070131
     6.3000000        0.02046949        0.01897746
     6.4000000        0.02216585        0.01884158
     6.5000000        0.02179081        0.01846694
     6.6000000        0.01882448        0.01745107
     6.7000000        0.01921165        0.01635348
     6.8000000        0.01813308        0.01385589
     6.9000000        0.01549510        0.01112936
     7.0000000        0.01208669        0.01005808
     7.1000000        0.01609174        0.00919100
     7.2000000        0.02934624        0.01050378
     7.3000000        0.04075510        0.01357978
     7.4000000        0.05317289        0.01548240
     7.5000000        0.05562317        0.01789277
     7.6000000        0.06628599        0.01847908
     7.7000000        0.07589031        0.01894905
     7.8000000        0.08646596        0.02041255
     7.9000000        0.09649132        0.01968327
     8.0000000        0.10349659        0.02175696
     8.1000000        0.11462749        0.02422748
     8.2000000        0.12407353        0.02554460
     8.3000000        0.13218300        0.02753209
     8.4000000        0.14137130        0.02793281
     8.5000000        0.15348026        0.02844232
     8.6000000        0.16804255        0.02617544
     8.7000000        0.18269668        0.02337452
     8.8000000        0.19761638        0.02570035
     8.9000000        0.21337039        0.02686242
     9.0000000        0.23253269        0.02572963
     9.1000000        0.25165362        0.02691133
     9.2000000        0.27327006        0.02755940
     9.3000000        0.30317416        0.02964497
     9.4000000        0.33697151        0.03265078
     9.5000000        0.37657354        0.03529658
     9.6000000        0.43042324        0.03722574
     9.7000000        0.49488265        0.03793329
     9.8000000        0.57393574        0.03677802
     9.9000000        0.67443998        0.03485529
    10.0000000        0.80173881        0.03458537
