         201           4   20.000000000000000                1
     0.0000000        0.00286532        0.00145085
     0.1000000        0.00209191        0.00147548
     0.2000000        0.00205187        0.00060530
     0.3000000        0.00136573        0.00182476
     0.4000000        0.00062346        0.00162969
     0.5000000       -0.00109930        0.00080904
     0.6000000       -0.00086978        0.00070772
     0.7000000       -0.00268749        0.00107653
     0.8000000       -0.00238763        0.00097128
     0.9000000       -0.00133314        0.00094572
     1.0000000       -0.00231448        0.00140170
     1.1000000       -0.00208482        0.00044169
     1.2000000       -0.00193113        0.00029797
     1.3000000       -0.00211249        0.00087487
     1.4000000       -0.00141804        0.00101942
     1.5000000       -0.00256596        0.00061155
     1.6000000       -0.00200333        0.00051324
     1.7000000       -0.00186091        0.00122657
     1.8000000       -0.00075363        0.00093125
     1.9000000       -0.00065534        0.00132079
     2.0000000       -0.00079052        0.00052987
     2.1000000       -0.00023221        0.00035699
     2.2000000       -0.00081649        0.00049936
     2.3000000       -0.00049281        0.00112707
     2.4000000       -0.00069602        0.00050523
     2.5000000       -0.00126862        0.00072040
     2.6000000       -0.00199259        0.00108459
     2.7000000       -0.00056477        0.00036129
     2.8000000        0.00052063        0.00167915
     2.9000000        0.00079528        0.00200677
     3.0000000        0.00088161        0.00196908
     3.1000000        0.00025784        0.00084940
     3.2000000       -0.00047583        0.00074596
     3.3000000        0.00068105        0.00129780
     3.4000000        0.00104064        0.00221614
     3.5000000        0.00171534        0.00221391
     3.6000000        0.00157472        0.00165493
     3.7000000        0.00117433        0.00141961
     3.8000000        0.00007333        0.00124085
     3.9000000        0.00032112        0.00142533
     4.0000000       -0.00080447        0.00130357
     4.1000000       -0.00222056        0.00131532
     4.2000000       -0.00194524        0.00164496
     4.3000000       -0.00163430        0.00239763
     4.4000000       -0.00031991        0.00206528
     4.5000000        0.00184590        0.00226929
     4.6000000        0.00285419        0.00095829
     4.7000000        0.00233227        0.00082974
     4.8000000        0.00221808        0.00114052
     4.9000000        0.00209013        0.00112370
     5.0000000        0.00350422        0.00139062
     5.1000000        0.00255118        0.00063076
     5.2000000        0.00136390        0.00072640
     5.3000000        0.00037653        0.00043593
     5.4000000        0.00052572        0.00068212
     5.5000000        0.00042662        0.00074964
     5.6000000        0.00049700        0.00080667
     5.7000000        0.00029659        0.00039182
     5.8000000       -0.00006944        0.00066328
     5.9000000       -0.00006120        0.00080894
     6.0000000       -0.00030542        0.00089759
     6.1000000       -0.00026203        0.00106653
     6.2000000        0.00030297        0.00158042
     6.3000000        0.00124270        0.00140183
     6.4000000        0.00008029        0.00190210
     6.5000000       -0.00040106        0.00275916
     6.6000000       -0.00014117        0.00085771
     6.7000000       -0.00065046        0.00039700
     6.8000000       -0.00039273        0.00097176
     6.9000000       -0.00259238        0.00209900
     7.0000000       -0.00144222        0.00031132
     7.1000000       -0.00032768        0.00110414
     7.2000000        0.00074806        0.00216801
     7.3000000        0.00136453        0.00227402
     7.4000000        0.00194462        0.00264164
     7.5000000        0.00162658        0.00203130
     7.6000000        0.00094778        0.00149592
     7.7000000       -0.00019975        0.00099090
     7.8000000       -0.00072098        0.00093188
     7.9000000        0.00059024        0.00095568
     8.0000000        0.00071682        0.00090023
     8.1000000       -0.00002146        0.00089199
     8.2000000       -0.00081648        0.00075309
     8.3000000       -0.00147101        0.00031484
     8.4000000       -0.00092976        0.00056561
     8.5000000       -0.00223005        0.00171344
     8.6000000       -0.00026970        0.00035184
     8.7000000       -0.00021718        0.00098687
     8.8000000       -0.00151841        0.00127744
     8.9000000       -0.00091390        0.00157193
     9.0000000       -0.00041803        0.00125179
     9.1000000       -0.00109972        0.00112401
     9.2000000       -0.00102501        0.00043351
     9.3000000       -0.00049819        0.00064894
     9.4000000       -0.00033317        0.00090909
     9.5000000        0.00035909        0.00096294
     9.6000000        0.00049408        0.00082632
     9.7000000        0.00069525        0.00049691
     9.8000000        0.00175299        0.00113254
     9.9000000        0.00300631        0.00208965
    10.0000000        0.00226437        0.00150194
    10.1000000        0.00090315        0.00088127
    10.2000000       -0.00089279        0.00100946
    10.3000000       -0.00116018        0.00093576
    10.4000000       -0.00040023        0.00037353
    10.5000000       -0.00077861        0.00114203
    10.6000000       -0.00032197        0.00137982
    10.7000000        0.00009342        0.00112295
    10.8000000       -0.00007125        0.00125261
    10.9000000        0.00050831        0.00157370
    11.0000000       -0.00031252        0.00103232
    11.1000000        0.00019568        0.00112822
    11.2000000        0.00080820        0.00136977
    11.3000000        0.00011047        0.00129673
    11.4000000        0.00031949        0.00148496
    11.5000000        0.00147726        0.00230814
    11.6000000        0.00070847        0.00230830
    11.7000000        0.00159948        0.00264632
    11.8000000        0.00200442        0.00190047
    11.9000000        0.00134797        0.00095692
    12.0000000        0.00200883        0.00125303
    12.1000000        0.00092054        0.00080589
    12.2000000        0.00044113        0.00113525
    12.3000000        0.00175379        0.00126364
    12.4000000        0.00192952        0.00080951
    12.5000000        0.00152371        0.00062298
    12.6000000        0.00050984        0.00078700
    12.7000000        0.00008585        0.00085827
    12.8000000        0.00055885        0.00112418
    12.9000000        0.00064400        0.00077879
    13.0000000        0.00035725        0.00146775
    13.1000000        0.00027398        0.00149730
    13.2000000        0.00068412        0.00084254
    13.3000000       -0.00014700        0.00051658
    13.4000000        0.00006567        0.00089063
    13.5000000       -0.00037487        0.00095593
    13.6000000       -0.00074226        0.00107243
    13.7000000       -0.00145945        0.00138125
    13.8000000       -0.00100256        0.00103562
    13.9000000       -0.00113749        0.00142263
    14.0000000       -0.00174769        0.00156083
    14.1000000       -0.00202475        0.00111170
    14.2000000       -0.00123167        0.00095528
    14.3000000       -0.00044297        0.00123905
    14.4000000       -0.00046190        0.00114513
    14.5000000        0.00019976        0.00111718
    14.6000000        0.00094290        0.00114894
    14.7000000        0.00122689        0.00115574
    14.8000000        0.00257110        0.00139301
    14.9000000        0.00197239        0.00092038
    15.0000000        0.00170098        0.00091583
    15.1000000        0.00096016        0.00122105
    15.2000000        0.00060591        0.00143842
    15.3000000        0.00082602        0.00041815
    15.4000000        0.00039631        0.00023703
    15.5000000        0.00147679        0.00067713
    15.6000000        0.00136657        0.00049597
    15.7000000        0.00138690        0.00063987
    15.8000000        0.00169028        0.00069532
    15.9000000        0.00232106        0.00057442
    16.0000000        0.00262163        0.00105689
    16.1000000        0.00286914        0.00111304
    16.2000000        0.00329543        0.00112776
    16.3000000        0.00293064        0.00181324
    16.4000000        0.00257131        0.00154210
    16.5000000        0.00192894        0.00116082
    16.6000000        0.00038285        0.00092146
    16.7000000        0.00035411        0.00103746
    16.8000000        0.00004728        0.00075975
    16.9000000        0.00008807        0.00088612
    17.0000000        0.00163922        0.00094030
    17.1000000        0.00171302        0.00213007
    17.2000000        0.00087482        0.00180695
    17.3000000        0.00181252        0.00158524
    17.4000000        0.00238415        0.00143367
    17.5000000        0.00305667        0.00064057
    17.6000000        0.00326792        0.00085285
    17.7000000        0.00499309        0.00108897
    17.8000000        0.00681521        0.00160060
    17.9000000        0.00774933        0.00185499
    18.0000000        0.00788749        0.00136657
    18.1000000        0.00970486        0.00085031
    18.2000000        0.01232405        0.00088722
    18.3000000        0.01710001        0.00092712
    18.4000000        0.02018695        0.00072736
    18.5000000        0.02650459        0.00070239
    18.6000000        0.03526050        0.00103233
    18.7000000        0.04641281        0.00151423
    18.8000000        0.05869835        0.00099206
    18.9000000        0.07442403        0.00147955
    19.0000000        0.09282336        0.00164775
    19.1000000        0.11712320        0.00085365
    19.2000000        0.14924199        0.00109777
    19.3000000        0.18902731        0.00155265
    19.4000000        0.23917319        0.00146009
    19.5000000        0.30407528        0.00247787
    19.6000000        0.38474373        0.00367328
    19.7000000        0.48635270        0.00320869
    19.8000000        0.62291930        0.00782071
    19.9000000        0.78854791        0.00537727
    20.0000000        0.99713468        0.00145085
