     0.0000000        1.56931921        0.01807341
     0.1000000        1.27315323        0.01949402
     0.2000000        1.11634173        0.04246255
     0.3000000        0.92639091        0.04937329
     0.4000000        0.82078712        0.03797202
     0.5000000        0.73765377        0.05182833
     0.6000000        0.72945518        0.09915367
     0.7000000        0.67748015        0.11254400
     0.8000000        0.73213474        0.20265277
     0.9000000        0.55551891        0.10824221
     1.0000000        0.48819287        0.08666348
     1.1000000        0.42519070        0.08691324
     1.2000000        0.30094743        0.05104914
     1.3000000        0.40440749        0.14794036
     1.4000000        0.30802358        0.09365068
     1.5000000        0.18621840        0.03472138
     1.6000000        0.18330794        0.03990227
     1.7000000        0.14766448        0.15495198
     1.8000000        0.14131159        0.04677315
     1.9000000        0.22992882        0.10068803
     2.0000000        0.29829327        0.22851536
     2.1000000        0.18567248        0.09099989
     2.2000000        0.07134974        0.06197447
     2.3000000        0.09688703        0.03593524
     2.4000000        0.09473916        0.03588991
     2.5000000        0.08668095        0.04135696
     2.6000000        0.08375700        0.03518168
     2.7000000        0.10292334        0.06283383
     2.8000000        0.12579779        0.07659829
     2.9000000        0.07573595        0.05475464
     3.0000000        0.08214018        0.07472010
     3.1000000        0.06133885        0.05225664
     3.2000000        0.04869750        0.02775299
     3.3000000        0.02591972        0.01367800
     3.4000000        0.01475403        0.00710763
     3.5000000        0.01844752        0.00810716
     3.6000000        0.01812479        0.00871637
     3.7000000       -0.00686934        0.00871853
     3.8000000       -0.01944722        0.02633185
     3.9000000       -0.06254860        0.06955564
     4.0000000       -0.00267527        0.00932744
     4.1000000        0.00164479        0.00931778
     4.2000000        0.00462077        0.00739573
     4.3000000        0.00325930        0.00451881
     4.4000000        0.00545065        0.00712741
     4.5000000        0.00777881        0.00780726
     4.6000000        0.00566052        0.00630448
     4.7000000        0.00505096        0.00669647
     4.8000000        0.00398739        0.00273308
     4.9000000        0.00503644        0.00338325
     5.0000000        0.01060346        0.00783890
     5.1000000        0.01917389        0.01579565
     5.2000000        0.00067420        0.00292820
     5.3000000        0.00347508        0.00413049
     5.4000000        0.02008415        0.01632414
     5.5000000        0.01381718        0.01101992
     5.6000000        0.02513408        0.02207388
     5.7000000        0.02237711        0.01589533
     5.8000000        0.01020587        0.00717974
     5.9000000        0.00231041        0.00287252
     6.0000000        0.00052356        0.00221465
     6.1000000        0.01023749        0.00684968
     6.2000000        0.01252151        0.00548438
     6.3000000        0.01570571        0.00897070
     6.4000000        0.02084715        0.01177558
     6.5000000        0.01896006        0.01137763
     6.6000000        0.04969039        0.02723680
     6.7000000        0.04222655        0.02762636
     6.8000000        0.02979423        0.01386512
     6.9000000        0.05572112        0.03184363
     7.0000000        0.05219294        0.02835925
     7.1000000        0.11002258        0.06960182
     7.2000000        0.06676596        0.02985031
     7.3000000        0.08813011        0.04982658
     7.4000000        0.07241754        0.02727590
     7.5000000        0.07129814        0.02794813
     7.6000000        0.08429359        0.02555858
     7.7000000        0.08764301        0.01055801
     7.8000000        0.14880047        0.03254115
     7.9000000        0.12907184        0.03273184
     8.0000000        0.14305847        0.03429415
     8.1000000        0.16062133        0.05530630
     8.2000000        0.16458353        0.02312583
     8.3000000        0.19947866        0.02529617
     8.4000000        0.17865785        0.03407624
     8.5000000        0.17218798        0.02196819
     8.6000000        0.21523773        0.02401226
     8.7000000        0.21834334        0.01564538
     8.8000000        0.30248756        0.03830171
     8.9000000        0.36026370        0.06441687
     9.0000000        0.45375550        0.15703033
     9.1000000        0.41189654        0.04024895
     9.2000000        0.46056797        0.03554720
     9.3000000        0.59413058        0.03758866
     9.4000000        0.61818406        0.03053477
     9.5000000        0.75383248        0.03805128
     9.6000000        0.82679960        0.01769767
     9.7000000        0.92675781        0.01365355
     9.8000000        1.07844950        0.02887350
     9.9000000        1.28294356        0.02918591
    10.0000000        1.56931921        0.01807341
