         101           5   20.000000000000000                1
     0.0000000        0.19602687        0.00790871
     0.1000000        0.14474700        0.00384906
     0.2000000        0.09334640        0.00649576
     0.3000000        0.06059820        0.01130562
     0.4000000        0.04588478        0.00911481
     0.5000000        0.03449677        0.01149788
     0.6000000        0.02628471        0.00576325
     0.7000000        0.01965202        0.01169150
     0.8000000        0.00490321        0.00661392
     0.9000000        0.00366459        0.00731909
     1.0000000       -0.00044001        0.00461562
     1.1000000       -0.01406617        0.01218427
     1.2000000       -0.01580013        0.01413848
     1.3000000       -0.01595630        0.01541412
     1.4000000       -0.00053922        0.00421686
     1.5000000       -0.00109701        0.00260110
     1.6000000        0.01390532        0.02492160
     1.7000000        0.02531696        0.02421363
     1.8000000        0.01378065        0.00995925
     1.9000000        0.09844268        0.07649331
     2.0000000        0.00277807        0.01928802
     2.1000000       -0.02455030        0.02623824
     2.2000000       -0.01133822        0.01229442
     2.3000000       -0.03126203        0.02227647
     2.4000000       -0.01304326        0.01441819
     2.5000000       -0.00053737        0.00584371
     2.6000000        0.02270660        0.02557894
     2.7000000        0.02806018        0.03135747
     2.8000000        0.03447746        0.03743365
     2.9000000        0.01772072        0.02124030
     3.0000000       -0.00364741        0.00906811
     3.1000000       -0.08076705        0.08421276
     3.2000000       -0.02320712        0.01825539
     3.3000000       -0.10598408        0.10733280
     3.4000000        0.01610919        0.02405872
     3.5000000        0.01887476        0.02505651
     3.6000000        0.00095708        0.00203345
     3.7000000       -0.00438209        0.00524765
     3.8000000        0.00095089        0.00536938
     3.9000000        0.00433031        0.00658670
     4.0000000        0.04634027        0.04839276
     4.1000000        0.02024175        0.03421391
     4.2000000        0.00514350        0.01498412
     4.3000000        0.01449026        0.02124618
     4.4000000        0.00471848        0.00799979
     4.5000000        0.02497274        0.02474962
     4.6000000       -0.00391789        0.01240641
     4.7000000       -0.00624676        0.01041407
     4.8000000        0.00635404        0.00177056
     4.9000000       -0.01212222        0.01919023
     5.0000000        0.00523583        0.00550730
     5.1000000        0.00000108        0.00163719
     5.2000000       -0.03885153        0.04159579
     5.3000000       -0.01065546        0.01342590
     5.4000000        0.00070379        0.00563839
     5.5000000       -0.00791542        0.01395114
     5.6000000        0.00850844        0.00857799
     5.7000000        0.01020407        0.00551871
     5.8000000        0.00541251        0.00380785
     5.9000000        0.00082787        0.00328693
     6.0000000        0.00405320        0.00351941
     6.1000000       -0.00111540        0.00475286
     6.2000000        0.00016071        0.00244419
     6.3000000        0.00984707        0.01236344
     6.4000000        0.01075547        0.01205632
     6.5000000        0.01854041        0.01611781
     6.6000000        0.01990947        0.01666481
     6.7000000        0.02409261        0.02427453
     6.8000000        0.03417603        0.03955470
     6.9000000        0.08666744        0.09099122
     7.0000000        0.02620663        0.02669566
     7.1000000        0.03557644        0.03202305
     7.2000000        0.00850469        0.01338817
     7.3000000       -0.00120413        0.00793391
     7.4000000       -0.00525158        0.00421844
     7.5000000       -0.00213624        0.00286817
     7.6000000       -0.00561696        0.00522809
     7.7000000       -0.00174133        0.00872742
     7.8000000       -0.00601058        0.00672676
     7.9000000       -0.01322901        0.01456890
     8.0000000       -0.04931255        0.05652353
     8.1000000       -0.02526669        0.02957060
     8.2000000       -0.00057330        0.00138284
     8.3000000       -0.00054043        0.00235831
     8.4000000       -0.00126014        0.00425233
     8.5000000       -0.00113854        0.00287748
     8.6000000       -0.00584130        0.00586476
     8.7000000       -0.01291234        0.01053026
     8.8000000       -0.02587637        0.03044884
     8.9000000       -0.00122817        0.00889763
     9.0000000        0.00497361        0.01140014
     9.1000000        0.00373983        0.00467585
     9.2000000        0.00813275        0.01495855
     9.3000000       -0.00215165        0.00226910
     9.4000000       -0.00150164        0.00537350
     9.5000000       -0.00448605        0.00551882
     9.6000000       -0.00333765        0.00708288
     9.7000000       -0.00583234        0.00918579
     9.8000000        0.00332764        0.00218481
     9.9000000        0.00071382        0.00066509
    10.0000000        0.00413806        0.00212585
