   1.0000000000000000                1          28
              (0.49999999999998551,0.0000000000000000)
  -2.9171931783333798        0.0000000000000000     
       (0.62493018826890412,-7.45575400455085295E-016)
  -2.6927937030769660        0.0000000000000000     
        (0.45247058985185540,1.40077401148900252E-015)
  -2.4683942278205522        0.0000000000000000     
       (0.36170598630764045,-6.93013608229734336E-016)
  -2.2439947525641384        0.0000000000000000     
        (0.30102651087628057,1.84781258034497230E-015)
  -2.0195952773077246        0.0000000000000000     
       (0.25578219965099258,-1.05627081368709954E-015)
  -1.7951958020513106        0.0000000000000000     
        (0.21047883014614779,3.48510410427831111E-016)
  -1.5707963267948968        0.0000000000000000     
       (0.16540921690972238,-7.62353641934414033E-016)
  -1.3463968515384830        0.0000000000000000     
        (0.14097595321185430,9.54152268515965597E-016)
  -1.1219973762820692        0.0000000000000000     
       (0.11417352559090804,-1.20939221079038332E-015)
 -0.89759790102565529        0.0000000000000000     
   (8.67761624113098234E-002,2.53556849829998155E-016)
 -0.67319842576924149        0.0000000000000000     
  (6.27315040891271020E-002,-2.86752187179384570E-016)
 -0.44879895051282764        0.0000000000000000     
   (4.16451027144565181E-002,3.17102371993597380E-016)
 -0.22439947525641382        0.0000000000000000     
  (1.78438803624666915E-002,-1.42690857073582151E-016)
   0.0000000000000000        0.0000000000000000     
               (7.0000278866108943,0.0000000000000000)
  0.22439947525641382        0.0000000000000000     
   (1.78438803624666915E-002,1.42690857073582151E-016)
  0.44879895051282764        0.0000000000000000     
  (4.16451027144565181E-002,-3.17102371993597380E-016)
  0.67319842576924149        0.0000000000000000     
   (6.27315040891271020E-002,2.86752187179384570E-016)
  0.89759790102565529        0.0000000000000000     
  (8.67761624113098234E-002,-2.53556849829998155E-016)
   1.1219973762820692        0.0000000000000000     
        (0.11417352559090804,1.20939221079038332E-015)
   1.3463968515384830        0.0000000000000000     
       (0.14097595321185430,-9.54152268515965597E-016)
   1.5707963267948968        0.0000000000000000     
        (0.16540921690972238,7.62353641934414033E-016)
   1.7951958020513106        0.0000000000000000     
       (0.21047883014614779,-3.48510410427831111E-016)
   2.0195952773077246        0.0000000000000000     
        (0.25578219965099258,1.05627081368709954E-015)
   2.2439947525641384        0.0000000000000000     
       (0.30102651087628057,-1.84781258034497230E-015)
   2.4683942278205522        0.0000000000000000     
        (0.36170598630764045,6.93013608229734336E-016)
   2.6927937030769660        0.0000000000000000     
       (0.45247058985185540,-1.40077401148900252E-015)
   2.9171931783333798        0.0000000000000000     
        (0.62493018826890412,7.45575400455085295E-016)
   3.1415926535897936        0.0000000000000000     
        (1.3280728126053754,-1.46126596817596220E-015)
   1.0000000000000000                1          28
              (0.49999999999999717,0.0000000000000000)
  -2.9171931783333798        0.0000000000000000     
       (0.65649162680286943,-6.73548933798684417E-016)
  -2.6927937030769660        0.0000000000000000     
        (0.46383535254402863,1.56642039259975999E-015)
  -2.4683942278205522        0.0000000000000000     
       (0.36730103842703138,-7.78517964513959869E-016)
  -2.2439947525641384        0.0000000000000000     
        (0.30364225437888720,1.63173860100699398E-015)
  -2.0195952773077246        0.0000000000000000     
       (0.24762607194597602,-1.41063244243914664E-015)
  -1.7951958020513106        0.0000000000000000     
        (0.20111817163021384,4.64126725121181566E-016)
  -1.5707963267948968        0.0000000000000000     
       (0.16689572522834012,-7.18830434249829870E-016)
  -1.3463968515384830        0.0000000000000000     
        (0.14134679733769459,1.03697545907134423E-015)
  -1.1219973762820692        0.0000000000000000     
       (0.11312023284403913,-8.15869300503496991E-016)
 -0.89759790102565529        0.0000000000000000     
   (8.53936117150206481E-002,3.74806322869539467E-016)
 -0.67319842576924149        0.0000000000000000     
  (6.20255540400697497E-002,-3.44024111380290403E-016)
 -0.44879895051282764        0.0000000000000000     
   (4.11170450354644765E-002,1.23961845741903649E-016)
 -0.22439947525641382        0.0000000000000000     
  (1.97669833758856231E-002,-2.28514376564725318E-016)
   0.0000000000000000        0.0000000000000000     
               (7.0007553787763470,0.0000000000000000)
  0.22439947525641382        0.0000000000000000     
   (1.97669833758856231E-002,2.28514376564725318E-016)
  0.44879895051282764        0.0000000000000000     
  (4.11170450354644765E-002,-1.23961845741903649E-016)
  0.67319842576924149        0.0000000000000000     
   (6.20255540400697497E-002,3.44024111380290403E-016)
  0.89759790102565529        0.0000000000000000     
  (8.53936117150206481E-002,-3.74806322869539467E-016)
   1.1219973762820692        0.0000000000000000     
        (0.11312023284403913,8.15869300503496991E-016)
   1.3463968515384830        0.0000000000000000     
       (0.14134679733769459,-1.03697545907134423E-015)
   1.5707963267948968        0.0000000000000000     
        (0.16689572522834012,7.18830434249829870E-016)
   1.7951958020513106        0.0000000000000000     
       (0.20111817163021384,-4.64126725121181566E-016)
   2.0195952773077246        0.0000000000000000     
        (0.24762607194597602,1.41063244243914664E-015)
   2.2439947525641384        0.0000000000000000     
       (0.30364225437888720,-1.63173860100699398E-015)
   2.4683942278205522        0.0000000000000000     
        (0.36730103842703138,7.78517964513959869E-016)
   2.6927937030769660        0.0000000000000000     
       (0.46383535254402863,-1.56642039259975999E-015)
   2.9171931783333798        0.0000000000000000     
        (0.65649162680286943,6.73548933798684417E-016)
   3.1415926535897936        0.0000000000000000     
        (1.2598836906125355,-1.43766086849965974E-015)
   1.0000000000000000                1          28
              (0.49999999999998385,0.0000000000000000)
  -2.9171931783333798        0.0000000000000000     
       (0.63723979114247120,-3.75872027029248499E-016)
  -2.6927937030769660        0.0000000000000000     
        (0.46819220163688013,1.43422476555161374E-015)
  -2.4683942278205522        0.0000000000000000     
       (0.37070441992699654,-4.97159764913090030E-016)
  -2.2439947525641384        0.0000000000000000     
        (0.29653700625401497,1.67446497035957926E-015)
  -2.0195952773077246        0.0000000000000000     
       (0.24703494037154383,-1.96111852645733540E-015)
  -1.7951958020513106        0.0000000000000000     
        (0.20528540017269928,9.13031223356295836E-016)
  -1.5707963267948968        0.0000000000000000     
       (0.17047014399860566,-7.87316227450422489E-016)
  -1.3463968515384830        0.0000000000000000     
        (0.14128135830746799,5.98159915851682984E-016)
  -1.1219973762820692        0.0000000000000000     
       (0.11352610152369066,-5.04165577792242667E-016)
 -0.89759790102565529        0.0000000000000000     
   (8.92939928306393238E-002,3.45493309215632313E-016)
 -0.67319842576924149        0.0000000000000000     
  (6.15694961646071279E-002,-5.68705549620522345E-016)
 -0.44879895051282764        0.0000000000000000     
   (4.16990247984735871E-002,2.99629285993548301E-016)
 -0.22439947525641382        0.0000000000000000     
  (1.95820410677768481E-002,-3.87719576845021998E-016)
   0.0000000000000000        0.0000000000000000     
               (7.0005540128912083,0.0000000000000000)
  0.22439947525641382        0.0000000000000000     
   (1.95820410677768481E-002,3.87719576845021998E-016)
  0.44879895051282764        0.0000000000000000     
  (4.16990247984735871E-002,-2.99629285993548301E-016)
  0.67319842576924149        0.0000000000000000     
   (6.15694961646071279E-002,5.68705549620522345E-016)
  0.89759790102565529        0.0000000000000000     
  (8.92939928306393238E-002,-3.45493309215632313E-016)
   1.1219973762820692        0.0000000000000000     
        (0.11352610152369066,5.04165577792242667E-016)
   1.3463968515384830        0.0000000000000000     
       (0.14128135830746799,-5.98159915851682984E-016)
   1.5707963267948968        0.0000000000000000     
        (0.17047014399860566,7.87316227450422489E-016)
   1.7951958020513106        0.0000000000000000     
       (0.20528540017269928,-9.13031223356295836E-016)
   2.0195952773077246        0.0000000000000000     
        (0.24703494037154383,1.96111852645733540E-015)
   2.2439947525641384        0.0000000000000000     
       (0.29653700625401497,-1.67446497035957926E-015)
   2.4683942278205522        0.0000000000000000     
        (0.37070441992699654,4.97159764913090030E-016)
   2.6927937030769660        0.0000000000000000     
       (0.46819220163688013,-1.43422476555161374E-015)
   2.9171931783333798        0.0000000000000000     
        (0.63723979114247120,3.75872027029248499E-016)
   3.1415926535897936        0.0000000000000000     
        (1.2746141507166080,-1.44774982351511227E-015)
   1.0000000000000000                1          28
              (0.50000000000000600,0.0000000000000000)
  -2.9171931783333798        0.0000000000000000     
       (0.62651200652959194,-3.88936586560256813E-016)
  -2.6927937030769660        0.0000000000000000     
        (0.47723787955146868,1.36968167015245871E-015)
  -2.4683942278205522        0.0000000000000000     
       (0.36027413431392430,-5.98097527675807363E-016)
  -2.2439947525641384        0.0000000000000000     
        (0.29293376704794222,1.68986491373052491E-015)
  -2.0195952773077246        0.0000000000000000     
       (0.24788196850071639,-1.78651521982669176E-015)
  -1.7951958020513106        0.0000000000000000     
        (0.20459299555941063,8.56327788117875360E-016)
  -1.5707963267948968        0.0000000000000000     
       (0.17403957963546621,-6.67492173596144936E-016)
  -1.3463968515384830        0.0000000000000000     
        (0.14105505027665444,8.59304453231611068E-016)
  -1.1219973762820692        0.0000000000000000     
       (0.11292219816601121,-3.84982918091983374E-016)
 -0.89759790102565529        0.0000000000000000     
  (8.78917099403440372E-002,-6.35063025607744562E-017)
 -0.67319842576924149        0.0000000000000000     
  (6.10455950133407671E-002,-3.18629924153289880E-016)
 -0.44879895051282764        0.0000000000000000     
  (4.16087312829265255E-002,-6.34738091268202703E-017)
 -0.22439947525641382        0.0000000000000000     
  (1.91206195010277073E-002,-1.82377535900012903E-016)
   0.0000000000000000        0.0000000000000000     
               (7.0004982719455224,0.0000000000000000)
  0.22439947525641382        0.0000000000000000     
   (1.91206195010277073E-002,1.82377535900012903E-016)
  0.44879895051282764        0.0000000000000000     
   (4.16087312829265255E-002,6.34738091268202703E-017)
  0.67319842576924149        0.0000000000000000     
   (6.10455950133407671E-002,3.18629924153289880E-016)
  0.89759790102565529        0.0000000000000000     
   (8.78917099403440372E-002,6.35063025607744562E-017)
   1.1219973762820692        0.0000000000000000     
        (0.11292219816601121,3.84982918091983374E-016)
   1.3463968515384830        0.0000000000000000     
       (0.14105505027665444,-8.59304453231611068E-016)
   1.5707963267948968        0.0000000000000000     
        (0.17403957963546621,6.67492173596144936E-016)
   1.7951958020513106        0.0000000000000000     
       (0.20459299555941063,-8.56327788117875360E-016)
   2.0195952773077246        0.0000000000000000     
        (0.24788196850071639,1.78651521982669176E-015)
   2.2439947525641384        0.0000000000000000     
       (0.29293376704794222,-1.68986491373052491E-015)
   2.4683942278205522        0.0000000000000000     
        (0.36027413431392430,5.98097527675807363E-016)
   2.6927937030769660        0.0000000000000000     
       (0.47723787955146868,-1.36968167015245871E-015)
   2.9171931783333798        0.0000000000000000     
        (0.62651200652959194,3.88936586560256813E-016)
   3.1415926535897936        0.0000000000000000     
        (1.3052692574170022,-1.46186697857802219E-015)
   1.0000000000000000                1          28
              (0.50000000000001332,0.0000000000000000)
  -2.9171931783333798        0.0000000000000000     
       (0.63143944681135877,-3.95272949818322891E-016)
  -2.6927937030769660        0.0000000000000000     
        (0.42836358836574434,1.37203488493526315E-015)
  -2.4683942278205522        0.0000000000000000     
       (0.35773854990955745,-6.52806423016364293E-016)
  -2.2439947525641384        0.0000000000000000     
        (0.32571335757669839,1.42338408213148986E-015)
  -2.0195952773077246        0.0000000000000000     
       (0.22793133575968630,-1.90107805504127407E-015)
  -1.7951958020513106        0.0000000000000000     
        (0.19230047865744296,7.06039725425879458E-016)
  -1.5707963267948968        0.0000000000000000     
       (0.17494154374265292,-6.12761857099868728E-016)
  -1.3463968515384830        0.0000000000000000     
        (0.14769636821934579,8.04969909391755464E-016)
  -1.1219973762820692        0.0000000000000000     
       (0.10411142671096323,-8.06854014605044021E-016)
 -0.89759790102565529        0.0000000000000000     
   (8.35209481077578558E-002,1.94416573480774530E-016)
 -0.67319842576924149        0.0000000000000000     
  (6.34617899940491531E-002,-2.91462652233362078E-016)
 -0.44879895051282764        0.0000000000000000     
   (4.08106600096641084E-002,4.61995851974367257E-016)
 -0.22439947525641382        0.0000000000000000     
  (1.95499057967679461E-002,-7.62318944914937052E-016)
   0.0000000000000000        0.0000000000000000     
               (7.0002679423480014,0.0000000000000000)
  0.22439947525641382        0.0000000000000000     
   (1.95499057967679461E-002,7.62318944914937052E-016)
  0.44879895051282764        0.0000000000000000     
  (4.08106600096641084E-002,-4.61995851974367257E-016)
  0.67319842576924149        0.0000000000000000     
   (6.34617899940491531E-002,2.91462652233362078E-016)
  0.89759790102565529        0.0000000000000000     
  (8.35209481077578558E-002,-1.94416573480774530E-016)
   1.1219973762820692        0.0000000000000000     
        (0.10411142671096323,8.06854014605044021E-016)
   1.3463968515384830        0.0000000000000000     
       (0.14769636821934579,-8.04969909391755464E-016)
   1.5707963267948968        0.0000000000000000     
        (0.17494154374265292,6.12761857099868728E-016)
   1.7951958020513106        0.0000000000000000     
       (0.19230047865744296,-7.06039725425879458E-016)
   2.0195952773077246        0.0000000000000000     
        (0.22793133575968630,1.90107805504127407E-015)
   2.2439947525641384        0.0000000000000000     
       (0.32571335757669839,-1.42338408213148986E-015)
   2.4683942278205522        0.0000000000000000     
        (0.35773854990955745,6.52806423016364293E-016)
   2.6927937030769660        0.0000000000000000     
       (0.42836358836574434,-1.37203488493526315E-015)
   2.9171931783333798        0.0000000000000000     
        (0.63143944681135877,3.95272949818322891E-016)
   3.1415926535897936        0.0000000000000000     
        (1.4045732583289963,-1.47928897697120110E-015)
   1.0000000000000000                1          28
              (0.49999999999998312,0.0000000000000000)
  -2.9171931783333798        0.0000000000000000     
       (0.64944615530852268,-5.41348008809237315E-016)
  -2.6927937030769660        0.0000000000000000     
        (0.46450044327750167,1.89113465679599092E-015)
  -2.4683942278205522        0.0000000000000000     
       (0.36417672358198205,-6.22852823856275675E-016)
  -2.2439947525641384        0.0000000000000000     
        (0.29819065925277638,1.44924861737688434E-015)
  -2.0195952773077246        0.0000000000000000     
       (0.24658464748709241,-1.76755678105669245E-015)
  -1.7951958020513106        0.0000000000000000     
        (0.20523800564284941,8.48202184427740635E-016)
  -1.5707963267948968        0.0000000000000000     
       (0.16842348168818028,-8.49303769643218454E-016)
  -1.3463968515384830        0.0000000000000000     
        (0.13836444824604635,6.91802065626531221E-016)
  -1.1219973762820692        0.0000000000000000     
       (0.11190992493533511,-8.19786282227741357E-016)
 -0.89759790102565529        0.0000000000000000     
   (8.71561708761059983E-002,6.62006026062118190E-016)
 -0.67319842576924149        0.0000000000000000     
  (6.34532576024813555E-002,-6.31386953431162979E-016)
 -0.44879895051282764        0.0000000000000000     
   (4.09764467123809248E-002,1.08958408106027787E-016)
 -0.22439947525641382        0.0000000000000000     
  (1.99081329614050340E-002,-1.89291999900354320E-016)
   0.0000000000000000        0.0000000000000000     
               (7.0003375332511393,0.0000000000000000)
  0.22439947525641382        0.0000000000000000     
   (1.99081329614050340E-002,1.89291999900354320E-016)
  0.44879895051282764        0.0000000000000000     
  (4.09764467123809248E-002,-1.08958408106027787E-016)
  0.67319842576924149        0.0000000000000000     
   (6.34532576024813555E-002,6.31386953431162979E-016)
  0.89759790102565529        0.0000000000000000     
  (8.71561708761059983E-002,-6.62006026062118190E-016)
   1.1219973762820692        0.0000000000000000     
        (0.11190992493533511,8.19786282227741357E-016)
   1.3463968515384830        0.0000000000000000     
       (0.13836444824604635,-6.91802065626531221E-016)
   1.5707963267948968        0.0000000000000000     
        (0.16842348168818028,8.49303769643218454E-016)
   1.7951958020513106        0.0000000000000000     
       (0.20523800564284941,-8.48202184427740635E-016)
   2.0195952773077246        0.0000000000000000     
        (0.24658464748709241,1.76755678105669245E-015)
   2.2439947525641384        0.0000000000000000     
       (0.29819065925277638,-1.44924861737688434E-015)
   2.4683942278205522        0.0000000000000000     
        (0.36417672358198205,6.22852823856275675E-016)
   2.6927937030769660        0.0000000000000000     
       (0.46450044327750167,-1.89113465679599092E-015)
   2.9171931783333798        0.0000000000000000     
        (0.64944615530852268,5.41348008809237315E-016)
   3.1415926535897936        0.0000000000000000     
        (1.2830054716030723,-1.44484227651497247E-015)
   1.0000000000000000                1          28
              (0.49999999999997824,0.0000000000000000)
  -2.9171931783333798        0.0000000000000000     
       (0.59554761195072448,-6.91187878465304520E-016)
  -2.6927937030769660        0.0000000000000000     
        (0.42122322160752540,1.68948974540287128E-015)
  -2.4683942278205522        0.0000000000000000     
       (0.34321900213266887,-9.16322207369530950E-016)
  -2.2439947525641384        0.0000000000000000     
        (0.30653856539968571,1.69257946938206640E-015)
  -2.0195952773077246        0.0000000000000000     
       (0.26923707735759034,-1.66240367352523093E-015)
  -1.7951958020513106        0.0000000000000000     
        (0.18906660880837511,6.98912188413292128E-016)
  -1.5707963267948968        0.0000000000000000     
       (0.19010310535435651,-7.00457050402889591E-016)
  -1.3463968515384830        0.0000000000000000     
        (0.12562498222721585,9.87487833010384323E-016)
  -1.1219973762820692        0.0000000000000000     
       (0.11499695816683400,-8.62150063614249665E-016)
 -0.89759790102565529        0.0000000000000000     
   (7.29826034526228906E-002,3.49456094206646064E-016)
 -0.67319842576924149        0.0000000000000000     
  (6.81815882424894604E-002,-5.25464574351625290E-016)
 -0.44879895051282764        0.0000000000000000     
  (4.46399090568581972E-002,-3.16942149516389154E-016)
 -0.22439947525641382        0.0000000000000000     
  (1.72795735177926658E-002,-2.93548299553476248E-016)
   0.0000000000000000        0.0000000000000000     
               (7.0005217722435624,0.0000000000000000)
  0.22439947525641382        0.0000000000000000     
   (1.72795735177926658E-002,2.93548299553476248E-016)
  0.44879895051282764        0.0000000000000000     
   (4.46399090568581972E-002,3.16942149516389154E-016)
  0.67319842576924149        0.0000000000000000     
   (6.81815882424894604E-002,5.25464574351625290E-016)
  0.89759790102565529        0.0000000000000000     
  (7.29826034526228906E-002,-3.49456094206646064E-016)
   1.1219973762820692        0.0000000000000000     
        (0.11499695816683400,8.62150063614249665E-016)
   1.3463968515384830        0.0000000000000000     
       (0.12562498222721585,-9.87487833010384323E-016)
   1.5707963267948968        0.0000000000000000     
        (0.19010310535435651,7.00457050402889591E-016)
   1.7951958020513106        0.0000000000000000     
       (0.18906660880837511,-6.98912188413292128E-016)
   2.0195952773077246        0.0000000000000000     
        (0.26923707735759034,1.66240367352523093E-015)
   2.2439947525641384        0.0000000000000000     
       (0.30653856539968571,-1.69257946938206640E-015)
   2.4683942278205522        0.0000000000000000     
        (0.34321900213266887,9.16322207369530950E-016)
   2.6927937030769660        0.0000000000000000     
       (0.42122322160752540,-1.68948974540287128E-015)
   2.9171931783333798        0.0000000000000000     
        (0.59554761195072448,6.91187878465304520E-016)
   3.1415926535897936        0.0000000000000000     
        (1.4821966132063515,-1.46435541649864583E-015)
