   -2.917193      0.000000        0.98853331        0.11258620       -0.07779516        0.12289685
   -2.692794      0.000000        0.65881558        0.07369918        0.06437805        0.07051056
   -2.468394      0.000000        0.12366374        0.11235749        0.00557384        0.08705056
   -2.243995      0.000000        0.22697457        0.06623410        0.04465268        0.04166245
   -2.019595      0.000000        0.13956341        0.03741082       -0.02637955        0.03379359
   -1.795196      0.000000        0.11045541        0.04029821       -0.01893652        0.04507814
   -1.570796      0.000000        0.10175940        0.02509565        0.01581346        0.02071600
   -1.346397      0.000000        0.08689336        0.00280729        0.01308241        0.01307439
   -1.121997      0.000000        0.09721748        0.01205715        0.04332407        0.00947101
   -0.897598      0.000000        0.06677969        0.01170300        0.00859146        0.00865982
   -0.673198      0.000000        0.04779686        0.03242081        0.00686675        0.00950625
   -0.448799      0.000000        0.06357190        0.01857084        0.01405218        0.01352098
   -0.224399      0.000000        0.03316164        0.02375326        0.00337550        0.01266761
    0.000000      0.000000        0.01209633        0.00285235        0.00000000        0.00000000
    0.224399      0.000000        0.03316164        0.02375326       -0.00337550        0.01266761
    0.448799      0.000000        0.06357190        0.01857084       -0.01405218        0.01352098
    0.673198      0.000000        0.04779686        0.03242081       -0.00686675        0.00950625
    0.897598      0.000000        0.06677969        0.01170300       -0.00859146        0.00865982
    1.121997      0.000000        0.09721748        0.01205715       -0.04332407        0.00947101
    1.346397      0.000000        0.08689336        0.00280729       -0.01308241        0.01307439
    1.570796      0.000000        0.10175940        0.02509565       -0.01581346        0.02071600
    1.795196      0.000000        0.11045541        0.04029821        0.01893652        0.04507814
    2.019595      0.000000        0.13956341        0.03741082        0.02637955        0.03379359
    2.243995      0.000000        0.22697457        0.06623410       -0.04465268        0.04166245
    2.468394      0.000000        0.12366374        0.11235749       -0.00557384        0.08705056
    2.692794      0.000000        0.65881558        0.07369918       -0.06437805        0.07051056
    2.917193      0.000000        0.98853331        0.11258620        0.07779516        0.12289685
    3.141593      0.000000        9.01139782        1.68239884       -0.00000000        0.00000000
