   1.0000000000000000                1          28
               (0.0000000000000000,0.0000000000000000)
  -2.9171931783333798        0.0000000000000000     
   (2.13262197208700759E-002,5.08669238321641072E-004)
  -2.6927937030769660        0.0000000000000000     
   (2.61092943543025299E-002,9.75180773935830107E-004)
  -2.4683942278205522        0.0000000000000000     
   (3.27828513633679694E-002,6.89323352754391059E-004)
  -2.2439947525641384        0.0000000000000000     
  (4.61830240490040608E-002,-1.39658175683195608E-003)
  -2.0195952773077246        0.0000000000000000     
  (6.94652266752933262E-002,-4.53849705352300098E-004)
  -1.7951958020513106        0.0000000000000000     
       (0.11452688323101001,-9.13196584471572285E-004)
  -1.5707963267948968        0.0000000000000000     
        (0.49999999999231037,1.94322732508360432E-013)
  -1.3463968515384830        0.0000000000000000     
        (0.88547311678251017,9.13196599021995651E-004)
  -1.1219973762820692        0.0000000000000000     
        (0.93053477331822043,4.53849708131343424E-004)
 -0.89759790102565529        0.0000000000000000     
        (0.95381697594911796,1.39658177342001470E-003)
 -0.67319842576924149        0.0000000000000000     
       (0.96721714863607355,-6.89323349920402265E-004)
 -0.44879895051282764        0.0000000000000000     
       (0.97389070564477331,-9.75180779109309265E-004)
 -0.22439947525641382        0.0000000000000000     
       (0.97867378028397622,-5.08669239363061386E-004)
   0.0000000000000000        0.0000000000000000     
              (0.97876376774620344,0.0000000000000000)
  0.22439947525641382        0.0000000000000000     
        (0.97867378028397622,5.08669239363061386E-004)
  0.44879895051282764        0.0000000000000000     
        (0.97389070564477331,9.75180779109309265E-004)
  0.67319842576924149        0.0000000000000000     
        (0.96721714863607355,6.89323349920402265E-004)
  0.89759790102565529        0.0000000000000000     
       (0.95381697594911796,-1.39658177342001470E-003)
   1.1219973762820692        0.0000000000000000     
       (0.93053477331822043,-4.53849708131343424E-004)
   1.3463968515384830        0.0000000000000000     
       (0.88547311678251017,-9.13196599021995651E-004)
   1.5707963267948968        0.0000000000000000     
       (0.49999999999231037,-1.94322732508360432E-013)
   1.7951958020513106        0.0000000000000000     
        (0.11452688323101001,9.13196584471572285E-004)
   2.0195952773077246        0.0000000000000000     
   (6.94652266752933262E-002,4.53849705352300098E-004)
   2.2439947525641384        0.0000000000000000     
   (4.61830240490040608E-002,1.39658175683195608E-003)
   2.4683942278205522        0.0000000000000000     
  (3.27828513633679694E-002,-6.89323352754391059E-004)
   2.6927937030769660        0.0000000000000000     
  (2.61092943543025299E-002,-9.75180773935830107E-004)
   2.9171931783333798        0.0000000000000000     
  (2.13262197208700759E-002,-5.08669238321641072E-004)
   3.1415926535897936        0.0000000000000000     
   (2.12362322517285276E-002,2.55983256693682109E-018)
   1.0000000000000000                1          28
               (0.0000000000000000,0.0000000000000000)
  -2.9171931783333798        0.0000000000000000     
  (2.12479272373223005E-002,-1.69714353272744129E-004)
  -2.6927937030769660        0.0000000000000000     
  (2.48772392134212900E-002,-9.02338319284133806E-005)
  -2.4683942278205522        0.0000000000000000     
  (3.35390208526104364E-002,-2.73015461891027854E-004)
  -2.2439947525641384        0.0000000000000000     
   (4.69316353633786182E-002,6.12402683110053613E-004)
  -2.0195952773077246        0.0000000000000000     
  (6.76237557097679465E-002,-4.49313142284599046E-004)
  -1.7951958020513106        0.0000000000000000     
        (0.11124407029775830,1.42276099204033781E-003)
  -1.5707963267948968        0.0000000000000000     
        (0.50000000000473854,4.95504431136901219E-013)
  -1.3463968515384830        0.0000000000000000     
       (0.88875592970055850,-1.42276098947723747E-003)
  -1.1219973762820692        0.0000000000000000     
        (0.93237624429016108,4.49313140947318825E-004)
 -0.89759790102565529        0.0000000000000000     
       (0.95306836463477318,-6.12402683141075673E-004)
 -0.67319842576924149        0.0000000000000000     
        (0.96646097914704410,2.73015462803088971E-004)
 -0.44879895051282764        0.0000000000000000     
        (0.97512276078631421,9.02338315563145851E-005)
 -0.22439947525641382        0.0000000000000000     
        (0.97875207276220444,1.69714352518209375E-004)
   0.0000000000000000        0.0000000000000000     
              (0.97978798411842449,0.0000000000000000)
  0.22439947525641382        0.0000000000000000     
       (0.97875207276220444,-1.69714352518209375E-004)
  0.44879895051282764        0.0000000000000000     
       (0.97512276078631421,-9.02338315563145851E-005)
  0.67319842576924149        0.0000000000000000     
       (0.96646097914704410,-2.73015462803088971E-004)
  0.89759790102565529        0.0000000000000000     
        (0.95306836463477318,6.12402683141075673E-004)
   1.1219973762820692        0.0000000000000000     
       (0.93237624429016108,-4.49313140947318825E-004)
   1.3463968515384830        0.0000000000000000     
        (0.88875592970055850,1.42276098947723747E-003)
   1.5707963267948968        0.0000000000000000     
       (0.50000000000473854,-4.95504431136901219E-013)
   1.7951958020513106        0.0000000000000000     
       (0.11124407029775830,-1.42276099204033781E-003)
   2.0195952773077246        0.0000000000000000     
   (6.76237557097679465E-002,4.49313142284599046E-004)
   2.2439947525641384        0.0000000000000000     
  (4.69316353633786182E-002,-6.12402683110053613E-004)
   2.4683942278205522        0.0000000000000000     
   (3.35390208526104364E-002,2.73015461891027854E-004)
   2.6927937030769660        0.0000000000000000     
   (2.48772392134212900E-002,9.02338319284133806E-005)
   2.9171931783333798        0.0000000000000000     
   (2.12479272373223005E-002,1.69714353272744129E-004)
   3.1415926535897936        0.0000000000000000     
  (2.02120158813890866E-002,-2.40767192638509548E-018)
   1.0000000000000000                1          28
               (0.0000000000000000,0.0000000000000000)
  -2.9171931783333798        0.0000000000000000     
   (2.00951016582441126E-002,8.29076588538729133E-004)
  -2.6927937030769660        0.0000000000000000     
   (2.54467233061692159E-002,1.03710782610051634E-003)
  -2.4683942278205522        0.0000000000000000     
   (3.20720910286185212E-002,3.52677607457834168E-004)
  -2.2439947525641384        0.0000000000000000     
  (4.37078080403910038E-002,-6.87345850969083515E-004)
  -2.0195952773077246        0.0000000000000000     
   (6.59743336988582590E-002,1.14190189797962367E-003)
  -1.7951958020513106        0.0000000000000000     
       (0.11470626787200618,-2.88236948210213455E-004)
  -1.5707963267948968        0.0000000000000000     
        (0.49999999996777039,4.73852693194665035E-011)
  -1.3463968515384830        0.0000000000000000     
        (0.88529373212303064,2.88236985479441577E-004)
  -1.1219973762820692        0.0000000000000000     
       (0.93402566630565442,-1.14190188084423942E-003)
 -0.89759790102565529        0.0000000000000000     
        (0.95629219196460102,6.87345867774148559E-004)
 -0.67319842576924149        0.0000000000000000     
       (0.96792790897395409,-3.52677602638806070E-004)
 -0.44879895051282764        0.0000000000000000     
       (0.97455327670595471,-1.03710782668453485E-003)
 -0.22439947525641382        0.0000000000000000     
       (0.97990489835095906,-8.29076589794437453E-004)
   0.0000000000000000        0.0000000000000000     
              (0.98017530644400352,0.0000000000000000)
  0.22439947525641382        0.0000000000000000     
        (0.97990489835095906,8.29076589794437453E-004)
  0.44879895051282764        0.0000000000000000     
        (0.97455327670595471,1.03710782668453485E-003)
  0.67319842576924149        0.0000000000000000     
        (0.96792790897395409,3.52677602638806070E-004)
  0.89759790102565529        0.0000000000000000     
       (0.95629219196460102,-6.87345867774148559E-004)
   1.1219973762820692        0.0000000000000000     
        (0.93402566630565442,1.14190188084423942E-003)
   1.3463968515384830        0.0000000000000000     
       (0.88529373212303064,-2.88236985479441577E-004)
   1.5707963267948968        0.0000000000000000     
       (0.49999999996777039,-4.73852693194665035E-011)
   1.7951958020513106        0.0000000000000000     
        (0.11470626787200618,2.88236948210213455E-004)
   2.0195952773077246        0.0000000000000000     
  (6.59743336988582590E-002,-1.14190189797962367E-003)
   2.2439947525641384        0.0000000000000000     
   (4.37078080403910038E-002,6.87345850969083515E-004)
   2.4683942278205522        0.0000000000000000     
  (3.20720910286185212E-002,-3.52677607457834168E-004)
   2.6927937030769660        0.0000000000000000     
  (2.54467233061692159E-002,-1.03710782610051634E-003)
   2.9171931783333798        0.0000000000000000     
  (2.00951016582441126E-002,-8.29076588538729133E-004)
   3.1415926535897936        0.0000000000000000     
   (1.98246935631194755E-002,3.69537333500836909E-018)
   1.0000000000000000                1          28
               (0.0000000000000000,0.0000000000000000)
  -2.9171931783333798        0.0000000000000000     
  (2.15332289435193856E-002,-8.66232693374937744E-004)
  -2.6927937030769660        0.0000000000000000     
  (2.49370048092077898E-002,-1.61308258438855394E-004)
  -2.4683942278205522        0.0000000000000000     
  (3.32681733132947494E-002,-1.70027458755528577E-003)
  -2.2439947525641384        0.0000000000000000     
   (4.58162201095701008E-002,1.03368089397722096E-003)
  -2.0195952773077246        0.0000000000000000     
  (6.97787327189821061E-002,-3.40178576737492583E-005)
  -1.7951958020513106        0.0000000000000000     
       (0.11308101672026291,-1.22839020552964863E-003)
  -1.5707963267948968        0.0000000000000000     
        (0.49999999999873501,2.00904025558580591E-012)
  -1.3463968515384830        0.0000000000000000     
        (0.88691898327369856,1.22839023369974141E-003)
  -1.1219973762820692        0.0000000000000000     
        (0.93022126727920762,3.40178621409813981E-005)
 -0.89759790102565529        0.0000000000000000     
       (0.95418377988367897,-1.03368088867175504E-003)
 -0.67319842576924149        0.0000000000000000     
        (0.96673182667642721,1.70027458958566945E-003)
 -0.44879895051282764        0.0000000000000000     
        (0.97506299519666972,1.61308262554870594E-004)
 -0.22439947525641382        0.0000000000000000     
        (0.97846677106477165,8.66232686127704765E-004)
   0.0000000000000000        0.0000000000000000     
              (0.98059204637945607,0.0000000000000000)
  0.22439947525641382        0.0000000000000000     
       (0.97846677106477165,-8.66232686127704765E-004)
  0.44879895051282764        0.0000000000000000     
       (0.97506299519666972,-1.61308262554870594E-004)
  0.67319842576924149        0.0000000000000000     
       (0.96673182667642721,-1.70027458958566945E-003)
  0.89759790102565529        0.0000000000000000     
        (0.95418377988367897,1.03368088867175504E-003)
   1.1219973762820692        0.0000000000000000     
       (0.93022126727920762,-3.40178621409813981E-005)
   1.3463968515384830        0.0000000000000000     
       (0.88691898327369856,-1.22839023369974141E-003)
   1.5707963267948968        0.0000000000000000     
       (0.49999999999873501,-2.00904025558580591E-012)
   1.7951958020513106        0.0000000000000000     
        (0.11308101672026291,1.22839020552964863E-003)
   2.0195952773077246        0.0000000000000000     
   (6.97787327189821061E-002,3.40178576737492583E-005)
   2.2439947525641384        0.0000000000000000     
  (4.58162201095701008E-002,-1.03368089397722096E-003)
   2.4683942278205522        0.0000000000000000     
   (3.32681733132947494E-002,1.70027458755528577E-003)
   2.6927937030769660        0.0000000000000000     
   (2.49370048092077898E-002,1.61308258438855394E-004)
   2.9171931783333798        0.0000000000000000     
   (2.15332289435193856E-002,8.66232693374937744E-004)
   3.1415926535897936        0.0000000000000000     
  (1.94079536446601988E-002,-5.14703950553379879E-018)
   1.0000000000000000                1          28
               (0.0000000000000000,0.0000000000000000)
  -2.9171931783333798        0.0000000000000000     
   (2.20610711443740420E-002,3.42406090602935379E-004)
  -2.6927937030769660        0.0000000000000000     
  (2.50230659445548446E-002,-5.73551317894690875E-004)
  -2.4683942278205522        0.0000000000000000     
  (3.24049961752331736E-002,-1.33156239178069301E-004)
  -2.2439947525641384        0.0000000000000000     
   (4.53629992210015306E-002,3.43324170191209319E-004)
  -2.0195952773077246        0.0000000000000000     
   (6.71224392355281724E-002,1.50922645825394414E-003)
  -1.7951958020513106        0.0000000000000000     
       (0.10853611734953224,-2.86359965289610056E-003)
  -1.5707963267948968        0.0000000000000000     
       (0.50000000000162581,-5.63403639218331006E-012)
  -1.3463968515384830        0.0000000000000000     
        (0.89146388265274390,2.86359964866680005E-003)
  -1.1219973762820692        0.0000000000000000     
       (0.93287756076536799,-1.50922645873813798E-003)
 -0.89759790102565529        0.0000000000000000     
       (0.95463700077859814,-3.43324171653748773E-004)
 -0.67319842576924149        0.0000000000000000     
        (0.96759500382213359,1.33156236610247614E-004)
 -0.44879895051282764        0.0000000000000000     
        (0.97497693405295427,5.73551315919002274E-004)
 -0.22439947525641382        0.0000000000000000     
       (0.97793892885616596,-3.42406090046570692E-004)
   0.0000000000000000        0.0000000000000000     
              (0.98010970975288680,0.0000000000000000)
  0.22439947525641382        0.0000000000000000     
        (0.97793892885616596,3.42406090046570692E-004)
  0.44879895051282764        0.0000000000000000     
       (0.97497693405295427,-5.73551315919002274E-004)
  0.67319842576924149        0.0000000000000000     
       (0.96759500382213359,-1.33156236610247614E-004)
  0.89759790102565529        0.0000000000000000     
        (0.95463700077859814,3.43324171653748773E-004)
   1.1219973762820692        0.0000000000000000     
        (0.93287756076536799,1.50922645873813798E-003)
   1.3463968515384830        0.0000000000000000     
       (0.89146388265274390,-2.86359964866680005E-003)
   1.5707963267948968        0.0000000000000000     
        (0.50000000000162581,5.63403639218331006E-012)
   1.7951958020513106        0.0000000000000000     
        (0.10853611734953224,2.86359965289610056E-003)
   2.0195952773077246        0.0000000000000000     
  (6.71224392355281724E-002,-1.50922645825394414E-003)
   2.2439947525641384        0.0000000000000000     
  (4.53629992210015306E-002,-3.43324170191209319E-004)
   2.4683942278205522        0.0000000000000000     
   (3.24049961752331736E-002,1.33156239178069301E-004)
   2.6927937030769660        0.0000000000000000     
   (2.50230659445548446E-002,5.73551317894690875E-004)
   2.9171931783333798        0.0000000000000000     
  (2.20610711443740420E-002,-3.42406090602935379E-004)
   3.1415926535897936        0.0000000000000000     
   (1.98902902478588599E-002,3.77832598982529417E-018)
   1.0000000000000000                1          28
               (0.0000000000000000,0.0000000000000000)
  -2.9171931783333798        0.0000000000000000     
  (2.05935680374294307E-002,-6.16762866673011868E-004)
  -2.6927937030769660        0.0000000000000000     
  (2.51989826102592546E-002,-4.80353547154447930E-004)
  -2.4683942278205522        0.0000000000000000     
  (3.25392962515314021E-002,-6.13019226642032094E-004)
  -2.2439947525641384        0.0000000000000000     
   (4.72571514251634850E-002,2.93649476505986409E-004)
  -2.0195952773077246        0.0000000000000000     
   (7.01653717829210100E-002,5.28331959154469520E-005)
  -1.7951958020513106        0.0000000000000000     
        (0.11132614470421956,1.15806377505282289E-003)
  -1.5707963267948968        0.0000000000000000     
        (0.49999999999121647,4.40995504003005175E-012)
  -1.3463968515384830        0.0000000000000000     
       (0.88867385529350806,-1.15806377203722514E-003)
  -1.1219973762820692        0.0000000000000000     
       (0.92983462821974960,-5.28331891209204559E-005)
 -0.89759790102565529        0.0000000000000000     
       (0.95274284858430280,-2.93649474319345675E-004)
 -0.67319842576924149        0.0000000000000000     
        (0.96746070374745274,6.13019225254559708E-004)
 -0.44879895051282764        0.0000000000000000     
        (0.97480101738855429,4.80353545340148080E-004)
 -0.22439947525641382        0.0000000000000000     
        (0.97940643196050381,6.16762862721019055E-004)
   0.0000000000000000        0.0000000000000000     
              (0.98108594710096453,0.0000000000000000)
  0.22439947525641382        0.0000000000000000     
       (0.97940643196050381,-6.16762862721019055E-004)
  0.44879895051282764        0.0000000000000000     
       (0.97480101738855429,-4.80353545340148080E-004)
  0.67319842576924149        0.0000000000000000     
       (0.96746070374745274,-6.13019225254559708E-004)
  0.89759790102565529        0.0000000000000000     
        (0.95274284858430280,2.93649474319345675E-004)
   1.1219973762820692        0.0000000000000000     
        (0.92983462821974960,5.28331891209204559E-005)
   1.3463968515384830        0.0000000000000000     
        (0.88867385529350806,1.15806377203722514E-003)
   1.5707963267948968        0.0000000000000000     
       (0.49999999999121647,-4.40995504003005175E-012)
   1.7951958020513106        0.0000000000000000     
       (0.11132614470421956,-1.15806377505282289E-003)
   2.0195952773077246        0.0000000000000000     
  (7.01653717829210100E-002,-5.28331959154469520E-005)
   2.2439947525641384        0.0000000000000000     
  (4.72571514251634850E-002,-2.93649476505986409E-004)
   2.4683942278205522        0.0000000000000000     
   (3.25392962515314021E-002,6.13019226642032094E-004)
   2.6927937030769660        0.0000000000000000     
   (2.51989826102592546E-002,4.80353547154447930E-004)
   2.9171931783333798        0.0000000000000000     
   (2.05935680374294307E-002,6.16762866673011868E-004)
   3.1415926535897936        0.0000000000000000     
  (1.89140529049382326E-002,-2.55101544008522528E-018)
   1.0000000000000000                1          28
               (0.0000000000000000,0.0000000000000000)
  -2.9171931783333798        0.0000000000000000     
  (2.14336919608909514E-002,-1.19719897527836047E-003)
  -2.6927937030769660        0.0000000000000000     
   (2.58852140254043836E-002,3.93706246485862172E-004)
  -2.4683942278205522        0.0000000000000000     
  (3.35311744322125613E-002,-1.15552219610302225E-003)
  -2.2439947525641384        0.0000000000000000     
  (4.56527617531522906E-002,-6.37990683175283443E-004)
  -2.0195952773077246        0.0000000000000000     
   (6.79241023373374220E-002,2.02735104678559465E-003)
  -1.7951958020513106        0.0000000000000000     
       (0.11600264233710685,-1.40946939854462178E-003)
  -1.5707963267948968        0.0000000000000000     
       (0.49999999999470313,-3.09345753378233430E-012)
  -1.3463968515384830        0.0000000000000000     
        (0.88399735766094401,1.40946938880654447E-003)
  -1.1219973762820692        0.0000000000000000     
       (0.93207589766119514,-2.02735106172800307E-003)
 -0.89759790102565529        0.0000000000000000     
        (0.95434723824185541,6.37990667783020784E-004)
 -0.67319842576924149        0.0000000000000000     
        (0.96646882556747471,1.15552218458997457E-003)
 -0.44879895051282764        0.0000000000000000     
       (0.97411478598053736,-3.93706250720268563E-004)
 -0.22439947525641382        0.0000000000000000     
        (0.97856630804401168,1.19719895781793500E-003)
   0.0000000000000000        0.0000000000000000     
              (0.97949436287245317,0.0000000000000000)
  0.22439947525641382        0.0000000000000000     
       (0.97856630804401168,-1.19719895781793500E-003)
  0.44879895051282764        0.0000000000000000     
        (0.97411478598053736,3.93706250720268563E-004)
  0.67319842576924149        0.0000000000000000     
       (0.96646882556747471,-1.15552218458997457E-003)
  0.89759790102565529        0.0000000000000000     
       (0.95434723824185541,-6.37990667783020784E-004)
   1.1219973762820692        0.0000000000000000     
        (0.93207589766119514,2.02735106172800307E-003)
   1.3463968515384830        0.0000000000000000     
       (0.88399735766094401,-1.40946938880654447E-003)
   1.5707963267948968        0.0000000000000000     
        (0.49999999999470313,3.09345753378233430E-012)
   1.7951958020513106        0.0000000000000000     
        (0.11600264233710685,1.40946939854462178E-003)
   2.0195952773077246        0.0000000000000000     
  (6.79241023373374220E-002,-2.02735104678559465E-003)
   2.2439947525641384        0.0000000000000000     
   (4.56527617531522906E-002,6.37990683175283443E-004)
   2.4683942278205522        0.0000000000000000     
   (3.35311744322125613E-002,1.15552219610302225E-003)
   2.6927937030769660        0.0000000000000000     
  (2.58852140254043836E-002,-3.93706246485862172E-004)
   2.9171931783333798        0.0000000000000000     
   (2.14336919608909514E-002,1.19719897527836047E-003)
   3.1415926535897936        0.0000000000000000     
  (2.05056371332838043E-002,-1.93969870581927917E-018)
