   -2.917193      0.000000        0.30014392        0.00854734        0.00210722        0.01868518
   -2.692794      0.000000        0.32453130        0.01041333        0.00774350        0.00881787
   -2.468394      0.000000        0.36285173        0.01783796       -0.01584266        0.00664689
   -2.243995      0.000000        0.46555665        0.00801923        0.00091369        0.00828058
   -2.019595      0.000000        0.63018458        0.01893135        0.01513635        0.03044865
   -1.795196      0.000000        1.05364353        0.05153499        0.01828819        0.03321170
   -1.570796      0.000000        3.17360354        0.13544969        0.03767666        0.09084914
   -1.346397      0.000000        1.12186233        0.03486081       -0.03766676        0.04505312
   -1.121997      0.000000        0.63651405        0.01895680       -0.00170990        0.00916821
   -0.897598      0.000000        0.45400549        0.00808502       -0.00472318        0.01852763
   -0.673198      0.000000        0.37997807        0.02033475        0.00019825        0.01918233
   -0.448799      0.000000        0.33425951        0.00718991        0.00526523        0.01573409
   -0.224399      0.000000        0.30157269        0.01193542       -0.02703026        0.00571126
    0.000000      0.000000        0.30216077        0.01904955        0.00000000        0.00000000
    0.224399      0.000000        0.30157269        0.01193542        0.02703026        0.00571126
    0.448799      0.000000        0.33425951        0.00718991       -0.00526523        0.01573409
    0.673198      0.000000        0.37997807        0.02033475       -0.00019825        0.01918233
    0.897598      0.000000        0.45400549        0.00808502        0.00472318        0.01852763
    1.121997      0.000000        0.63651405        0.01895680        0.00170990        0.00916821
    1.346397      0.000000        1.12186233        0.03486081        0.03766676        0.04505312
    1.570796      0.000000        3.17360354        0.13544969       -0.03767666        0.09084914
    1.795196      0.000000        1.05364353        0.05153499       -0.01828819        0.03321170
    2.019595      0.000000        0.63018458        0.01893135       -0.01513635        0.03044865
    2.243995      0.000000        0.46555665        0.00801923       -0.00091369        0.00828058
    2.468394      0.000000        0.36285173        0.01783796        0.01584266        0.00664689
    2.692794      0.000000        0.32453130        0.01041333       -0.00774350        0.00881787
    2.917193      0.000000        0.30014392        0.00854734       -0.00210722        0.01868518
    3.141593      0.000000        0.27681946        0.01839437        0.00000000        0.00000000
