   -2.917193      0.000000
  1    1        0.02114333        0.00039367       -0.00030174        0.00042672
   -2.692794      0.000000
  1    1        0.02529820        0.00019083        0.00004312        0.00033606
   -2.468394      0.000000
  1    1        0.03276315        0.00030627       -0.00064986        0.00040562
   -2.243995      0.000000
  1    1        0.04555939        0.00063364        0.00006906        0.00036471
   -2.019595      0.000000
  1    1        0.06819300        0.00088550        0.00093946        0.00045297
   -1.795196      0.000000
  1    1        0.11273044        0.00146412       -0.00092633        0.00074286
   -1.570796      0.000000
  1    1        0.50000000        0.00000000        0.00000000        0.00000000
   -1.346397      0.000000
  1    1        0.88726956        0.00146412        0.00092633        0.00074286
   -1.121997      0.000000
  1    1        0.93180700        0.00088550       -0.00093946        0.00045297
   -0.897598      0.000000
  1    1        0.95444061        0.00063364       -0.00006906        0.00036471
   -0.673198      0.000000
  1    1        0.96723685        0.00030627        0.00064986        0.00040562
   -0.448799      0.000000
  1    1        0.97470180        0.00019083       -0.00004312        0.00033606
   -0.224399      0.000000
  1    1        0.97885667        0.00039367        0.00030174        0.00042672
    0.000000      0.000000
  1    1        0.98029147        0.00029617        0.00000000        0.00000000
    0.224399      0.000000
  1    1        0.97885667        0.00039367       -0.00030174        0.00042672
    0.448799      0.000000
  1    1        0.97470180        0.00019083        0.00004312        0.00033606
    0.673198      0.000000
  1    1        0.96723685        0.00030627       -0.00064986        0.00040562
    0.897598      0.000000
  1    1        0.95444061        0.00063364        0.00006906        0.00036471
    1.121997      0.000000
  1    1        0.93180700        0.00088550        0.00093946        0.00045297
    1.346397      0.000000
  1    1        0.88726956        0.00146412       -0.00092633        0.00074286
    1.570796      0.000000
  1    1        0.50000000        0.00000000       -0.00000000        0.00000000
    1.795196      0.000000
  1    1        0.11273044        0.00146412        0.00092633        0.00074286
    2.019595      0.000000
  1    1        0.06819300        0.00088550       -0.00093946        0.00045297
    2.243995      0.000000
  1    1        0.04555939        0.00063364       -0.00006906        0.00036471
    2.468394      0.000000
  1    1        0.03276315        0.00030627        0.00064986        0.00040562
    2.692794      0.000000
  1    1        0.02529820        0.00019083       -0.00004312        0.00033606
    2.917193      0.000000
  1    1        0.02114333        0.00039367        0.00030174        0.00042672
    3.141593      0.000000
  1    1        0.01970853        0.00029617       -0.00000000        0.00000000
