  -13.000000      0.000000
  1    1       -0.02218945        0.00196663        0.00000000        0.00000000
  -12.000000      0.000000
  1    1        0.02246861        0.00280382       -0.00000000        0.00000000
  -11.000000      0.000000
  1    1       -0.02251647        0.00164870        0.00000000        0.00000000
  -10.000000      0.000000
  1    1        0.02201028        0.00144907       -0.00000000        0.00000000
   -9.000000      0.000000
  1    1       -0.02444781        0.00161667        0.00000000        0.00000000
   -8.000000      0.000000
  1    1        0.02632484        0.00273796       -0.00000000        0.00000000
   -7.000000      0.000000
  1    1       -0.03029377        0.00324681        0.00000000        0.00000000
   -6.000000      0.000000
  1    1        0.03039146        0.00238845       -0.00000000        0.00000000
   -5.000000      0.000000
  1    1       -0.03622829        0.00232911        0.00000000        0.00000000
   -4.000000      0.000000
  1    1        0.03890140        0.00153977       -0.00000000        0.00000000
   -3.000000      0.000000
  1    1       -0.05322787        0.00069137        0.00000000        0.00000000
   -2.000000      0.000000
  1    1        0.06211768        0.00064578       -0.00000000        0.00000000
   -1.000000      0.000000
  1    1       -0.14847031        0.00037641        0.00000000        0.00000000
    0.000000      0.000000
  1    1        0.25000000        0.00000000       -0.00000000        0.00000000
    1.000000      0.000000
  1    1       -0.14847031        0.00037641       -0.00000000        0.00000000
    2.000000      0.000000
  1    1        0.06211768        0.00064578        0.00000000        0.00000000
    3.000000      0.000000
  1    1       -0.05322787        0.00069137       -0.00000000        0.00000000
    4.000000      0.000000
  1    1        0.03890140        0.00153977        0.00000000        0.00000000
    5.000000      0.000000
  1    1       -0.03622829        0.00232911       -0.00000000        0.00000000
    6.000000      0.000000
  1    1        0.03039146        0.00238845        0.00000000        0.00000000
    7.000000      0.000000
  1    1       -0.03029377        0.00324681       -0.00000000        0.00000000
    8.000000      0.000000
  1    1        0.02632484        0.00273796        0.00000000        0.00000000
    9.000000      0.000000
  1    1       -0.02444781        0.00161667       -0.00000000        0.00000000
   10.000000      0.000000
  1    1        0.02201028        0.00144907        0.00000000        0.00000000
   11.000000      0.000000
  1    1       -0.02251647        0.00164870       -0.00000000        0.00000000
   12.000000      0.000000
  1    1        0.02246861        0.00280382        0.00000000        0.00000000
   13.000000      0.000000
  1    1       -0.02218945        0.00196663       -0.00000000        0.00000000
   14.000000      0.000000
  1    1        0.02075531        0.00128986        0.00000000        0.00000000
