   -2.917193      0.000000
  1    1        0.62803700        0.01003900        0.00000000        0.00000000
   -2.692794      0.000000
  1    1        0.45190347        0.01265218        0.00000000        0.00000000
   -2.468394      0.000000
  1    1        0.35922257        0.00509779       -0.00000000        0.00000000
   -2.243995      0.000000
  1    1        0.30398267        0.00656610        0.00000000        0.00000000
   -2.019595      0.000000
  1    1        0.24773399        0.00731590       -0.00000000        0.00000000
   -1.795196      0.000000
  1    1        0.19929670        0.00397505        0.00000000        0.00000000
   -1.570796      0.000000
  1    1        0.17559557        0.00426487       -0.00000000        0.00000000
   -1.346397      0.000000
  1    1        0.13880444        0.00406324        0.00000000        0.00000000
   -1.121997      0.000000
  1    1        0.11149332        0.00213769       -0.00000000        0.00000000
   -0.897598      0.000000
  1    1        0.08416909        0.00330343        0.00000000        0.00000000
   -0.673198      0.000000
  1    1        0.06354235        0.00140674       -0.00000000        0.00000000
   -0.448799      0.000000
  1    1        0.04194695        0.00077705        0.00000000        0.00000000
   -0.224399      0.000000
  1    1        0.01908805        0.00052450        0.00000000        0.00000000
    0.000000      0.000000
  1    1        0.00043591        0.00006280        0.00000000        0.00000000
    0.224399      0.000000
  1    1        0.01908805        0.00052450       -0.00000000        0.00000000
    0.448799      0.000000
  1    1        0.04194695        0.00077705       -0.00000000        0.00000000
    0.673198      0.000000
  1    1        0.06354235        0.00140674        0.00000000        0.00000000
    0.897598      0.000000
  1    1        0.08416909        0.00330343       -0.00000000        0.00000000
    1.121997      0.000000
  1    1        0.11149332        0.00213769        0.00000000        0.00000000
    1.346397      0.000000
  1    1        0.13880444        0.00406324       -0.00000000        0.00000000
    1.570796      0.000000
  1    1        0.17559557        0.00426487        0.00000000        0.00000000
    1.795196      0.000000
  1    1        0.19929670        0.00397505       -0.00000000        0.00000000
    2.019595      0.000000
  1    1        0.24773399        0.00731590        0.00000000        0.00000000
    2.243995      0.000000
  1    1        0.30398267        0.00656610       -0.00000000        0.00000000
    2.468394      0.000000
  1    1        0.35922257        0.00509779        0.00000000        0.00000000
    2.692794      0.000000
  1    1        0.45190347        0.01265218       -0.00000000        0.00000000
    2.917193      0.000000
  1    1        0.62803700        0.01003900       -0.00000000        0.00000000
    3.141593      0.000000
  1    1        1.34993175        0.04515688       -0.00000000        0.00000000
