   1.0000000000000000                1          28
               (0.0000000000000000,0.0000000000000000)
  -2.9171931783333798        0.0000000000000000     
       (0.62493018826895674,-8.68911956687063573E-017)
  -2.6927937030769660        0.0000000000000000     
        (0.45247058985187616,1.46449418834411198E-016)
  -2.4683942278205522        0.0000000000000000     
       (0.36170598630763645,-1.27478857940329756E-017)
  -2.2439947525641384        0.0000000000000000     
        (0.30102651087627957,1.73415705845243136E-016)
  -2.0195952773077246        0.0000000000000000     
       (0.25578219965090981,-8.28154407920506794E-017)
  -1.7951958020513106        0.0000000000000000     
        (0.21047883014608693,1.09699738099239745E-016)
  -1.5707963267948968        0.0000000000000000     
       (0.16540921690974442,-4.48725075462741378E-017)
  -1.3463968515384830        0.0000000000000000     
        (0.14097595321185516,7.91723327634117858E-017)
  -1.1219973762820692        0.0000000000000000     
       (0.11417352559086473,-3.02054311336627057E-017)
 -0.89759790102565529        0.0000000000000000     
   (8.67761624112875912E-002,2.90768345493930296E-017)
 -0.67319842576924149        0.0000000000000000     
  (6.27315040891428671E-002,-3.56210841509017642E-017)
 -0.44879895051282764        0.0000000000000000     
   (4.16451027144923158E-002,3.93201812172223318E-017)
 -0.22439947525641382        0.0000000000000000     
  (1.78438803624970631E-002,-1.17299261470029038E-017)
   0.0000000000000000        0.0000000000000000     
         (2.78866114096974547E-005,0.0000000000000000)
  0.22439947525641382        0.0000000000000000     
   (1.78438803624970631E-002,1.17299261470029038E-017)
  0.44879895051282764        0.0000000000000000     
  (4.16451027144923158E-002,-3.93201812172223318E-017)
  0.67319842576924149        0.0000000000000000     
   (6.27315040891428671E-002,3.56210841509017642E-017)
  0.89759790102565529        0.0000000000000000     
  (8.67761624112875912E-002,-2.90768345493930296E-017)
   1.1219973762820692        0.0000000000000000     
        (0.11417352559086473,3.02054311336627057E-017)
   1.3463968515384830        0.0000000000000000     
       (0.14097595321185516,-7.91723327634117858E-017)
   1.5707963267948968        0.0000000000000000     
        (0.16540921690974442,4.48725075462741378E-017)
   1.7951958020513106        0.0000000000000000     
       (0.21047883014608693,-1.09699738099239745E-016)
   2.0195952773077246        0.0000000000000000     
        (0.25578219965090981,8.28154407920506794E-017)
   2.2439947525641384        0.0000000000000000     
       (0.30102651087627957,-1.73415705845243136E-016)
   2.4683942278205522        0.0000000000000000     
        (0.36170598630763645,1.27478857940329756E-017)
   2.6927937030769660        0.0000000000000000     
       (0.45247058985187616,-1.46449418834411198E-016)
   2.9171931783333798        0.0000000000000000     
        (0.62493018826895674,8.68911956687063573E-017)
   3.1415926535897936        0.0000000000000000     
        (1.3280728126053334,-1.13535508477373085E-016)
   1.0000000000000000                1          28
               (0.0000000000000000,0.0000000000000000)
  -2.9171931783333798        0.0000000000000000     
       (0.65649162680285766,-8.07842210994385326E-017)
  -2.6927937030769660        0.0000000000000000     
        (0.46383535254401581,2.76011498850134347E-017)
  -2.4683942278205522        0.0000000000000000     
       (0.36730103842697936,-7.44617486934499382E-017)
  -2.2439947525641384        0.0000000000000000     
        (0.30364225437888959,3.06957477771846507E-017)
  -2.0195952773077246        0.0000000000000000     
       (0.24762607194595732,-1.93324512349688057E-016)
  -1.7951958020513106        0.0000000000000000     
        (0.20111817163018178,1.28890675217570487E-018)
  -1.5707963267948968        0.0000000000000000     
       (0.16689572522827809,-9.25461911702047626E-017)
  -1.3463968515384830        0.0000000000000000     
        (0.14134679733766364,5.09732208562954397E-017)
  -1.1219973762820692        0.0000000000000000     
       (0.11312023284399908,-3.31907439272109139E-017)
 -0.89759790102565529        0.0000000000000000     
   (8.53936117150039115E-002,3.13738406648198594E-017)
 -0.67319842576924149        0.0000000000000000     
  (6.20255540400697844E-002,-1.16088226203332631E-017)
 -0.44879895051282764        0.0000000000000000     
   (4.11170450354505432E-002,2.55996259094202577E-017)
 -0.22439947525641382        0.0000000000000000     
  (1.97669833759280336E-002,-4.86964849310186753E-018)
   0.0000000000000000        0.0000000000000000     
         (7.55378776789419480E-004,0.0000000000000000)
  0.22439947525641382        0.0000000000000000     
   (1.97669833759280336E-002,4.86964849310186753E-018)
  0.44879895051282764        0.0000000000000000     
  (4.11170450354505432E-002,-2.55996259094202577E-017)
  0.67319842576924149        0.0000000000000000     
   (6.20255540400697844E-002,1.16088226203332631E-017)
  0.89759790102565529        0.0000000000000000     
  (8.53936117150039115E-002,-3.13738406648198594E-017)
   1.1219973762820692        0.0000000000000000     
        (0.11312023284399908,3.31907439272109139E-017)
   1.3463968515384830        0.0000000000000000     
       (0.14134679733766364,-5.09732208562954397E-017)
   1.5707963267948968        0.0000000000000000     
        (0.16689572522827809,9.25461911702047626E-017)
   1.7951958020513106        0.0000000000000000     
       (0.20111817163018178,-1.28890675217570487E-018)
   2.0195952773077246        0.0000000000000000     
        (0.24762607194595732,1.93324512349688057E-016)
   2.2439947525641384        0.0000000000000000     
       (0.30364225437888959,-3.06957477771846507E-017)
   2.4683942278205522        0.0000000000000000     
        (0.36730103842697936,7.44617486934499382E-017)
   2.6927937030769660        0.0000000000000000     
       (0.46383535254401581,-2.76011498850134347E-017)
   2.9171931783333798        0.0000000000000000     
        (0.65649162680285766,8.07842210994385326E-017)
   3.1415926535897936        0.0000000000000000     
        (1.2598836906126647,-8.99304088011105587E-017)
   1.0000000000000000                1          28
               (0.0000000000000000,0.0000000000000000)
  -2.9171931783333798        0.0000000000000000     
       (0.63723979114244733,-4.33158357266007718E-017)
  -2.6927937030769660        0.0000000000000000     
        (0.46819220163686787,1.25380292223728782E-016)
  -2.4683942278205522        0.0000000000000000     
       (0.37070441992696224,-2.10957773639043231E-017)
  -2.2439947525641384        0.0000000000000000     
        (0.29653700625402463,9.91951516302282076E-017)
  -2.0195952773077246        0.0000000000000000     
       (0.24703494037148854,-1.05432357208648043E-016)
  -1.7951958020513106        0.0000000000000000     
        (0.20528540017271038,5.96328052531845082E-017)
  -1.5707963267948968        0.0000000000000000     
       (0.17047014399860633,-5.00096819083878352E-017)
  -1.3463968515384830        0.0000000000000000     
        (0.14128135830748456,6.41770519484159223E-017)
  -1.1219973762820692        0.0000000000000000     
       (0.11352610152364233,-5.85190108344233966E-017)
 -0.89759790102565529        0.0000000000000000     
   (8.92939928306206998E-002,8.00845035716953984E-018)
 -0.67319842576924149        0.0000000000000000     
  (6.15694961645370797E-002,-8.29803258938318563E-018)
 -0.44879895051282764        0.0000000000000000     
  (4.16990247985008569E-002,-9.52127609920392739E-019)
 -0.22439947525641382        0.0000000000000000     
  (1.95820410676825832E-002,-1.01084203159135258E-018)
   0.0000000000000000        0.0000000000000000     
         (5.54012892184822543E-004,0.0000000000000000)
  0.22439947525641382        0.0000000000000000     
   (1.95820410676825832E-002,1.01084203159135258E-018)
  0.44879895051282764        0.0000000000000000     
   (4.16990247985008569E-002,9.52127609920392739E-019)
  0.67319842576924149        0.0000000000000000     
   (6.15694961645370797E-002,8.29803258938318563E-018)
  0.89759790102565529        0.0000000000000000     
  (8.92939928306206998E-002,-8.00845035716953984E-018)
   1.1219973762820692        0.0000000000000000     
        (0.11352610152364233,5.85190108344233966E-017)
   1.3463968515384830        0.0000000000000000     
       (0.14128135830748456,-6.41770519484159223E-017)
   1.5707963267948968        0.0000000000000000     
        (0.17047014399860633,5.00096819083878352E-017)
   1.7951958020513106        0.0000000000000000     
       (0.20528540017271038,-5.96328052531845082E-017)
   2.0195952773077246        0.0000000000000000     
        (0.24703494037148854,1.05432357208648043E-016)
   2.2439947525641384        0.0000000000000000     
       (0.29653700625402463,-9.91951516302282076E-017)
   2.4683942278205522        0.0000000000000000     
        (0.37070441992696224,2.10957773639043231E-017)
   2.6927937030769660        0.0000000000000000     
       (0.46819220163686787,-1.25380292223728782E-016)
   2.9171931783333798        0.0000000000000000     
        (0.63723979114244733,4.33158357266007718E-017)
   3.1415926535897936        0.0000000000000000     
        (1.2746141507166666,-1.00019363816775646E-016)
   1.0000000000000000                1          28
               (0.0000000000000000,0.0000000000000000)
  -2.9171931783333798        0.0000000000000000     
       (0.62651200652956829,-9.00835942193292657E-017)
  -2.6927937030769660        0.0000000000000000     
        (0.47723787955151903,1.03461830805387294E-016)
  -2.4683942278205522        0.0000000000000000     
       (0.36027413431393718,-6.85049300106365850E-017)
  -2.2439947525641384        0.0000000000000000     
        (0.29293376704798418,7.49442726927874100E-017)
  -2.0195952773077246        0.0000000000000000     
       (0.24788196850064281,-1.74681607772106197E-016)
  -1.7951958020513106        0.0000000000000000     
        (0.20459299555924965,1.87896989378295300E-017)
  -1.5707963267948968        0.0000000000000000     
       (0.17403957963543226,-7.68936705937049712E-017)
  -1.3463968515384830        0.0000000000000000     
        (0.14105505027661513,1.60451753254564762E-017)
  -1.1219973762820692        0.0000000000000000     
       (0.11292219816600559,-6.62189825197236476E-017)
 -0.89759790102565529        0.0000000000000000     
   (8.78917099403277863E-002,4.70631306615540004E-017)
 -0.67319842576924149        0.0000000000000000     
  (6.10455950133519179E-002,-4.96559510861716022E-017)
 -0.44879895051282764        0.0000000000000000     
   (4.16087312829448511E-002,9.65377752296254496E-018)
 -0.22439947525641382        0.0000000000000000     
   (1.91206195010706244E-002,5.08581681552905322E-018)
   0.0000000000000000        0.0000000000000000     
         (4.98271945717490973E-004,0.0000000000000000)
  0.22439947525641382        0.0000000000000000     
  (1.91206195010706244E-002,-5.08581681552905322E-018)
  0.44879895051282764        0.0000000000000000     
  (4.16087312829448511E-002,-9.65377752296254496E-018)
  0.67319842576924149        0.0000000000000000     
   (6.10455950133519179E-002,4.96559510861716022E-017)
  0.89759790102565529        0.0000000000000000     
  (8.78917099403277863E-002,-4.70631306615540004E-017)
   1.1219973762820692        0.0000000000000000     
        (0.11292219816600559,6.62189825197236476E-017)
   1.3463968515384830        0.0000000000000000     
       (0.14105505027661513,-1.60451753254564762E-017)
   1.5707963267948968        0.0000000000000000     
        (0.17403957963543226,7.68936705937049712E-017)
   1.7951958020513106        0.0000000000000000     
       (0.20459299555924965,-1.87896989378295300E-017)
   2.0195952773077246        0.0000000000000000     
        (0.24788196850064281,1.74681607772106197E-016)
   2.2439947525641384        0.0000000000000000     
       (0.29293376704798418,-7.49442726927874100E-017)
   2.4683942278205522        0.0000000000000000     
        (0.36027413431393718,6.85049300106365850E-017)
   2.6927937030769660        0.0000000000000000     
       (0.47723787955151903,-1.03461830805387294E-016)
   2.9171931783333798        0.0000000000000000     
        (0.62651200652956829,9.00835942193292657E-017)
   3.1415926535897936        0.0000000000000000     
        (1.3052692574169866,-1.14136518879368655E-016)
   1.0000000000000000                1          28
               (0.0000000000000000,0.0000000000000000)
  -2.9171931783333798        0.0000000000000000     
       (0.63143944681138142,-1.11706895150402016E-017)
  -2.6927937030769660        0.0000000000000000     
        (0.42836358836577293,1.83134149088681674E-016)
  -2.4683942278205522        0.0000000000000000     
       (0.35773854990957643,-3.39994751580259538E-017)
  -2.2439947525641384        0.0000000000000000     
        (0.32571335757664949,1.31617642904090017E-016)
  -2.0195952773077246        0.0000000000000000     
       (0.22793133575971974,-1.38571318215928211E-016)
  -1.7951958020513106        0.0000000000000000     
        (0.19230047865738756,4.29652544011282590E-017)
  -1.5707963267948968        0.0000000000000000     
       (0.17494154374262785,-5.78490941745747346E-017)
  -1.3463968515384830        0.0000000000000000     
        (0.14769636821926524,5.29075227940005666E-017)
  -1.1219973762820692        0.0000000000000000     
       (0.10411142671096696,-3.60707047210140246E-017)
 -0.89759790102565529        0.0000000000000000     
   (8.35209481076498866E-002,6.70810728548116285E-017)
 -0.67319842576924149        0.0000000000000000     
  (6.34617899940870533E-002,-7.20522070512477885E-017)
 -0.44879895051282764        0.0000000000000000     
   (4.08106600097225339E-002,1.76802075041892931E-017)
 -0.22439947525641382        0.0000000000000000     
   (1.95499057967923918E-002,3.27932596713487237E-017)
   0.0000000000000000        0.0000000000000000     
         (2.67942347815182597E-004,0.0000000000000000)
  0.22439947525641382        0.0000000000000000     
  (1.95499057967923918E-002,-3.27932596713487237E-017)
  0.44879895051282764        0.0000000000000000     
  (4.08106600097225339E-002,-1.76802075041892931E-017)
  0.67319842576924149        0.0000000000000000     
   (6.34617899940870533E-002,7.20522070512477885E-017)
  0.89759790102565529        0.0000000000000000     
  (8.35209481076498866E-002,-6.70810728548116285E-017)
   1.1219973762820692        0.0000000000000000     
        (0.10411142671096696,3.60707047210140246E-017)
   1.3463968515384830        0.0000000000000000     
       (0.14769636821926524,-5.29075227940005666E-017)
   1.5707963267948968        0.0000000000000000     
        (0.17494154374262785,5.78490941745747346E-017)
   1.7951958020513106        0.0000000000000000     
       (0.19230047865738756,-4.29652544011282590E-017)
   2.0195952773077246        0.0000000000000000     
        (0.22793133575971974,1.38571318215928211E-016)
   2.2439947525641384        0.0000000000000000     
       (0.32571335757664949,-1.31617642904090017E-016)
   2.4683942278205522        0.0000000000000000     
        (0.35773854990957643,3.39994751580259538E-017)
   2.6927937030769660        0.0000000000000000     
       (0.42836358836577293,-1.83134149088681674E-016)
   2.9171931783333798        0.0000000000000000     
        (0.63143944681138142,1.11706895150402016E-017)
   3.1415926535897936        0.0000000000000000     
        (1.4045732583289878,-1.31558517272365935E-016)
   1.0000000000000000                1          28
               (0.0000000000000000,0.0000000000000000)
  -2.9171931783333798        0.0000000000000000     
        (0.64944615530849392,2.46523988320865671E-017)
  -2.6927937030769660        0.0000000000000000     
        (0.46450044327748474,1.16393021348381952E-016)
  -2.4683942278205522        0.0000000000000000     
       (0.36417672358202435,-4.04587599804796634E-018)
  -2.2439947525641384        0.0000000000000000     
        (0.29819065925278537,7.81805335336967782E-017)
  -2.0195952773077246        0.0000000000000000     
       (0.24658464748703834,-1.22019970040369774E-016)
  -1.7951958020513106        0.0000000000000000     
        (0.20523800564288708,2.65244241709533483E-017)
  -1.5707963267948968        0.0000000000000000     
       (0.16842348168821020,-6.04511551006160064E-017)
  -1.3463968515384830        0.0000000000000000     
        (0.13836444824607080,2.30064058758043164E-017)
  -1.1219973762820692        0.0000000000000000     
       (0.11190992493533067,-8.07236301902917470E-017)
 -0.89759790102565529        0.0000000000000000     
   (8.71561708760630882E-002,6.08431988551262391E-017)
 -0.67319842576924149        0.0000000000000000     
   (6.34532576024686296E-002,1.42698315623246894E-017)
 -0.44879895051282764        0.0000000000000000     
   (4.09764467123057349E-002,3.14128699852641548E-017)
 -0.22439947525641382        0.0000000000000000     
  (1.99081329614097628E-002,-1.12457174829774295E-017)
   0.0000000000000000        0.0000000000000000     
         (3.37533251786977168E-004,0.0000000000000000)
  0.22439947525641382        0.0000000000000000     
   (1.99081329614097628E-002,1.12457174829774295E-017)
  0.44879895051282764        0.0000000000000000     
  (4.09764467123057349E-002,-3.14128699852641548E-017)
  0.67319842576924149        0.0000000000000000     
  (6.34532576024686296E-002,-1.42698315623246894E-017)
  0.89759790102565529        0.0000000000000000     
  (8.71561708760630882E-002,-6.08431988551262391E-017)
   1.1219973762820692        0.0000000000000000     
        (0.11190992493533067,8.07236301902917470E-017)
   1.3463968515384830        0.0000000000000000     
       (0.13836444824607080,-2.30064058758043164E-017)
   1.5707963267948968        0.0000000000000000     
        (0.16842348168821020,6.04511551006160064E-017)
   1.7951958020513106        0.0000000000000000     
       (0.20523800564288708,-2.65244241709533483E-017)
   2.0195952773077246        0.0000000000000000     
        (0.24658464748703834,1.22019970040369774E-016)
   2.2439947525641384        0.0000000000000000     
       (0.29819065925278537,-7.81805335336967782E-017)
   2.4683942278205522        0.0000000000000000     
        (0.36417672358202435,4.04587599804796634E-018)
   2.6927937030769660        0.0000000000000000     
       (0.46450044327748474,-1.16393021348381952E-016)
   2.9171931783333798        0.0000000000000000     
       (0.64944615530849392,-2.46523988320865671E-017)
   3.1415926535897936        0.0000000000000000     
        (1.2830054716030708,-9.71118168164072651E-017)
   1.0000000000000000                1          28
               (0.0000000000000000,0.0000000000000000)
  -2.9171931783333798        0.0000000000000000     
        (0.59554761195067651,1.77645684553627297E-016)
  -2.6927937030769660        0.0000000000000000     
        (0.42122322160752235,1.08045868707128841E-016)
  -2.4683942278205522        0.0000000000000000     
       (0.34321900213262785,-6.55579490093261516E-017)
  -2.2439947525641384        0.0000000000000000     
        (0.30653856539965396,1.62908096306886107E-016)
  -2.0195952773077246        0.0000000000000000     
       (0.26923707735761054,-1.45732035010218270E-016)
  -1.7951958020513106        0.0000000000000000     
        (0.18906660880837273,5.96282107735701520E-017)
  -1.5707963267948968        0.0000000000000000     
       (0.19010310535426003,-2.26267383228816651E-017)
  -1.3463968515384830        0.0000000000000000     
        (0.12562498222724933,9.66475683347088200E-017)
  -1.1219973762820692        0.0000000000000000     
        (0.11499695816689022,1.56904665012581345E-017)
 -0.89759790102565529        0.0000000000000000     
   (7.29826034526472878E-002,5.55871398870119128E-017)
 -0.67319842576924149        0.0000000000000000     
  (6.81815882423838088E-002,-1.06555029747151746E-017)
 -0.44879895051282764        0.0000000000000000     
   (4.46399090568745660E-002,3.17586521743100913E-017)
 -0.22439947525641382        0.0000000000000000     
   (1.72795735178135658E-002,4.65707190480100097E-017)
   0.0000000000000000        0.0000000000000000     
         (5.21772244435443774E-004,0.0000000000000000)
  0.22439947525641382        0.0000000000000000     
  (1.72795735178135658E-002,-4.65707190480100097E-017)
  0.44879895051282764        0.0000000000000000     
  (4.46399090568745660E-002,-3.17586521743100913E-017)
  0.67319842576924149        0.0000000000000000     
   (6.81815882423838088E-002,1.06555029747151746E-017)
  0.89759790102565529        0.0000000000000000     
  (7.29826034526472878E-002,-5.55871398870119128E-017)
   1.1219973762820692        0.0000000000000000     
       (0.11499695816689022,-1.56904665012581345E-017)
   1.3463968515384830        0.0000000000000000     
       (0.12562498222724933,-9.66475683347088200E-017)
   1.5707963267948968        0.0000000000000000     
        (0.19010310535426003,2.26267383228816651E-017)
   1.7951958020513106        0.0000000000000000     
       (0.18906660880837273,-5.96282107735701520E-017)
   2.0195952773077246        0.0000000000000000     
        (0.26923707735761054,1.45732035010218270E-016)
   2.2439947525641384        0.0000000000000000     
       (0.30653856539965396,-1.62908096306886107E-016)
   2.4683942278205522        0.0000000000000000     
        (0.34321900213262785,6.55579490093261516E-017)
   2.6927937030769660        0.0000000000000000     
       (0.42122322160752235,-1.08045868707128841E-016)
   2.9171931783333798        0.0000000000000000     
       (0.59554761195067651,-1.77645684553627297E-016)
   3.1415926535897936        0.0000000000000000     
        (1.4821966132064019,-1.16624956800237586E-016)
