     0.0000000        0.18368971        0.00020055
     0.1250000        0.11590428        0.00014668
     0.2500000        0.07554625        0.00010828
     0.3750000        0.05108231        0.00008132
     0.5000000        0.03608800        0.00006288
     0.6250000        0.02693482        0.00005121
     0.7500000        0.02150231        0.00004401
     0.8750000        0.01864257        0.00003998
     1.0000000        0.01775772        0.00003923
     1.1250000        0.01864694        0.00004067
     1.2500000        0.02151246        0.00004337
     1.3750000        0.02691356        0.00005122
     1.5000000        0.03605538        0.00006289
     1.6250000        0.05102551        0.00008368
     1.7500000        0.07546219        0.00011410
     1.8750000        0.11581527        0.00014893
     2.0000000        0.18368971        0.00020055
