     0.0000000        0.96339485        0.00295977
     0.1000000        0.90146121        0.00303264
     0.2000000        0.84516968        0.00347793
     0.3000000        0.79374757        0.00366957
     0.4000000        0.74496379        0.00396644
     0.5000000        0.69909889        0.00394101
     0.6000000        0.65619014        0.00315909
     0.7000000        0.61780887        0.00308470
     0.8000000        0.58029124        0.00307458
     0.9000000        0.54663004        0.00285936
     1.0000000        0.51485638        0.00279019
     1.1000000        0.48720705        0.00303896
     1.2000000        0.46037197        0.00324159
     1.3000000        0.43335140        0.00325028
     1.4000000        0.41062850        0.00325108
     1.5000000        0.38682408        0.00280292
     1.6000000        0.36419863        0.00285731
     1.7000000        0.34333139        0.00282276
     1.8000000        0.32513904        0.00267805
     1.9000000        0.30689601        0.00227064
     2.0000000        0.29112000        0.00210046
     2.1000000        0.27490562        0.00216835
     2.2000000        0.26022194        0.00199342
     2.3000000        0.24522648        0.00173460
     2.4000000        0.23093095        0.00194124
     2.5000000        0.21670130        0.00195277
     2.6000000        0.20482119        0.00174921
     2.7000000        0.19437457        0.00205166
     2.8000000        0.18304778        0.00183032
     2.9000000        0.17212168        0.00193931
     3.0000000        0.16282768        0.00201484
     3.1000000        0.15373374        0.00187944
     3.2000000        0.14505559        0.00206936
     3.3000000        0.13591620        0.00173881
     3.4000000        0.12819407        0.00163762
     3.5000000        0.12156199        0.00141750
     3.6000000        0.11571211        0.00166105
     3.7000000        0.10791557        0.00145284
     3.8000000        0.10294632        0.00142823
     3.9000000        0.09799331        0.00155323
     4.0000000        0.09275012        0.00156681
     4.1000000        0.08632818        0.00159479
     4.2000000        0.08148277        0.00126761
     4.3000000        0.07574520        0.00162271
     4.4000000        0.07141455        0.00142807
     4.5000000        0.06724144        0.00160937
     4.6000000        0.06327401        0.00158908
     4.7000000        0.05989375        0.00161072
     4.8000000        0.05718354        0.00163478
     4.9000000        0.05370191        0.00158883
     5.0000000        0.05023433        0.00187488
     5.1000000        0.04620365        0.00183538
     5.2000000        0.04451223        0.00174387
     5.3000000        0.04145397        0.00166085
     5.4000000        0.03916782        0.00154702
     5.5000000        0.03687638        0.00150094
     5.6000000        0.03428074        0.00158435
     5.7000000        0.03251593        0.00146023
     5.8000000        0.03055017        0.00164681
     5.9000000        0.02848301        0.00163406
     6.0000000        0.02662592        0.00156894
     6.1000000        0.02481824        0.00145271
     6.2000000        0.02347600        0.00147205
     6.3000000        0.02304842        0.00148603
     6.4000000        0.02071639        0.00137704
     6.5000000        0.01998951        0.00139879
     6.6000000        0.01951414        0.00157384
     6.7000000        0.01812631        0.00152673
     6.8000000        0.01756230        0.00153829
     6.9000000        0.01536860        0.00150699
     7.0000000        0.01388183        0.00148890
     7.1000000        0.01318750        0.00141113
     7.2000000        0.01217197        0.00130212
     7.3000000        0.01178367        0.00126406
     7.4000000        0.01212422        0.00118232
     7.5000000        0.01198604        0.00131887
     7.6000000        0.01163836        0.00140602
     7.7000000        0.01093981        0.00128924
     7.8000000        0.01078566        0.00146033
     7.9000000        0.00972770        0.00150397
     8.0000000        0.00894029        0.00134962
     8.1000000        0.00839489        0.00137966
     8.2000000        0.00807493        0.00141172
     8.3000000        0.00674439        0.00113131
     8.4000000        0.00664764        0.00121947
     8.5000000        0.00687295        0.00101383
     8.6000000        0.00622068        0.00116224
     8.7000000        0.00524724        0.00126871
     8.8000000        0.00532897        0.00105292
     8.9000000        0.00554202        0.00111107
     9.0000000        0.00499913        0.00116581
     9.1000000        0.00399916        0.00134916
     9.2000000        0.00490695        0.00152650
     9.3000000        0.00509681        0.00148481
     9.4000000        0.00475071        0.00146507
     9.5000000        0.00443394        0.00152513
     9.6000000        0.00486398        0.00129090
     9.7000000        0.00427695        0.00125977
     9.8000000        0.00411388        0.00119193
     9.9000000        0.00374330        0.00134888
    10.0000000        0.00385256        0.00142700
    10.1000000        0.00400939        0.00159011
    10.2000000        0.00378795        0.00153012
    10.3000000        0.00396461        0.00164173
    10.4000000        0.00412871        0.00149379
    10.5000000        0.00424694        0.00178033
    10.6000000        0.00265342        0.00148542
    10.7000000        0.00289986        0.00156865
    10.8000000        0.00273573        0.00147241
    10.9000000        0.00135330        0.00140475
    11.0000000        0.00160164        0.00141458
    11.1000000        0.00147036        0.00114997
    11.2000000        0.00101144        0.00108215
    11.3000000        0.00188802        0.00121608
    11.4000000        0.00148021        0.00125316
    11.5000000        0.00175314        0.00119949
    11.6000000        0.00154903        0.00117040
    11.7000000        0.00165245        0.00121319
    11.8000000        0.00113377        0.00121440
    11.9000000        0.00115808        0.00133864
    12.0000000        0.00142099        0.00130595
    12.1000000        0.00120287        0.00156343
    12.2000000        0.00175526        0.00162151
    12.3000000        0.00164524        0.00167733
    12.4000000        0.00074406        0.00172166
    12.5000000        0.00061988        0.00174054
    12.6000000        0.00127987        0.00140937
    12.7000000        0.00095788        0.00146784
    12.8000000        0.00121165        0.00137329
    12.9000000        0.00108096        0.00144364
    13.0000000        0.00139790        0.00144781
    13.1000000        0.00139160        0.00129662
    13.2000000        0.00123810        0.00127596
    13.3000000        0.00134263        0.00130264
    13.4000000        0.00060637        0.00121644
    13.5000000        0.00052765        0.00105720
    13.6000000       -0.00040045        0.00113211
    13.7000000        0.00010257        0.00109073
    13.8000000        0.00050486        0.00130936
    13.9000000        0.00109915        0.00131855
    14.0000000        0.00129836        0.00122770
    14.1000000        0.00166677        0.00126473
    14.2000000        0.00058091        0.00126511
    14.3000000       -0.00047619        0.00134034
    14.4000000       -0.00098926        0.00141117
    14.5000000       -0.00088462        0.00130877
    14.6000000       -0.00046492        0.00127650
    14.7000000       -0.00047747        0.00133160
    14.8000000       -0.00034570        0.00126069
    14.9000000       -0.00031034        0.00124467
    15.0000000        0.00045058        0.00130833
    15.1000000        0.00028378        0.00120774
    15.2000000        0.00032800        0.00134972
    15.3000000        0.00080640        0.00145970
    15.4000000        0.00003434        0.00142061
    15.5000000        0.00006218        0.00165574
    15.6000000        0.00083663        0.00147757
    15.7000000        0.00113001        0.00147739
    15.8000000        0.00142418        0.00143710
    15.9000000        0.00067207        0.00143295
    16.0000000        0.00050562        0.00139079
    16.1000000        0.00052116        0.00131719
    16.2000000        0.00046325        0.00139302
    16.3000000        0.00048430        0.00145831
    16.4000000        0.00126176        0.00146068
    16.5000000        0.00127271        0.00119339
    16.6000000        0.00095512        0.00140023
    16.7000000        0.00100036        0.00137863
    16.8000000        0.00146806        0.00149570
    16.9000000        0.00193886        0.00174677
    17.0000000        0.00077488        0.00164753
    17.1000000        0.00106623        0.00139421
    17.2000000        0.00115935        0.00137241
    17.3000000        0.00008836        0.00135942
    17.4000000        0.00005788        0.00129406
    17.5000000        0.00065842        0.00131657
    17.6000000        0.00104509        0.00164379
    17.7000000        0.00090961        0.00169538
    17.8000000        0.00124585        0.00180757
    17.9000000        0.00037841        0.00158140
    18.0000000        0.00107209        0.00159299
    18.1000000        0.00249646        0.00160148
    18.2000000        0.00365034        0.00160599
    18.3000000        0.00365890        0.00193092
    18.4000000        0.00467358        0.00211173
    18.5000000        0.00555307        0.00219504
    18.6000000        0.00599502        0.00188037
    18.7000000        0.00631097        0.00192413
    18.8000000        0.00567708        0.00178797
    18.9000000        0.00782947        0.00223541
    19.0000000        0.00908346        0.00224563
    19.1000000        0.01062684        0.00254982
    19.2000000        0.01118650        0.00259450
    19.3000000        0.01318324        0.00260185
    19.4000000        0.01486865        0.00259136
    19.5000000        0.01594733        0.00251128
    19.6000000        0.01855805        0.00243742
    19.7000000        0.02218674        0.00234476
    19.8000000        0.02406045        0.00245397
    19.9000000        0.03003525        0.00245973
    20.0000000        0.03660515        0.00295977
