     0.0000000        0.27265303        0.00069857
     0.1250000        0.21974311        0.00068646
     0.2500000        0.18860137        0.00066531
     0.3750000        0.17168685        0.00066236
     0.5000000        0.16437110        0.00068530
     0.6250000        0.16489863        0.00066257
     0.7500000        0.17419347        0.00069026
     0.8750000        0.19304517        0.00075578
     1.0000000        0.22022563        0.00073053
     1.1250000        0.26075237        0.00074639
     1.2500000        0.31847970        0.00079097
     1.3750000        0.39997993        0.00079008
     1.5000000        0.51632747        0.00074680
     1.6250000        0.67926026        0.00080162
     1.7500000        0.91138097        0.00075685
     1.8750000        1.24591979        0.00074159
     2.0000000        1.72734697        0.00069857
