     0.0000000        0.06976096        0.00288164
     0.1000000        0.05258892        0.00313789
     0.2000000        0.04062352        0.00233950
     0.3000000        0.03446864        0.00245395
     0.4000000        0.02444272        0.00245714
     0.5000000        0.01787476        0.00318479
     0.6000000        0.01262990        0.00269639
     0.7000000        0.00893235        0.00321225
     0.8000000        0.01197589        0.00347499
     0.9000000        0.00933887        0.00264250
     1.0000000        0.00806051        0.00232290
     1.1000000        0.00460032        0.00270557
     1.2000000        0.00478815        0.00240613
     1.3000000        0.00721568        0.00243515
     1.4000000        0.00748501        0.00245442
     1.5000000        0.00338929        0.00236149
     1.6000000        0.00035529        0.00276988
     1.7000000       -0.00033245        0.00325904
     1.8000000       -0.00373562        0.00306614
     1.9000000       -0.00325202        0.00283071
     2.0000000       -0.00569610        0.00347194
     2.1000000       -0.00616066        0.00315023
     2.2000000       -0.00547238        0.00339650
     2.3000000       -0.00586190        0.00325552
     2.4000000       -0.00410776        0.00345834
     2.5000000       -0.00074162        0.00296307
     2.6000000       -0.00024772        0.00253017
     2.7000000        0.00029123        0.00270992
     2.8000000       -0.00040491        0.00318639
     2.9000000        0.00197428        0.00266420
     3.0000000        0.00297258        0.00236510
     3.1000000        0.00492774        0.00275385
     3.2000000        0.00538500        0.00260722
     3.3000000        0.00472750        0.00256561
     3.4000000        0.00458751        0.00240056
     3.5000000        0.00452872        0.00288408
     3.6000000        0.00240674        0.00301809
     3.7000000        0.00485778        0.00328186
     3.8000000        0.00257003        0.00287971
     3.9000000        0.00312760        0.00208154
     4.0000000        0.00211630        0.00242186
     4.1000000        0.00118613        0.00241919
     4.2000000        0.00258710        0.00199756
     4.3000000        0.00135632        0.00191343
     4.4000000       -0.00023018        0.00184197
     4.5000000       -0.00132902        0.00197851
     4.6000000       -0.00104553        0.00226927
     4.7000000        0.00026132        0.00227735
     4.8000000       -0.00095169        0.00239673
     4.9000000       -0.00020434        0.00177224
     5.0000000        0.00060337        0.00220104
     5.1000000        0.00266544        0.00177044
     5.2000000        0.00454911        0.00179855
     5.3000000        0.00346361        0.00225807
     5.4000000        0.00326484        0.00235679
     5.5000000        0.00275918        0.00213469
     5.6000000        0.00282191        0.00166860
     5.7000000        0.00241909        0.00102818
     5.8000000        0.00396908        0.00097775
     5.9000000        0.00445846        0.00184941
     6.0000000        0.00559935        0.00198827
     6.1000000        0.00606790        0.00189865
     6.2000000        0.00790959        0.00425339
     6.3000000        0.00592133        0.00314297
     6.4000000        0.00791497        0.00349114
     6.5000000        0.00676096        0.00325301
     6.6000000        0.00456353        0.00261152
     6.7000000        0.00174448        0.00290350
     6.8000000        0.00012462        0.00231300
     6.9000000        0.00254072        0.00353397
     7.0000000        0.00310151        0.00392373
     7.1000000        0.00370475        0.00481923
     7.2000000        0.00377933        0.00478036
     7.3000000        0.00288650        0.00396625
     7.4000000        0.00195543        0.00246908
     7.5000000        0.00143276        0.00223145
     7.6000000        0.00082077        0.00257442
     7.7000000        0.00045637        0.00306275
     7.8000000        0.00589864        0.00315728
     7.9000000        0.00394258        0.00245044
     8.0000000        0.00172013        0.00245517
     8.1000000        0.00079418        0.00252968
     8.2000000        0.00204229        0.00307808
     8.3000000        0.00618124        0.00718492
     8.4000000        0.00288492        0.00331273
     8.5000000        0.00389824        0.00276724
     8.6000000        0.00074909        0.00223440
     8.7000000        0.00029553        0.00355988
     8.8000000       -0.00255284        0.00341823
     8.9000000       -0.00115477        0.00382969
     9.0000000       -0.00746128        0.00626628
     9.1000000       -0.00357125        0.00371392
     9.2000000        0.00122747        0.00357959
     9.3000000        0.00430622        0.00483034
     9.4000000        0.00327553        0.00295863
     9.5000000        0.00141408        0.00228906
     9.6000000       -0.00124836        0.00265119
     9.7000000        0.00062928        0.00258850
     9.8000000        0.00962622        0.00903309
     9.9000000        0.00269463        0.00583225
    10.0000000        0.00277097        0.00537217
    10.1000000       -0.00262792        0.00476567
    10.2000000       -0.00067124        0.00582409
    10.3000000        0.00277795        0.00479857
    10.4000000       -0.00112421        0.00326881
    10.5000000       -0.00178661        0.00212791
    10.6000000        0.00189977        0.00286626
    10.7000000        0.00061107        0.00252308
    10.8000000        0.00189816        0.00236508
    10.9000000        0.00171215        0.00214803
    11.0000000       -0.00039943        0.00144684
    11.1000000        0.00160228        0.00244380
    11.2000000        0.00332281        0.00258007
    11.3000000        0.00313059        0.00202160
    11.4000000        0.00069242        0.00254376
    11.5000000        0.00113898        0.00226578
    11.6000000        0.00270565        0.00238433
    11.7000000        0.00234205        0.00196578
    11.8000000       -0.00048455        0.00374529
    11.9000000       -0.00090768        0.00382730
    12.0000000       -0.00098732        0.00286384
    12.1000000       -0.00225463        0.00243548
    12.2000000       -0.00344506        0.00396151
    12.3000000        0.00051305        0.00394380
    12.4000000       -0.00273523        0.00370390
    12.5000000       -0.00368127        0.00336812
    12.6000000       -0.00106971        0.00293441
    12.7000000       -0.00014587        0.00288387
    12.8000000       -0.00236085        0.00330569
    12.9000000       -0.00424330        0.00228976
    13.0000000       -0.00516422        0.00225443
    13.1000000       -0.00222482        0.00239791
    13.2000000       -0.00378133        0.00327659
    13.3000000       -0.00408009        0.00256577
    13.4000000        0.00104871        0.00242275
    13.5000000       -0.00071840        0.00188221
    13.6000000        0.00267673        0.00272830
    13.7000000        0.00345834        0.00256470
    13.8000000        0.00664241        0.00351904
    13.9000000        0.00512530        0.00313466
    14.0000000        0.00487895        0.00276101
    14.1000000        0.00527458        0.00292279
    14.2000000        0.00389662        0.00287953
    14.3000000        0.00498876        0.00359677
    14.4000000        0.00356151        0.00222498
    14.5000000        0.00101552        0.00215340
    14.6000000       -0.00120897        0.00231013
    14.7000000       -0.00518656        0.00315066
    14.8000000       -0.00204608        0.00323771
    14.9000000        0.00021019        0.00250443
    15.0000000        0.00054670        0.00318316
    15.1000000        0.00283633        0.00338389
    15.2000000        0.00250745        0.00249321
    15.3000000        0.00169972        0.00226642
    15.4000000        0.00178158        0.00270801
    15.5000000        0.00457836        0.00433639
    15.6000000        0.00904512        0.00337190
    15.7000000        0.01106426        0.00334043
    15.8000000        0.01263019        0.00327848
    15.9000000        0.00876152        0.00323862
    16.0000000        0.00881447        0.00436393
    16.1000000        0.00784853        0.00352784
    16.2000000        0.00828541        0.00217737
    16.3000000        0.01056364        0.00427052
    16.4000000        0.01243525        0.00501046
    16.5000000        0.00666702        0.00596210
    16.6000000        0.01116817        0.00359180
    16.7000000        0.01496601        0.00398797
    16.8000000        0.01665242        0.00447982
    16.9000000        0.01838380        0.00438311
    17.0000000        0.01813568        0.00428058
    17.1000000        0.01920529        0.00375008
    17.2000000        0.02017576        0.00426157
    17.3000000        0.02266981        0.00440737
    17.4000000        0.02221002        0.00344180
    17.5000000        0.02519071        0.00305586
    17.6000000        0.02784539        0.00404164
    17.7000000        0.03189854        0.00355952
    17.8000000        0.03179966        0.00298351
    17.9000000        0.03994267        0.00317733
    18.0000000        0.04668150        0.00389099
    18.1000000        0.05555987        0.00332814
    18.2000000        0.06525310        0.00327668
    18.3000000        0.07445113        0.00330291
    18.4000000        0.08849177        0.00240525
    18.5000000        0.10115273        0.00224212
    18.6000000        0.11373710        0.00252105
    18.7000000        0.12903131        0.00276254
    18.8000000        0.15108226        0.00397390
    18.9000000        0.17461071        0.00447192
    19.0000000        0.19893833        0.00427715
    19.1000000        0.23210467        0.00469403
    19.2000000        0.26711072        0.00481212
    19.3000000        0.31312634        0.00586990
    19.4000000        0.35924898        0.00419043
    19.5000000        0.41799114        0.00526409
    19.6000000        0.48360601        0.00498069
    19.7000000        0.56299224        0.00495058
    19.8000000        0.66163880        0.00508272
    19.9000000        0.77972466        0.00393724
    20.0000000        0.93023904        0.00288164
