     0.0000000        0.82832513        0.00022645
     0.1000000        0.76513510        0.00029596
     0.2000000        0.71667820        0.00036328
     0.3000000        0.67891629        0.00041696
     0.4000000        0.64933393        0.00046243
     0.5000000        0.62616543        0.00049576
     0.6000000        0.60830040        0.00051315
     0.7000000        0.59509173        0.00052307
     0.8000000        0.58581932        0.00053625
     0.9000000        0.58033618        0.00053673
     1.0000000        0.57846887        0.00053196
     1.1000000        0.58014849        0.00053307
     1.2000000        0.58540949        0.00054316
     1.3000000        0.59450023        0.00053907
     1.4000000        0.60787075        0.00051966
     1.5000000        0.62564160        0.00049355
     1.6000000        0.64887349        0.00045254
     1.7000000        0.67875730        0.00039704
     1.8000000        0.71673009        0.00034790
     1.9000000        0.76512713        0.00028647
     2.0000000        0.82832513        0.00022645
