     0.0000000        0.29236460        0.00119430
     0.1000000        0.21690899        0.00184889
     0.2000000        0.15983894        0.00188784
     0.3000000        0.11827965        0.00158600
     0.4000000        0.08847449        0.00128089
     0.5000000        0.06635787        0.00109835
     0.6000000        0.04955928        0.00125683
     0.7000000        0.03893918        0.00141415
     0.8000000        0.02849004        0.00100238
     0.9000000        0.02132933        0.00079371
     1.0000000        0.01617504        0.00082696
     1.1000000        0.01383769        0.00107114
     1.2000000        0.01039596        0.00080226
     1.3000000        0.00771619        0.00094076
     1.4000000        0.00662662        0.00107922
     1.5000000        0.00551069        0.00122384
     1.6000000        0.00404600        0.00107088
     1.7000000        0.00287894        0.00090018
     1.8000000        0.00172145        0.00057886
     1.9000000        0.00164230        0.00044464
     2.0000000        0.00053506        0.00036053
     2.1000000       -0.00001004        0.00049387
     2.2000000        0.00005402        0.00085631
     2.3000000        0.00114431        0.00086426
     2.4000000        0.00076811        0.00078932
     2.5000000        0.00014019        0.00059834
     2.6000000        0.00045185        0.00056763
     2.7000000        0.00021146        0.00045091
     2.8000000        0.00054534        0.00036941
     2.9000000        0.00039305        0.00053267
     3.0000000        0.00043623        0.00067002
     3.1000000       -0.00048322        0.00051880
     3.2000000       -0.00079519        0.00047991
     3.3000000       -0.00021027        0.00052861
     3.4000000        0.00005979        0.00043397
     3.5000000        0.00043998        0.00050816
     3.6000000        0.00017891        0.00062295
     3.7000000        0.00038377        0.00068538
     3.8000000        0.00075714        0.00088509
     3.9000000        0.00070779        0.00067862
     4.0000000        0.00083995        0.00053009
     4.1000000        0.00096179        0.00060761
     4.2000000        0.00078646        0.00057316
     4.3000000        0.00106295        0.00083072
     4.4000000        0.00063696        0.00096863
     4.5000000       -0.00011381        0.00074958
     4.6000000       -0.00018583        0.00087454
     4.7000000       -0.00031369        0.00087147
     4.8000000        0.00001856        0.00069938
     4.9000000       -0.00072837        0.00085545
     5.0000000       -0.00004270        0.00072968
     5.1000000        0.00117684        0.00104690
     5.2000000        0.00083048        0.00070211
     5.3000000        0.00003533        0.00098431
     5.4000000       -0.00009964        0.00066110
     5.5000000       -0.00010401        0.00055962
     5.6000000       -0.00041140        0.00068048
     5.7000000       -0.00053672        0.00056921
     5.8000000       -0.00025381        0.00045217
     5.9000000       -0.00012401        0.00044453
     6.0000000       -0.00034804        0.00049453
     6.1000000       -0.00048927        0.00054067
     6.2000000       -0.00056185        0.00052074
     6.3000000       -0.00038182        0.00045923
     6.4000000       -0.00028384        0.00036066
     6.5000000       -0.00023987        0.00048246
     6.6000000       -0.00041319        0.00046932
     6.7000000       -0.00017852        0.00051123
     6.8000000       -0.00037542        0.00048159
     6.9000000       -0.00043688        0.00054175
     7.0000000       -0.00073411        0.00065332
     7.1000000       -0.00120043        0.00074016
     7.2000000       -0.00038140        0.00044303
     7.3000000        0.00001692        0.00056184
     7.4000000       -0.00099185        0.00076289
     7.5000000       -0.00052050        0.00055121
     7.6000000        0.00008503        0.00054755
     7.7000000       -0.00025615        0.00033224
     7.8000000       -0.00025615        0.00031241
     7.9000000       -0.00021709        0.00035952
     8.0000000        0.00005314        0.00064719
     8.1000000        0.00014620        0.00050279
     8.2000000       -0.00053500        0.00059571
     8.3000000       -0.00058787        0.00052364
     8.4000000        0.00009519        0.00044275
     8.5000000        0.00013992        0.00059752
     8.6000000       -0.00015139        0.00061871
     8.7000000       -0.00020097        0.00047866
     8.8000000        0.00063423        0.00046735
     8.9000000        0.00059642        0.00059320
     9.0000000        0.00031288        0.00055524
     9.1000000       -0.00007677        0.00047119
     9.2000000       -0.00001836        0.00035199
     9.3000000       -0.00007621        0.00043844
     9.4000000       -0.00006207        0.00036427
     9.5000000       -0.00037002        0.00039227
     9.6000000       -0.00010577        0.00058011
     9.7000000        0.00052038        0.00051777
     9.8000000        0.00038092        0.00059374
     9.9000000        0.00043047        0.00045604
    10.0000000        0.00093654        0.00101249
    10.1000000        0.00047554        0.00069071
    10.2000000        0.00089729        0.00073160
    10.3000000        0.00258591        0.00288359
    10.4000000        0.00143568        0.00141269
    10.5000000        0.00190360        0.00230086
    10.6000000        0.00042976        0.00106288
    10.7000000        0.00067324        0.00136788
    10.8000000       -0.00031504        0.00051077
    10.9000000       -0.00045814        0.00050240
    11.0000000       -0.00000526        0.00061405
    11.1000000       -0.00006567        0.00055113
    11.2000000       -0.00021350        0.00048781
    11.3000000        0.00019959        0.00047890
    11.4000000        0.00013878        0.00054203
    11.5000000        0.00030700        0.00052796
    11.6000000        0.00006283        0.00047476
    11.7000000       -0.00022769        0.00055252
    11.8000000        0.00054846        0.00083136
    11.9000000        0.00050065        0.00069481
    12.0000000        0.00027575        0.00045878
    12.1000000        0.00047705        0.00052652
    12.2000000       -0.00005948        0.00063021
    12.3000000        0.00017301        0.00055678
    12.4000000        0.00037565        0.00036942
    12.5000000        0.00068094        0.00043592
    12.6000000        0.00060574        0.00038262
    12.7000000        0.00023909        0.00039147
    12.8000000        0.00044333        0.00031641
    12.9000000        0.00032049        0.00040192
    13.0000000        0.00015384        0.00038008
    13.1000000        0.00028264        0.00035496
    13.2000000        0.00018799        0.00036247
    13.3000000        0.00006772        0.00032618
    13.4000000        0.00000595        0.00029199
    13.5000000        0.00027909        0.00039472
    13.6000000        0.00018173        0.00036867
    13.7000000       -0.00006239        0.00050990
    13.8000000        0.00006508        0.00034425
    13.9000000        0.00011902        0.00026104
    14.0000000        0.00038251        0.00031770
    14.1000000        0.00075507        0.00043143
    14.2000000        0.00024408        0.00038650
    14.3000000        0.00016791        0.00033888
    14.4000000        0.00007281        0.00021118
    14.5000000        0.00022821        0.00033822
    14.6000000       -0.00010991        0.00033978
    14.7000000       -0.00089568        0.00067160
    14.8000000       -0.00030319        0.00049489
    14.9000000        0.00061766        0.00044083
    15.0000000       -0.00002402        0.00042957
    15.1000000       -0.00025032        0.00027541
    15.2000000       -0.00016778        0.00033654
    15.3000000       -0.00057933        0.00034107
    15.4000000       -0.00072193        0.00030559
    15.5000000       -0.00042899        0.00030873
    15.6000000       -0.00008727        0.00030648
    15.7000000        0.00059726        0.00077575
    15.8000000       -0.00021710        0.00030665
    15.9000000       -0.00004064        0.00026896
    16.0000000       -0.00095532        0.00106802
    16.1000000       -0.00025580        0.00112370
    16.2000000        0.00003459        0.00115771
    16.3000000        0.00039838        0.00135106
    16.4000000        0.00054947        0.00070079
    16.5000000        0.00030803        0.00101564
    16.6000000        0.00139091        0.00131327
    16.7000000        0.00111808        0.00098647
    16.8000000        0.00032901        0.00043651
    16.9000000        0.00220463        0.00138993
    17.0000000        0.00190306        0.00171062
    17.1000000        0.00111401        0.00112292
    17.2000000        0.00057462        0.00079066
    17.3000000       -0.00031376        0.00053923
    17.4000000       -0.00011720        0.00064554
    17.5000000        0.00077175        0.00092784
    17.6000000        0.00045783        0.00076930
    17.7000000        0.00043607        0.00039946
    17.8000000        0.00035527        0.00057291
    17.9000000        0.00074561        0.00045914
    18.0000000        0.00109653        0.00060274
    18.1000000        0.00141152        0.00038862
    18.2000000        0.00256901        0.00071698
    18.3000000        0.00340433        0.00108262
    18.4000000        0.00504963        0.00142370
    18.5000000        0.00576612        0.00105781
    18.6000000        0.00525605        0.00042643
    18.7000000        0.00667042        0.00046177
    18.8000000        0.00877962        0.00051879
    18.9000000        0.01188776        0.00072693
    19.0000000        0.01531773        0.00077415
    19.1000000        0.02204567        0.00140503
    19.2000000        0.02908591        0.00144114
    19.3000000        0.03691822        0.00102655
    19.4000000        0.04966828        0.00133929
    19.5000000        0.06555373        0.00129594
    19.6000000        0.08710457        0.00118657
    19.7000000        0.11716547        0.00153300
    19.8000000        0.15781633        0.00146747
    19.9000000        0.21453676        0.00150563
    20.0000000        0.29236460        0.00119430
