     0.0000000        1.89671121        0.00416697
     0.1000000        1.41018076        0.00439744
     0.2000000        1.05705859        0.00475517
     0.3000000        0.78696035        0.00607234
     0.4000000        0.58766533        0.00583145
     0.5000000        0.43823578        0.00504253
     0.6000000        0.33088830        0.00351515
     0.7000000        0.25028087        0.00353446
     0.8000000        0.19126063        0.00507275
     0.9000000        0.14253775        0.00301687
     1.0000000        0.10482402        0.00384206
     1.1000000        0.08099204        0.00389092
     1.2000000        0.05859770        0.00284977
     1.3000000        0.04490366        0.00349599
     1.4000000        0.03506641        0.00355972
     1.5000000        0.02423567        0.00216606
     1.6000000        0.01847951        0.00263586
     1.7000000        0.01460389        0.00376846
     1.8000000        0.01120056        0.00358081
     1.9000000        0.00709886        0.00304034
     2.0000000        0.00577235        0.00277542
     2.1000000        0.00505789        0.00293983
     2.2000000        0.00442708        0.00369486
     2.3000000        0.00273660        0.00252384
     2.4000000        0.00221311        0.00262781
     2.5000000        0.00289489        0.00271378
     2.6000000        0.00136851        0.00165284
     2.7000000        0.00148814        0.00205731
     2.8000000        0.00356813        0.00287654
     2.9000000        0.00253421        0.00249797
     3.0000000        0.00130511        0.00190559
     3.1000000        0.00040271        0.00093902
     3.2000000       -0.00072817        0.00098178
     3.3000000       -0.00066868        0.00081966
     3.4000000       -0.00075506        0.00073947
     3.5000000       -0.00236976        0.00113232
     3.6000000       -0.00049787        0.00100764
     3.7000000       -0.00128416        0.00115599
     3.8000000        0.00035669        0.00139849
     3.9000000        0.00098383        0.00128125
     4.0000000        0.00093197        0.00112096
     4.1000000        0.00044236        0.00125314
     4.2000000        0.00016705        0.00067103
     4.3000000        0.00093966        0.00054028
     4.4000000        0.00120603        0.00061170
     4.5000000        0.00110850        0.00090655
     4.6000000        0.00081936        0.00098884
     4.7000000        0.00114967        0.00102364
     4.8000000        0.00076457        0.00087405
     4.9000000        0.00039499        0.00070906
     5.0000000       -0.00021145        0.00088727
     5.1000000       -0.00044811        0.00092742
     5.2000000       -0.00000292        0.00057765
     5.3000000        0.00029494        0.00043249
     5.4000000        0.00060739        0.00063364
     5.5000000        0.00002868        0.00044948
     5.6000000        0.00033173        0.00067683
     5.7000000        0.00112943        0.00105021
     5.8000000        0.00073797        0.00085054
     5.9000000        0.00036269        0.00050829
     6.0000000        0.00027892        0.00051183
     6.1000000        0.00042976        0.00040057
     6.2000000        0.00045381        0.00054176
     6.3000000        0.00089521        0.00056252
     6.4000000       -0.00008015        0.00066032
     6.5000000        0.00100641        0.00050558
     6.6000000        0.00169115        0.00079685
     6.7000000        0.00168833        0.00119202
     6.8000000        0.00158364        0.00181495
     6.9000000        0.00053779        0.00063105
     7.0000000        0.00021656        0.00052267
     7.1000000       -0.00039399        0.00117406
     7.2000000       -0.00036589        0.00128511
     7.3000000       -0.00174706        0.00134031
     7.4000000       -0.00157082        0.00156281
     7.5000000       -0.00197213        0.00162059
     7.6000000       -0.00154979        0.00192621
     7.7000000       -0.00178081        0.00141580
     7.8000000       -0.00125421        0.00172987
     7.9000000       -0.00057213        0.00162658
     8.0000000        0.00089419        0.00111743
     8.1000000        0.00163533        0.00192339
     8.2000000        0.00110308        0.00126372
     8.3000000       -0.00063557        0.00117690
     8.4000000       -0.00005935        0.00106711
     8.5000000        0.00012870        0.00107323
     8.6000000        0.00138428        0.00085457
     8.7000000        0.00014578        0.00113461
     8.8000000       -0.00097841        0.00148705
     8.9000000       -0.00093978        0.00192219
     9.0000000       -0.00046766        0.00211295
     9.1000000        0.00222091        0.00208426
     9.2000000        0.00580807        0.00118421
     9.3000000        0.00947977        0.00169563
     9.4000000        0.00972983        0.00220628
     9.5000000        0.01348487        0.00312567
     9.6000000        0.01749828        0.00174729
     9.7000000        0.02398820        0.00323293
     9.8000000        0.03853648        0.00366642
     9.9000000        0.05808512        0.00426505
    10.0000000        0.10328879        0.00416697
