     0.0000000        1.50445264        0.07262069
     0.1000000        1.30561968        0.07458171
     0.2000000        1.15586884        0.07640715
     0.3000000        1.04888823        0.07987733
     0.4000000        0.95810552        0.08267618
     0.5000000        0.88765999        0.08482597
     0.6000000        0.81352489        0.08542849
     0.7000000        0.75675785        0.08566525
     0.8000000        0.70743652        0.08351524
     0.9000000        0.67157629        0.08685410
     1.0000000        0.63265105        0.09231693
     1.1000000        0.60262981        0.09235930
     1.2000000        0.56744273        0.09269630
     1.3000000        0.53243474        0.09212562
     1.4000000        0.50683230        0.09329349
     1.5000000        0.49148140        0.09663719
     1.6000000        0.46625292        0.10082423
     1.7000000        0.44776693        0.09851138
     1.8000000        0.43263970        0.09606391
     1.9000000        0.42070438        0.10013517
     2.0000000        0.40548486        0.10941859
     2.1000000        0.40288322        0.11129406
     2.2000000        0.39486331        0.11252783
     2.3000000        0.38954217        0.11277227
     2.4000000        0.37805208        0.10873945
     2.5000000        0.37083501        0.10299311
     2.6000000        0.35103002        0.09598868
     2.7000000        0.34694222        0.09517377
     2.8000000        0.34705600        0.09571685
     2.9000000        0.33805192        0.09599589
     3.0000000        0.33253179        0.09611489
     3.1000000        0.33048949        0.09543407
     3.2000000        0.32706053        0.08634361
     3.3000000        0.32802965        0.08512863
     3.4000000        0.31691042        0.08398966
     3.5000000        0.30389015        0.08304818
     3.6000000        0.29149533        0.07884754
     3.7000000        0.28129706        0.08026972
     3.8000000        0.27839079        0.08454723
     3.9000000        0.26994220        0.08945041
     4.0000000        0.26034928        0.09094260
     4.1000000        0.25535596        0.08833419
     4.2000000        0.26203346        0.08885547
     4.3000000        0.26381070        0.08564705
     4.4000000        0.28583518        0.08566723
     4.5000000        0.31215500        0.08232820
     4.6000000        0.32384649        0.08359270
     4.7000000        0.32177188        0.08555024
     4.8000000        0.32293752        0.08623987
     4.9000000        0.32563064        0.08665250
     5.0000000        0.31718040        0.08381389
     5.1000000        0.30157548        0.08214056
     5.2000000        0.28934859        0.08352437
     5.3000000        0.27481503        0.07931101
     5.4000000        0.26529672        0.08464517
     5.5000000        0.25593649        0.08450999
     5.6000000        0.24862365        0.08863738
     5.7000000        0.24382926        0.09339666
     5.8000000        0.23607257        0.09631668
     5.9000000        0.22522469        0.10233217
     6.0000000        0.21660002        0.10524073
     6.1000000        0.21422487        0.10481199
     6.2000000        0.20221289        0.10459581
     6.3000000        0.19913670        0.10132678
     6.4000000        0.21602205        0.09816543
     6.5000000        0.21861568        0.08784569
     6.6000000        0.22538351        0.07987946
     6.7000000        0.23134342        0.07393338
     6.8000000        0.24039007        0.07009136
     6.9000000        0.24576852        0.06891053
     7.0000000        0.24093889        0.07434437
     7.1000000        0.23235762        0.07434630
     7.2000000        0.23565494        0.07303209
     7.3000000        0.23702302        0.07005448
     7.4000000        0.23785149        0.06721855
     7.5000000        0.24896721        0.07464408
     7.6000000        0.26041265        0.07344335
     7.7000000        0.27399311        0.07128639
     7.8000000        0.29001365        0.07143808
     7.9000000        0.30109211        0.07147264
     8.0000000        0.32606629        0.07082528
     8.1000000        0.35339117        0.07344877
     8.2000000        0.38404620        0.07237378
     8.3000000        0.41368535        0.07555735
     8.4000000        0.44413122        0.07485647
     8.5000000        0.47123751        0.07335036
     8.6000000        0.50326220        0.07148931
     8.7000000        0.52873968        0.07041158
     8.8000000        0.56290690        0.06568562
     8.9000000        0.59858265        0.05829820
     9.0000000        0.64140187        0.05635851
     9.1000000        0.69119372        0.05493277
     9.2000000        0.73990456        0.05567026
     9.3000000        0.79719423        0.05524770
     9.4000000        0.86908183        0.06078043
     9.5000000        0.93051067        0.05998257
     9.6000000        1.00561740        0.06075073
     9.7000000        1.09511381        0.06257940
     9.8000000        1.19013486        0.06424228
     9.9000000        1.32397557        0.06961126
    10.0000000        1.50445264        0.07262069
