     0.0000000        0.17167487        0.00022645
     0.1000000        0.11597519        0.00017048
     0.2000000        0.08175118        0.00013517
     0.3000000        0.06034756        0.00010838
     0.4000000        0.04672952        0.00008973
     0.5000000        0.03796820        0.00007720
     0.6000000        0.03229040        0.00006813
     0.7000000        0.02863477        0.00006235
     0.8000000        0.02637716        0.00005955
     0.9000000        0.02514896        0.00005837
     1.0000000        0.02474752        0.00005790
     1.1000000        0.02513033        0.00005844
     1.2000000        0.02634382        0.00005977
     1.3000000        0.02859669        0.00006297
     1.4000000        0.03224223        0.00006857
     1.5000000        0.03791899        0.00007664
     1.6000000        0.04668716        0.00008970
     1.7000000        0.06034849        0.00010969
     1.8000000        0.08180595        0.00013406
     1.9000000        0.11606128        0.00017159
     2.0000000        0.17167487        0.00022645
