     0.0000000        0.84719296        0.00031842
     0.1000000        0.77606628        0.00034043
     0.2000000        0.71879269        0.00040270
     0.3000000        0.67159322        0.00048123
     0.4000000        0.63208297        0.00056481
     0.5000000        0.59854457        0.00064705
     0.6000000        0.57018129        0.00073247
     0.7000000        0.54552361        0.00082408
     0.8000000        0.52428078        0.00091213
     0.9000000        0.50622176        0.00099722
     1.0000000        0.49061922        0.00105840
     1.1000000        0.47700589        0.00108290
     1.2000000        0.46537890        0.00110524
     1.3000000        0.45564659        0.00113245
     1.4000000        0.44747863        0.00116230
     1.5000000        0.44083543        0.00116847
     1.6000000        0.43597700        0.00118602
     1.7000000        0.43198964        0.00122203
     1.8000000        0.42923940        0.00126576
     1.9000000        0.42760483        0.00128491
     2.0000000        0.42718459        0.00129237
     2.1000000        0.42777539        0.00128979
     2.2000000        0.42934941        0.00129537
     2.3000000        0.43220928        0.00129227
     2.4000000        0.43624901        0.00126879
     2.5000000        0.44182781        0.00124006
     2.6000000        0.44851092        0.00119723
     2.7000000        0.45675066        0.00114182
     2.8000000        0.46652977        0.00107520
     2.9000000        0.47804436        0.00102761
     3.0000000        0.49163528        0.00097814
     3.1000000        0.50733734        0.00092789
     3.2000000        0.52566443        0.00087889
     3.3000000        0.54669273        0.00082866
     3.4000000        0.57071977        0.00075706
     3.5000000        0.59872279        0.00068504
     3.6000000        0.63184578        0.00059844
     3.7000000        0.67133720        0.00050052
     3.8000000        0.71851446        0.00041188
     3.9000000        0.77597402        0.00037873
     4.0000000        0.84719296        0.00031842
