         201           4   20.000000000000000                1
     0.0000000        0.99733167        0.00067712
     0.1000000        0.76517354        0.00490328
     0.2000000        0.58561351        0.00515894
     0.3000000        0.45717913        0.00764708
     0.4000000        0.34956338        0.00429525
     0.5000000        0.27258848        0.00301430
     0.6000000        0.21011860        0.00478183
     0.7000000        0.16284489        0.00531131
     0.8000000        0.12567296        0.00574504
     0.9000000        0.09750494        0.00417268
     1.0000000        0.07319294        0.00437339
     1.1000000        0.05605594        0.00236477
     1.2000000        0.04158742        0.00184118
     1.3000000        0.03316902        0.00161705
     1.4000000        0.02472137        0.00183193
     1.5000000        0.01807846        0.00086833
     1.6000000        0.01353798        0.00110302
     1.7000000        0.01050200        0.00118809
     1.8000000        0.00777134        0.00147536
     1.9000000        0.00634994        0.00206647
     2.0000000        0.00640236        0.00165645
     2.1000000        0.00565447        0.00122149
     2.2000000        0.00391950        0.00075803
     2.3000000        0.00221995        0.00087168
     2.4000000        0.00119166        0.00066407
     2.5000000        0.00046645        0.00053416
     2.6000000        0.00054530        0.00187526
     2.7000000        0.00052138        0.00075765
     2.8000000        0.00081668        0.00091683
     2.9000000        0.00160623        0.00096745
     3.0000000        0.00130271        0.00136483
     3.1000000        0.00162805        0.00148350
     3.2000000        0.00132704        0.00102346
     3.3000000        0.00265759        0.00130847
     3.4000000        0.00221354        0.00079083
     3.5000000        0.00147282        0.00131196
     3.6000000        0.00070976        0.00092659
     3.7000000       -0.00015869        0.00090955
     3.8000000       -0.00100810        0.00124435
     3.9000000       -0.00112977        0.00093615
     4.0000000       -0.00075376        0.00100067
     4.1000000        0.00069729        0.00181127
     4.2000000       -0.00031591        0.00095136
     4.3000000        0.00036984        0.00180225
     4.4000000       -0.00042522        0.00132985
     4.5000000       -0.00005701        0.00077285
     4.6000000       -0.00031919        0.00049381
     4.7000000       -0.00048879        0.00030776
     4.8000000       -0.00127825        0.00010551
     4.9000000       -0.00007958        0.00073043
     5.0000000        0.00042650        0.00125256
     5.1000000        0.00017859        0.00113334
     5.2000000        0.00012295        0.00067022
     5.3000000       -0.00085471        0.00084972
     5.4000000       -0.00072636        0.00158048
     5.5000000       -0.00042186        0.00120382
     5.6000000        0.00025712        0.00024223
     5.7000000        0.00192565        0.00076834
     5.8000000        0.00157862        0.00043037
     5.9000000        0.00236260        0.00119313
     6.0000000        0.00208095        0.00155170
     6.1000000        0.00124915        0.00033676
     6.2000000        0.00001257        0.00051330
     6.3000000        0.00068074        0.00103863
     6.4000000        0.00065595        0.00064983
     6.5000000        0.00049987        0.00098074
     6.6000000        0.00098499        0.00096214
     6.7000000       -0.00026527        0.00154044
     6.8000000        0.00098960        0.00078912
     6.9000000        0.00010664        0.00093197
     7.0000000        0.00062222        0.00092595
     7.1000000       -0.00093305        0.00168617
     7.2000000       -0.00115308        0.00135678
     7.3000000       -0.00007578        0.00093374
     7.4000000       -0.00070132        0.00095194
     7.5000000       -0.00110109        0.00086025
     7.6000000       -0.00119443        0.00101111
     7.7000000       -0.00091027        0.00044816
     7.8000000       -0.00112102        0.00072384
     7.9000000       -0.00201498        0.00196044
     8.0000000       -0.00143500        0.00137364
     8.1000000       -0.00126177        0.00149704
     8.2000000       -0.00153326        0.00198954
     8.3000000       -0.00119145        0.00141110
     8.4000000       -0.00056786        0.00129040
     8.5000000       -0.00163867        0.00105560
     8.6000000       -0.00173948        0.00162594
     8.7000000       -0.00110670        0.00168663
     8.8000000       -0.00125000        0.00199009
     8.9000000       -0.00022241        0.00114589
     9.0000000       -0.00088099        0.00149385
     9.1000000       -0.00109037        0.00166695
     9.2000000       -0.00116338        0.00165914
     9.3000000       -0.00083251        0.00207659
     9.4000000        0.00085545        0.00153616
     9.5000000        0.00159542        0.00145621
     9.6000000        0.00202238        0.00173770
     9.7000000        0.00076375        0.00172021
     9.8000000        0.00026981        0.00116752
     9.9000000        0.00090417        0.00125094
    10.0000000        0.00107214        0.00054546
    10.1000000        0.00103185        0.00041796
    10.2000000        0.00131581        0.00179613
    10.3000000        0.00061735        0.00207974
    10.4000000        0.00056684        0.00152853
    10.5000000        0.00082441        0.00122319
    10.6000000        0.00002921        0.00103731
    10.7000000       -0.00070353        0.00041129
    10.8000000       -0.00056162        0.00055410
    10.9000000        0.00026523        0.00093960
    11.0000000       -0.00043741        0.00080261
    11.1000000       -0.00127598        0.00115594
    11.2000000       -0.00093277        0.00112062
    11.3000000       -0.00116520        0.00084743
    11.4000000       -0.00112620        0.00071168
    11.5000000       -0.00070905        0.00137453
    11.6000000       -0.00024958        0.00090983
    11.7000000       -0.00038472        0.00095968
    11.8000000       -0.00143299        0.00167513
    11.9000000       -0.00066989        0.00205736
    12.0000000       -0.00014928        0.00291409
    12.1000000       -0.00064537        0.00319442
    12.2000000       -0.00191844        0.00236733
    12.3000000       -0.00099900        0.00126592
    12.4000000       -0.00149266        0.00102910
    12.5000000       -0.00232815        0.00110416
    12.6000000       -0.00018298        0.00107352
    12.7000000       -0.00031553        0.00091147
    12.8000000       -0.00031050        0.00107324
    12.9000000        0.00008078        0.00091352
    13.0000000       -0.00132693        0.00140696
    13.1000000        0.00003169        0.00088650
    13.2000000        0.00015204        0.00043052
    13.3000000        0.00037280        0.00073132
    13.4000000        0.00139654        0.00015735
    13.5000000        0.00121211        0.00058808
    13.6000000        0.00038397        0.00019882
    13.7000000        0.00029170        0.00073619
    13.8000000       -0.00058281        0.00138762
    13.9000000        0.00076685        0.00083420
    14.0000000       -0.00023994        0.00221450
    14.1000000       -0.00030041        0.00223644
    14.2000000       -0.00156799        0.00275711
    14.3000000       -0.00149471        0.00242963
    14.4000000        0.00027520        0.00124876
    14.5000000       -0.00071452        0.00215536
    14.6000000        0.00059687        0.00158344
    14.7000000        0.00112979        0.00125710
    14.8000000       -0.00000175        0.00175766
    14.9000000        0.00083704        0.00098173
    15.0000000        0.00036723        0.00120303
    15.1000000       -0.00103309        0.00185014
    15.2000000       -0.00108867        0.00174609
    15.3000000       -0.00013026        0.00167006
    15.4000000       -0.00042215        0.00208627
    15.5000000       -0.00000301        0.00111026
    15.6000000       -0.00037457        0.00069856
    15.7000000       -0.00059093        0.00122578
    15.8000000       -0.00093573        0.00089521
    15.9000000       -0.00123611        0.00097809
    16.0000000       -0.00111095        0.00078931
    16.1000000       -0.00101930        0.00115812
    16.2000000       -0.00044410        0.00170148
    16.3000000       -0.00056284        0.00138981
    16.4000000       -0.00083879        0.00103790
    16.5000000       -0.00091015        0.00059194
    16.6000000       -0.00027327        0.00075003
    16.7000000       -0.00134011        0.00038211
    16.8000000       -0.00057974        0.00109452
    16.9000000       -0.00099587        0.00076950
    17.0000000       -0.00078276        0.00079075
    17.1000000       -0.00150782        0.00044331
    17.2000000       -0.00193787        0.00039833
    17.3000000       -0.00158130        0.00074315
    17.4000000       -0.00040766        0.00064652
    17.5000000       -0.00097051        0.00084785
    17.6000000       -0.00099437        0.00131867
    17.7000000       -0.00064645        0.00119204
    17.8000000       -0.00031855        0.00187832
    17.9000000       -0.00101826        0.00117504
    18.0000000       -0.00121350        0.00053141
    18.1000000       -0.00113159        0.00068278
    18.2000000       -0.00120894        0.00114306
    18.3000000       -0.00088608        0.00119539
    18.4000000       -0.00162044        0.00199249
    18.5000000       -0.00124806        0.00174189
    18.6000000       -0.00070716        0.00145352
    18.7000000       -0.00047417        0.00122845
    18.8000000       -0.00002972        0.00135807
    18.9000000       -0.00135476        0.00127927
    19.0000000       -0.00170861        0.00176007
    19.1000000       -0.00213934        0.00200797
    19.2000000       -0.00223882        0.00119727
    19.3000000       -0.00113230        0.00167261
    19.4000000        0.00081104        0.00190671
    19.5000000        0.00220918        0.00192989
    19.6000000        0.00193702        0.00136641
    19.7000000        0.00017433        0.00077317
    19.8000000        0.00220122        0.00170157
    19.9000000        0.00357515        0.00161528
    20.0000000        0.00266833        0.00067712
