     0.0000000        0.06701428        0.00319155
     0.1000000        0.03562722        0.00352769
     0.2000000        0.02023854        0.00200196
     0.3000000        0.01357293        0.00060585
     0.4000000        0.01097509        0.00218528
     0.5000000        0.00638424        0.00258275
     0.6000000        0.00138019        0.00252354
     0.7000000       -0.00071699        0.00185920
     0.8000000       -0.00170507        0.00193149
     0.9000000        0.00161554        0.00238450
     1.0000000        0.00341871        0.00114271
     1.1000000        0.00004925        0.00115194
     1.2000000        0.00111660        0.00071478
     1.3000000       -0.00031390        0.00142879
     1.4000000       -0.00176543        0.00184999
     1.5000000       -0.00152190        0.00213980
     1.6000000       -0.00271867        0.00132388
     1.7000000       -0.00234947        0.00165957
     1.8000000       -0.00241298        0.00119546
     1.9000000       -0.00214116        0.00192150
     2.0000000        0.00043598        0.00134750
     2.1000000       -0.00002092        0.00073979
     2.2000000        0.00012223        0.00107709
     2.3000000        0.00017285        0.00065395
     2.4000000       -0.00005488        0.00053215
     2.5000000        0.00095006        0.00125080
     2.6000000       -0.00006827        0.00111369
     2.7000000       -0.00033823        0.00076947
     2.8000000       -0.00072630        0.00101870
     2.9000000       -0.00057299        0.00095579
     3.0000000       -0.00033998        0.00054830
     3.1000000        0.00055178        0.00050613
     3.2000000        0.00072006        0.00065442
     3.3000000        0.00106016        0.00084789
     3.4000000        0.00030090        0.00036553
     3.5000000        0.00121680        0.00083454
     3.6000000       -0.00010283        0.00045355
     3.7000000       -0.00123914        0.00137707
     3.8000000       -0.00150437        0.00164088
     3.9000000       -0.00239385        0.00306144
     4.0000000        0.00007555        0.00110405
     4.1000000        0.00044264        0.00081598
     4.2000000       -0.00037566        0.00076982
     4.3000000       -0.00041737        0.00060668
     4.4000000        0.00037501        0.00057125
     4.5000000        0.00014970        0.00030528
     4.6000000        0.00057181        0.00050926
     4.7000000        0.00023130        0.00033650
     4.8000000        0.00052625        0.00054299
     4.9000000        0.00051031        0.00046097
     5.0000000       -0.00010293        0.00062887
     5.1000000       -0.00025029        0.00068067
     5.2000000        0.00041642        0.00029319
     5.3000000        0.00021254        0.00037436
     5.4000000       -0.00111325        0.00109579
     5.5000000       -0.00108883        0.00106146
     5.6000000       -0.00085681        0.00097739
     5.7000000        0.00062940        0.00067423
     5.8000000        0.00059964        0.00068717
     5.9000000        0.00086847        0.00059227
     6.0000000        0.00060383        0.00064283
     6.1000000        0.00047572        0.00060385
     6.2000000        0.00028952        0.00064478
     6.3000000       -0.00002087        0.00058708
     6.4000000       -0.00012919        0.00097376
     6.5000000        0.00082735        0.00065432
     6.6000000        0.00084756        0.00082883
     6.7000000       -0.00049707        0.00164038
     6.8000000        0.00050179        0.00062584
     6.9000000       -0.00088330        0.00165485
     7.0000000       -0.00116424        0.00174582
     7.1000000       -0.00225551        0.00240719
     7.2000000       -0.00125645        0.00194391
     7.3000000       -0.00200111        0.00145918
     7.4000000       -0.00264037        0.00131273
     7.5000000        0.00001199        0.00091739
     7.6000000        0.00027598        0.00140868
     7.7000000       -0.00050529        0.00246568
     7.8000000       -0.00024364        0.00155928
     7.9000000        0.00144187        0.00090653
     8.0000000        0.00206814        0.00137550
     8.1000000        0.00471715        0.00104927
     8.2000000        0.00288121        0.00131894
     8.3000000        0.00383943        0.00117175
     8.4000000        0.00295510        0.00157673
     8.5000000        0.00389189        0.00145318
     8.6000000        0.00351168        0.00135622
     8.7000000        0.00678917        0.00247398
     8.8000000        0.00759616        0.00219135
     8.9000000        0.01158402        0.00201863
     9.0000000        0.01885374        0.00223419
     9.1000000        0.03326963        0.00287090
     9.2000000        0.05391679        0.00166474
     9.3000000        0.08681956        0.00184610
     9.4000000        0.13570500        0.00260428
     9.5000000        0.21286959        0.00239852
     9.6000000        0.33159246        0.00272083
     9.7000000        0.51446089        0.00321237
     9.8000000        0.80161692        0.00241322
     9.9000000        1.24765624        0.00376389
    10.0000000        1.93298572        0.00319155
