     0.0000000        1.81145617        0.01191103
     0.1250000        1.66110412        0.01294504
     0.2500000        1.53531018        0.01215752
     0.3750000        1.42792572        0.01336501
     0.5000000        1.33534282        0.01320648
     0.6250000        1.31253305        0.02115532
     0.7500000        1.24933164        0.02771804
     0.8750000        1.31620974        0.05652380
     1.0000000        1.27053011        0.05946731
     1.1250000        1.30545960        0.12115960
     1.2500000        1.21955666        0.07462264
     1.3750000        1.35164568        0.13605631
     1.5000000        1.07688564        0.06748388
     1.6250000        1.05940494        0.05359883
     1.7500000        1.05311725        0.05526677
     1.8750000        1.11866190        0.07177662
     2.0000000        1.22567573        0.13318571
     2.1250000        1.61651603        0.33536674
     2.2500000        1.33924022        0.12507003
     2.3750000        1.32542650        0.10348587
     2.5000000        1.52982757        0.15895137
     2.6250000        1.23956442        0.08981434
     2.7500000        1.10085379        0.05149358
     2.8750000        1.12884029        0.05178935
     3.0000000        1.08723052        0.03447362
     3.1250000        1.16523428        0.02244042
     3.2500000        1.24639005        0.02192926
     3.3750000        1.32099908        0.02837410
     3.5000000        1.44962852        0.03858880
     3.6250000        1.56665019        0.05841243
     3.7500000        1.55006307        0.02112561
     3.8750000        1.66390491        0.01798872
     4.0000000        1.81145617        0.01191103
