     0.0000000        0.34461180        0.00067961
     0.1000000        0.25807460        0.00185075
     0.2000000        0.19221002        0.00232486
     0.3000000        0.14430039        0.00206292
     0.4000000        0.11043573        0.00163274
     0.5000000        0.08453193        0.00159683
     0.6000000        0.06435485        0.00183354
     0.7000000        0.05206243        0.00198127
     0.8000000        0.03908134        0.00128243
     0.9000000        0.03026994        0.00099169
     1.0000000        0.02266076        0.00091647
     1.1000000        0.01854678        0.00151604
     1.2000000        0.01350237        0.00111376
     1.3000000        0.00928041        0.00149006
     1.4000000        0.00788447        0.00131574
     1.5000000        0.00647035        0.00144922
     1.6000000        0.00534391        0.00095126
     1.7000000        0.00419624        0.00067190
     1.8000000        0.00375319        0.00052250
     1.9000000        0.00445182        0.00066332
     2.0000000        0.00361785        0.00043468
     2.1000000        0.00248916        0.00060846
     2.2000000        0.00158696        0.00079235
     2.3000000        0.00192603        0.00087017
     2.4000000        0.00073110        0.00070310
     2.5000000        0.00097247        0.00053480
     2.6000000        0.00093012        0.00060530
     2.7000000        0.00025782        0.00065726
     2.8000000       -0.00007222        0.00054662
     2.9000000       -0.00015637        0.00049288
     3.0000000        0.00137625        0.00109114
     3.1000000        0.00097339        0.00113782
     3.2000000        0.00068348        0.00056597
     3.3000000       -0.00034710        0.00039632
     3.4000000        0.00002628        0.00050357
     3.5000000       -0.00037256        0.00058637
     3.6000000       -0.00102095        0.00105980
     3.7000000       -0.00088585        0.00132715
     3.8000000       -0.00087501        0.00113953
     3.9000000        0.00012459        0.00065113
     4.0000000        0.00029721        0.00052180
     4.1000000        0.00109505        0.00057337
     4.2000000        0.00087666        0.00080453
     4.3000000        0.00040665        0.00054991
     4.4000000        0.00022767        0.00052968
     4.5000000       -0.00015723        0.00074259
     4.6000000        0.00084202        0.00087135
     4.7000000        0.00053001        0.00089645
     4.8000000       -0.00021753        0.00083664
     4.9000000       -0.00017179        0.00054617
     5.0000000       -0.00070949        0.00065719
     5.1000000       -0.00003763        0.00052381
     5.2000000        0.00035448        0.00048065
     5.3000000        0.00038261        0.00075800
     5.4000000        0.00066178        0.00070340
     5.5000000        0.00090967        0.00042603
     5.6000000        0.00097464        0.00055171
     5.7000000        0.00081724        0.00053454
     5.8000000        0.00123356        0.00088874
     5.9000000        0.00029013        0.00076291
     6.0000000        0.00003255        0.00066056
     6.1000000        0.00121077        0.00076771
     6.2000000        0.00150849        0.00065943
     6.3000000        0.00115599        0.00057019
     6.4000000        0.00056502        0.00065484
     6.5000000        0.00064314        0.00067280
     6.6000000       -0.00067848        0.00076437
     6.7000000       -0.00006579        0.00062280
     6.8000000        0.00048566        0.00061588
     6.9000000        0.00043202        0.00064480
     7.0000000        0.00064349        0.00066174
     7.1000000        0.00094871        0.00079630
     7.2000000        0.00058909        0.00036240
     7.3000000        0.00104376        0.00048391
     7.4000000        0.00001320        0.00072678
     7.5000000        0.00033320        0.00042925
     7.6000000        0.00047929        0.00037584
     7.7000000        0.00031896        0.00067170
     7.8000000        0.00070800        0.00051398
     7.9000000        0.00087420        0.00032323
     8.0000000        0.00070366        0.00051768
     8.1000000        0.00118311        0.00052487
     8.2000000        0.00112394        0.00030966
     8.3000000        0.00088937        0.00048795
     8.4000000        0.00047735        0.00044946
     8.5000000        0.00070997        0.00053674
     8.6000000       -0.00002701        0.00059719
     8.7000000       -0.00004795        0.00050749
     8.8000000       -0.00046282        0.00045265
     8.9000000       -0.00089080        0.00064027
     9.0000000       -0.00055964        0.00062212
     9.1000000       -0.00033376        0.00054073
     9.2000000        0.00004393        0.00057881
     9.3000000       -0.00034080        0.00063016
     9.4000000       -0.00042752        0.00061665
     9.5000000       -0.00031003        0.00053676
     9.6000000       -0.00059413        0.00044652
     9.7000000       -0.00006110        0.00044629
     9.8000000       -0.00057131        0.00073650
     9.9000000        0.00027690        0.00040076
    10.0000000        0.00236380        0.00236178
    10.1000000        0.00219570        0.00163341
    10.2000000        0.00345750        0.00282319
    10.3000000        0.00662012        0.00677310
    10.4000000        0.00351473        0.00337358
    10.5000000        0.00645740        0.00556805
    10.6000000        0.00183267        0.00192293
    10.7000000        0.00199341        0.00265168
    10.8000000       -0.00044762        0.00063940
    10.9000000       -0.00062075        0.00041902
    11.0000000       -0.00010520        0.00055529
    11.1000000       -0.00027853        0.00054905
    11.2000000       -0.00016872        0.00073946
    11.3000000        0.00001368        0.00077951
    11.4000000        0.00007381        0.00058139
    11.5000000       -0.00010671        0.00048092
    11.6000000       -0.00054679        0.00045057
    11.7000000       -0.00021113        0.00036943
    11.8000000       -0.00019115        0.00074016
    11.9000000       -0.00000493        0.00046674
    12.0000000       -0.00031425        0.00043740
    12.1000000        0.00013408        0.00053396
    12.2000000        0.00022831        0.00031456
    12.3000000        0.00022602        0.00025421
    12.4000000        0.00049498        0.00045331
    12.5000000        0.00097993        0.00054271
    12.6000000        0.00037397        0.00078738
    12.7000000       -0.00015574        0.00066183
    12.8000000        0.00042700        0.00049951
    12.9000000       -0.00013069        0.00057649
    13.0000000        0.00070593        0.00041216
    13.1000000        0.00058407        0.00053459
    13.2000000        0.00018193        0.00043546
    13.3000000        0.00042709        0.00044509
    13.4000000        0.00069093        0.00043158
    13.5000000        0.00046422        0.00041064
    13.6000000        0.00015996        0.00046791
    13.7000000        0.00075221        0.00055354
    13.8000000        0.00090444        0.00055409
    13.9000000        0.00036610        0.00036291
    14.0000000        0.00088806        0.00043593
    14.1000000        0.00125677        0.00054028
    14.2000000        0.00098196        0.00052866
    14.3000000        0.00076388        0.00043627
    14.4000000        0.00033625        0.00045916
    14.5000000        0.00070078        0.00042114
    14.6000000        0.00060171        0.00047705
    14.7000000        0.00005340        0.00085831
    14.8000000        0.00057038        0.00103703
    14.9000000        0.00071353        0.00079975
    15.0000000        0.00040516        0.00042894
    15.1000000        0.00059649        0.00033861
    15.2000000        0.00046412        0.00041011
    15.3000000        0.00072066        0.00041249
    15.4000000        0.00074977        0.00060225
    15.5000000        0.00045016        0.00058459
    15.6000000        0.00080765        0.00074597
    15.7000000        0.00110276        0.00149404
    15.8000000        0.00019941        0.00055495
    15.9000000        0.00063464        0.00062736
    16.0000000       -0.00068350        0.00065882
    16.1000000       -0.00082850        0.00068972
    16.2000000       -0.00026585        0.00113573
    16.3000000        0.00043349        0.00081031
    16.4000000        0.00033888        0.00059700
    16.5000000        0.00054178        0.00064746
    16.6000000        0.00079631        0.00068520
    16.7000000        0.00041372        0.00096376
    16.8000000        0.00049124        0.00086057
    16.9000000        0.00081308        0.00057237
    17.0000000        0.00140544        0.00069357
    17.1000000        0.00084474        0.00085521
    17.2000000        0.00049579        0.00077549
    17.3000000        0.00046826        0.00086613
    17.4000000       -0.00000875        0.00097516
    17.5000000        0.00092581        0.00115700
    17.6000000        0.00054170        0.00074784
    17.7000000        0.00080989        0.00050642
    17.8000000        0.00207052        0.00048860
    17.9000000        0.00254714        0.00056799
    18.0000000        0.00276461        0.00041698
    18.1000000        0.00344862        0.00041014
    18.2000000        0.00410742        0.00089589
    18.3000000        0.00485106        0.00139211
    18.4000000        0.00778490        0.00189119
    18.5000000        0.00811030        0.00138472
    18.6000000        0.00786412        0.00077903
    18.7000000        0.01008537        0.00076149
    18.8000000        0.01336708        0.00077161
    18.9000000        0.01747963        0.00100120
    19.0000000        0.02279852        0.00124010
    19.1000000        0.03088015        0.00192093
    19.2000000        0.04024995        0.00196706
    19.3000000        0.04994628        0.00148369
    19.4000000        0.06506548        0.00178538
    19.5000000        0.08366269        0.00168328
    19.6000000        0.10889242        0.00124132
    19.7000000        0.14404278        0.00173466
    19.8000000        0.19027657        0.00164068
    19.9000000        0.25553732        0.00149365
    20.0000000        0.34461180        0.00067961
