     0.0000000        0.27414936        0.00288392
     0.1000000        0.16837320        0.00160939
     0.2000000        0.10502470        0.00099229
     0.3000000        0.06584404        0.00079165
     0.4000000        0.04141592        0.00062125
     0.5000000        0.02634144        0.00060330
     0.6000000        0.01702078        0.00049319
     0.7000000        0.01112350        0.00039612
     0.8000000        0.00732989        0.00029643
     0.9000000        0.00499936        0.00033446
     1.0000000        0.00327314        0.00034848
     1.1000000        0.00221210        0.00035212
     1.2000000        0.00154414        0.00029634
     1.3000000        0.00087873        0.00021515
     1.4000000        0.00056360        0.00016744
     1.5000000        0.00037399        0.00014516
     1.6000000        0.00023036        0.00012830
     1.7000000        0.00017920        0.00009735
     1.8000000        0.00020610        0.00007898
     1.9000000        0.00018545        0.00007930
     2.0000000        0.00016825        0.00008190
     2.1000000        0.00016889        0.00010630
     2.2000000        0.00013108        0.00012671
     2.3000000        0.00005569        0.00012575
     2.4000000        0.00002355        0.00012461
     2.5000000        0.00002743        0.00010081
     2.6000000        0.00000761        0.00008582
     2.7000000        0.00002797        0.00005679
     2.8000000        0.00002931        0.00004078
     2.9000000        0.00003662        0.00004202
     3.0000000        0.00004650        0.00004520
     3.1000000        0.00004200        0.00004391
     3.2000000        0.00004065        0.00003855
     3.3000000        0.00005230        0.00003628
     3.4000000        0.00005986        0.00003472
     3.5000000        0.00004680        0.00002799
     3.6000000        0.00005663        0.00002235
     3.7000000        0.00006414        0.00002459
     3.8000000        0.00007241        0.00002757
     3.9000000        0.00008562        0.00002996
     4.0000000        0.00008045        0.00003061
     4.1000000        0.00007267        0.00003742
     4.2000000        0.00007047        0.00003325
     4.3000000        0.00006362        0.00003677
     4.4000000        0.00004860        0.00002872
     4.5000000        0.00003439        0.00002714
     4.6000000        0.00002571        0.00002633
     4.7000000        0.00004033        0.00003724
     4.8000000        0.00004809        0.00004722
     4.9000000        0.00004549        0.00005298
     5.0000000        0.00004212        0.00005629
     5.1000000        0.00005344        0.00007128
     5.2000000        0.00004237        0.00007047
     5.3000000        0.00004251        0.00006727
     5.4000000        0.00003312        0.00007349
     5.5000000        0.00001629        0.00007579
     5.6000000        0.00002206        0.00007174
     5.7000000        0.00002809        0.00006664
     5.8000000        0.00004140        0.00004644
     5.9000000        0.00004609        0.00003515
     6.0000000        0.00005861        0.00004237
     6.1000000        0.00005730        0.00004600
     6.2000000        0.00003354        0.00004134
     6.3000000        0.00004146        0.00004242
     6.4000000        0.00003491        0.00004423
     6.5000000        0.00001362        0.00003142
     6.6000000        0.00000795        0.00003440
     6.7000000       -0.00000199        0.00003069
     6.8000000        0.00000786        0.00003864
     6.9000000       -0.00000822        0.00003907
     7.0000000       -0.00001633        0.00005140
     7.1000000       -0.00003443        0.00005631
     7.2000000       -0.00004943        0.00007439
     7.3000000       -0.00007679        0.00010618
     7.4000000       -0.00008829        0.00014140
     7.5000000       -0.00005307        0.00013298
     7.6000000        0.00003331        0.00011091
     7.7000000        0.00006207        0.00008527
     7.8000000        0.00008409        0.00008287
     7.9000000        0.00012110        0.00006839
     8.0000000        0.00018566        0.00005048
     8.1000000        0.00031828        0.00006497
     8.2000000        0.00043252        0.00010282
     8.3000000        0.00053569        0.00013321
     8.4000000        0.00066504        0.00015281
     8.5000000        0.00082763        0.00011725
     8.6000000        0.00103075        0.00009512
     8.7000000        0.00133696        0.00010094
     8.8000000        0.00174011        0.00009758
     8.9000000        0.00246261        0.00011774
     9.0000000        0.00350441        0.00015348
     9.1000000        0.00512295        0.00019347
     9.2000000        0.00758940        0.00028012
     9.3000000        0.01139391        0.00038728
     9.4000000        0.01711574        0.00041878
     9.5000000        0.02639276        0.00055495
     9.6000000        0.04116124        0.00064851
     9.7000000        0.06504185        0.00073008
     9.8000000        0.10419561        0.00109431
     9.9000000        0.16787515        0.00158286
    10.0000000        0.27414936        0.00288392
