 -1740319732  1368836758   270417315   -19812765  1679805399  1071948297   630291624   314590231   583372519   -56887690 -1244128897 -1743425926 -1238756938  1811658219   375186346  2097915007   982379979 -1665375558  1403740605  1053506646   239963927   993851397  1926267419  1376220315  -888740879   634015852  2036214237  -745461197   440531544  -264124283 -1556723586  -279616752           5
           2
          -1
          -1
           1
           1
          -1
          -1
           1
           1
           1
           1
           1
           1
          -1
           1
          -1
           1
           1
           2
           1
           1
          -1
          -1
           1
          -1
          -1
           1
          -1
          -1
           1
           1
           1
           1
           1
           1
          -1
          -1
           2
           1
          -1
          -1
          -2
          -1
           1
          -1
           1
          -1
          -1
           1
          -1
           2
          -1
           1
           1
           1
           1
           1
          -1
           1
          -1
           1
          -1
           1
          -2
           1
          -1
           1
           1
          -1
          -1
           1
           1
           1
          -1
          -1
          -1
           1
           1
           1
           1
           1
          -1
           2
           1
          -1
           1
          -1
          -1
          -1
          -1
           1
          -1
           2
          -1
          -1
          -1
           1
          -2
           1
           1
           1
           1
           1
          -1
           1
          -1
           1
          -1
           1
          -1
          -1
          -2
           1
          -1
          -2
           1
          -1
          -1
           2
          -1
           1
           1
          -1
           1
           1
           2
          -1
          -1
          -1
           1
           1
          -2
           1
           1
           1
          -1
           1
          -1
           1
          -1
          -1
           1
           1
          -1
           1
           1
          -1
           1
          -1
          -1
          -1
           1
          -1
          -1
          -2
          -1
          -1
          -1
          -1
           1
