           2              (-1.4999052843392364,0.0000000000000000)   1.0000000000000000     
           2              (-1.5105065793839307,0.0000000000000000)   1.0000000000000000     
           2              (-1.4656889692143351,0.0000000000000000)   1.0000000000000000     
           2              (-1.4613590113741337,0.0000000000000000)   1.0000000000000000     
           2              (-1.4681618537830339,0.0000000000000000)   1.0000000000000000     
           2              (-1.5160700624356038,0.0000000000000000)   1.0000000000000000     
           2              (-1.4336412811666357,0.0000000000000000)   1.0000000000000000     
           2              (-1.4764658927612153,0.0000000000000000)   1.0000000000000000     
           2              (-1.4928435351576530,0.0000000000000000)   1.0000000000000000     
           2              (-1.4544228961966206,0.0000000000000000)   1.0000000000000000     
           2              (-1.4820174054211632,0.0000000000000000)   1.0000000000000000     
           2              (-1.4839055417946538,0.0000000000000000)   1.0000000000000000     
           2              (-1.5111087781753785,0.0000000000000000)   1.0000000000000000     
           2              (-1.4698913873797834,0.0000000000000000)   1.0000000000000000     
           2              (-1.4417051745004434,0.0000000000000000)   1.0000000000000000     
           2              (-1.5017148716292323,0.0000000000000000)   1.0000000000000000     
           2              (-1.4936160207428963,0.0000000000000000)   1.0000000000000000     
           2              (-1.4718507296206238,0.0000000000000000)   1.0000000000000000     
           2              (-1.4932972745199897,0.0000000000000000)   1.0000000000000000     
           2              (-1.4705159699424848,0.0000000000000000)   1.0000000000000000     
           2              (-1.4860089671226739,0.0000000000000000)   1.0000000000000000     
           2              (-1.4430773141150524,0.0000000000000000)   1.0000000000000000     
           2              (-1.4500571172819845,0.0000000000000000)   1.0000000000000000     
           2              (-1.4627681462338240,0.0000000000000000)   1.0000000000000000     
           2              (-1.5157963128702834,0.0000000000000000)   1.0000000000000000     
           2              (-1.4790235859272975,0.0000000000000000)   1.0000000000000000     
           2              (-1.4862410299845035,0.0000000000000000)   1.0000000000000000     
           2              (-1.4988380409775512,0.0000000000000000)   1.0000000000000000     
           2              (-1.5021352250228035,0.0000000000000000)   1.0000000000000000     
           2              (-1.4332439979830591,0.0000000000000000)   1.0000000000000000     
           2              (-1.4998746297335359,0.0000000000000000)   1.0000000000000000     
           2              (-1.4725018497073521,0.0000000000000000)   1.0000000000000000     
           2              (-1.4660777805224856,0.0000000000000000)   1.0000000000000000     
           2              (-1.4662747398914850,0.0000000000000000)   1.0000000000000000     
           2              (-1.4798464209205915,0.0000000000000000)   1.0000000000000000     
           2              (-1.4893339160477443,0.0000000000000000)   1.0000000000000000     
           2              (-1.4906292969213746,0.0000000000000000)   1.0000000000000000     
           2              (-1.4781280687358846,0.0000000000000000)   1.0000000000000000     
           2              (-1.4749387036346557,0.0000000000000000)   1.0000000000000000     
           2              (-1.4604084985265740,0.0000000000000000)   1.0000000000000000     
           2              (-1.4897900726789246,0.0000000000000000)   1.0000000000000000     
           2              (-1.4958771504334789,0.0000000000000000)   1.0000000000000000     
           2              (-1.4618396941315350,0.0000000000000000)   1.0000000000000000     
           2              (-1.5294184966866600,0.0000000000000000)   1.0000000000000000     
           2              (-1.4714603405075337,0.0000000000000000)   1.0000000000000000     
           2              (-1.4558913673434186,0.0000000000000000)   1.0000000000000000     
           2              (-1.4913694600554002,0.0000000000000000)   1.0000000000000000     
           2              (-1.4276890249783838,0.0000000000000000)   1.0000000000000000     
           2              (-1.4874075484815841,0.0000000000000000)   1.0000000000000000     
           2              (-1.4588482451435156,0.0000000000000000)   1.0000000000000000     
           2              (-1.5017552015497693,0.0000000000000000)   1.0000000000000000     
           2              (-1.5140518775559881,0.0000000000000000)   1.0000000000000000     
           2              (-1.5206785030212997,0.0000000000000000)   1.0000000000000000     
           2              (-1.5232980964037317,0.0000000000000000)   1.0000000000000000     
           2              (-1.4808775423172993,0.0000000000000000)   1.0000000000000000     
           2              (-1.5327957331692033,0.0000000000000000)   1.0000000000000000     
           2              (-1.4915667127242620,0.0000000000000000)   1.0000000000000000     
           2              (-1.5049487012095824,0.0000000000000000)   1.0000000000000000     
           2              (-1.4876957670117732,0.0000000000000000)   1.0000000000000000     
           2              (-1.4959265847797276,0.0000000000000000)   1.0000000000000000     
           2              (-1.5058840932331545,0.0000000000000000)   1.0000000000000000     
           2              (-1.5170454893340457,0.0000000000000000)   1.0000000000000000     
           2              (-1.4791037769757198,0.0000000000000000)   1.0000000000000000     
           2              (-1.4860570205750043,0.0000000000000000)   1.0000000000000000     
           2              (-1.4444123045172421,0.0000000000000000)   1.0000000000000000     
           2              (-1.5117424786831006,0.0000000000000000)   1.0000000000000000     
           2              (-1.4586237476829595,0.0000000000000000)   1.0000000000000000     
           2              (-1.4718075522414460,0.0000000000000000)   1.0000000000000000     
           2              (-1.5295498365085047,0.0000000000000000)   1.0000000000000000     
           2              (-1.5156431633359650,0.0000000000000000)   1.0000000000000000     
           2              (-1.4736609763310986,0.0000000000000000)   1.0000000000000000     
           2              (-1.5172579285316075,0.0000000000000000)   1.0000000000000000     
           2              (-1.4863868592359284,0.0000000000000000)   1.0000000000000000     
           2              (-1.4866736529153377,0.0000000000000000)   1.0000000000000000     
           2              (-1.4989104008012866,0.0000000000000000)   1.0000000000000000     
           2              (-1.4783206155799609,0.0000000000000000)   1.0000000000000000     
           2              (-1.4924968188358390,0.0000000000000000)   1.0000000000000000     
           2              (-1.4961581404705222,0.0000000000000000)   1.0000000000000000     
           2              (-1.5181320109937402,0.0000000000000000)   1.0000000000000000     
           2              (-1.4697729367885770,0.0000000000000000)   1.0000000000000000     
           2              (-1.4960739524777384,0.0000000000000000)   1.0000000000000000     
           2              (-1.4802082122396076,0.0000000000000000)   1.0000000000000000     
           2              (-1.4712266940774701,0.0000000000000000)   1.0000000000000000     
           2              (-1.5069171248304067,0.0000000000000000)   1.0000000000000000     
           2              (-1.4699769511771705,0.0000000000000000)   1.0000000000000000     
           2              (-1.5086973280821541,0.0000000000000000)   1.0000000000000000     
           2              (-1.5050048436545156,0.0000000000000000)   1.0000000000000000     
           2              (-1.4681323541737326,0.0000000000000000)   1.0000000000000000     
           2              (-1.4776584245885858,0.0000000000000000)   1.0000000000000000     
           2              (-1.4938041427749609,0.0000000000000000)   1.0000000000000000     
           2              (-1.5076016449990788,0.0000000000000000)   1.0000000000000000     
           2              (-1.4847793041562443,0.0000000000000000)   1.0000000000000000     
           2              (-1.4884902790850378,0.0000000000000000)   1.0000000000000000     
           2              (-1.4970940747509522,0.0000000000000000)   1.0000000000000000     
           2              (-1.4942965748888124,0.0000000000000000)   1.0000000000000000     
           2              (-1.4968932541291968,0.0000000000000000)   1.0000000000000000     
           2              (-1.4712704711403133,0.0000000000000000)   1.0000000000000000     
           2              (-1.5009867076944698,0.0000000000000000)   1.0000000000000000     
           2              (-1.5307766710887953,0.0000000000000000)   1.0000000000000000     
           2              (-1.4522857532262010,0.0000000000000000)   1.0000000000000000     
           2              (-1.5205332207271185,0.0000000000000000)   1.0000000000000000     
           2              (-1.4894624751833385,0.0000000000000000)   1.0000000000000000     
           2              (-1.4641357045080332,0.0000000000000000)   1.0000000000000000     
           2              (-1.4724803481709163,0.0000000000000000)   1.0000000000000000     
           2              (-1.4866001878258395,0.0000000000000000)   1.0000000000000000     
           2              (-1.4557303351824737,0.0000000000000000)   1.0000000000000000     
           2              (-1.5051042282747873,0.0000000000000000)   1.0000000000000000     
           2              (-1.4974875631179814,0.0000000000000000)   1.0000000000000000     
           2              (-1.4860349558592669,0.0000000000000000)   1.0000000000000000     
           2              (-1.4390477534881112,0.0000000000000000)   1.0000000000000000     
           2              (-1.4898349700588402,0.0000000000000000)   1.0000000000000000     
           2              (-1.4794076306923865,0.0000000000000000)   1.0000000000000000     
           2              (-1.4692507094915381,0.0000000000000000)   1.0000000000000000     
           2              (-1.4848305247800258,0.0000000000000000)   1.0000000000000000     
           2              (-1.4992871007082353,0.0000000000000000)   1.0000000000000000     
           2              (-1.5079627218731138,0.0000000000000000)   1.0000000000000000     
           2              (-1.5149215527061393,0.0000000000000000)   1.0000000000000000     
           2              (-1.4819695045749679,0.0000000000000000)   1.0000000000000000     
           2              (-1.4841623423963441,0.0000000000000000)   1.0000000000000000     
           2              (-1.4918466558243195,0.0000000000000000)   1.0000000000000000     
           2              (-1.4815748943634550,0.0000000000000000)   1.0000000000000000     
           2              (-1.4673859860566407,0.0000000000000000)   1.0000000000000000     
           2              (-1.4997017993710404,0.0000000000000000)   1.0000000000000000     
           2              (-1.5018187078839935,0.0000000000000000)   1.0000000000000000     
           2              (-1.4883420596100565,0.0000000000000000)   1.0000000000000000     
           2              (-1.4634165146639113,0.0000000000000000)   1.0000000000000000     
           2              (-1.4965359141425847,0.0000000000000000)   1.0000000000000000     
           2              (-1.4439912948447660,0.0000000000000000)   1.0000000000000000     
           2              (-1.4840175331979877,0.0000000000000000)   1.0000000000000000     
           2              (-1.4989588077143843,0.0000000000000000)   1.0000000000000000     
           2              (-1.4702847570852311,0.0000000000000000)   1.0000000000000000     
           2              (-1.4893004265649796,0.0000000000000000)   1.0000000000000000     
           2              (-1.4920700036180672,0.0000000000000000)   1.0000000000000000     
           2              (-1.4736305862106753,0.0000000000000000)   1.0000000000000000     
           2              (-1.4657239535950419,0.0000000000000000)   1.0000000000000000     
           2              (-1.4924148486424322,0.0000000000000000)   1.0000000000000000     
           2              (-1.4992940719379293,0.0000000000000000)   1.0000000000000000     
           2              (-1.4917700457816034,0.0000000000000000)   1.0000000000000000     
           2              (-1.4505383891152102,0.0000000000000000)   1.0000000000000000     
