   1.0000000000000000                1           4
               (0.0000000000000000,0.0000000000000000)
  -1.5707963267948966        0.0000000000000000     
       (0.99999999999999867,-1.44328993201270331E-015)
   0.0000000000000000        0.0000000000000000     
               (1.7274936591578034,0.0000000000000000)
   1.5707963267948966        0.0000000000000000     
        (0.99999999999999867,1.44328993201270331E-015)
   3.1415926535897931        0.0000000000000000     
        (0.27250634084220021,5.63835862763595996E-031)
   1.0000000000000000                1           4
               (0.0000000000000000,0.0000000000000000)
  -1.5707963267948966        0.0000000000000000     
        (0.99999999999999811,1.60982338570647718E-015)
   0.0000000000000000        0.0000000000000000     
               (1.7317531531560462,0.0000000000000000)
   1.5707963267948966        0.0000000000000000     
       (0.99999999999999811,-1.60982338570647718E-015)
   3.1415926535897931        0.0000000000000000     
        (0.26824684684395744,2.53292656791452651E-031)
   1.0000000000000000                1           4
               (0.0000000000000000,0.0000000000000000)
  -1.5707963267948966        0.0000000000000000     
        (0.99999999999999878,1.44328993201270370E-015)
   0.0000000000000000        0.0000000000000000     
               (1.7128819334118328,0.0000000000000000)
   1.5707963267948966        0.0000000000000000     
       (0.99999999999999878,-1.44328993201270370E-015)
   3.1415926535897931        0.0000000000000000     
        (0.28711806658817030,1.70798249792436107E-031)
   1.0000000000000000                1           4
               (0.0000000000000000,0.0000000000000000)
  -1.5707963267948966        0.0000000000000000     
        (0.99999999999999878,1.22124532708767239E-015)
   0.0000000000000000        0.0000000000000000     
               (1.7071128139883274,0.0000000000000000)
   1.5707963267948966        0.0000000000000000     
       (0.99999999999999878,-1.22124532708767239E-015)
   3.1415926535897931        0.0000000000000000     
        (0.29288718601167613,2.07140100239293660E-031)
   1.0000000000000000                1           4
               (0.0000000000000000,0.0000000000000000)
  -1.5707963267948966        0.0000000000000000     
       (0.99999999999999867,-5.55111512312578073E-016)
   0.0000000000000000        0.0000000000000000     
               (1.7150796716687198,0.0000000000000000)
   1.5707963267948966        0.0000000000000000     
        (0.99999999999999867,5.55111512312578073E-016)
   3.1415926535897931        0.0000000000000000     
        (0.28492032833128383,4.35176193899426930E-031)
   1.0000000000000000                1           4
               (0.0000000000000000,0.0000000000000000)
  -1.5707963267948966        0.0000000000000000     
       (0.99999999999999878,-6.10622663543835900E-016)
   0.0000000000000000        0.0000000000000000     
               (1.7239320268738403,0.0000000000000000)
   1.5707963267948966        0.0000000000000000     
        (0.99999999999999878,6.10622663543835900E-016)
   3.1415926535897931        0.0000000000000000     
        (0.27606797312616321,4.37706502256274726E-031)
   1.0000000000000000                1           4
               (0.0000000000000000,0.0000000000000000)
  -1.5707963267948966        0.0000000000000000     
       (0.99999999999999878,-2.77555756156288938E-016)
   0.0000000000000000        0.0000000000000000     
               (1.7013916973920713,0.0000000000000000)
   1.5707963267948966        0.0000000000000000     
        (0.99999999999999878,2.77555756156288938E-016)
   3.1415926535897931        0.0000000000000000     
        (0.29860830260793220,3.96875636799322968E-031)
   1.0000000000000000                1           4
               (0.0000000000000000,0.0000000000000000)
  -1.5707963267948966        0.0000000000000000     
        (0.99999999999999856,9.43689570931383257E-016)
   0.0000000000000000        0.0000000000000000     
               (1.7204730065359815,0.0000000000000000)
   1.5707963267948966        0.0000000000000000     
       (0.99999999999999856,-9.43689570931383257E-016)
   3.1415926535897931        0.0000000000000000     
        (0.27952699346402260,2.96164098628834849E-031)
   1.0000000000000000                1           4
               (0.0000000000000000,0.0000000000000000)
  -1.5707963267948966        0.0000000000000000     
       (0.99999999999999856,-5.55111512312578073E-016)
   0.0000000000000000        0.0000000000000000     
               (1.7244223722399472,0.0000000000000000)
   1.5707963267948966        0.0000000000000000     
        (0.99999999999999856,5.55111512312578073E-016)
   3.1415926535897931        0.0000000000000000     
        (0.27557762776005590,4.21837172370286713E-031)
   1.0000000000000000                1           4
               (0.0000000000000000,0.0000000000000000)
  -1.5707963267948966        0.0000000000000000     
        (0.99999999999999911,6.66133814775094023E-016)
   0.0000000000000000        0.0000000000000000     
               (1.7107346454007988,0.0000000000000000)
   1.5707963267948966        0.0000000000000000     
       (0.99999999999999911,-6.66133814775094023E-016)
   3.1415926535897931        0.0000000000000000     
        (0.28926535459920399,1.98666949787292757E-031)
   1.0000000000000000                1           4
               (0.0000000000000000,0.0000000000000000)
  -1.5707963267948966        0.0000000000000000     
       (0.99999999999999878,-5.55111512312578073E-016)
   0.0000000000000000        0.0000000000000000     
               (1.7057987018657150,0.0000000000000000)
   1.5707963267948966        0.0000000000000000     
        (0.99999999999999878,5.55111512312578073E-016)
   3.1415926535897931        0.0000000000000000     
        (0.29420129813428830,4.20795416910564055E-031)
   1.0000000000000000                1           4
               (0.0000000000000000,0.0000000000000000)
  -1.5707963267948966        0.0000000000000000     
       (0.99999999999999867,-2.77555756156288938E-016)
   0.0000000000000000        0.0000000000000000     
               (1.7265289498382168,0.0000000000000000)
   1.5707963267948966        0.0000000000000000     
        (0.99999999999999867,2.77555756156288938E-016)
   3.1415926535897931        0.0000000000000000     
        (0.27347105016178674,4.04476754351574834E-031)
   1.0000000000000000                1           4
               (0.0000000000000000,0.0000000000000000)
  -1.5707963267948966        0.0000000000000000     
       (0.99999999999999878,-2.22044604925031136E-016)
   0.0000000000000000        0.0000000000000000     
               (1.7218302869217723,0.0000000000000000)
   1.5707963267948966        0.0000000000000000     
        (0.99999999999999878,2.22044604925031136E-016)
   3.1415926535897931        0.0000000000000000     
        (0.27816971307823113,3.73981570778467987E-031)
   1.0000000000000000                1           4
               (0.0000000000000000,0.0000000000000000)
  -1.5707963267948966        0.0000000000000000     
        (0.99999999999999856,6.66133814775094121E-016)
   0.0000000000000000        0.0000000000000000     
               (1.7134909388121782,0.0000000000000000)
   1.5707963267948966        0.0000000000000000     
       (0.99999999999999856,-6.66133814775094121E-016)
   3.1415926535897931        0.0000000000000000     
        (0.28650906118782543,3.15553910133065116E-031)
   1.0000000000000000                1           4
               (0.0000000000000000,0.0000000000000000)
  -1.5707963267948966        0.0000000000000000     
        (0.99999999999999867,4.44089209850062813E-016)
   0.0000000000000000        0.0000000000000000     
               (1.7097378807800097,0.0000000000000000)
   1.5707963267948966        0.0000000000000000     
       (0.99999999999999867,-4.44089209850062813E-016)
   3.1415926535897931        0.0000000000000000     
        (0.29026211921999390,3.21884279147502328E-031)
   1.0000000000000000                1           4
               (0.0000000000000000,0.0000000000000000)
  -1.5707963267948966        0.0000000000000000     
        (0.99999999999999867,1.87970055426665077E-031)
   0.0000000000000000        0.0000000000000000     
               (1.7258947432073823,0.0000000000000000)
   1.5707963267948966        0.0000000000000000     
       (0.99999999999999867,-1.87970055426665077E-031)
   3.1415926535897931        0.0000000000000000     
        (0.27410525679262121,3.75940110853330155E-031)
   1.0000000000000000                1           4
               (0.0000000000000000,0.0000000000000000)
  -1.5707963267948966        0.0000000000000000     
        (0.99999999999999833,2.26389998556074206E-031)
   0.0000000000000000        0.0000000000000000     
               (1.7212969501790363,0.0000000000000000)
   1.5707963267948966        0.0000000000000000     
       (0.99999999999999833,-2.26389998556074206E-031)
   3.1415926535897931        0.0000000000000000     
        (0.27870304982096783,4.52779997112148413E-031)
   1.0000000000000000                1           4
               (0.0000000000000000,0.0000000000000000)
  -1.5707963267948966        0.0000000000000000     
        (0.99999999999999856,3.88578058618804986E-016)
   0.0000000000000000        0.0000000000000000     
               (1.7170600613603477,0.0000000000000000)
   1.5707963267948966        0.0000000000000000     
       (0.99999999999999856,-3.88578058618804986E-016)
   3.1415926535897931        0.0000000000000000     
        (0.28293993863965528,3.05243375240613446E-031)
   1.0000000000000000                1           4
               (0.0000000000000000,0.0000000000000000)
  -1.5707963267948966        0.0000000000000000     
        (0.99999999999999845,2.77555756156289332E-016)
   0.0000000000000000        0.0000000000000000     
               (1.7265358309427894,0.0000000000000000)
   1.5707963267948966        0.0000000000000000     
       (0.99999999999999845,-2.77555756156289332E-016)
   3.1415926535897931        0.0000000000000000     
        (0.27346416905721471,3.86038734257234932E-031)
   1.0000000000000000                1           4
               (0.0000000000000000,0.0000000000000000)
  -1.5707963267948966        0.0000000000000000     
        (0.99999999999999833,4.99600361081320640E-016)
   0.0000000000000000        0.0000000000000000     
               (1.7146099337462160,0.0000000000000000)
   1.5707963267948966        0.0000000000000000     
       (0.99999999999999833,-4.99600361081320640E-016)
   3.1415926535897931        0.0000000000000000     
        (0.28539006625378804,3.88531107011911707E-031)
   1.0000000000000000                1           4
               (0.0000000000000000,0.0000000000000000)
  -1.5707963267948966        0.0000000000000000     
        (0.99999999999999856,5.55111512312579996E-017)
   0.0000000000000000        0.0000000000000000     
               (1.7145530169631751,0.0000000000000000)
   1.5707963267948966        0.0000000000000000     
       (0.99999999999999856,-5.55111512312579996E-017)
   3.1415926535897931        0.0000000000000000     
        (0.28544698303682764,3.42518177764647925E-031)
   1.0000000000000000                1           4
               (0.0000000000000000,0.0000000000000000)
  -1.5707963267948966        0.0000000000000000     
        (0.99999999999999867,8.32667268468867603E-016)
   0.0000000000000000        0.0000000000000000     
               (1.7049150873763879,0.0000000000000000)
   1.5707963267948966        0.0000000000000000     
       (0.99999999999999867,-8.32667268468867603E-016)
   3.1415926535897931        0.0000000000000000     
        (0.29508491262361569,2.67066224678910199E-031)
   1.0000000000000000                1           4
               (0.0000000000000000,0.0000000000000000)
  -1.5707963267948966        0.0000000000000000     
        (0.99999999999999867,5.55111512312580242E-017)
   0.0000000000000000        0.0000000000000000     
               (1.7095432744078796,0.0000000000000000)
   1.5707963267948966        0.0000000000000000     
       (0.99999999999999867,-5.55111512312580242E-017)
   3.1415926535897931        0.0000000000000000     
        (0.29045672559212393,3.79046064907541902E-031)
   1.0000000000000000                1           4
               (0.0000000000000000,0.0000000000000000)
  -1.5707963267948966        0.0000000000000000     
       (0.99999999999999833,-1.66533453693773284E-016)
   0.0000000000000000        0.0000000000000000     
               (1.7145252848764752,0.0000000000000000)
   1.5707963267948966        0.0000000000000000     
        (0.99999999999999833,1.66533453693773284E-016)
   3.1415926535897931        0.0000000000000000     
        (0.28547471512352846,4.33169446947208567E-031)
   1.0000000000000000                1           4
               (0.0000000000000000,0.0000000000000000)
  -1.5707963267948966        0.0000000000000000     
       (0.99999999999999856,-8.88178419700125035E-016)
   0.0000000000000000        0.0000000000000000     
               (1.7276871386633059,0.0000000000000000)
   1.5707963267948966        0.0000000000000000     
        (0.99999999999999856,8.88178419700125035E-016)
   3.1415926535897931        0.0000000000000000     
        (0.27231286133669802,5.24985305521639923E-031)
   1.0000000000000000                1           4
               (0.0000000000000000,0.0000000000000000)
  -1.5707963267948966        0.0000000000000000     
       (0.99999999999999856,-7.21644966006351554E-016)
   0.0000000000000000        0.0000000000000000     
               (1.7193215861046276,0.0000000000000000)
   1.5707963267948966        0.0000000000000000     
        (0.99999999999999856,7.21644966006351554E-016)
   3.1415926535897931        0.0000000000000000     
        (0.28067841389537584,4.86363043945547998E-031)
   1.0000000000000000                1           4
               (0.0000000000000000,0.0000000000000000)
  -1.5707963267948966        0.0000000000000000     
       (0.99999999999999867,-5.55111512312578073E-016)
   0.0000000000000000        0.0000000000000000     
               (1.7182666067671331,0.0000000000000000)
   1.5707963267948966        0.0000000000000000     
        (0.99999999999999867,5.55111512312578073E-016)
   3.1415926535897931        0.0000000000000000     
        (0.28173339323287033,4.39755698117854879E-031)
   1.0000000000000000                1           4
               (0.0000000000000000,0.0000000000000000)
  -1.5707963267948966        0.0000000000000000     
       (0.99999999999999856,-5.55111512312576545E-017)
   0.0000000000000000        0.0000000000000000     
               (1.7197047721230461,0.0000000000000000)
   1.5707963267948966        0.0000000000000000     
        (0.99999999999999856,5.55111512312576545E-017)
   3.1415926535897931        0.0000000000000000     
        (0.28029522787695677,3.53428026316801485E-031)
   1.0000000000000000                1           4
               (0.0000000000000000,0.0000000000000000)
  -1.5707963267948966        0.0000000000000000     
       (0.99999999999999889,-2.77555756156288987E-016)
   0.0000000000000000        0.0000000000000000     
               (1.7268132475344791,0.0000000000000000)
   1.5707963267948966        0.0000000000000000     
        (0.99999999999999889,2.77555756156288987E-016)
   3.1415926535897931        0.0000000000000000     
        (0.27318675246552387,3.52478530957244743E-031)
   1.0000000000000000                1           4
               (0.0000000000000000,0.0000000000000000)
  -1.5707963267948966        0.0000000000000000     
       (0.99999999999999889,-2.22044604925031160E-016)
   0.0000000000000000        0.0000000000000000     
               (1.7046772255027389,0.0000000000000000)
   1.5707963267948966        0.0000000000000000     
        (0.99999999999999889,2.22044604925031160E-016)
   3.1415926535897931        0.0000000000000000     
        (0.29532277449726418,3.50190733855527679E-031)
   1.0000000000000000                1           4
               (0.0000000000000000,0.0000000000000000)
  -1.5707963267948966        0.0000000000000000     
        (0.99999999999999878,1.76340577698607124E-031)
   0.0000000000000000        0.0000000000000000     
               (1.7213935577728436,0.0000000000000000)
   1.5707963267948966        0.0000000000000000     
       (0.99999999999999878,-1.76340577698607124E-031)
   3.1415926535897931        0.0000000000000000     
        (0.27860644222715958,3.52681155397214248E-031)
   1.0000000000000000                1           4
               (0.0000000000000000,0.0000000000000000)
  -1.5707963267948966        0.0000000000000000     
        (0.99999999999999833,6.10622663543836294E-016)
   0.0000000000000000        0.0000000000000000     
               (1.7050411591352395,0.0000000000000000)
   1.5707963267948966        0.0000000000000000     
       (0.99999999999999833,-6.10622663543836294E-016)
   3.1415926535897931        0.0000000000000000     
        (0.29495884086476359,3.24670092850545447E-031)
   1.0000000000000000                1           4
               (0.0000000000000000,0.0000000000000000)
  -1.5707963267948966        0.0000000000000000     
       (0.99999999999999889,-1.11022302462515494E-016)
   0.0000000000000000        0.0000000000000000     
               (1.7062957511089119,0.0000000000000000)
   1.5707963267948966        0.0000000000000000     
        (0.99999999999999889,1.11022302462515494E-016)
   3.1415926535897931        0.0000000000000000     
        (0.29370424889109120,3.43259106154994157E-031)
   1.0000000000000000                1           4
               (0.0000000000000000,0.0000000000000000)
  -1.5707963267948966        0.0000000000000000     
        (0.99999999999999867,4.99600361081320640E-016)
   0.0000000000000000        0.0000000000000000     
               (1.7183819641652853,0.0000000000000000)
   1.5707963267948966        0.0000000000000000     
       (0.99999999999999867,-4.99600361081320640E-016)
   3.1415926535897931        0.0000000000000000     
        (0.28161803583471845,3.29856007527524665E-031)
   1.0000000000000000                1           4
               (0.0000000000000000,0.0000000000000000)
  -1.5707963267948966        0.0000000000000000     
        (0.99999999999999856,6.10622663543836294E-016)
   0.0000000000000000        0.0000000000000000     
               (1.7184048010829873,0.0000000000000000)
   1.5707963267948966        0.0000000000000000     
       (0.99999999999999856,-6.10622663543836294E-016)
   3.1415926535897931        0.0000000000000000     
        (0.28159519891701634,3.29864894669157744E-031)
   1.0000000000000000                1           4
               (0.0000000000000000,0.0000000000000000)
  -1.5707963267948966        0.0000000000000000     
       (0.99999999999999856,-7.21644966006351554E-016)
   0.0000000000000000        0.0000000000000000     
               (1.7277074811009603,0.0000000000000000)
   1.5707963267948966        0.0000000000000000     
        (0.99999999999999856,7.21644966006351554E-016)
   3.1415926535897931        0.0000000000000000     
        (0.27229251889904366,4.98258051759916722E-031)
   1.0000000000000000                1           4
               (0.0000000000000000,0.0000000000000000)
  -1.5707963267948966        0.0000000000000000     
        (0.99999999999999867,2.77555756156289332E-016)
   0.0000000000000000        0.0000000000000000     
               (1.7252962464364956,0.0000000000000000)
   1.5707963267948966        0.0000000000000000     
       (0.99999999999999867,-2.77555756156289332E-016)
   3.1415926535897931        0.0000000000000000     
        (0.27470375356350796,3.48942729435659946E-031)
   1.0000000000000000                1           4
               (0.0000000000000000,0.0000000000000000)
  -1.5707963267948966        0.0000000000000000     
        (0.99999999999999811,5.55111512312578467E-016)
   0.0000000000000000        0.0000000000000000     
               (1.7140565433811470,0.0000000000000000)
   1.5707963267948966        0.0000000000000000     
       (0.99999999999999811,-5.55111512312578467E-016)
   3.1415926535897931        0.0000000000000000     
        (0.28594345661885651,3.81579840973084363E-031)
   1.0000000000000000                1           4
               (0.0000000000000000,0.0000000000000000)
  -1.5707963267948966        0.0000000000000000     
       (0.99999999999999845,-1.05471187339389852E-015)
   0.0000000000000000        0.0000000000000000     
               (1.7180979811237722,0.0000000000000000)
   1.5707963267948966        0.0000000000000000     
        (0.99999999999999845,1.05471187339389852E-015)
   3.1415926535897931        0.0000000000000000     
        (0.28190201887623173,5.72686222814361803E-031)
   1.0000000000000000                1           4
               (0.0000000000000000,0.0000000000000000)
  -1.5707963267948966        0.0000000000000000     
        (0.99999999999999867,5.55111512312578467E-016)
   0.0000000000000000        0.0000000000000000     
               (1.7080103417276478,0.0000000000000000)
   1.5707963267948966        0.0000000000000000     
       (0.99999999999999867,-5.55111512312578467E-016)
   3.1415926535897931        0.0000000000000000     
        (0.29198965827235573,3.15131545628712398E-031)
   1.0000000000000000                1           4
               (0.0000000000000000,0.0000000000000000)
  -1.5707963267948966        0.0000000000000000     
        (0.99999999999999867,3.33066907387547159E-016)
   0.0000000000000000        0.0000000000000000     
               (1.7048648854520099,0.0000000000000000)
   1.5707963267948966        0.0000000000000000     
       (0.99999999999999867,-3.33066907387547159E-016)
   3.1415926535897931        0.0000000000000000     
        (0.29513511454799357,3.35368680538409204E-031)
   1.0000000000000000                1           4
               (0.0000000000000000,0.0000000000000000)
  -1.5707963267948966        0.0000000000000000     
       (0.99999999999999867,-1.05471187339389852E-015)
   0.0000000000000000        0.0000000000000000     
               (1.7216811333219855,0.0000000000000000)
   1.5707963267948966        0.0000000000000000     
        (0.99999999999999867,1.05471187339389852E-015)
   3.1415926535897931        0.0000000000000000     
        (0.27831886667801814,5.21693977406113915E-031)
   1.0000000000000000                1           4
               (0.0000000000000000,0.0000000000000000)
  -1.5707963267948966        0.0000000000000000     
        (0.99999999999999867,6.66133814775094121E-016)
   0.0000000000000000        0.0000000000000000     
               (1.7153824091505332,0.0000000000000000)
   1.5707963267948966        0.0000000000000000     
       (0.99999999999999867,-6.66133814775094121E-016)
   3.1415926535897931        0.0000000000000000     
        (0.28461759084947014,2.98532501560179371E-031)
   1.0000000000000000                1           4
               (0.0000000000000000,0.0000000000000000)
  -1.5707963267948966        0.0000000000000000     
        (0.99999999999999867,3.33066907387547159E-016)
   0.0000000000000000        0.0000000000000000     
               (1.7282981199951157,0.0000000000000000)
   1.5707963267948966        0.0000000000000000     
       (0.99999999999999867,-3.33066907387547159E-016)
   3.1415926535897931        0.0000000000000000     
        (0.27170188000488776,3.48746106834621038E-031)
   1.0000000000000000                1           4
               (0.0000000000000000,0.0000000000000000)
  -1.5707963267948966        0.0000000000000000     
        (0.99999999999999867,1.94281174593396959E-031)
   0.0000000000000000        0.0000000000000000     
               (1.7054949230973850,0.0000000000000000)
   1.5707963267948966        0.0000000000000000     
       (0.99999999999999867,-1.94281174593396959E-031)
   3.1415926535897931        0.0000000000000000     
        (0.29450507690261862,3.88562349186793917E-031)
   1.0000000000000000                1           4
               (0.0000000000000000,0.0000000000000000)
  -1.5707963267948966        0.0000000000000000     
       (0.99999999999999878,-2.22044604925031136E-016)
   0.0000000000000000        0.0000000000000000     
               (1.7190842807842879,0.0000000000000000)
   1.5707963267948966        0.0000000000000000     
        (0.99999999999999878,2.22044604925031136E-016)
   3.1415926535897931        0.0000000000000000     
        (0.28091571921571556,3.71712837016702783E-031)
   1.0000000000000000                1           4
               (0.0000000000000000,0.0000000000000000)
  -1.5707963267948966        0.0000000000000000     
       (0.99999999999999878,-1.66533453693773309E-016)
   0.0000000000000000        0.0000000000000000     
               (1.7199146101855687,0.0000000000000000)
   1.5707963267948966        0.0000000000000000     
        (0.99999999999999878,1.66533453693773309E-016)
   3.1415926535897931        0.0000000000000000     
        (0.28008538981443470,3.80288611619513743E-031)
   1.0000000000000000                1           4
               (0.0000000000000000,0.0000000000000000)
  -1.5707963267948966        0.0000000000000000     
       (0.99999999999999833,-5.55111512312578073E-016)
   0.0000000000000000        0.0000000000000000     
               (1.7030439872369532,0.0000000000000000)
   1.5707963267948966        0.0000000000000000     
        (0.99999999999999833,5.55111512312578073E-016)
   3.1415926535897931        0.0000000000000000     
        (0.29695601276304995,4.64798241603280493E-031)
   1.0000000000000000                1           4
               (0.0000000000000000,0.0000000000000000)
  -1.5707963267948966        0.0000000000000000     
        (0.99999999999999845,1.55431223447521935E-015)
   0.0000000000000000        0.0000000000000000     
               (1.7246516377979582,0.0000000000000000)
   1.5707963267948966        0.0000000000000000     
       (0.99999999999999845,-1.55431223447521935E-015)
   3.1415926535897931        0.0000000000000000     
        (0.27534836220204489,1.86940822616709058E-031)
   1.0000000000000000                1           4
               (0.0000000000000000,0.0000000000000000)
  -1.5707963267948966        0.0000000000000000     
       (0.99999999999999845,-3.88578058618804592E-016)
   0.0000000000000000        0.0000000000000000     
               (1.7152160730806061,0.0000000000000000)
   1.5707963267948966        0.0000000000000000     
        (0.99999999999999845,3.88578058618804592E-016)
   3.1415926535897931        0.0000000000000000     
        (0.28478392691939691,4.24586550864836802E-031)
   1.0000000000000000                1           4
               (0.0000000000000000,0.0000000000000000)
  -1.5707963267948966        0.0000000000000000     
       (0.99999999999999878,-1.11022302462515469E-016)
   0.0000000000000000        0.0000000000000000     
               (1.7260887933643645,0.0000000000000000)
   1.5707963267948966        0.0000000000000000     
        (0.99999999999999878,1.11022302462515469E-016)
   3.1415926535897931        0.0000000000000000     
        (0.27391120663563895,3.73070076962949640E-031)
   1.0000000000000000                1           4
               (0.0000000000000000,0.0000000000000000)
  -1.5707963267948966        0.0000000000000000     
       (0.99999999999999856,-5.55111512312576545E-017)
   0.0000000000000000        0.0000000000000000     
               (1.7309221395564278,0.0000000000000000)
   1.5707963267948966        0.0000000000000000     
        (0.99999999999999856,5.55111512312576545E-017)
   3.1415926535897931        0.0000000000000000     
        (0.26907786044357507,3.57124491028010408E-031)
   1.0000000000000000                1           4
               (0.0000000000000000,0.0000000000000000)
  -1.5707963267948966        0.0000000000000000     
       (0.99999999999999856,-9.43689570931382862E-016)
   0.0000000000000000        0.0000000000000000     
               (1.7331350957800598,0.0000000000000000)
   1.5707963267948966        0.0000000000000000     
        (0.99999999999999856,9.43689570931382862E-016)
   3.1415926535897931        0.0000000000000000     
        (0.26686490421994402,5.27240058903534066E-031)
   1.0000000000000000                1           4
               (0.0000000000000000,0.0000000000000000)
  -1.5707963267948966        0.0000000000000000     
        (0.99999999999999878,2.22044604925031505E-016)
   0.0000000000000000        0.0000000000000000     
               (1.7356212351536404,0.0000000000000000)
   1.5707963267948966        0.0000000000000000     
       (0.99999999999999878,-2.22044604925031505E-016)
   3.1415926535897931        0.0000000000000000     
        (0.26437876484636308,3.32188370554505353E-031)
   1.0000000000000000                1           4
               (0.0000000000000000,0.0000000000000000)
  -1.5707963267948966        0.0000000000000000     
        (0.99999999999999867,4.99600361081320640E-016)
   0.0000000000000000        0.0000000000000000     
               (1.7125923739530218,0.0000000000000000)
   1.5707963267948966        0.0000000000000000     
       (0.99999999999999867,-4.99600361081320640E-016)
   3.1415926535897931        0.0000000000000000     
        (0.28740762604698178,3.18225753981498563E-031)
   1.0000000000000000                1           4
               (0.0000000000000000,0.0000000000000000)
  -1.5707963267948966        0.0000000000000000     
        (0.99999999999999856,3.88578058618804986E-016)
   0.0000000000000000        0.0000000000000000     
               (1.7324012799462263,0.0000000000000000)
   1.5707963267948966        0.0000000000000000     
       (0.99999999999999856,-3.88578058618804986E-016)
   3.1415926535897931        0.0000000000000000     
        (0.26759872005377672,3.07628435982155439E-031)
   1.0000000000000000                1           4
               (0.0000000000000000,0.0000000000000000)
  -1.5707963267948966        0.0000000000000000     
        (0.99999999999999856,7.77156117237609776E-016)
   0.0000000000000000        0.0000000000000000     
               (1.7213775235702100,0.0000000000000000)
   1.5707963267948966        0.0000000000000000     
       (0.99999999999999856,-7.77156117237609776E-016)
   3.1415926535897931        0.0000000000000000     
        (0.27862247642979371,3.01201326754086422E-031)
   1.0000000000000000                1           4
               (0.0000000000000000,0.0000000000000000)
  -1.5707963267948966        0.0000000000000000     
        (0.99999999999999867,1.33226762955018805E-015)
   0.0000000000000000        0.0000000000000000     
               (1.7243767832677432,0.0000000000000000)
   1.5707963267948966        0.0000000000000000     
       (0.99999999999999867,-1.33226762955018805E-015)
   3.1415926535897931        0.0000000000000000     
        (0.27562321673226026,2.10957659303707368E-031)
   1.0000000000000000                1           4
               (0.0000000000000000,0.0000000000000000)
  -1.5707963267948966        0.0000000000000000     
        (0.99999999999999900,9.99200722162641084E-016)
   0.0000000000000000        0.0000000000000000     
               (1.7237734981637125,0.0000000000000000)
   1.5707963267948966        0.0000000000000000     
       (0.99999999999999900,-9.99200722162641084E-016)
   3.1415926535897931        0.0000000000000000     
        (0.27622650183629061,1.84437946396485938E-031)
   1.0000000000000000                1           4
               (0.0000000000000000,0.0000000000000000)
  -1.5707963267948966        0.0000000000000000     
        (0.99999999999999878,5.55111512312579749E-017)
   0.0000000000000000        0.0000000000000000     
               (1.7313357080830138,0.0000000000000000)
   1.5707963267948966        0.0000000000000000     
       (0.99999999999999878,-5.55111512312579749E-017)
   3.1415926535897931        0.0000000000000000     
        (0.26866429191698837,2.92362312530637639E-031)
   1.0000000000000000                1           4
               (0.0000000000000000,0.0000000000000000)
  -1.5707963267948966        0.0000000000000000     
       (0.99999999999999867,-6.10622663543835900E-016)
   0.0000000000000000        0.0000000000000000     
               (1.7304969423105028,0.0000000000000000)
   1.5707963267948966        0.0000000000000000     
        (0.99999999999999867,6.10622663543835900E-016)
   3.1415926535897931        0.0000000000000000     
        (0.26950305768950100,4.69675375350654116E-031)
   1.0000000000000000                1           4
               (0.0000000000000000,0.0000000000000000)
  -1.5707963267948966        0.0000000000000000     
        (0.99999999999999856,5.55111512312580366E-017)
   0.0000000000000000        0.0000000000000000     
               (1.7395730010640056,0.0000000000000000)
   1.5707963267948966        0.0000000000000000     
       (0.99999999999999856,-5.55111512312580366E-017)
   3.1415926535897931        0.0000000000000000     
        (0.26042699893599847,4.04140551893392278E-031)
   1.0000000000000000                1           4
               (0.0000000000000000,0.0000000000000000)
  -1.5707963267948966        0.0000000000000000     
        (0.99999999999999878,3.88578058618804986E-016)
   0.0000000000000000        0.0000000000000000     
               (1.7183766181283135,0.0000000000000000)
   1.5707963267948966        0.0000000000000000     
       (0.99999999999999878,-3.88578058618804986E-016)
   3.1415926535897931        0.0000000000000000     
        (0.28162338187168973,3.01930204942819642E-031)
   1.0000000000000000                1           4
               (0.0000000000000000,0.0000000000000000)
  -1.5707963267948966        0.0000000000000000     
        (0.99999999999999900,1.22124532708767239E-015)
   0.0000000000000000        0.0000000000000000     
               (1.7174051936428874,0.0000000000000000)
   1.5707963267948966        0.0000000000000000     
       (0.99999999999999900,-1.22124532708767239E-015)
   3.1415926535897931        0.0000000000000000     
        (0.28259480635711565,1.57072625576139066E-031)
   1.0000000000000000                1           4
               (0.0000000000000000,0.0000000000000000)
  -1.5707963267948966        0.0000000000000000     
        (0.99999999999999856,4.44089209850062813E-016)
   0.0000000000000000        0.0000000000000000     
               (1.7055107585706339,0.0000000000000000)
   1.5707963267948966        0.0000000000000000     
       (0.99999999999999856,-4.44089209850062813E-016)
   3.1415926535897931        0.0000000000000000     
        (0.29448924142936989,3.56104300108969734E-031)
   1.0000000000000000                1           4
               (0.0000000000000000,0.0000000000000000)
  -1.5707963267948966        0.0000000000000000     
       (0.99999999999999878,-6.10622663543835900E-016)
   0.0000000000000000        0.0000000000000000     
               (1.7246078464809791,0.0000000000000000)
   1.5707963267948966        0.0000000000000000     
        (0.99999999999999878,6.10622663543835900E-016)
   3.1415926535897931        0.0000000000000000     
        (0.27539215351902457,4.36646033045285908E-031)
   1.0000000000000000                1           4
               (0.0000000000000000,0.0000000000000000)
  -1.5707963267948966        0.0000000000000000     
        (0.99999999999999889,1.67572066546666204E-031)
   0.0000000000000000        0.0000000000000000     
               (1.7143629782621861,0.0000000000000000)
   1.5707963267948966        0.0000000000000000     
       (0.99999999999999889,-1.67572066546666204E-031)
   3.1415926535897931        0.0000000000000000     
        (0.28563702173781708,3.35144133093332408E-031)
   1.0000000000000000                1           4
               (0.0000000000000000,0.0000000000000000)
  -1.5707963267948966        0.0000000000000000     
       (0.99999999999999889,-2.77555756156288987E-016)
   0.0000000000000000        0.0000000000000000     
               (1.7086434520900782,0.0000000000000000)
   1.5707963267948966        0.0000000000000000     
        (0.99999999999999889,2.77555756156288987E-016)
   3.1415926535897931        0.0000000000000000     
        (0.29135654790992505,3.62558966428165611E-031)
   1.0000000000000000                1           4
               (0.0000000000000000,0.0000000000000000)
  -1.5707963267948966        0.0000000000000000     
        (0.99999999999999856,4.99600361081320640E-016)
   0.0000000000000000        0.0000000000000000     
               (1.7348407067420393,0.0000000000000000)
   1.5707963267948966        0.0000000000000000     
       (0.99999999999999856,-4.99600361081320640E-016)
   3.1415926535897931        0.0000000000000000     
        (0.26515929325796428,3.34642764053766120E-031)
   1.0000000000000000                1           4
               (0.0000000000000000,0.0000000000000000)
  -1.5707963267948966        0.0000000000000000     
        (0.99999999999999833,3.33066907387547159E-016)
   0.0000000000000000        0.0000000000000000     
               (1.7257969489974112,0.0000000000000000)
   1.5707963267948966        0.0000000000000000     
       (0.99999999999999833,-3.33066907387547159E-016)
   3.1415926535897931        0.0000000000000000     
        (0.27420305100259212,3.62385261007108477E-031)
   1.0000000000000000                1           4
               (0.0000000000000000,0.0000000000000000)
  -1.5707963267948966        0.0000000000000000     
        (0.99999999999999878,5.55111512312579996E-017)
   0.0000000000000000        0.0000000000000000     
               (1.7186715161928776,0.0000000000000000)
   1.5707963267948966        0.0000000000000000     
       (0.99999999999999878,-5.55111512312579996E-017)
   3.1415926535897931        0.0000000000000000     
        (0.28132848380712572,3.38429668166303589E-031)
   1.0000000000000000                1           4
               (0.0000000000000000,0.0000000000000000)
  -1.5707963267948966        0.0000000000000000     
       (0.99999999999999856,-3.33066907387546765E-016)
   0.0000000000000000        0.0000000000000000     
               (1.7261781172708053,0.0000000000000000)
   1.5707963267948966        0.0000000000000000     
        (0.99999999999999856,3.33066907387546765E-016)
   3.1415926535897931        0.0000000000000000     
        (0.27382188272919855,4.46316523253104210E-031)
   1.0000000000000000                1           4
               (0.0000000000000000,0.0000000000000000)
  -1.5707963267948966        0.0000000000000000     
        (0.99999999999999867,6.10622663543836294E-016)
   0.0000000000000000        0.0000000000000000     
               (1.7275064025245397,0.0000000000000000)
   1.5707963267948966        0.0000000000000000     
       (0.99999999999999867,-6.10622663543836294E-016)
   3.1415926535897931        0.0000000000000000     
        (0.27249359747546392,3.05616691973928500E-031)
   1.0000000000000000                1           4
               (0.0000000000000000,0.0000000000000000)
  -1.5707963267948966        0.0000000000000000     
        (0.99999999999999867,5.55111512312579996E-017)
   0.0000000000000000        0.0000000000000000     
               (1.7219976197755389,0.0000000000000000)
   1.5707963267948966        0.0000000000000000     
       (0.99999999999999867,-5.55111512312579996E-017)
   3.1415926535897931        0.0000000000000000     
        (0.27800238022446372,3.31725568290415823E-031)
   1.0000000000000000                1           4
               (0.0000000000000000,0.0000000000000000)
  -1.5707963267948966        0.0000000000000000     
        (0.99999999999999867,3.88578058618804986E-016)
   0.0000000000000000        0.0000000000000000     
               (1.7239384308397274,0.0000000000000000)
   1.5707963267948966        0.0000000000000000     
       (0.99999999999999867,-3.88578058618804986E-016)
   3.1415926535897931        0.0000000000000000     
        (0.27606156916027613,3.29091073002510524E-031)
   1.0000000000000000                1           4
               (0.0000000000000000,0.0000000000000000)
  -1.5707963267948966        0.0000000000000000     
        (0.99999999999999878,3.33066907387547159E-016)
   0.0000000000000000        0.0000000000000000     
               (1.7092138374798578,0.0000000000000000)
   1.5707963267948966        0.0000000000000000     
       (0.99999999999999878,-3.33066907387547159E-016)
   3.1415926535897931        0.0000000000000000     
        (0.29078616252014555,3.16909846652907777E-031)
   1.0000000000000000                1           4
               (0.0000000000000000,0.0000000000000000)
  -1.5707963267948966        0.0000000000000000     
       (0.99999999999999856,-6.66133814775093727E-016)
   0.0000000000000000        0.0000000000000000     
               (1.7173341475505433,0.0000000000000000)
   1.5707963267948966        0.0000000000000000     
        (0.99999999999999856,6.66133814775093727E-016)
   3.1415926535897931        0.0000000000000000     
        (0.28266585244946013,4.81869162063707477E-031)
   1.0000000000000000                1           4
               (0.0000000000000000,0.0000000000000000)
  -1.5707963267948966        0.0000000000000000     
       (0.99999999999999867,-2.77555756156288938E-016)
   0.0000000000000000        0.0000000000000000     
               (1.7256139515080149,0.0000000000000000)
   1.5707963267948966        0.0000000000000000     
        (0.99999999999999867,2.77555756156288938E-016)
   3.1415926535897931        0.0000000000000000     
        (0.27438604849198878,4.16304737947441664E-031)
   1.0000000000000000                1           4
               (0.0000000000000000,0.0000000000000000)
  -1.5707963267948966        0.0000000000000000     
        (0.99999999999999867,2.77555756156289332E-016)
   0.0000000000000000        0.0000000000000000     
               (1.7286087333934876,0.0000000000000000)
   1.5707963267948966        0.0000000000000000     
       (0.99999999999999867,-2.77555756156289332E-016)
   3.1415926535897931        0.0000000000000000     
        (0.27139126660651591,3.55510805459260034E-031)
   1.0000000000000000                1           4
               (0.0000000000000000,0.0000000000000000)
  -1.5707963267948966        0.0000000000000000     
        (0.99999999999999900,5.55111512312579873E-017)
   0.0000000000000000        0.0000000000000000     
               (1.7152592092752008,0.0000000000000000)
   1.5707963267948966        0.0000000000000000     
       (0.99999999999999900,-5.55111512312579873E-017)
   3.1415926535897931        0.0000000000000000     
        (0.28474079072480218,3.02863875978210028E-031)
   1.0000000000000000                1           4
               (0.0000000000000000,0.0000000000000000)
  -1.5707963267948966        0.0000000000000000     
        (0.99999999999999878,1.66533453693773654E-016)
   0.0000000000000000        0.0000000000000000     
               (1.7220797354309352,0.0000000000000000)
   1.5707963267948966        0.0000000000000000     
       (0.99999999999999878,-1.66533453693773654E-016)
   3.1415926535897931        0.0000000000000000     
        (0.27792026456906832,3.32852277116880527E-031)
   1.0000000000000000                1           4
               (0.0000000000000000,0.0000000000000000)
  -1.5707963267948966        0.0000000000000000     
        (0.99999999999999867,5.55111512312578467E-016)
   0.0000000000000000        0.0000000000000000     
               (1.7105090535023684,0.0000000000000000)
   1.5707963267948966        0.0000000000000000     
       (0.99999999999999867,-5.55111512312578467E-016)
   3.1415926535897931        0.0000000000000000     
        (0.28949094649763513,3.11415630340853484E-031)
   1.0000000000000000                1           4
               (0.0000000000000000,0.0000000000000000)
  -1.5707963267948966        0.0000000000000000     
        (0.99999999999999845,2.22044604925031505E-016)
   0.0000000000000000        0.0000000000000000     
               (1.7197118813330463,0.0000000000000000)
   1.5707963267948966        0.0000000000000000     
       (0.99999999999999845,-2.22044604925031505E-016)
   3.1415926535897931        0.0000000000000000     
        (0.28028811866695774,4.02572957621349594E-031)
   1.0000000000000000                1           4
               (0.0000000000000000,0.0000000000000000)
  -1.5707963267948966        0.0000000000000000     
        (0.99999999999999856,5.55111512312579996E-017)
   0.0000000000000000        0.0000000000000000     
               (1.7323890744701576,0.0000000000000000)
   1.5707963267948966        0.0000000000000000     
       (0.99999999999999856,-5.55111512312579996E-017)
   3.1415926535897931        0.0000000000000000     
        (0.26761092552984522,3.40874132092996827E-031)
   1.0000000000000000                1           4
               (0.0000000000000000,0.0000000000000000)
  -1.5707963267948966        0.0000000000000000     
       (0.99999999999999867,-6.66133814775093727E-016)
   0.0000000000000000        0.0000000000000000     
               (1.7199884485296357,0.0000000000000000)
   1.5707963267948966        0.0000000000000000     
        (0.99999999999999867,6.66133814775093727E-016)
   3.1415926535897931        0.0000000000000000     
        (0.28001155147036788,4.78771284613501012E-031)
   1.0000000000000000                1           4
               (0.0000000000000000,0.0000000000000000)
  -1.5707963267948966        0.0000000000000000     
        (0.99999999999999833,1.66533453693773678E-016)
   0.0000000000000000        0.0000000000000000     
               (1.7292925754472903,0.0000000000000000)
   1.5707963267948966        0.0000000000000000     
       (0.99999999999999833,-1.66533453693773678E-016)
   3.1415926535897931        0.0000000000000000     
        (0.27070742455271302,3.93876969120698821E-031)
   1.0000000000000000                1           4
               (0.0000000000000000,0.0000000000000000)
  -1.5707963267948966        0.0000000000000000     
        (0.99999999999999856,4.44089209850062813E-016)
   0.0000000000000000        0.0000000000000000     
               (1.7261510891422929,0.0000000000000000)
   1.5707963267948966        0.0000000000000000     
       (0.99999999999999856,-4.44089209850062813E-016)
   3.1415926535897931        0.0000000000000000     
        (0.27384891085770985,2.95702689671091540E-031)
   1.0000000000000000                1           4
               (0.0000000000000000,0.0000000000000000)
  -1.5707963267948966        0.0000000000000000     
        (0.99999999999999856,3.88578058618804986E-016)
   0.0000000000000000        0.0000000000000000     
               (1.7168173253004904,0.0000000000000000)
   1.5707963267948966        0.0000000000000000     
       (0.99999999999999856,-3.88578058618804986E-016)
   3.1415926535897931        0.0000000000000000     
        (0.28318267469951236,2.95969416665574272E-031)
   1.0000000000000000                1           4
               (0.0000000000000000,0.0000000000000000)
  -1.5707963267948966        0.0000000000000000     
        (0.99999999999999867,1.11022302462515851E-016)
   0.0000000000000000        0.0000000000000000     
               (1.7070228176518969,0.0000000000000000)
   1.5707963267948966        0.0000000000000000     
       (0.99999999999999867,-1.11022302462515851E-016)
   3.1415926535897931        0.0000000000000000     
        (0.29297718234810677,3.67623812356651257E-031)
   1.0000000000000000                1           4
               (0.0000000000000000,0.0000000000000000)
  -1.5707963267948966        0.0000000000000000     
       (0.99999999999999867,-2.22044604925031111E-016)
   0.0000000000000000        0.0000000000000000     
               (1.7087194842456077,0.0000000000000000)
   1.5707963267948966        0.0000000000000000     
        (0.99999999999999867,2.22044604925031111E-016)
   3.1415926535897931        0.0000000000000000     
        (0.29128051575439590,3.99401240453861948E-031)
   1.0000000000000000                1           4
               (0.0000000000000000,0.0000000000000000)
  -1.5707963267948966        0.0000000000000000     
       (0.99999999999999856,-5.55111512312576236E-017)
   0.0000000000000000        0.0000000000000000     
               (1.7337875041007447,0.0000000000000000)
   1.5707963267948966        0.0000000000000000     
        (0.99999999999999856,5.55111512312576236E-017)
   3.1415926535897931        0.0000000000000000     
        (0.26621249589925899,4.11475667893025264E-031)
   1.0000000000000000                1           4
               (0.0000000000000000,0.0000000000000000)
  -1.5707963267948966        0.0000000000000000     
       (0.99999999999999867,-1.66533453693773284E-016)
   0.0000000000000000        0.0000000000000000     
               (1.7215104862956314,0.0000000000000000)
   1.5707963267948966        0.0000000000000000     
        (0.99999999999999867,1.66533453693773284E-016)
   3.1415926535897931        0.0000000000000000     
        (0.27848951370437197,3.88905719945343745E-031)
   1.0000000000000000                1           4
               (0.0000000000000000,0.0000000000000000)
  -1.5707963267948966        0.0000000000000000     
       (0.99999999999999878,-5.55111512312578073E-016)
   0.0000000000000000        0.0000000000000000     
               (1.7167751776513884,0.0000000000000000)
   1.5707963267948966        0.0000000000000000     
        (0.99999999999999878,5.55111512312578073E-016)
   3.1415926535897931        0.0000000000000000     
        (0.28322482234861462,4.12719670867012231E-031)
   1.0000000000000000                1           4
               (0.0000000000000000,0.0000000000000000)
  -1.5707963267948966        0.0000000000000000     
        (0.99999999999999833,1.11022302462515851E-016)
   0.0000000000000000        0.0000000000000000     
               (1.7216785596117763,0.0000000000000000)
   1.5707963267948966        0.0000000000000000     
       (0.99999999999999833,-1.11022302462515851E-016)
   3.1415926535897931        0.0000000000000000     
        (0.27832144038822726,3.98168698895031913E-031)
   1.0000000000000000                1           4
               (0.0000000000000000,0.0000000000000000)
  -1.5707963267948966        0.0000000000000000     
       (0.99999999999999845,-2.22044604925031111E-016)
   0.0000000000000000        0.0000000000000000     
               (1.7201102017041379,0.0000000000000000)
   1.5707963267948966        0.0000000000000000     
        (0.99999999999999845,2.22044604925031111E-016)
   3.1415926535897931        0.0000000000000000     
        (0.27988979829586513,3.97458656128813789E-031)
   1.0000000000000000                1           4
               (0.0000000000000000,0.0000000000000000)
  -1.5707963267948966        0.0000000000000000     
        (0.99999999999999878,1.80319952432099316E-031)
   0.0000000000000000        0.0000000000000000     
               (1.7188991792386719,0.0000000000000000)
   1.5707963267948966        0.0000000000000000     
       (0.99999999999999878,-1.80319952432099316E-031)
   3.1415926535897931        0.0000000000000000     
        (0.28110082076133164,3.60639904864198632E-031)
   1.0000000000000000                1           4
               (0.0000000000000000,0.0000000000000000)
  -1.5707963267948966        0.0000000000000000     
        (0.99999999999999867,1.95579692186275897E-031)
   0.0000000000000000        0.0000000000000000     
               (1.7136848924752890,0.0000000000000000)
   1.5707963267948966        0.0000000000000000     
       (0.99999999999999867,-1.95579692186275897E-031)
   3.1415926535897931        0.0000000000000000     
        (0.28631510752471467,3.91159384372551795E-031)
   1.0000000000000000                1           4
               (0.0000000000000000,0.0000000000000000)
  -1.5707963267948966        0.0000000000000000     
        (0.99999999999999878,4.44089209850062813E-016)
   0.0000000000000000        0.0000000000000000     
               (1.7197881418070418,0.0000000000000000)
   1.5707963267948966        0.0000000000000000     
       (0.99999999999999878,-4.44089209850062813E-016)
   3.1415926535897931        0.0000000000000000     
        (0.28021185819296135,2.90707529883517073E-031)
   1.0000000000000000                1           4
               (0.0000000000000000,0.0000000000000000)
  -1.5707963267948966        0.0000000000000000     
        (0.99999999999999878,3.33066907387547159E-016)
   0.0000000000000000        0.0000000000000000     
               (1.7345062114998990,0.0000000000000000)
   1.5707963267948966        0.0000000000000000     
       (0.99999999999999878,-3.33066907387547159E-016)
   3.1415926535897931        0.0000000000000000     
        (0.26549378850010436,3.29743473197252655E-031)
   1.0000000000000000                1           4
               (0.0000000000000000,0.0000000000000000)
  -1.5707963267948966        0.0000000000000000     
        (0.99999999999999845,1.11022302462515851E-016)
   0.0000000000000000        0.0000000000000000     
               (1.7049569725797209,0.0000000000000000)
   1.5707963267948966        0.0000000000000000     
       (0.99999999999999845,-1.11022302462515851E-016)
   3.1415926535897931        0.0000000000000000     
        (0.29504302742028232,3.71849837803639487E-031)
   1.0000000000000000                1           4
               (0.0000000000000000,0.0000000000000000)
  -1.5707963267948966        0.0000000000000000     
        (0.99999999999999856,2.22044604925031505E-016)
   0.0000000000000000        0.0000000000000000     
               (1.7274780884185252,0.0000000000000000)
   1.5707963267948966        0.0000000000000000     
       (0.99999999999999856,-2.22044604925031505E-016)
   3.1415926535897931        0.0000000000000000     
        (0.27252191158147837,3.71655468705052230E-031)
   1.0000000000000000                1           4
               (0.0000000000000000,0.0000000000000000)
  -1.5707963267948966        0.0000000000000000     
       (0.99999999999999856,-7.21644966006351554E-016)
   0.0000000000000000        0.0000000000000000     
               (1.7182697103466313,0.0000000000000000)
   1.5707963267948966        0.0000000000000000     
        (0.99999999999999856,7.21644966006351554E-016)
   3.1415926535897931        0.0000000000000000     
        (0.28173028965337232,4.85061326271621964E-031)
   1.0000000000000000                1           4
               (0.0000000000000000,0.0000000000000000)
  -1.5707963267948966        0.0000000000000000     
       (0.99999999999999867,-7.77156117237609381E-016)
   0.0000000000000000        0.0000000000000000     
               (1.7072042666087610,0.0000000000000000)
   1.5707963267948966        0.0000000000000000     
        (0.99999999999999867,7.77156117237609381E-016)
   3.1415926535897931        0.0000000000000000     
        (0.29279573339124271,4.90441908063725346E-031)
   1.0000000000000000                1           4
               (0.0000000000000000,0.0000000000000000)
  -1.5707963267948966        0.0000000000000000     
        (0.99999999999999856,7.77156117237609776E-016)
   0.0000000000000000        0.0000000000000000     
               (1.7187994878897583,0.0000000000000000)
   1.5707963267948966        0.0000000000000000     
       (0.99999999999999856,-7.77156117237609776E-016)
   3.1415926535897931        0.0000000000000000     
        (0.28120051211024472,2.64209687600945862E-031)
   1.0000000000000000                1           4
               (0.0000000000000000,0.0000000000000000)
  -1.5707963267948966        0.0000000000000000     
       (0.99999999999999867,-1.38777878078144548E-015)
   0.0000000000000000        0.0000000000000000     
               (1.7228391777508596,0.0000000000000000)
   1.5707963267948966        0.0000000000000000     
        (0.99999999999999867,1.38777878078144548E-015)
   3.1415926535897931        0.0000000000000000     
        (0.27716082224914401,5.59119635515508838E-031)
   1.0000000000000000                1           4
               (0.0000000000000000,0.0000000000000000)
  -1.5707963267948966        0.0000000000000000     
       (0.99999999999999878,-4.44089209850062419E-016)
   0.0000000000000000        0.0000000000000000     
               (1.7137137523905592,0.0000000000000000)
   1.5707963267948966        0.0000000000000000     
        (0.99999999999999878,4.44089209850062419E-016)
   3.1415926535897931        0.0000000000000000     
        (0.28628624760944421,4.09522781355133973E-031)
   1.0000000000000000                1           4
               (0.0000000000000000,0.0000000000000000)
  -1.5707963267948966        0.0000000000000000     
        (0.99999999999999867,7.21644966006351948E-016)
   0.0000000000000000        0.0000000000000000     
               (1.7278833370156732,0.0000000000000000)
   1.5707963267948966        0.0000000000000000     
       (0.99999999999999867,-7.21644966006351948E-016)
   3.1415926535897931        0.0000000000000000     
        (0.27211666298433040,3.01509466562119540E-031)
   1.0000000000000000                1           4
               (0.0000000000000000,0.0000000000000000)
  -1.5707963267948966        0.0000000000000000     
       (0.99999999999999867,-4.44089209850062419E-016)
   0.0000000000000000        0.0000000000000000     
               (1.7196172982985443,0.0000000000000000)
   1.5707963267948966        0.0000000000000000     
        (0.99999999999999867,4.44089209850062419E-016)
   3.1415926535897931        0.0000000000000000     
        (0.28038270170145929,4.34179153043345883E-031)
   1.0000000000000000                1           4
               (0.0000000000000000,0.0000000000000000)
  -1.5707963267948966        0.0000000000000000     
       (0.99999999999999845,-2.22044604925031111E-016)
   0.0000000000000000        0.0000000000000000     
               (1.7188751355112777,0.0000000000000000)
   1.5707963267948966        0.0000000000000000     
        (0.99999999999999845,2.22044604925031111E-016)
   3.1415926535897931        0.0000000000000000     
        (0.28112486448872542,4.07242191307159494E-031)
   1.0000000000000000                1           4
               (0.0000000000000000,0.0000000000000000)
  -1.5707963267948966        0.0000000000000000     
       (0.99999999999999845,-3.88578058618804592E-016)
   0.0000000000000000        0.0000000000000000     
               (1.7114031698953001,0.0000000000000000)
   1.5707963267948966        0.0000000000000000     
        (0.99999999999999845,3.88578058618804592E-016)
   3.1415926535897931        0.0000000000000000     
        (0.28859683010470288,4.19167452945405495E-031)
   1.0000000000000000                1           4
               (0.0000000000000000,0.0000000000000000)
  -1.5707963267948966        0.0000000000000000     
        (0.99999999999999867,7.77156117237609776E-016)
   0.0000000000000000        0.0000000000000000     
               (1.7217938606907084,0.0000000000000000)
   1.5707963267948966        0.0000000000000000     
       (0.99999999999999867,-7.77156117237609776E-016)
   3.1415926535897931        0.0000000000000000     
        (0.27820613930929522,2.88235222232680047E-031)
   1.0000000000000000                1           4
               (0.0000000000000000,0.0000000000000000)
  -1.5707963267948966        0.0000000000000000     
        (0.99999999999999878,6.10622663543836294E-016)
   0.0000000000000000        0.0000000000000000     
               (1.7079089588324052,0.0000000000000000)
   1.5707963267948966        0.0000000000000000     
       (0.99999999999999878,-6.10622663543836294E-016)
   3.1415926535897931        0.0000000000000000     
        (0.29209104116759804,2.70364954126308723E-031)
   1.0000000000000000                1           4
               (0.0000000000000000,0.0000000000000000)
  -1.5707963267948966        0.0000000000000000     
        (0.99999999999999845,2.22044604925031505E-016)
   0.0000000000000000        0.0000000000000000     
               (1.7214584409346942,0.0000000000000000)
   1.5707963267948966        0.0000000000000000     
       (0.99999999999999845,-2.22044604925031505E-016)
   3.1415926535897931        0.0000000000000000     
        (0.27854155906530886,3.63996724386296409E-031)
   1.0000000000000000                1           4
               (0.0000000000000000,0.0000000000000000)
  -1.5707963267948966        0.0000000000000000     
        (0.99999999999999889,1.69128693533713617E-031)
   0.0000000000000000        0.0000000000000000     
               (1.7221138388424388,0.0000000000000000)
   1.5707963267948966        0.0000000000000000     
       (0.99999999999999889,-1.69128693533713617E-031)
   3.1415926535897931        0.0000000000000000     
        (0.27788616115756432,3.38257387067427234E-031)
   1.0000000000000000                1           4
               (0.0000000000000000,0.0000000000000000)
  -1.5707963267948966        0.0000000000000000     
        (0.99999999999999856,1.11022302462515827E-016)
   0.0000000000000000        0.0000000000000000     
               (1.7305631543046018,0.0000000000000000)
   1.5707963267948966        0.0000000000000000     
       (0.99999999999999856,-1.11022302462515827E-016)
   3.1415926535897931        0.0000000000000000     
        (0.26943684569540099,3.41063682872952474E-031)
   1.0000000000000000                1           4
               (0.0000000000000000,0.0000000000000000)
  -1.5707963267948966        0.0000000000000000     
        (0.99999999999999867,4.99600361081320640E-016)
   0.0000000000000000        0.0000000000000000     
               (1.7314572657632779,0.0000000000000000)
   1.5707963267948966        0.0000000000000000     
       (0.99999999999999867,-4.99600361081320640E-016)
   3.1415926535897931        0.0000000000000000     
        (0.26854273423672570,3.14469549942171356E-031)
   1.0000000000000000                1           4
               (0.0000000000000000,0.0000000000000000)
  -1.5707963267948966        0.0000000000000000     
        (0.99999999999999845,7.21644966006351948E-016)
   0.0000000000000000        0.0000000000000000     
               (1.7320405612304506,0.0000000000000000)
   1.5707963267948966        0.0000000000000000     
       (0.99999999999999845,-7.21644966006351948E-016)
   3.1415926535897931        0.0000000000000000     
        (0.26795943876955325,3.39486163746848881E-031)
   1.0000000000000000                1           4
               (0.0000000000000000,0.0000000000000000)
  -1.5707963267948966        0.0000000000000000     
        (0.99999999999999889,5.55111512312579873E-017)
   0.0000000000000000        0.0000000000000000     
               (1.7105841817302334,0.0000000000000000)
   1.5707963267948966        0.0000000000000000     
       (0.99999999999999889,-5.55111512312579873E-017)
   3.1415926535897931        0.0000000000000000     
        (0.28941581826976981,3.24588408707115275E-031)
   1.0000000000000000                1           4
               (0.0000000000000000,0.0000000000000000)
  -1.5707963267948966        0.0000000000000000     
       (0.99999999999999878,-5.55111512312576483E-017)
   0.0000000000000000        0.0000000000000000     
               (1.7173744444581613,0.0000000000000000)
   1.5707963267948966        0.0000000000000000     
        (0.99999999999999878,5.55111512312576483E-017)
   3.1415926535897931        0.0000000000000000     
        (0.28262555554184193,3.58080438600227967E-031)
   1.0000000000000000                1           4
               (0.0000000000000000,0.0000000000000000)
  -1.5707963267948966        0.0000000000000000     
       (0.99999999999999856,-8.32667268468867208E-016)
   0.0000000000000000        0.0000000000000000     
               (1.7198572271008161,0.0000000000000000)
   1.5707963267948966        0.0000000000000000     
        (0.99999999999999856,8.32667268468867208E-016)
   3.1415926535897931        0.0000000000000000     
        (0.28014277289918754,5.03995224768126454E-031)
   1.0000000000000000                1           4
               (0.0000000000000000,0.0000000000000000)
  -1.5707963267948966        0.0000000000000000     
       (0.99999999999999867,-6.66133814775093727E-016)
   0.0000000000000000        0.0000000000000000     
               (1.7222426592631124,0.0000000000000000)
   1.5707963267948966        0.0000000000000000     
        (0.99999999999999867,6.66133814775093727E-016)
   3.1415926535897931        0.0000000000000000     
        (0.27775734073689129,4.72060169866966202E-031)
   1.0000000000000000                1           4
               (0.0000000000000000,0.0000000000000000)
  -1.5707963267948966        0.0000000000000000     
        (0.99999999999999845,1.11022302462515851E-016)
   0.0000000000000000        0.0000000000000000     
               (1.7111342721671028,0.0000000000000000)
   1.5707963267948966        0.0000000000000000     
       (0.99999999999999845,-1.11022302462515851E-016)
   3.1415926535897931        0.0000000000000000     
        (0.28886572783290021,3.63284588509415307E-031)
   1.0000000000000000                1           4
               (0.0000000000000000,0.0000000000000000)
  -1.5707963267948966        0.0000000000000000     
       (0.99999999999999889,-6.66133814775093727E-016)
   0.0000000000000000        0.0000000000000000     
               (1.7202816468915869,0.0000000000000000)
   1.5707963267948966        0.0000000000000000     
        (0.99999999999999889,6.66133814775093727E-016)
   3.1415926535897931        0.0000000000000000     
        (0.27971835310841614,4.10446992609802563E-031)
   1.0000000000000000                1           4
               (0.0000000000000000,0.0000000000000000)
  -1.5707963267948966        0.0000000000000000     
        (0.99999999999999867,8.88178419700125430E-016)
   0.0000000000000000        0.0000000000000000     
               (1.7201914927502677,0.0000000000000000)
   1.5707963267948966        0.0000000000000000     
       (0.99999999999999867,-8.88178419700125430E-016)
   3.1415926535897931        0.0000000000000000     
        (0.27980850724973588,2.83200921479595182E-031)
   1.0000000000000000                1           4
               (0.0000000000000000,0.0000000000000000)
  -1.5707963267948966        0.0000000000000000     
       (0.99999999999999878,-8.88178419700125035E-016)
   0.0000000000000000        0.0000000000000000     
               (1.7252103338013469,0.0000000000000000)
   1.5707963267948966        0.0000000000000000     
        (0.99999999999999878,8.88178419700125035E-016)
   3.1415926535897931        0.0000000000000000     
        (0.27478966619865630,4.58100282477797802E-031)
   1.0000000000000000                1           4
               (0.0000000000000000,0.0000000000000000)
  -1.5707963267948966        0.0000000000000000     
        (0.99999999999999856,3.88578058618804986E-016)
   0.0000000000000000        0.0000000000000000     
               (1.7193758563006116,0.0000000000000000)
   1.5707963267948966        0.0000000000000000     
       (0.99999999999999856,-3.88578058618804986E-016)
   3.1415926535897931        0.0000000000000000     
        (0.28062414369939220,3.71102226412688931E-031)
   1.0000000000000000                1           4
               (0.0000000000000000,0.0000000000000000)
  -1.5707963267948966        0.0000000000000000     
       (0.99999999999999867,-4.99600361081320246E-016)
   0.0000000000000000        0.0000000000000000     
               (1.7212217047783231,0.0000000000000000)
   1.5707963267948966        0.0000000000000000     
        (0.99999999999999867,4.99600361081320246E-016)
   3.1415926535897931        0.0000000000000000     
        (0.27877829522168046,4.49657279744188229E-031)
   1.0000000000000000                1           4
               (0.0000000000000000,0.0000000000000000)
  -1.5707963267948966        0.0000000000000000     
        (0.99999999999999856,3.88578058618804986E-016)
   0.0000000000000000        0.0000000000000000     
               (1.7026045315034608,0.0000000000000000)
   1.5707963267948966        0.0000000000000000     
       (0.99999999999999856,-3.88578058618804986E-016)
   3.1415926535897931        0.0000000000000000     
        (0.29739546849654291,3.52189935664529286E-031)
   1.0000000000000000                1           4
               (0.0000000000000000,0.0000000000000000)
  -1.5707963267948966        0.0000000000000000     
        (0.99999999999999878,3.33066907387547159E-016)
   0.0000000000000000        0.0000000000000000     
               (1.7266054970592390,0.0000000000000000)
   1.5707963267948966        0.0000000000000000     
       (0.99999999999999878,-3.33066907387547159E-016)
   3.1415926535897931        0.0000000000000000     
        (0.27339450294076428,3.12280571522985913E-031)
   1.0000000000000000                1           4
               (0.0000000000000000,0.0000000000000000)
  -1.5707963267948966        0.0000000000000000     
        (0.99999999999999856,1.11022302462515851E-016)
   0.0000000000000000        0.0000000000000000     
               (1.7293601499373819,0.0000000000000000)
   1.5707963267948966        0.0000000000000000     
       (0.99999999999999856,-1.11022302462515851E-016)
   3.1415926535897931        0.0000000000000000     
        (0.27063985006262176,3.94046521217099884E-031)
   1.0000000000000000                1           4
               (0.0000000000000000,0.0000000000000000)
  -1.5707963267948966        0.0000000000000000     
       (0.99999999999999867,-1.66533453693773284E-016)
   0.0000000000000000        0.0000000000000000     
               (1.7163298945436878,0.0000000000000000)
   1.5707963267948966        0.0000000000000000     
        (0.99999999999999867,1.66533453693773284E-016)
   3.1415926535897931        0.0000000000000000     
        (0.28367010545631577,4.02170308664986544E-031)
   1.0000000000000000                1           4
               (0.0000000000000000,0.0000000000000000)
  -1.5707963267948966        0.0000000000000000     
        (0.99999999999999878,3.88578058618804986E-016)
   0.0000000000000000        0.0000000000000000     
               (1.7269725235377948,0.0000000000000000)
   1.5707963267948966        0.0000000000000000     
       (0.99999999999999878,-3.88578058618804986E-016)
   3.1415926535897931        0.0000000000000000     
        (0.27302747646220865,3.04583292640632347E-031)
   1.0000000000000000                1           4
               (0.0000000000000000,0.0000000000000000)
  -1.5707963267948966        0.0000000000000000     
       (0.99999999999999867,-7.77156117237609381E-016)
   0.0000000000000000        0.0000000000000000     
               (1.7209118266614458,0.0000000000000000)
   1.5707963267948966        0.0000000000000000     
        (0.99999999999999867,7.77156117237609381E-016)
   3.1415926535897931        0.0000000000000000     
        (0.27908817333855757,4.64076609493709927E-031)
   1.0000000000000000                1           4
               (0.0000000000000000,0.0000000000000000)
  -1.5707963267948966        0.0000000000000000     
        (0.99999999999999867,1.11022302462515851E-016)
   0.0000000000000000        0.0000000000000000     
               (1.7116331779433474,0.0000000000000000)
   1.5707963267948966        0.0000000000000000     
       (0.99999999999999867,-1.11022302462515851E-016)
   3.1415926535897931        0.0000000000000000     
        (0.28836682205665626,3.51707355226671671E-031)
   1.0000000000000000                1           4
               (0.0000000000000000,0.0000000000000000)
  -1.5707963267948966        0.0000000000000000     
        (0.99999999999999889,2.77555756156289283E-016)
   0.0000000000000000        0.0000000000000000     
               (1.7074152199080652,0.0000000000000000)
   1.5707963267948966        0.0000000000000000     
       (0.99999999999999889,-2.77555756156289283E-016)
   3.1415926535897931        0.0000000000000000     
        (0.29258478009193795,2.99367190592896812E-031)
   1.0000000000000000                1           4
               (0.0000000000000000,0.0000000000000000)
  -1.5707963267948966        0.0000000000000000     
       (0.99999999999999845,-8.32667268468867208E-016)
   0.0000000000000000        0.0000000000000000     
               (1.7211986368223930,0.0000000000000000)
   1.5707963267948966        0.0000000000000000     
        (0.99999999999999845,8.32667268468867208E-016)
   3.1415926535897931        0.0000000000000000     
        (0.27880136317761089,5.33720618954938223E-031)
   1.0000000000000000                1           4
               (0.0000000000000000,0.0000000000000000)
  -1.5707963267948966        0.0000000000000000     
        (0.99999999999999811,2.77555756156289382E-016)
   0.0000000000000000        0.0000000000000000     
               (1.7245004015290593,0.0000000000000000)
   1.5707963267948966        0.0000000000000000     
       (0.99999999999999811,-2.77555756156289382E-016)
   3.1415926535897931        0.0000000000000000     
        (0.27549959847094430,4.14460676272410213E-031)
   1.0000000000000000                1           4
               (0.0000000000000000,0.0000000000000000)
  -1.5707963267948966        0.0000000000000000     
       (0.99999999999999856,-6.66133814775093727E-016)
   0.0000000000000000        0.0000000000000000     
               (1.7165833168089315,0.0000000000000000)
   1.5707963267948966        0.0000000000000000     
        (0.99999999999999856,6.66133814775093727E-016)
   3.1415926535897931        0.0000000000000000     
        (0.28341668319107238,4.92082345531426497E-031)
   1.0000000000000000                1           4
               (0.0000000000000000,0.0000000000000000)
  -1.5707963267948966        0.0000000000000000     
        (0.99999999999999878,1.11022302462515674E-015)
   0.0000000000000000        0.0000000000000000     
               (1.7061040187360852,0.0000000000000000)
   1.5707963267948966        0.0000000000000000     
       (0.99999999999999878,-1.11022302462515674E-015)
   3.1415926535897931        0.0000000000000000     
        (0.29389598126391803,2.24354269802811852E-031)
