           2               (1.4100693522919541,0.0000000000000000)   1.0000000000000000     
           2               (1.4165060332402699,0.0000000000000000)   1.0000000000000000     
           2               (1.3858387644330195,0.0000000000000000)   1.0000000000000000     
           2               (1.3670922445792175,0.0000000000000000)   1.0000000000000000     
           2               (1.3921568328917826,0.0000000000000000)   1.0000000000000000     
           2               (1.3796580450597651,0.0000000000000000)   1.0000000000000000     
           2               (1.3719255084016342,0.0000000000000000)   1.0000000000000000     
           2               (1.4054261333826634,0.0000000000000000)   1.0000000000000000     
           2               (1.4048459538021039,0.0000000000000000)   1.0000000000000000     
           2               (1.3885156854065732,0.0000000000000000)   1.0000000000000000     
           2               (1.3411774020416691,0.0000000000000000)   1.0000000000000000     
           2               (1.4222102575582041,0.0000000000000000)   1.0000000000000000     
           2               (1.3762123695117270,0.0000000000000000)   1.0000000000000000     
           2               (1.3840723678689533,0.0000000000000000)   1.0000000000000000     
           2               (1.3972463486196114,0.0000000000000000)   1.0000000000000000     
           2               (1.4018641012002979,0.0000000000000000)   1.0000000000000000     
           2               (1.3915717799731724,0.0000000000000000)   1.0000000000000000     
           2               (1.3963895158207980,0.0000000000000000)   1.0000000000000000     
           2               (1.4128460492511445,0.0000000000000000)   1.0000000000000000     
           2               (1.3879237650423475,0.0000000000000000)   1.0000000000000000     
           2               (1.3722031007300253,0.0000000000000000)   1.0000000000000000     
           2               (1.3765830353904174,0.0000000000000000)   1.0000000000000000     
           2               (1.3881159803494512,0.0000000000000000)   1.0000000000000000     
           2               (1.3953329932720964,0.0000000000000000)   1.0000000000000000     
           2               (1.3949522417829181,0.0000000000000000)   1.0000000000000000     
           2               (1.3982627584912686,0.0000000000000000)   1.0000000000000000     
           2               (1.3868253970839872,0.0000000000000000)   1.0000000000000000     
           2               (1.3799810475145902,0.0000000000000000)   1.0000000000000000     
           2               (1.4051177651150661,0.0000000000000000)   1.0000000000000000     
           2               (1.3854649040278768,0.0000000000000000)   1.0000000000000000     
           2               (1.3856996013579532,0.0000000000000000)   1.0000000000000000     
           2               (1.3476627868336137,0.0000000000000000)   1.0000000000000000     
           2               (1.3591052239131354,0.0000000000000000)   1.0000000000000000     
           2               (1.4072531167696274,0.0000000000000000)   1.0000000000000000     
           2               (1.3937727834113665,0.0000000000000000)   1.0000000000000000     
           2               (1.4214960083560468,0.0000000000000000)   1.0000000000000000     
           2               (1.4105556888245245,0.0000000000000000)   1.0000000000000000     
           2               (1.3780981047887013,0.0000000000000000)   1.0000000000000000     
           2               (1.3974532208604531,0.0000000000000000)   1.0000000000000000     
           2               (1.3716328683840699,0.0000000000000000)   1.0000000000000000     
           2               (1.3296694691290192,0.0000000000000000)   1.0000000000000000     
           2               (1.3908473828544208,0.0000000000000000)   1.0000000000000000     
           2               (1.3996899424705171,0.0000000000000000)   1.0000000000000000     
           2               (1.3837739832937381,0.0000000000000000)   1.0000000000000000     
           2               (1.3505193518820291,0.0000000000000000)   1.0000000000000000     
           2               (1.4204457557937509,0.0000000000000000)   1.0000000000000000     
           2               (1.3882889806868006,0.0000000000000000)   1.0000000000000000     
           2               (1.3844869239694362,0.0000000000000000)   1.0000000000000000     
           2               (1.4111990027101933,0.0000000000000000)   1.0000000000000000     
           2               (1.4020160471788390,0.0000000000000000)   1.0000000000000000     
           2               (1.4025999719076236,0.0000000000000000)   1.0000000000000000     
           2               (1.4096366806697178,0.0000000000000000)   1.0000000000000000     
           2               (1.4118618800989147,0.0000000000000000)   1.0000000000000000     
           2               (1.4191868442107380,0.0000000000000000)   1.0000000000000000     
           2               (1.3694919534948820,0.0000000000000000)   1.0000000000000000     
           2               (1.3968093866156737,0.0000000000000000)   1.0000000000000000     
           2               (1.3939433815565916,0.0000000000000000)   1.0000000000000000     
           2               (1.3925584318614221,0.0000000000000000)   1.0000000000000000     
           2               (1.4073982256430375,0.0000000000000000)   1.0000000000000000     
           2               (1.4294162475523120,0.0000000000000000)   1.0000000000000000     
           2               (1.4161036760088903,0.0000000000000000)   1.0000000000000000     
           2               (1.4412465149219569,0.0000000000000000)   1.0000000000000000     
           2               (1.3944026955375493,0.0000000000000000)   1.0000000000000000     
           2               (1.3835637539964787,0.0000000000000000)   1.0000000000000000     
           2               (1.3776307297651966,0.0000000000000000)   1.0000000000000000     
           2               (1.3866889072408084,0.0000000000000000)   1.0000000000000000     
           2               (1.3988281653657910,0.0000000000000000)   1.0000000000000000     
           2               (1.3627662561188245,0.0000000000000000)   1.0000000000000000     
           2               (1.4098129904596319,0.0000000000000000)   1.0000000000000000     
           2               (1.3875446326536567,0.0000000000000000)   1.0000000000000000     
           2               (1.4010250884404172,0.0000000000000000)   1.0000000000000000     
           2               (1.3874545405516978,0.0000000000000000)   1.0000000000000000     
           2               (1.4236387508623507,0.0000000000000000)   1.0000000000000000     
           2               (1.4013168261868028,0.0000000000000000)   1.0000000000000000     
           2               (1.3968433225575649,0.0000000000000000)   1.0000000000000000     
           2               (1.3585347343395129,0.0000000000000000)   1.0000000000000000     
           2               (1.3768397713663101,0.0000000000000000)   1.0000000000000000     
           2               (1.4062976655614958,0.0000000000000000)   1.0000000000000000     
           2               (1.3963029225802350,0.0000000000000000)   1.0000000000000000     
           2               (1.3912639003121781,0.0000000000000000)   1.0000000000000000     
           2               (1.3922449892459734,0.0000000000000000)   1.0000000000000000     
           2               (1.3618280017699056,0.0000000000000000)   1.0000000000000000     
           2               (1.4076208312547243,0.0000000000000000)   1.0000000000000000     
           2               (1.4226391730501411,0.0000000000000000)   1.0000000000000000     
           2               (1.4099768429413011,0.0000000000000000)   1.0000000000000000     
           2               (1.4084729737070458,0.0000000000000000)   1.0000000000000000     
           2               (1.3995995129146976,0.0000000000000000)   1.0000000000000000     
           2               (1.3991369470282764,0.0000000000000000)   1.0000000000000000     
           2               (1.3504328460190396,0.0000000000000000)   1.0000000000000000     
           2               (1.3410737942074784,0.0000000000000000)   1.0000000000000000     
           2               (1.4275483714039037,0.0000000000000000)   1.0000000000000000     
           2               (1.4012626410263513,0.0000000000000000)   1.0000000000000000     
           2               (1.3786104315205363,0.0000000000000000)   1.0000000000000000     
           2               (1.3896201636961576,0.0000000000000000)   1.0000000000000000     
           2               (1.3861442319278243,0.0000000000000000)   1.0000000000000000     
           2               (1.3787034628255219,0.0000000000000000)   1.0000000000000000     
           2               (1.3834690987609271,0.0000000000000000)   1.0000000000000000     
           2               (1.3781658595337194,0.0000000000000000)   1.0000000000000000     
           2               (1.4072481749107852,0.0000000000000000)   1.0000000000000000     
           2               (1.3675421370926570,0.0000000000000000)   1.0000000000000000     
           2               (1.3893791329470211,0.0000000000000000)   1.0000000000000000     
           2               (1.3836163662032492,0.0000000000000000)   1.0000000000000000     
           2               (1.3646813619269971,0.0000000000000000)   1.0000000000000000     
           2               (1.4027176033881796,0.0000000000000000)   1.0000000000000000     
           2               (1.4047565231776231,0.0000000000000000)   1.0000000000000000     
           2               (1.3991246743798078,0.0000000000000000)   1.0000000000000000     
           2               (1.4064291197880001,0.0000000000000000)   1.0000000000000000     
           2               (1.3809816300762572,0.0000000000000000)   1.0000000000000000     
           2               (1.3894655861858092,0.0000000000000000)   1.0000000000000000     
           2               (1.4065649260930342,0.0000000000000000)   1.0000000000000000     
           2               (1.3973404727040537,0.0000000000000000)   1.0000000000000000     
           2               (1.3522282046372573,0.0000000000000000)   1.0000000000000000     
           2               (1.4165830542471562,0.0000000000000000)   1.0000000000000000     
           2               (1.4036248305897037,0.0000000000000000)   1.0000000000000000     
           2               (1.4229655165101454,0.0000000000000000)   1.0000000000000000     
           2               (1.4178663411799888,0.0000000000000000)   1.0000000000000000     
           2               (1.4132406922156535,0.0000000000000000)   1.0000000000000000     
           2               (1.3603672223459131,0.0000000000000000)   1.0000000000000000     
           2               (1.3853354354363263,0.0000000000000000)   1.0000000000000000     
           2               (1.3875822525789643,0.0000000000000000)   1.0000000000000000     
           2               (1.4073957426890173,0.0000000000000000)   1.0000000000000000     
           2               (1.3771511026117094,0.0000000000000000)   1.0000000000000000     
           2               (1.3814247881952755,0.0000000000000000)   1.0000000000000000     
           2               (1.3789472631170383,0.0000000000000000)   1.0000000000000000     
           2               (1.4124992755953181,0.0000000000000000)   1.0000000000000000     
           2               (1.4140869105385330,0.0000000000000000)   1.0000000000000000     
           2               (1.3883509049706477,0.0000000000000000)   1.0000000000000000     
           2               (1.3664268311690952,0.0000000000000000)   1.0000000000000000     
           2               (1.4224044550389170,0.0000000000000000)   1.0000000000000000     
           2               (1.4184817920352195,0.0000000000000000)   1.0000000000000000     
           2               (1.3950348210894785,0.0000000000000000)   1.0000000000000000     
           2               (1.4185896675861909,0.0000000000000000)   1.0000000000000000     
           2               (1.3915773030276564,0.0000000000000000)   1.0000000000000000     
           2               (1.3729021255627119,0.0000000000000000)   1.0000000000000000     
           2               (1.3639369260372887,0.0000000000000000)   1.0000000000000000     
           2               (1.3923796986471382,0.0000000000000000)   1.0000000000000000     
           2               (1.3987075341783048,0.0000000000000000)   1.0000000000000000     
           2               (1.3745632214541106,0.0000000000000000)   1.0000000000000000     
           2               (1.3738776858291575,0.0000000000000000)   1.0000000000000000     
