   1.0000000000000000                1           4
               (0.0000000000000000,0.0000000000000000)
  -1.5707963267948966        0.0000000000000000     
        (0.71760756758560784,1.29976373602224360E-017)
   0.0000000000000000        0.0000000000000000     
              (0.44203618740882206,0.0000000000000000)
   1.5707963267948966        0.0000000000000000     
       (0.71760756758560784,-1.29976373602224360E-017)
   3.1415926535897931        0.0000000000000000     
         (1.4177140012740475,2.59952747204448719E-017)
   1.0000000000000000                1           4
               (0.0000000000000000,0.0000000000000000)
  -1.5707963267948966        0.0000000000000000     
       (0.69630917771988354,-4.00037466324378873E-017)
   0.0000000000000000        0.0000000000000000     
              (0.43511835335452925,0.0000000000000000)
   1.5707963267948966        0.0000000000000000     
        (0.69630917771988354,4.00037466324378873E-017)
   3.1415926535897931        0.0000000000000000     
         (1.4640102745855799,3.10148091976398856E-017)
   1.0000000000000000                1           4
               (0.0000000000000000,0.0000000000000000)
  -1.5707963267948966        0.0000000000000000     
       (0.71491051743319023,-4.18122965891182019E-017)
   0.0000000000000000        0.0000000000000000     
              (0.45231234780793422,0.0000000000000000)
   1.5707963267948966        0.0000000000000000     
        (0.71491051743319023,4.18122965891182019E-017)
   3.1415926535897931        0.0000000000000000     
         (1.4249472351092738,2.73977092842792534E-017)
   1.0000000000000000                1           4
               (0.0000000000000000,0.0000000000000000)
  -1.5707963267948966        0.0000000000000000     
       (0.74438768465760652,-1.73796595032446533E-017)
   0.0000000000000000        0.0000000000000000     
              (0.45529899561589854,0.0000000000000000)
   1.5707963267948966        0.0000000000000000     
        (0.74438768465760652,1.73796595032446533E-017)
   3.1415926535897931        0.0000000000000000     
         (1.3723795127793619,2.07518322247685267E-017)
   1.0000000000000000                1           4
               (0.0000000000000000,0.0000000000000000)
  -1.5707963267948966        0.0000000000000000     
       (0.73017750885269939,-4.37786813355057458E-017)
   0.0000000000000000        0.0000000000000000     
              (0.43593237796466722,0.0000000000000000)
   1.5707963267948966        0.0000000000000000     
        (0.73017750885269939,4.37786813355057458E-017)
   3.1415926535897931        0.0000000000000000     
         (1.4076341878841043,2.34649397915041656E-017)
   1.0000000000000000                1           4
               (0.0000000000000000,0.0000000000000000)
  -1.5707963267948966        0.0000000000000000     
       (0.73512002888959549,-1.64370573477705299E-017)
   0.0000000000000000        0.0000000000000000     
              (0.43758770396754298,0.0000000000000000)
   1.5707963267948966        0.0000000000000000     
        (0.73512002888959549,1.64370573477705299E-017)
   3.1415926535897931        0.0000000000000000     
         (1.4023432157234672,2.26370365357167765E-017)
   1.0000000000000000                1           4
               (0.0000000000000000,0.0000000000000000)
  -1.5707963267948966        0.0000000000000000     
       (0.72741423384655046,-1.53749992959909924E-017)
   0.0000000000000000        0.0000000000000000     
              (0.47663380671754263,0.0000000000000000)
   1.5707963267948966        0.0000000000000000     
        (0.72741423384655046,1.53749992959909924E-017)
   3.1415926535897931        0.0000000000000000     
         (1.3825749713885773,2.47611526392758485E-017)
   1.0000000000000000                1           4
               (0.0000000000000000,0.0000000000000000)
  -1.5707963267948966        0.0000000000000000     
        (0.71230361322684033,1.37182632227369535E-017)
   0.0000000000000000        0.0000000000000000     
              (0.46009735891634201,0.0000000000000000)
   1.5707963267948966        0.0000000000000000     
       (0.71230361322684033,-1.37182632227369535E-017)
   3.1415926535897931        0.0000000000000000     
         (1.4125823479386472,2.74365264454739070E-017)
   1.0000000000000000                1           4
               (0.0000000000000000,0.0000000000000000)
  -1.5707963267948966        0.0000000000000000     
        (0.72171965171215946,1.25740125218946036E-017)
   0.0000000000000000        0.0000000000000000     
              (0.42682316631927397,0.0000000000000000)
   1.5707963267948966        0.0000000000000000     
       (0.72171965171215946,-1.25740125218946036E-017)
   3.1415926535897931        0.0000000000000000     
         (1.4273145533553180,2.51480250437892073E-017)
   1.0000000000000000                1           4
               (0.0000000000000000,0.0000000000000000)
  -1.5707963267948966        0.0000000000000000     
        (0.71146533836731163,1.40797888599160360E-017)
   0.0000000000000000        0.0000000000000000     
              (0.48159492758858813,0.0000000000000000)
   1.5707963267948966        0.0000000000000000     
       (0.71146533836731163,-1.40797888599160360E-017)
   3.1415926535897931        0.0000000000000000     
         (1.4012165529735199,2.81595777198320720E-017)
   1.0000000000000000                1           4
               (0.0000000000000000,0.0000000000000000)
  -1.5707963267948966        0.0000000000000000     
        (0.73696930989776277,9.49478384617687652E-017)
   0.0000000000000000        0.0000000000000000     
              (0.48273339198073739,0.0000000000000000)
   1.5707963267948966        0.0000000000000000     
       (0.73696930989776277,-9.49478384617687652E-017)
   3.1415926535897931        0.0000000000000000     
         (1.3727392872028459,2.33622232297640432E-017)
   1.0000000000000000                1           4
               (0.0000000000000000,0.0000000000000000)
  -1.5707963267948966        0.0000000000000000     
        (0.72955200082298355,1.13490121573826260E-017)
   0.0000000000000000        0.0000000000000000     
              (0.43629250604695835,0.0000000000000000)
   1.5707963267948966        0.0000000000000000     
       (0.72955200082298355,-1.13490121573826260E-017)
   3.1415926535897931        0.0000000000000000     
         (1.3934983635280884,2.26980243147652521E-017)
   1.0000000000000000                1           4
               (0.0000000000000000,0.0000000000000000)
  -1.5707963267948966        0.0000000000000000     
        (0.73310632146314703,6.71290242286700086E-017)
   0.0000000000000000        0.0000000000000000     
              (0.44853109246639999,0.0000000000000000)
   1.5707963267948966        0.0000000000000000     
       (0.73310632146314703,-6.71290242286700086E-017)
   3.1415926535897931        0.0000000000000000     
         (1.3971500798514214,2.32357459948243601E-017)
   1.0000000000000000                1           4
               (0.0000000000000000,0.0000000000000000)
  -1.5707963267948966        0.0000000000000000     
        (0.70871176213234954,1.44850233746522698E-017)
   0.0000000000000000        0.0000000000000000     
              (0.45691924341799639,0.0000000000000000)
   1.5707963267948966        0.0000000000000000     
       (0.70871176213234954,-1.44850233746522698E-017)
   3.1415926535897931        0.0000000000000000     
         (1.4336210483828544,2.89700467493045396E-017)
   1.0000000000000000                1           4
               (0.0000000000000000,0.0000000000000000)
  -1.5707963267948966        0.0000000000000000     
        (0.72395125656596271,1.24170551498018421E-017)
   0.0000000000000000        0.0000000000000000     
              (0.47654956775156876,0.0000000000000000)
   1.5707963267948966        0.0000000000000000     
       (0.72395125656596271,-1.24170551498018421E-017)
   3.1415926535897931        0.0000000000000000     
         (1.3769247448068387,2.48341102996036841E-017)
   1.0000000000000000                1           4
               (0.0000000000000000,0.0000000000000000)
  -1.5707963267948966        0.0000000000000000     
        (0.72071367460546742,4.04984312549534586E-017)
   0.0000000000000000        0.0000000000000000     
              (0.44895781450537525,0.0000000000000000)
   1.5707963267948966        0.0000000000000000     
       (0.72071367460546742,-4.04984312549534586E-017)
   3.1415926535897931        0.0000000000000000     
         (1.4086827856836086,2.54857112786490902E-017)
   1.0000000000000000                1           4
               (0.0000000000000000,0.0000000000000000)
  -1.5707963267948966        0.0000000000000000     
        (0.70755892065631487,7.00225553304038370E-017)
   0.0000000000000000        0.0000000000000000     
              (0.43796651980448181,0.0000000000000000)
   1.5707963267948966        0.0000000000000000     
       (0.70755892065631487,-7.00225553304038370E-017)
   3.1415926535897931        0.0000000000000000     
         (1.4511297488963355,2.90228081982920138E-017)
   1.0000000000000000                1           4
               (0.0000000000000000,0.0000000000000000)
  -1.5707963267948966        0.0000000000000000     
        (0.72760053993842122,1.19832632989787819E-017)
   0.0000000000000000        0.0000000000000000     
              (0.45542507559091838,0.0000000000000000)
   1.5707963267948966        0.0000000000000000     
       (0.72760053993842122,-1.19832632989787819E-017)
   3.1415926535897931        0.0000000000000000     
         (1.3911790866218920,2.39665265979575637E-017)
   1.0000000000000000                1           4
               (0.0000000000000000,0.0000000000000000)
  -1.5707963267948966        0.0000000000000000     
        (0.71775899811123067,9.62033134032164727E-017)
   0.0000000000000000        0.0000000000000000     
              (0.44887761988994751,0.0000000000000000)
   1.5707963267948966        0.0000000000000000     
       (0.71775899811123067,-9.62033134032164727E-017)
   3.1415926535897931        0.0000000000000000     
         (1.4091813592620142,2.58731731126594488E-017)
   1.0000000000000000                1           4
               (0.0000000000000000,0.0000000000000000)
  -1.5707963267948966        0.0000000000000000     
        (0.72895361707710682,1.19471535727014652E-017)
   0.0000000000000000        0.0000000000000000     
              (0.47674635127294673,0.0000000000000000)
   1.5707963267948966        0.0000000000000000     
       (0.72895361707710682,-1.19471535727014652E-017)
   3.1415926535897931        0.0000000000000000     
         (1.3713845320516085,2.38943071454029303E-017)
   1.0000000000000000                1           4
               (0.0000000000000000,0.0000000000000000)
  -1.5707963267948966        0.0000000000000000     
        (0.73711309058149177,1.11885595270979218E-017)
   0.0000000000000000        0.0000000000000000     
              (0.47910521145516077,0.0000000000000000)
   1.5707963267948966        0.0000000000000000     
       (0.73711309058149177,-1.11885595270979218E-017)
   3.1415926535897931        0.0000000000000000     
         (1.3605670570168438,2.23771190541958436E-017)
   1.0000000000000000                1           4
               (0.0000000000000000,0.0000000000000000)
  -1.5707963267948966        0.0000000000000000     
       (0.73390325433511505,-1.62409729320688033E-017)
   0.0000000000000000        0.0000000000000000     
              (0.46230429395365730,0.0000000000000000)
   1.5707963267948966        0.0000000000000000     
        (0.73390325433511505,1.62409729320688033E-017)
   3.1415926535897931        0.0000000000000000     
         (1.3815976796809046,2.30292053671202265E-017)
   1.0000000000000000                1           4
               (0.0000000000000000,0.0000000000000000)
  -1.5707963267948966        0.0000000000000000     
        (0.73179958788169885,1.15956802208106118E-017)
   0.0000000000000000        0.0000000000000000     
              (0.45223069331196442,0.0000000000000000)
   1.5707963267948966        0.0000000000000000     
       (0.73179958788169885,-1.15956802208106118E-017)
   3.1415926535897931        0.0000000000000000     
         (1.3901121407497763,2.31913604416212236E-017)
   1.0000000000000000                1           4
               (0.0000000000000000,0.0000000000000000)
  -1.5707963267948966        0.0000000000000000     
        (0.73119403241106151,1.15593607305086435E-017)
   0.0000000000000000        0.0000000000000000     
              (0.46192121170634115,0.0000000000000000)
   1.5707963267948966        0.0000000000000000     
       (0.73119403241106151,-1.15593607305086435E-017)
   3.1415926535897931        0.0000000000000000     
         (1.3780242268355096,2.31187214610172870E-017)
   1.0000000000000000                1           4
               (0.0000000000000000,0.0000000000000000)
  -1.5707963267948966        0.0000000000000000     
        (0.72402091625993914,4.01992182957341372E-017)
   0.0000000000000000        0.0000000000000000     
              (0.44075951948941322,0.0000000000000000)
   1.5707963267948966        0.0000000000000000     
       (0.72402091625993914,-4.01992182957341372E-017)
   3.1415926535897931        0.0000000000000000     
         (1.4137225270993368,2.48872853602104412E-017)
   1.0000000000000000                1           4
               (0.0000000000000000,0.0000000000000000)
  -1.5707963267948966        0.0000000000000000     
        (0.73065660265802312,6.70914790294766816E-017)
   0.0000000000000000        0.0000000000000000     
              (0.46499391215224317,0.0000000000000000)
   1.5707963267948966        0.0000000000000000     
       (0.73065660265802312,-6.70914790294766816E-017)
   3.1415926535897931        0.0000000000000000     
         (1.3745615032861511,2.31606555964377000E-017)
   1.0000000000000000                1           4
               (0.0000000000000000,0.0000000000000000)
  -1.5707963267948966        0.0000000000000000     
       (0.72665409059634456,-4.32655729740789655E-017)
   0.0000000000000000        0.0000000000000000     
              (0.47118207364747378,0.0000000000000000)
   1.5707963267948966        0.0000000000000000     
        (0.72665409059634456,4.32655729740789655E-017)
   3.1415926535897931        0.0000000000000000     
         (1.3820970466177613,2.44911565143577322E-017)
   1.0000000000000000                1           4
               (0.0000000000000000,0.0000000000000000)
  -1.5707963267948966        0.0000000000000000     
        (0.71536265570014512,9.69998809493140255E-017)
   0.0000000000000000        0.0000000000000000     
              (0.47070829814613974,0.0000000000000000)
   1.5707963267948966        0.0000000000000000     
       (0.71536265570014512,-9.69998809493140255E-017)
   3.1415926535897931        0.0000000000000000     
         (1.4085758666962644,2.74663082048545637E-017)
   1.0000000000000000                1           4
               (0.0000000000000000,0.0000000000000000)
  -1.5707963267948966        0.0000000000000000     
       (0.71418382851252082,-4.20184274440037342E-017)
   0.0000000000000000        0.0000000000000000     
              (0.46435055663554292,0.0000000000000000)
   1.5707963267948966        0.0000000000000000     
        (0.71418382851252082,4.20184274440037342E-017)
   3.1415926535897931        0.0000000000000000     
         (1.4047229037818973,2.69854475745081918E-017)
   1.0000000000000000                1           4
               (0.0000000000000000,0.0000000000000000)
  -1.5707963267948966        0.0000000000000000     
        (0.73027664599267206,1.18227697134284459E-017)
   0.0000000000000000        0.0000000000000000     
              (0.46987186194411923,0.0000000000000000)
   1.5707963267948966        0.0000000000000000     
       (0.73027664599267206,-1.18227697134284459E-017)
   3.1415926535897931        0.0000000000000000     
         (1.3768423940566428,2.36455394268568918E-017)
   1.0000000000000000                1           4
               (0.0000000000000000,0.0000000000000000)
  -1.5707963267948966        0.0000000000000000     
       (0.72742608208539006,-4.33428808880220257E-017)
   0.0000000000000000        0.0000000000000000     
              (0.45738017451924706,0.0000000000000000)
   1.5707963267948966        0.0000000000000000     
        (0.72742608208539006,4.33428808880220257E-017)
   3.1415926535897931        0.0000000000000000     
         (1.3949178606310784,2.43365406864716119E-017)
   1.0000000000000000                1           4
               (0.0000000000000000,0.0000000000000000)
  -1.5707963267948966        0.0000000000000000     
        (0.75216583167797635,6.52319468489268000E-017)
   0.0000000000000000        0.0000000000000000     
              (0.49233903038019394,0.0000000000000000)
   1.5707963267948966        0.0000000000000000     
       (0.75216583167797635,-6.52319468489268000E-017)
   3.1415926535897931        0.0000000000000000     
         (1.3294979128470481,1.94415912353379399E-017)
   1.0000000000000000                1           4
               (0.0000000000000000,0.0000000000000000)
  -1.5707963267948966        0.0000000000000000     
        (0.73920457959426233,1.11329294060977855E-017)
   0.0000000000000000        0.0000000000000000     
              (0.47186158086078273,0.0000000000000000)
   1.5707963267948966        0.0000000000000000     
       (0.73920457959426233,-1.11329294060977855E-017)
   3.1415926535897931        0.0000000000000000     
         (1.3701766479941622,2.22658588121955710E-017)
   1.0000000000000000                1           4
               (0.0000000000000000,0.0000000000000000)
  -1.5707963267948966        0.0000000000000000     
        (0.72100471332248495,1.26247181676554103E-017)
   0.0000000000000000        0.0000000000000000     
              (0.45315666049285225,0.0000000000000000)
   1.5707963267948966        0.0000000000000000     
       (0.72100471332248495,-1.26247181676554103E-017)
   3.1415926535897931        0.0000000000000000     
         (1.4012073544773467,2.52494363353108205E-017)
   1.0000000000000000                1           4
               (0.0000000000000000,0.0000000000000000)
  -1.5707963267948966        0.0000000000000000     
        (0.70791192517638324,6.99456315971511396E-017)
   0.0000000000000000        0.0000000000000000     
              (0.47733898559761873,0.0000000000000000)
   1.5707963267948966        0.0000000000000000     
       (0.70791192517638324,-6.99456315971511396E-017)
   3.1415926535897931        0.0000000000000000     
         (1.4099507723439531,2.88689607317866128E-017)
   1.0000000000000000                1           4
               (0.0000000000000000,0.0000000000000000)
  -1.5707963267948966        0.0000000000000000     
        (0.72860536885668858,1.14758749256188682E-017)
   0.0000000000000000        0.0000000000000000     
              (0.44549509033812296,0.0000000000000000)
   1.5707963267948966        0.0000000000000000     
       (0.72860536885668858,-1.14758749256188682E-017)
   3.1415926535897931        0.0000000000000000     
         (1.3865461677704838,2.29517498512377364E-017)
   1.0000000000000000                1           4
               (0.0000000000000000,0.0000000000000000)
  -1.5707963267948966        0.0000000000000000     
        (0.72718172253174074,3.95732722739445589E-017)
   0.0000000000000000        0.0000000000000000     
              (0.44812692398287923,0.0000000000000000)
   1.5707963267948966        0.0000000000000000     
       (0.72718172253174074,-3.95732722739445589E-017)
   3.1415926535897931        0.0000000000000000     
         (1.3922317865414222,2.36353933166312909E-017)
   1.0000000000000000                1           4
               (0.0000000000000000,0.0000000000000000)
  -1.5707963267948966        0.0000000000000000     
        (0.71994407935076898,1.32009157687782422E-017)
   0.0000000000000000        0.0000000000000000     
              (0.48579099711909324,0.0000000000000000)
   1.5707963267948966        0.0000000000000000     
       (0.71994407935076898,-1.32009157687782422E-017)
   3.1415926535897931        0.0000000000000000     
         (1.3852717917850219,2.64018315375564844E-017)
   1.0000000000000000                1           4
               (0.0000000000000000,0.0000000000000000)
  -1.5707963267948966        0.0000000000000000     
        (0.72835130819938798,6.73861886483166846E-017)
   0.0000000000000000        0.0000000000000000     
              (0.46074169908907814,0.0000000000000000)
   1.5707963267948966        0.0000000000000000     
       (0.72835130819938798,-6.73861886483166846E-017)
   3.1415926535897931        0.0000000000000000     
         (1.3838290740819761,2.37500748341177121E-017)
   1.0000000000000000                1           4
               (0.0000000000000000,0.0000000000000000)
  -1.5707963267948966        0.0000000000000000     
       (0.73076966979592972,-1.57814419272468679E-017)
   0.0000000000000000        0.0000000000000000     
              (0.47936001659511934,0.0000000000000000)
   1.5707963267948966        0.0000000000000000     
        (0.73076966979592972,1.57814419272468679E-017)
   3.1415926535897931        0.0000000000000000     
         (1.3732842096209945,2.39482673767640912E-017)
   1.0000000000000000                1           4
               (0.0000000000000000,0.0000000000000000)
  -1.5707963267948966        0.0000000000000000     
        (0.74098204888911368,6.68770084650636484E-017)
   0.0000000000000000        0.0000000000000000     
              (0.49111822624646440,0.0000000000000000)
   1.5707963267948966        0.0000000000000000     
       (0.74098204888911368,-6.68770084650636484E-017)
   3.1415926535897931        0.0000000000000000     
         (1.3620829414108226,2.27317144676116242E-017)
   1.0000000000000000                1           4
               (0.0000000000000000,0.0000000000000000)
  -1.5707963267948966        0.0000000000000000     
       (0.70151304778125778,-4.02482521130045194E-017)
   0.0000000000000000        0.0000000000000000     
              (0.43005966310677129,0.0000000000000000)
   1.5707963267948966        0.0000000000000000     
        (0.70151304778125778,4.02482521130045194E-017)
   3.1415926535897931        0.0000000000000000     
         (1.4714905499034829,3.05257982365066338E-017)
   1.0000000000000000                1           4
               (0.0000000000000000,0.0000000000000000)
  -1.5707963267948966        0.0000000000000000     
       (0.73622802648472641,-4.46349735222970641E-017)
   0.0000000000000000        0.0000000000000000     
              (0.45869906288994461,0.0000000000000000)
   1.5707963267948966        0.0000000000000000     
        (0.73622802648472641,4.46349735222970641E-017)
   3.1415926535897931        0.0000000000000000     
         (1.3689999129053605,2.17523554179215258E-017)
   1.0000000000000000                1           4
               (0.0000000000000000,0.0000000000000000)
  -1.5707963267948966        0.0000000000000000     
        (0.73103047004492427,6.72674888817215682E-017)
   0.0000000000000000        0.0000000000000000     
              (0.45367878156390207,0.0000000000000000)
   1.5707963267948966        0.0000000000000000     
       (0.73103047004492427,-6.72674888817215682E-017)
   3.1415926535897931        0.0000000000000000     
         (1.3923732866993581,2.35126753009274825E-017)
   1.0000000000000000                1           4
               (0.0000000000000000,0.0000000000000000)
  -1.5707963267948966        0.0000000000000000     
        (0.74217188396246114,1.09009726851945819E-017)
   0.0000000000000000        0.0000000000000000     
              (0.47534681216917235,0.0000000000000000)
   1.5707963267948966        0.0000000000000000     
       (0.74217188396246114,-1.09009726851945819E-017)
   3.1415926535897931        0.0000000000000000     
         (1.3650497439648652,2.18019453703891638E-017)
   1.0000000000000000                1           4
               (0.0000000000000000,0.0000000000000000)
  -1.5707963267948966        0.0000000000000000     
        (0.71412052255499159,1.32658343470548989E-017)
   0.0000000000000000        0.0000000000000000     
              (0.44365105685571182,0.0000000000000000)
   1.5707963267948966        0.0000000000000000     
       (0.71412052255499159,-1.32658343470548989E-017)
   3.1415926535897931        0.0000000000000000     
         (1.4178850201374589,2.65316686941097979E-017)
   1.0000000000000000                1           4
               (0.0000000000000000,0.0000000000000000)
  -1.5707963267948966        0.0000000000000000     
        (0.72480884862770667,1.24491505620546679E-017)
   0.0000000000000000        0.0000000000000000     
              (0.46142785090106120,0.0000000000000000)
   1.5707963267948966        0.0000000000000000     
       (0.72480884862770667,-1.24491505620546679E-017)
   3.1415926535897931        0.0000000000000000     
         (1.3948099615001150,2.48983011241093359E-017)
   1.0000000000000000                1           4
               (0.0000000000000000,0.0000000000000000)
  -1.5707963267948966        0.0000000000000000     
        (0.71206127923225337,6.95796310063843632E-017)
   0.0000000000000000        0.0000000000000000     
              (0.48776044846787597,0.0000000000000000)
   1.5707963267948966        0.0000000000000000     
       (0.71206127923225337,-6.95796310063843632E-017)
   3.1415926535897931        0.0000000000000000     
         (1.3958735310829902,2.81369595502530723E-017)
   1.0000000000000000                1           4
               (0.0000000000000000,0.0000000000000000)
  -1.5707963267948966        0.0000000000000000     
        (0.71601359035470935,1.31755504869852924E-017)
   0.0000000000000000        0.0000000000000000     
              (0.46529845464292929,0.0000000000000000)
   1.5707963267948966        0.0000000000000000     
       (0.71601359035470935,-1.31755504869852924E-017)
   3.1415926535897931        0.0000000000000000     
         (1.3970748632926226,2.63511009739705848E-017)
   1.0000000000000000                1           4
               (0.0000000000000000,0.0000000000000000)
  -1.5707963267948966        0.0000000000000000     
       (0.72224022938746635,-1.52019950210075545E-017)
   0.0000000000000000        0.0000000000000000     
              (0.47634354235034043,0.0000000000000000)
   1.5707963267948966        0.0000000000000000     
        (0.72224022938746635,1.52019950210075545E-017)
   3.1415926535897931        0.0000000000000000     
         (1.3781679752853722,2.51071611892427181E-017)
   1.0000000000000000                1           4
               (0.0000000000000000,0.0000000000000000)
  -1.5707963267948966        0.0000000000000000     
       (0.71743486544227464,-1.46224464329616663E-017)
   0.0000000000000000        0.0000000000000000     
              (0.46535451526714994,0.0000000000000000)
   1.5707963267948966        0.0000000000000000     
        (0.71743486544227464,1.46224464329616663E-017)
   3.1415926535897931        0.0000000000000000     
         (1.3984757678945470,2.62662583653344944E-017)
   1.0000000000000000                1           4
               (0.0000000000000000,0.0000000000000000)
  -1.5707963267948966        0.0000000000000000     
        (0.71763454960944051,1.30009563892771543E-017)
   0.0000000000000000        0.0000000000000000     
              (0.46301746510062269,0.0000000000000000)
   1.5707963267948966        0.0000000000000000     
       (0.71763454960944051,-1.30009563892771543E-017)
   3.1415926535897931        0.0000000000000000     
         (1.3968950953457382,2.60019127785543087E-017)
   1.0000000000000000                1           4
               (0.0000000000000000,0.0000000000000000)
  -1.5707963267948966        0.0000000000000000     
        (0.72176778027366495,1.24607180769906126E-017)
   0.0000000000000000        0.0000000000000000     
              (0.39831607900324134,0.0000000000000000)
   1.5707963267948966        0.0000000000000000     
       (0.72176778027366495,-1.24607180769906126E-017)
   3.1415926535897931        0.0000000000000000     
         (1.4522174204001326,2.49214361539812251E-017)
   1.0000000000000000                1           4
               (0.0000000000000000,0.0000000000000000)
  -1.5707963267948966        0.0000000000000000     
        (0.70706889130931683,1.41486816359379547E-017)
   0.0000000000000000        0.0000000000000000     
              (0.44841951468508756,0.0000000000000000)
   1.5707963267948966        0.0000000000000000     
       (0.70706889130931683,-1.41486816359379547E-017)
   3.1415926535897931        0.0000000000000000     
         (1.4278492805908714,2.82973632718759094E-017)
   1.0000000000000000                1           4
               (0.0000000000000000,0.0000000000000000)
  -1.5707963267948966        0.0000000000000000     
        (0.71907210101434238,6.89505972433343987E-017)
   0.0000000000000000        0.0000000000000000     
              (0.49061349182966940,0.0000000000000000)
   1.5707963267948966        0.0000000000000000     
       (0.71907210101434238,-6.89505972433343987E-017)
   3.1415926535897931        0.0000000000000000     
         (1.3864963293941546,2.68788920241531402E-017)
   1.0000000000000000                1           4
               (0.0000000000000000,0.0000000000000000)
  -1.5707963267948966        0.0000000000000000     
        (0.71947454336192695,1.29719834508948581E-017)
   0.0000000000000000        0.0000000000000000     
              (0.45031058799165335,0.0000000000000000)
   1.5707963267948966        0.0000000000000000     
       (0.71947454336192695,-1.29719834508948581E-017)
   3.1415926535897931        0.0000000000000000     
         (1.4123356319767069,2.59439669017897161E-017)
   1.0000000000000000                1           4
               (0.0000000000000000,0.0000000000000000)
  -1.5707963267948966        0.0000000000000000     
        (0.73495230245248422,6.66315289183527960E-017)
   0.0000000000000000        0.0000000000000000     
              (0.44896316477123860,0.0000000000000000)
   1.5707963267948966        0.0000000000000000     
       (0.73495230245248422,-6.66315289183527960E-017)
   3.1415926535897931        0.0000000000000000     
         (1.3841605395454919,2.22407553741899288E-017)
   1.0000000000000000                1           4
               (0.0000000000000000,0.0000000000000000)
  -1.5707963267948966        0.0000000000000000     
        (0.73503989004262427,1.11308522285453766E-017)
   0.0000000000000000        0.0000000000000000     
              (0.45792619410824703,0.0000000000000000)
   1.5707963267948966        0.0000000000000000     
       (0.73503989004262427,-1.11308522285453766E-017)
   3.1415926535897931        0.0000000000000000     
         (1.3757148098758469,2.22617044570907531E-017)
   1.0000000000000000                1           4
               (0.0000000000000000,0.0000000000000000)
  -1.5707963267948966        0.0000000000000000     
        (0.70378987011619243,1.47307070917314387E-017)
   0.0000000000000000        0.0000000000000000     
              (0.46065420817359898,0.0000000000000000)
   1.5707963267948966        0.0000000000000000     
       (0.70378987011619243,-1.47307070917314387E-017)
   3.1415926535897931        0.0000000000000000     
         (1.4280669387725426,2.94614141834628774E-017)
   1.0000000000000000                1           4
               (0.0000000000000000,0.0000000000000000)
  -1.5707963267948966        0.0000000000000000     
        (0.72212482977538672,1.21482683751333962E-017)
   0.0000000000000000        0.0000000000000000     
              (0.43367811508637150,0.0000000000000000)
   1.5707963267948966        0.0000000000000000     
       (0.72212482977538672,-1.21482683751333962E-017)
   3.1415926535897931        0.0000000000000000     
         (1.4073641015867167,2.42965367502667924E-017)
   1.0000000000000000                1           4
               (0.0000000000000000,0.0000000000000000)
  -1.5707963267948966        0.0000000000000000     
       (0.72081269430686390,-4.29984026293537938E-017)
   0.0000000000000000        0.0000000000000000     
              (0.45219104370923496,0.0000000000000000)
   1.5707963267948966        0.0000000000000000     
        (0.72081269430686390,4.29984026293537938E-017)
   3.1415926535897931        0.0000000000000000     
         (1.3981317296726037,2.50254972038080725E-017)
   1.0000000000000000                1           4
               (0.0000000000000000,0.0000000000000000)
  -1.5707963267948966        0.0000000000000000     
        (0.71511630533391812,4.05810419548189880E-017)
   0.0000000000000000        0.0000000000000000     
              (0.43718796947083483,0.0000000000000000)
   1.5707963267948966        0.0000000000000000     
       (0.71511630533391812,-4.05810419548189880E-017)
   3.1415926535897931        0.0000000000000000     
         (1.4119561624003283,2.56509326783801367E-017)
   1.0000000000000000                1           4
               (0.0000000000000000,0.0000000000000000)
  -1.5707963267948966        0.0000000000000000     
        (0.73073171520700408,3.93857949513373121E-017)
   0.0000000000000000        0.0000000000000000     
              (0.45789880535952493,0.0000000000000000)
   1.5707963267948966        0.0000000000000000     
       (0.73073171520700408,-3.93857949513373121E-017)
   3.1415926535897931        0.0000000000000000     
         (1.3834364164577126,2.32604386714167972E-017)
   1.0000000000000000                1           4
               (0.0000000000000000,0.0000000000000000)
  -1.5707963267948966        0.0000000000000000     
        (0.72345553635491489,1.26872176881357559E-017)
   0.0000000000000000        0.0000000000000000     
              (0.46848200259570122,0.0000000000000000)
   1.5707963267948966        0.0000000000000000     
       (0.72345553635491489,-1.26872176881357559E-017)
   3.1415926535897931        0.0000000000000000     
         (1.3928250476962070,2.53744353762715119E-017)
   1.0000000000000000                1           4
               (0.0000000000000000,0.0000000000000000)
  -1.5707963267948966        0.0000000000000000     
       (0.73348759062927493,-1.62061070039115453E-017)
   0.0000000000000000        0.0000000000000000     
              (0.45677044596469152,0.0000000000000000)
   1.5707963267948966        0.0000000000000000     
        (0.73348759062927493,1.62061070039115453E-017)
   3.1415926535897931        0.0000000000000000     
         (1.3874390078942049,2.30989372234347365E-017)
   1.0000000000000000                1           4
               (0.0000000000000000,0.0000000000000000)
  -1.5707963267948966        0.0000000000000000     
       (0.73006940477476245,-4.36817389336232854E-017)
   0.0000000000000000        0.0000000000000000     
              (0.45955616979071179,0.0000000000000000)
   1.5707963267948966        0.0000000000000000     
        (0.73006940477476245,4.36817389336232854E-017)
   3.1415926535897931        0.0000000000000000     
         (1.3869605670394183,2.36588245952690956E-017)
   1.0000000000000000                1           4
               (0.0000000000000000,0.0000000000000000)
  -1.5707963267948966        0.0000000000000000     
       (0.72435271893882958,-1.54119000120118868E-017)
   0.0000000000000000        0.0000000000000000     
              (0.46365134986907131,0.0000000000000000)
   1.5707963267948966        0.0000000000000000     
        (0.72435271893882958,1.54119000120118868E-017)
   3.1415926535897931        0.0000000000000000     
         (1.3882291295703237,2.46873512072340596E-017)
   1.0000000000000000                1           4
               (0.0000000000000000,0.0000000000000000)
  -1.5707963267948966        0.0000000000000000     
        (0.74165355841751501,1.07769726062360992E-017)
   0.0000000000000000        0.0000000000000000     
              (0.47217887106051970,0.0000000000000000)
   1.5707963267948966        0.0000000000000000     
       (0.74165355841751501,-1.07769726062360992E-017)
   3.1415926535897931        0.0000000000000000     
         (1.3631308840450533,2.15539452124721985E-017)
   1.0000000000000000                1           4
               (0.0000000000000000,0.0000000000000000)
  -1.5707963267948966        0.0000000000000000     
        (0.71693087048687021,1.30844332625321531E-017)
   0.0000000000000000        0.0000000000000000     
              (0.45485685225367245,0.0000000000000000)
   1.5707963267948966        0.0000000000000000     
       (0.71693087048687021,-1.30844332625321531E-017)
   3.1415926535897931        0.0000000000000000     
         (1.4063749115427151,2.61688665250643062E-017)
   1.0000000000000000                1           4
               (0.0000000000000000,0.0000000000000000)
  -1.5707963267948966        0.0000000000000000     
        (0.72305867530918211,6.81860307515152114E-017)
   0.0000000000000000        0.0000000000000000     
              (0.46140671816055762,0.0000000000000000)
   1.5707963267948966        0.0000000000000000     
       (0.72305867530918211,-6.81860307515152114E-017)
   3.1415926535897931        0.0000000000000000     
         (1.3987036148942815,2.53497590405147718E-017)
   1.0000000000000000                1           4
               (0.0000000000000000,0.0000000000000000)
  -1.5707963267948966        0.0000000000000000     
        (0.72012330183419726,1.28279991304199841E-017)
   0.0000000000000000        0.0000000000000000     
              (0.47210205818123058,0.0000000000000000)
   1.5707963267948966        0.0000000000000000     
       (0.72012330183419726,-1.28279991304199841E-017)
   3.1415926535897931        0.0000000000000000     
         (1.3871387939301054,2.56559982608399682E-017)
   1.0000000000000000                1           4
               (0.0000000000000000,0.0000000000000000)
  -1.5707963267948966        0.0000000000000000     
        (0.73053867356336033,6.72713742971088905E-017)
   0.0000000000000000        0.0000000000000000     
              (0.46270878118337222,0.0000000000000000)
   1.5707963267948966        0.0000000000000000     
       (0.73053867356336033,-6.72713742971088905E-017)
   3.1415926535897931        0.0000000000000000     
         (1.3824866014141139,2.35204461317021207E-017)
   1.0000000000000000                1           4
               (0.0000000000000000,0.0000000000000000)
  -1.5707963267948966        0.0000000000000000     
        (0.72182487466756906,6.77845959230144798E-017)
   0.0000000000000000        0.0000000000000000     
              (0.43803998731027699,0.0000000000000000)
   1.5707963267948966        0.0000000000000000     
       (0.72182487466756906,-6.77845959230144798E-017)
   3.1415926535897931        0.0000000000000000     
         (1.4064908879234272,2.45468893835133025E-017)
   1.0000000000000000                1           4
               (0.0000000000000000,0.0000000000000000)
  -1.5707963267948966        0.0000000000000000     
       (0.72104077573622360,-4.27999761947922397E-017)
   0.0000000000000000        0.0000000000000000     
              (0.44146001345208735,0.0000000000000000)
   1.5707963267948966        0.0000000000000000     
        (0.72104077573622360,4.27999761947922397E-017)
   3.1415926535897931        0.0000000000000000     
         (1.4158000219821227,2.54223500729311869E-017)
   1.0000000000000000                1           4
               (0.0000000000000000,0.0000000000000000)
  -1.5707963267948966        0.0000000000000000     
       (0.70854312467098413,-9.67121258149040236E-017)
   0.0000000000000000        0.0000000000000000     
              (0.45195300939384481,0.0000000000000000)
   1.5707963267948966        0.0000000000000000     
        (0.70854312467098413,9.67121258149040236E-017)
   3.1415926535897931        0.0000000000000000     
         (1.4325390799854285,2.86203532952232918E-017)
   1.0000000000000000                1           4
               (0.0000000000000000,0.0000000000000000)
  -1.5707963267948966        0.0000000000000000     
        (0.73974621520100958,1.10753312777646056E-017)
   0.0000000000000000        0.0000000000000000     
              (0.46964491224922067,0.0000000000000000)
   1.5707963267948966        0.0000000000000000     
       (0.73974621520100958,-1.10753312777646056E-017)
   3.1415926535897931        0.0000000000000000     
         (1.3715952901790085,2.21506625555292112E-017)
   1.0000000000000000                1           4
               (0.0000000000000000,0.0000000000000000)
  -1.5707963267948966        0.0000000000000000     
        (0.73083698842170619,1.18861818210413511E-017)
   0.0000000000000000        0.0000000000000000     
              (0.44636682561779228,0.0000000000000000)
   1.5707963267948966        0.0000000000000000     
       (0.73083698842170619,-1.18861818210413511E-017)
   3.1415926535897931        0.0000000000000000     
         (1.4035393118556718,2.37723636420827022E-017)
   1.0000000000000000                1           4
               (0.0000000000000000,0.0000000000000000)
  -1.5707963267948966        0.0000000000000000     
        (0.71706293601460636,1.31220727922570564E-017)
   0.0000000000000000        0.0000000000000000     
              (0.44329347221666615,0.0000000000000000)
   1.5707963267948966        0.0000000000000000     
       (0.71706293601460636,-1.31220727922570564E-017)
   3.1415926535897931        0.0000000000000000     
         (1.4194318229733518,2.62441455845141129E-017)
   1.0000000000000000                1           4
               (0.0000000000000000,0.0000000000000000)
  -1.5707963267948966        0.0000000000000000     
        (0.72123707147225791,6.82750402357778562E-017)
   0.0000000000000000        0.0000000000000000     
              (0.42782011591792951,0.0000000000000000)
   1.5707963267948966        0.0000000000000000     
       (0.72123707147225791,-6.82750402357778562E-017)
   3.1415926535897931        0.0000000000000000     
         (1.4315542798474565,2.55277780090400461E-017)
   1.0000000000000000                1           4
               (0.0000000000000000,0.0000000000000000)
  -1.5707963267948966        0.0000000000000000     
        (0.49494849656278567,9.60645359115713241E-017)
   0.0000000000000000        0.0000000000000000     
              (0.69868182191261952,0.0000000000000000)
   1.5707963267948966        0.0000000000000000     
       (0.49494849656278567,-9.60645359115713241E-017)
   3.1415926535897931        0.0000000000000000     
         (1.6157892348057636,8.11067693606269695E-017)
   1.0000000000000000                1           4
               (0.0000000000000000,0.0000000000000000)
  -1.5707963267948966        0.0000000000000000     
       (0.71683174186902054,-4.21456457585985983E-017)
   0.0000000000000000        0.0000000000000000     
              (0.45471916674002910,0.0000000000000000)
   1.5707963267948966        0.0000000000000000     
        (0.71683174186902054,4.21456457585985983E-017)
   3.1415926535897931        0.0000000000000000     
         (1.4154948548988928,2.67310109453184575E-017)
   1.0000000000000000                1           4
               (0.0000000000000000,0.0000000000000000)
  -1.5707963267948966        0.0000000000000000     
       (0.74209599633380308,-1.70184231498791668E-017)
   0.0000000000000000        0.0000000000000000     
              (0.48550949216545047,0.0000000000000000)
   1.5707963267948966        0.0000000000000000     
        (0.74209599633380308,1.70184231498791668E-017)
   3.1415926535897931        0.0000000000000000     
         (1.3493845142819776,2.14743049314994964E-017)
   1.0000000000000000                1           4
               (0.0000000000000000,0.0000000000000000)
  -1.5707963267948966        0.0000000000000000     
        (0.72554461492427369,6.75742627978191168E-017)
   0.0000000000000000        0.0000000000000000     
              (0.46892566919286149,0.0000000000000000)
   1.5707963267948966        0.0000000000000000     
       (0.72554461492427369,-6.75742627978191168E-017)
   3.1415926535897931        0.0000000000000000     
         (1.3761746853313097,2.41262231331225733E-017)
   1.0000000000000000                1           4
               (0.0000000000000000,0.0000000000000000)
  -1.5707963267948966        0.0000000000000000     
       (0.72173585610882507,-4.32115032880968853E-017)
   0.0000000000000000        0.0000000000000000     
              (0.43019089596275711,0.0000000000000000)
   1.5707963267948966        0.0000000000000000     
        (0.72173585610882507,4.32115032880968853E-017)
   3.1415926535897931        0.0000000000000000     
         (1.4150178052944897,2.45992958863218835E-017)
   1.0000000000000000                1           4
               (0.0000000000000000,0.0000000000000000)
  -1.5707963267948966        0.0000000000000000     
        (0.71584992670833014,1.32143024286631298E-017)
   0.0000000000000000        0.0000000000000000     
              (0.47871684869973469,0.0000000000000000)
   1.5707963267948966        0.0000000000000000     
       (0.71584992670833014,-1.32143024286631298E-017)
   3.1415926535897931        0.0000000000000000     
         (1.3845948764129425,2.64286048573262596E-017)
   1.0000000000000000                1           4
               (0.0000000000000000,0.0000000000000000)
  -1.5707963267948966        0.0000000000000000     
       (0.72299772309767363,-4.31491800414603680E-017)
   0.0000000000000000        0.0000000000000000     
              (0.45332573556301181,0.0000000000000000)
   1.5707963267948966        0.0000000000000000     
        (0.72299772309767363,4.31491800414603680E-017)
   3.1415926535897931        0.0000000000000000     
         (1.3964423313881107,2.47239423795949181E-017)
   1.0000000000000000                1           4
               (0.0000000000000000,0.0000000000000000)
  -1.5707963267948966        0.0000000000000000     
        (0.71949107014833491,1.29272480127697118E-017)
   0.0000000000000000        0.0000000000000000     
              (0.44188897369003394,0.0000000000000000)
   1.5707963267948966        0.0000000000000000     
       (0.71949107014833491,-1.29272480127697118E-017)
   3.1415926535897931        0.0000000000000000     
         (1.4193291295559585,2.58544960255394237E-017)
   1.0000000000000000                1           4
               (0.0000000000000000,0.0000000000000000)
  -1.5707963267948966        0.0000000000000000     
       (0.71747550812421956,-4.23299870624510062E-017)
   0.0000000000000000        0.0000000000000000     
              (0.48082924614843298,0.0000000000000000)
   1.5707963267948966        0.0000000000000000     
        (0.71747550812421956,4.23299870624510062E-017)
   3.1415926535897931        0.0000000000000000     
         (1.3846512640890993,2.63623283376136447E-017)
   1.0000000000000000                1           4
               (0.0000000000000000,0.0000000000000000)
  -1.5707963267948966        0.0000000000000000     
        (0.70756351362229231,7.06517511516378010E-017)
   0.0000000000000000        0.0000000000000000     
              (0.50800414805856864,0.0000000000000000)
   1.5707963267948966        0.0000000000000000     
       (0.70756351362229231,-7.06517511516378010E-017)
   3.1415926535897931        0.0000000000000000     
         (1.4016524016874083,3.02811998407599479E-017)
   1.0000000000000000                1           4
               (0.0000000000000000,0.0000000000000000)
  -1.5707963267948966        0.0000000000000000     
        (0.74526283670419147,9.39337603935887684E-017)
   0.0000000000000000        0.0000000000000000     
              (0.47267423046963292,0.0000000000000000)
   1.5707963267948966        0.0000000000000000     
       (0.74526283670419147,-9.39337603935887684E-017)
   3.1415926535897931        0.0000000000000000     
         (1.3662631990182605,2.13340670934040373E-017)
   1.0000000000000000                1           4
               (0.0000000000000000,0.0000000000000000)
  -1.5707963267948966        0.0000000000000000     
        (0.72793140227857744,1.22488064401472913E-016)
   0.0000000000000000        0.0000000000000000     
              (0.43124610119443940,0.0000000000000000)
   1.5707963267948966        0.0000000000000000     
       (0.72793140227857744,-1.22488064401472913E-016)
   3.1415926535897931        0.0000000000000000     
         (1.3991169085464523,2.29315238779145142E-017)
   1.0000000000000000                1           4
               (0.0000000000000000,0.0000000000000000)
  -1.5707963267948966        0.0000000000000000     
       (0.71534070606246147,-1.43455139000326192E-017)
   0.0000000000000000        0.0000000000000000     
              (0.44910956920069939,0.0000000000000000)
   1.5707963267948966        0.0000000000000000     
        (0.71534070606246147,1.43455139000326192E-017)
   3.1415926535897931        0.0000000000000000     
         (1.4195776981612733,2.68201234311925948E-017)
   1.0000000000000000                1           4
               (0.0000000000000000,0.0000000000000000)
  -1.5707963267948966        0.0000000000000000     
        (0.73318667198504039,1.15713231594276632E-017)
   0.0000000000000000        0.0000000000000000     
              (0.45664394070763042,0.0000000000000000)
   1.5707963267948966        0.0000000000000000     
       (0.73318667198504039,-1.15713231594276632E-017)
   3.1415926535897931        0.0000000000000000     
         (1.3876774995620222,2.31426463188553264E-017)
   1.0000000000000000                1           4
               (0.0000000000000000,0.0000000000000000)
  -1.5707963267948966        0.0000000000000000     
       (0.73851229488229597,-4.47605666911425757E-017)
   0.0000000000000000        0.0000000000000000     
              (0.44071814905700935,0.0000000000000000)
   1.5707963267948966        0.0000000000000000     
        (0.73851229488229597,4.47605666911425757E-017)
   3.1415926535897931        0.0000000000000000     
         (1.3874471793303504,2.15011690802305088E-017)
   1.0000000000000000                1           4
               (0.0000000000000000,0.0000000000000000)
  -1.5707963267948966        0.0000000000000000     
       (0.73850607302719473,-4.47065948747217515E-017)
   0.0000000000000000        0.0000000000000000     
              (0.46141011255422987,0.0000000000000000)
   1.5707963267948966        0.0000000000000000     
        (0.73850607302719473,4.47065948747217515E-017)
   3.1415926535897931        0.0000000000000000     
         (1.3685056254275179,2.16091127130721634E-017)
   1.0000000000000000                1           4
               (0.0000000000000000,0.0000000000000000)
  -1.5707963267948966        0.0000000000000000     
       (0.73206352020445997,-4.38037057796447816E-017)
   0.0000000000000000        0.0000000000000000     
              (0.45418949754209631,0.0000000000000000)
   1.5707963267948966        0.0000000000000000     
        (0.73206352020445997,4.38037057796447816E-017)
   3.1415926535897931        0.0000000000000000     
         (1.3923317306363656,2.34148909032260908E-017)
   1.0000000000000000                1           4
               (0.0000000000000000,0.0000000000000000)
  -1.5707963267948966        0.0000000000000000     
        (0.73846447323548658,1.08506020275842214E-017)
   0.0000000000000000        0.0000000000000000     
              (0.47284006108066051,0.0000000000000000)
   1.5707963267948966        0.0000000000000000     
       (0.73846447323548658,-1.08506020275842214E-017)
   3.1415926535897931        0.0000000000000000     
         (1.3584964430678026,2.17012040551684429E-017)
   1.0000000000000000                1           4
               (0.0000000000000000,0.0000000000000000)
  -1.5707963267948966        0.0000000000000000     
        (0.73004845618547876,1.19624492985870862E-017)
   0.0000000000000000        0.0000000000000000     
              (0.45195465868117735,0.0000000000000000)
   1.5707963267948966        0.0000000000000000     
       (0.73004845618547876,-1.19624492985870862E-017)
   3.1415926535897931        0.0000000000000000     
         (1.3988654991811598,2.39248985971741724E-017)
   1.0000000000000000                1           4
               (0.0000000000000000,0.0000000000000000)
  -1.5707963267948966        0.0000000000000000     
        (0.72313474450250648,1.23639402313824868E-017)
   0.0000000000000000        0.0000000000000000     
              (0.44618952586033944,0.0000000000000000)
   1.5707963267948966        0.0000000000000000     
       (0.72313474450250648,-1.23639402313824868E-017)
   3.1415926535897931        0.0000000000000000     
         (1.4039168976792920,2.47278804627649736E-017)
   1.0000000000000000                1           4
               (0.0000000000000000,0.0000000000000000)
  -1.5707963267948966        0.0000000000000000     
        (0.73482907289127553,1.15396214499453097E-017)
   0.0000000000000000        0.0000000000000000     
              (0.46208508994263126,0.0000000000000000)
   1.5707963267948966        0.0000000000000000     
       (0.73482907289127553,-1.15396214499453097E-017)
   3.1415926535897931        0.0000000000000000     
         (1.3844856957285683,2.30792428998906193E-017)
   1.0000000000000000                1           4
               (0.0000000000000000,0.0000000000000000)
  -1.5707963267948966        0.0000000000000000     
        (0.72895265343563409,1.19249926891730705E-017)
   0.0000000000000000        0.0000000000000000     
              (0.45009165155499797,0.0000000000000000)
   1.5707963267948966        0.0000000000000000     
       (0.72895265343563409,-1.19249926891730705E-017)
   3.1415926535897931        0.0000000000000000     
         (1.3973134751002509,2.38499853783461409E-017)
   1.0000000000000000                1           4
               (0.0000000000000000,0.0000000000000000)
  -1.5707963267948966        0.0000000000000000     
        (0.72383632554291588,1.26397790699787776E-017)
   0.0000000000000000        0.0000000000000000     
              (0.47029223239848256,0.0000000000000000)
   1.5707963267948966        0.0000000000000000     
       (0.72383632554291588,-1.26397790699787776E-017)
   3.1415926535897931        0.0000000000000000     
         (1.3902269334140143,2.52795581399575552E-017)
   1.0000000000000000                1           4
               (0.0000000000000000,0.0000000000000000)
  -1.5707963267948966        0.0000000000000000     
        (0.72009381137936301,1.33879635238325403E-017)
   0.0000000000000000        0.0000000000000000     
              (0.48554933397923639,0.0000000000000000)
   1.5707963267948966        0.0000000000000000     
       (0.72009381137936301,-1.33879635238325403E-017)
   3.1415926535897931        0.0000000000000000     
         (1.3919223622986057,2.67759270476650806E-017)
   1.0000000000000000                1           4
               (0.0000000000000000,0.0000000000000000)
  -1.5707963267948966        0.0000000000000000     
        (0.73101759269707045,1.14679241243356501E-017)
   0.0000000000000000        0.0000000000000000     
              (0.45477535816131687,0.0000000000000000)
   1.5707963267948966        0.0000000000000000     
       (0.73101759269707045,-1.14679241243356501E-017)
   3.1415926535897931        0.0000000000000000     
         (1.3818306547504418,2.29358482486713002E-017)
   1.0000000000000000                1           4
               (0.0000000000000000,0.0000000000000000)
  -1.5707963267948966        0.0000000000000000     
       (0.72937310577506898,-4.38730474998157931E-017)
   0.0000000000000000        0.0000000000000000     
              (0.46467505622587341,0.0000000000000000)
   1.5707963267948966        0.0000000000000000     
        (0.72937310577506898,4.38730474998157931E-017)
   3.1415926535897931        0.0000000000000000     
         (1.3742004706352566,2.32762074628840771E-017)
   1.0000000000000000                1           4
               (0.0000000000000000,0.0000000000000000)
  -1.5707963267948966        0.0000000000000000     
        (0.73011200286099875,1.16338277563645718E-017)
   0.0000000000000000        0.0000000000000000     
              (0.45658557297482083,0.0000000000000000)
   1.5707963267948966        0.0000000000000000     
       (0.73011200286099875,-1.16338277563645718E-017)
   3.1415926535897931        0.0000000000000000     
         (1.3836280841132520,2.32676555127291435E-017)
   1.0000000000000000                1           4
               (0.0000000000000000,0.0000000000000000)
  -1.5707963267948966        0.0000000000000000     
        (0.70489618315449243,7.01212092056592701E-017)
   0.0000000000000000        0.0000000000000000     
              (0.46474965100278659,0.0000000000000000)
   1.5707963267948966        0.0000000000000000     
       (0.70489618315449243,-7.01212092056592701E-017)
   3.1415926535897931        0.0000000000000000     
         (1.4222434227942198,2.92201159488028923E-017)
   1.0000000000000000                1           4
               (0.0000000000000000,0.0000000000000000)
  -1.5707963267948966        0.0000000000000000     
        (0.73392718704841908,6.69554889414603441E-017)
   0.0000000000000000        0.0000000000000000     
              (0.45850782476062574,0.0000000000000000)
   1.5707963267948966        0.0000000000000000     
       (0.73392718704841908,-6.69554889414603441E-017)
   3.1415926535897931        0.0000000000000000     
         (1.3831469861044468,2.28886754204050188E-017)
   1.0000000000000000                1           4
               (0.0000000000000000,0.0000000000000000)
  -1.5707963267948966        0.0000000000000000     
        (0.72417284803281845,1.25090265943579551E-017)
   0.0000000000000000        0.0000000000000000     
              (0.46461262231532852,0.0000000000000000)
   1.5707963267948966        0.0000000000000000     
       (0.72417284803281845,-1.25090265943579551E-017)
   3.1415926535897931        0.0000000000000000     
         (1.3923088885262005,2.50180531887159103E-017)
   1.0000000000000000                1           4
               (0.0000000000000000,0.0000000000000000)
  -1.5707963267948966        0.0000000000000000     
        (0.71455169679856856,6.89366708833667006E-017)
   0.0000000000000000        0.0000000000000000     
              (0.47327763992372873,0.0000000000000000)
   1.5707963267948966        0.0000000000000000     
       (0.71455169679856856,-6.89366708833667006E-017)
   3.1415926535897931        0.0000000000000000     
         (1.3943365034326449,2.68510393042177409E-017)
   1.0000000000000000                1           4
               (0.0000000000000000,0.0000000000000000)
  -1.5707963267948966        0.0000000000000000     
        (0.72054286929555866,4.05885969620359023E-017)
   0.0000000000000000        0.0000000000000000     
              (0.46122687622770298,0.0000000000000000)
   1.5707963267948966        0.0000000000000000     
       (0.72054286929555866,-4.05885969620359023E-017)
   3.1415926535897931        0.0000000000000000     
         (1.3990171488290906,2.56660426928139653E-017)
   1.0000000000000000                1           4
               (0.0000000000000000,0.0000000000000000)
  -1.5707963267948966        0.0000000000000000     
       (0.74301078338956439,-4.47390733590954733E-017)
   0.0000000000000000        0.0000000000000000     
              (0.49549870915513450,0.0000000000000000)
   1.5707963267948966        0.0000000000000000     
        (0.74301078338956439,4.47390733590954733E-017)
   3.1415926535897931        0.0000000000000000     
         (1.3423656217470801,2.15441557443247168E-017)
   1.0000000000000000                1           4
               (0.0000000000000000,0.0000000000000000)
  -1.5707963267948966        0.0000000000000000     
        (0.72224890381866313,4.00851009165658957E-017)
   0.0000000000000000        0.0000000000000000     
              (0.43203497936212426,0.0000000000000000)
   1.5707963267948966        0.0000000000000000     
       (0.72224890381866313,-4.00851009165658957E-017)
   3.1415926535897931        0.0000000000000000     
         (1.4151756858769620,2.46590506018739614E-017)
   1.0000000000000000                1           4
               (0.0000000000000000,0.0000000000000000)
  -1.5707963267948966        0.0000000000000000     
       (0.73245961521918279,-1.64781362289980866E-017)
   0.0000000000000000        0.0000000000000000     
              (0.46722663490210664,0.0000000000000000)
   1.5707963267948966        0.0000000000000000     
        (0.73245961521918279,1.64781362289980866E-017)
   3.1415926535897931        0.0000000000000000     
         (1.3660417193647008,2.25548787732616569E-017)
   1.0000000000000000                1           4
               (0.0000000000000000,0.0000000000000000)
  -1.5707963267948966        0.0000000000000000     
        (0.72915050886887423,3.91421947884298461E-017)
   0.0000000000000000        0.0000000000000000     
              (0.44985860660009080,0.0000000000000000)
   1.5707963267948966        0.0000000000000000     
       (0.72915050886887423,-3.91421947884298461E-017)
   3.1415926535897931        0.0000000000000000     
         (1.3803576174070487,2.27732383456018652E-017)
   1.0000000000000000                1           4
               (0.0000000000000000,0.0000000000000000)
  -1.5707963267948966        0.0000000000000000     
        (0.71701427769374082,1.29509374483669649E-017)
   0.0000000000000000        0.0000000000000000     
              (0.42556467807891973,0.0000000000000000)
   1.5707963267948966        0.0000000000000000     
       (0.71701427769374082,-1.29509374483669649E-017)
   3.1415926535897931        0.0000000000000000     
         (1.4314735959436462,2.59018748967339297E-017)
   1.0000000000000000                1           4
               (0.0000000000000000,0.0000000000000000)
  -1.5707963267948966        0.0000000000000000     
        (0.72280209213842517,4.00685200480978217E-017)
   0.0000000000000000        0.0000000000000000     
              (0.45624462405777483,0.0000000000000000)
   1.5707963267948966        0.0000000000000000     
       (0.72280209213842517,-4.00685200480978217E-017)
   3.1415926535897931        0.0000000000000000     
         (1.3915308455575637,2.46258888649378133E-017)
   1.0000000000000000                1           4
               (0.0000000000000000,0.0000000000000000)
  -1.5707963267948966        0.0000000000000000     
        (0.74496978062015007,6.59187283598097501E-017)
   0.0000000000000000        0.0000000000000000     
              (0.47284533956846225,0.0000000000000000)
   1.5707963267948966        0.0000000000000000     
       (0.74496978062015007,-6.59187283598097501E-017)
   3.1415926535897931        0.0000000000000000     
         (1.3570314880182841,2.08151542571038338E-017)
   1.0000000000000000                1           4
               (0.0000000000000000,0.0000000000000000)
  -1.5707963267948966        0.0000000000000000     
        (0.72284761784909146,1.27345451833125011E-017)
   0.0000000000000000        0.0000000000000000     
              (0.44598304617193185,0.0000000000000000)
   1.5707963267948966        0.0000000000000000     
       (0.72284761784909146,-1.27345451833125011E-017)
   3.1415926535897931        0.0000000000000000     
         (1.4156540004117664,2.54690903666250022E-017)
   1.0000000000000000                1           4
               (0.0000000000000000,0.0000000000000000)
  -1.5707963267948966        0.0000000000000000     
        (0.72242834873128114,1.27514963738455717E-017)
   0.0000000000000000        0.0000000000000000     
              (0.45002571457981771,0.0000000000000000)
   1.5707963267948966        0.0000000000000000     
       (0.72242834873128114,-1.27514963738455717E-017)
   3.1415926535897931        0.0000000000000000     
         (1.4113264616680941,2.55029927476911434E-017)
   1.0000000000000000                1           4
               (0.0000000000000000,0.0000000000000000)
  -1.5707963267948966        0.0000000000000000     
        (0.70999422052706085,1.39709313138566793E-017)
   0.0000000000000000        0.0000000000000000     
              (0.46163025062461638,0.0000000000000000)
   1.5707963267948966        0.0000000000000000     
       (0.70999422052706085,-1.39709313138566793E-017)
   3.1415926535897931        0.0000000000000000     
         (1.4146834369767967,2.79418626277133587E-017)
   1.0000000000000000                1           4
               (0.0000000000000000,0.0000000000000000)
  -1.5707963267948966        0.0000000000000000     
        (0.72737730040259163,1.23051055217421487E-017)
   0.0000000000000000        0.0000000000000000     
              (0.46371726605408864,0.0000000000000000)
   1.5707963267948966        0.0000000000000000     
       (0.72737730040259163,-1.23051055217421487E-017)
   3.1415926535897931        0.0000000000000000     
         (1.3929525818348887,2.46102110434842975E-017)
   1.0000000000000000                1           4
               (0.0000000000000000,0.0000000000000000)
  -1.5707963267948966        0.0000000000000000     
        (0.72116961980177152,1.29999051974040556E-017)
   0.0000000000000000        0.0000000000000000     
              (0.47933876236167533,0.0000000000000000)
   1.5707963267948966        0.0000000000000000     
       (0.72116961980177152,-1.29999051974040556E-017)
   3.1415926535897931        0.0000000000000000     
         (1.3876096039371761,2.59998103948081112E-017)
   1.0000000000000000                1           4
               (0.0000000000000000,0.0000000000000000)
  -1.5707963267948966        0.0000000000000000     
        (0.71689330550186559,1.35615288238185876E-017)
   0.0000000000000000        0.0000000000000000     
              (0.45993191364385622,0.0000000000000000)
   1.5707963267948966        0.0000000000000000     
       (0.71689330550186559,-1.35615288238185876E-017)
   3.1415926535897931        0.0000000000000000     
         (1.4168078437939540,2.71230576476371751E-017)
   1.0000000000000000                1           4
               (0.0000000000000000,0.0000000000000000)
  -1.5707963267948966        0.0000000000000000     
       (0.72147888591811837,-4.30248111039208857E-017)
   0.0000000000000000        0.0000000000000000     
              (0.45747160393602260,0.0000000000000000)
   1.5707963267948966        0.0000000000000000     
        (0.72147888591811837,4.30248111039208857E-017)
   3.1415926535897931        0.0000000000000000     
         (1.3933209864301093,2.49726802546738919E-017)
   1.0000000000000000                1           4
               (0.0000000000000000,0.0000000000000000)
  -1.5707963267948966        0.0000000000000000     
        (0.72979212977096186,1.14439577292038427E-017)
   0.0000000000000000        0.0000000000000000     
              (0.46746940130646830,0.0000000000000000)
   1.5707963267948966        0.0000000000000000     
       (0.72979212977096186,-1.14439577292038427E-017)
   3.1415926535897931        0.0000000000000000     
         (1.3659028838824117,2.28879154584076854E-017)
   1.0000000000000000                1           4
               (0.0000000000000000,0.0000000000000000)
  -1.5707963267948966        0.0000000000000000     
        (0.72500309201139923,1.24244146660452486E-017)
   0.0000000000000000        0.0000000000000000     
              (0.47585827617694920,0.0000000000000000)
   1.5707963267948966        0.0000000000000000     
       (0.72500309201139923,-1.24244146660452486E-017)
   3.1415926535897931        0.0000000000000000     
         (1.3799600873149209,2.48488293320904973E-017)
   1.0000000000000000                1           4
               (0.0000000000000000,0.0000000000000000)
  -1.5707963267948966        0.0000000000000000     
       (0.73479958636791243,-4.39508455258039704E-017)
   0.0000000000000000        0.0000000000000000     
              (0.49450993537721000,0.0000000000000000)
   1.5707963267948966        0.0000000000000000     
        (0.73479958636791243,4.39508455258039704E-017)
   3.1415926535897931        0.0000000000000000     
         (1.3526774763023688,2.31206114109077225E-017)
   1.0000000000000000                1           4
               (0.0000000000000000,0.0000000000000000)
  -1.5707963267948966        0.0000000000000000     
        (0.72150305248706792,1.23317512474471202E-017)
   0.0000000000000000        0.0000000000000000     
              (0.44235982714890726,0.0000000000000000)
   1.5707963267948966        0.0000000000000000     
       (0.72150305248706792,-1.23317512474471202E-017)
   3.1415926535897931        0.0000000000000000     
         (1.4034318403574775,2.46635024948942404E-017)
   1.0000000000000000                1           4
               (0.0000000000000000,0.0000000000000000)
  -1.5707963267948966        0.0000000000000000     
        (0.72035390841889857,6.80436804978355927E-017)
   0.0000000000000000        0.0000000000000000     
              (0.45254935303966914,0.0000000000000000)
   1.5707963267948966        0.0000000000000000     
       (0.72035390841889857,-6.80436804978355927E-017)
   3.1415926535897931        0.0000000000000000     
         (1.3975019341049433,2.50650585331555344E-017)
   1.0000000000000000                1           4
               (0.0000000000000000,0.0000000000000000)
  -1.5707963267948966        0.0000000000000000     
        (0.70958260015743391,1.42105623090634512E-017)
   0.0000000000000000        0.0000000000000000     
              (0.47539665056870412,0.0000000000000000)
   1.5707963267948966        0.0000000000000000     
       (0.70958260015743391,-1.42105623090634512E-017)
   3.1415926535897931        0.0000000000000000     
         (1.4079207385717876,2.84211246181269024E-017)
   1.0000000000000000                1           4
               (0.0000000000000000,0.0000000000000000)
  -1.5707963267948966        0.0000000000000000     
       (0.72311260302443492,-1.55625403690033201E-017)
   0.0000000000000000        0.0000000000000000     
              (0.43942177823287992,0.0000000000000000)
   1.5707963267948966        0.0000000000000000     
        (0.72311260302443492,1.55625403690033201E-017)
   3.1415926535897931        0.0000000000000000     
         (1.4050581819251700,2.43860704932511899E-017)
   1.0000000000000000                1           4
               (0.0000000000000000,0.0000000000000000)
  -1.5707963267948966        0.0000000000000000     
        (0.72087702544635324,1.28803221115728880E-017)
   0.0000000000000000        0.0000000000000000     
              (0.46990911957637865,0.0000000000000000)
   1.5707963267948966        0.0000000000000000     
       (0.72087702544635324,-1.28803221115728880E-017)
   3.1415926535897931        0.0000000000000000     
         (1.3925481780170310,2.57606442231457760E-017)
   1.0000000000000000                1           4
               (0.0000000000000000,0.0000000000000000)
  -1.5707963267948966        0.0000000000000000     
        (0.72701455530512660,4.01701483014051056E-017)
   0.0000000000000000        0.0000000000000000     
              (0.46900078356358671,0.0000000000000000)
   1.5707963267948966        0.0000000000000000     
       (0.72701455530512660,-4.01701483014051056E-017)
   3.1415926535897931        0.0000000000000000     
         (1.3905190430447716,2.48291453715523780E-017)
   1.0000000000000000                1           4
               (0.0000000000000000,0.0000000000000000)
  -1.5707963267948966        0.0000000000000000     
       (0.72731044556434854,-4.29955746150848286E-017)
   0.0000000000000000        0.0000000000000000     
              (0.48087185422607259,0.0000000000000000)
   1.5707963267948966        0.0000000000000000     
        (0.72731044556434854,4.29955746150848286E-017)
   3.1415926535897931        0.0000000000000000     
         (1.3825387916265768,2.50311532323460000E-017)
   1.0000000000000000                1           4
               (0.0000000000000000,0.0000000000000000)
  -1.5707963267948966        0.0000000000000000     
        (0.72251798227923292,4.04226553335737429E-017)
   0.0000000000000000        0.0000000000000000     
              (0.46646116975070484,0.0000000000000000)
   1.5707963267948966        0.0000000000000000     
       (0.72251798227923292,-4.04226553335737429E-017)
   3.1415926535897931        0.0000000000000000     
         (1.3923130163672881,2.53341594358896588E-017)
   1.0000000000000000                1           4
               (0.0000000000000000,0.0000000000000000)
  -1.5707963267948966        0.0000000000000000     
        (0.72432324178077534,1.23491321468174559E-017)
   0.0000000000000000        0.0000000000000000     
              (0.45568845173955147,0.0000000000000000)
   1.5707963267948966        0.0000000000000000     
       (0.72432324178077534,-1.23491321468174559E-017)
   3.1415926535897931        0.0000000000000000     
         (1.3963112976098295,2.46982642936349118E-017)
   1.0000000000000000                1           4
               (0.0000000000000000,0.0000000000000000)
  -1.5707963267948966        0.0000000000000000     
        (0.73841062534190605,1.09935284193559268E-017)
   0.0000000000000000        0.0000000000000000     
              (0.45182967054115375,0.0000000000000000)
   1.5707963267948966        0.0000000000000000     
       (0.73841062534190605,-1.09935284193559268E-017)
   3.1415926535897931        0.0000000000000000     
         (1.3840674680479725,2.19870568387118537E-017)
   1.0000000000000000                1           4
               (0.0000000000000000,0.0000000000000000)
  -1.5707963267948966        0.0000000000000000     
        (0.73196029552869446,6.73051114641446825E-017)
   0.0000000000000000        0.0000000000000000     
              (0.47071879493966584,0.0000000000000000)
   1.5707963267948966        0.0000000000000000     
       (0.73196029552869446,-6.73051114641446825E-017)
   3.1415926535897931        0.0000000000000000     
         (1.3784217710884095,2.35879204657737141E-017)
