           2              (-3.1759083514349866,0.0000000000000000)   1.0000000000000000     
           2              (-3.2500768068228312,0.0000000000000000)   1.0000000000000000     
           2              (-3.1906002774079356,0.0000000000000000)   1.0000000000000000     
           2              (-3.1887888285062220,0.0000000000000000)   1.0000000000000000     
           2              (-3.2048118235408731,0.0000000000000000)   1.0000000000000000     
           2              (-3.2110659983872827,0.0000000000000000)   1.0000000000000000     
           2              (-3.1186106913654359,0.0000000000000000)   1.0000000000000000     
           2              (-3.2559296380259246,0.0000000000000000)   1.0000000000000000     
           2              (-3.2732775019752731,0.0000000000000000)   1.0000000000000000     
           2              (-3.2496569792368342,0.0000000000000000)   1.0000000000000000     
           2              (-3.1737762330564543,0.0000000000000000)   1.0000000000000000     
           2              (-3.2422467433100581,0.0000000000000000)   1.0000000000000000     
           2              (-3.1948049084365087,0.0000000000000000)   1.0000000000000000     
           2              (-3.1997316926867052,0.0000000000000000)   1.0000000000000000     
           2              (-3.1747110752498271,0.0000000000000000)   1.0000000000000000     
           2              (-3.2189228729529042,0.0000000000000000)   1.0000000000000000     
           2              (-3.1489678541925366,0.0000000000000000)   1.0000000000000000     
           2              (-3.2079813224406615,0.0000000000000000)   1.0000000000000000     
           2              (-3.1716591237751017,0.0000000000000000)   1.0000000000000000     
           2              (-3.2016679093864511,0.0000000000000000)   1.0000000000000000     
           2              (-3.2172485422805206,0.0000000000000000)   1.0000000000000000     
           2              (-3.2046142275112830,0.0000000000000000)   1.0000000000000000     
           2              (-3.2244627045518124,0.0000000000000000)   1.0000000000000000     
           2              (-3.1943743715189359,0.0000000000000000)   1.0000000000000000     
           2              (-3.2161206080617442,0.0000000000000000)   1.0000000000000000     
           2              (-3.1994222362251517,0.0000000000000000)   1.0000000000000000     
           2              (-3.1801556211524038,0.0000000000000000)   1.0000000000000000     
           2              (-3.2308705254458778,0.0000000000000000)   1.0000000000000000     
           2              (-3.1766617172456857,0.0000000000000000)   1.0000000000000000     
           2              (-3.1884504581900694,0.0000000000000000)   1.0000000000000000     
           2              (-3.2190503676529190,0.0000000000000000)   1.0000000000000000     
           2              (-3.1742211877782691,0.0000000000000000)   1.0000000000000000     
           2              (-3.2177565129749466,0.0000000000000000)   1.0000000000000000     
           2              (-3.2143372855816659,0.0000000000000000)   1.0000000000000000     
           2              (-3.1774264452017484,0.0000000000000000)   1.0000000000000000     
           2              (-3.1516145356451157,0.0000000000000000)   1.0000000000000000     
           2              (-3.2005325680841792,0.0000000000000000)   1.0000000000000000     
           2              (-3.1640952278358401,0.0000000000000000)   1.0000000000000000     
           2              (-3.2294004601604751,0.0000000000000000)   1.0000000000000000     
           2              (-3.1873920450936417,0.0000000000000000)   1.0000000000000000     
           2              (-3.2025544226630491,0.0000000000000000)   1.0000000000000000     
           2              (-3.1717332264776346,0.0000000000000000)   1.0000000000000000     
           2              (-3.2265729503156693,0.0000000000000000)   1.0000000000000000     
           2              (-3.1838874122971408,0.0000000000000000)   1.0000000000000000     
           2              (-3.2273264710362506,0.0000000000000000)   1.0000000000000000     
           2              (-3.1948652079995270,0.0000000000000000)   1.0000000000000000     
           2              (-3.2765527139117698,0.0000000000000000)   1.0000000000000000     
           2              (-3.1572708871302075,0.0000000000000000)   1.0000000000000000     
           2              (-3.2617803736893163,0.0000000000000000)   1.0000000000000000     
           2              (-3.1790772758462627,0.0000000000000000)   1.0000000000000000     
           2              (-3.2701979114784372,0.0000000000000000)   1.0000000000000000     
           2              (-3.2285907882577871,0.0000000000000000)   1.0000000000000000     
           2              (-3.1658579838993610,0.0000000000000000)   1.0000000000000000     
           2              (-3.2021222469393327,0.0000000000000000)   1.0000000000000000     
           2              (-3.2172228592706347,0.0000000000000000)   1.0000000000000000     
           2              (-3.2077125537022453,0.0000000000000000)   1.0000000000000000     
           2              (-3.2381912065668170,0.0000000000000000)   1.0000000000000000     
           2              (-3.2085962339595402,0.0000000000000000)   1.0000000000000000     
           2              (-3.1659582628824525,0.0000000000000000)   1.0000000000000000     
           2              (-3.1949718951884969,0.0000000000000000)   1.0000000000000000     
           2              (-3.1657206971508316,0.0000000000000000)   1.0000000000000000     
           2              (-3.1768418884247680,0.0000000000000000)   1.0000000000000000     
           2              (-3.2208669240362702,0.0000000000000000)   1.0000000000000000     
           2              (-3.1954422448834161,0.0000000000000000)   1.0000000000000000     
           2              (-3.1917487433587057,0.0000000000000000)   1.0000000000000000     
           2              (-3.1805142686070584,0.0000000000000000)   1.0000000000000000     
           2              (-3.2303504290710041,0.0000000000000000)   1.0000000000000000     
           2              (-3.1937433084872104,0.0000000000000000)   1.0000000000000000     
           2              (-3.1797061695927265,0.0000000000000000)   1.0000000000000000     
           2              (-3.1318610671670393,0.0000000000000000)   1.0000000000000000     
           2              (-3.2337345379504341,0.0000000000000000)   1.0000000000000000     
           2              (-3.1701759416559234,0.0000000000000000)   1.0000000000000000     
           2              (-3.2124794501335470,0.0000000000000000)   1.0000000000000000     
           2              (-3.1544222693069632,0.0000000000000000)   1.0000000000000000     
           2              (-3.2233024856072126,0.0000000000000000)   1.0000000000000000     
           2              (-3.2078329602234583,0.0000000000000000)   1.0000000000000000     
           2              (-3.1800332643498366,0.0000000000000000)   1.0000000000000000     
           2              (-3.2046739328157030,0.0000000000000000)   1.0000000000000000     
           2              (-3.1926123586209028,0.0000000000000000)   1.0000000000000000     
           2              (-3.2071492516682993,0.0000000000000000)   1.0000000000000000     
           2              (-3.1959777761939718,0.0000000000000000)   1.0000000000000000     
           2              (-3.1674492187036982,0.0000000000000000)   1.0000000000000000     
           2              (-3.2297895662034213,0.0000000000000000)   1.0000000000000000     
           2              (-3.2165079026223422,0.0000000000000000)   1.0000000000000000     
           2              (-3.1819732049512135,0.0000000000000000)   1.0000000000000000     
           2              (-3.1624813179924156,0.0000000000000000)   1.0000000000000000     
           2              (-3.1948831494615400,0.0000000000000000)   1.0000000000000000     
           2              (-3.1894615510184461,0.0000000000000000)   1.0000000000000000     
           2              (-3.1946011185915859,0.0000000000000000)   1.0000000000000000     
           2              (-3.2654923275113794,0.0000000000000000)   1.0000000000000000     
           2              (-3.2215450607555920,0.0000000000000000)   1.0000000000000000     
           2              (-3.1674189396757852,0.0000000000000000)   1.0000000000000000     
           2              (-3.2052744085735179,0.0000000000000000)   1.0000000000000000     
           2              (-3.2392627075919749,0.0000000000000000)   1.0000000000000000     
           2              (-3.2050249982222252,0.0000000000000000)   1.0000000000000000     
           2              (-3.2215105479408392,0.0000000000000000)   1.0000000000000000     
           2              (-3.1873833660370843,0.0000000000000000)   1.0000000000000000     
           2              (-3.1976420071975524,0.0000000000000000)   1.0000000000000000     
           2              (-3.1294463281874125,0.0000000000000000)   1.0000000000000000     
           2              (-3.1966608689881109,0.0000000000000000)   1.0000000000000000     
           2              (-3.2122934121076199,0.0000000000000000)   1.0000000000000000     
           2              (-3.1543332143207987,0.0000000000000000)   1.0000000000000000     
           2              (-3.2399402414308796,0.0000000000000000)   1.0000000000000000     
           2              (-3.1500933667532793,0.0000000000000000)   1.0000000000000000     
           2              (-3.1640099003536482,0.0000000000000000)   1.0000000000000000     
           2              (-3.2146921603369512,0.0000000000000000)   1.0000000000000000     
           2              (-3.1951192635454597,0.0000000000000000)   1.0000000000000000     
           2              (-3.2138696525917085,0.0000000000000000)   1.0000000000000000     
           2              (-3.1977898952067170,0.0000000000000000)   1.0000000000000000     
           2              (-3.2155783420530888,0.0000000000000000)   1.0000000000000000     
           2              (-3.1935195490090575,0.0000000000000000)   1.0000000000000000     
           2              (-3.2348255475070529,0.0000000000000000)   1.0000000000000000     
           2              (-3.2350154500544788,0.0000000000000000)   1.0000000000000000     
           2              (-3.1654829660571555,0.0000000000000000)   1.0000000000000000     
           2              (-3.1691156974597767,0.0000000000000000)   1.0000000000000000     
           2              (-3.2348833121976956,0.0000000000000000)   1.0000000000000000     
           2              (-3.2197994388037698,0.0000000000000000)   1.0000000000000000     
           2              (-3.1949681906458909,0.0000000000000000)   1.0000000000000000     
           2              (-3.2239565801652557,0.0000000000000000)   1.0000000000000000     
           2              (-3.1649757555526383,0.0000000000000000)   1.0000000000000000     
           2              (-3.2109521058698847,0.0000000000000000)   1.0000000000000000     
           2              (-3.2282038582763506,0.0000000000000000)   1.0000000000000000     
           2              (-3.2314700721173693,0.0000000000000000)   1.0000000000000000     
           2              (-3.2195844781938789,0.0000000000000000)   1.0000000000000000     
           2              (-3.1759083514349866,0.0000000000000000)   1.0000000000000000     
           2              (-3.2500768068228312,0.0000000000000000)   1.0000000000000000     
           2              (-3.1906002774079356,0.0000000000000000)   1.0000000000000000     
           2              (-3.1887888285062220,0.0000000000000000)   1.0000000000000000     
           2              (-3.2048118235408731,0.0000000000000000)   1.0000000000000000     
           2              (-3.2110659983872827,0.0000000000000000)   1.0000000000000000     
           2              (-3.1186106913654359,0.0000000000000000)   1.0000000000000000     
           2              (-3.2559296380259246,0.0000000000000000)   1.0000000000000000     
           2              (-3.2732775019752731,0.0000000000000000)   1.0000000000000000     
           2              (-3.2496569792368342,0.0000000000000000)   1.0000000000000000     
           2              (-3.1737762330564543,0.0000000000000000)   1.0000000000000000     
           2              (-3.2422467433100581,0.0000000000000000)   1.0000000000000000     
           2              (-3.1948049084365087,0.0000000000000000)   1.0000000000000000     
           2              (-3.1997316926867052,0.0000000000000000)   1.0000000000000000     
           2              (-3.1747110752498271,0.0000000000000000)   1.0000000000000000     
           2              (-3.2189228729529042,0.0000000000000000)   1.0000000000000000     
           2              (-3.1489678541925366,0.0000000000000000)   1.0000000000000000     
           2              (-3.2079813224406615,0.0000000000000000)   1.0000000000000000     
           2              (-3.1716591237751017,0.0000000000000000)   1.0000000000000000     
           2              (-3.2016679093864511,0.0000000000000000)   1.0000000000000000     
           2              (-3.2172485422805206,0.0000000000000000)   1.0000000000000000     
           2              (-3.2046142275112830,0.0000000000000000)   1.0000000000000000     
           2              (-3.2244627045518124,0.0000000000000000)   1.0000000000000000     
           2              (-3.1943743715189359,0.0000000000000000)   1.0000000000000000     
           2              (-3.2161206080617442,0.0000000000000000)   1.0000000000000000     
           2              (-3.1994222362251517,0.0000000000000000)   1.0000000000000000     
           2              (-3.1801556211524038,0.0000000000000000)   1.0000000000000000     
           2              (-3.2308705254458778,0.0000000000000000)   1.0000000000000000     
           2              (-3.1766617172456857,0.0000000000000000)   1.0000000000000000     
           2              (-3.1884504581900694,0.0000000000000000)   1.0000000000000000     
           2              (-3.2190503676529190,0.0000000000000000)   1.0000000000000000     
           2              (-3.1742211877782691,0.0000000000000000)   1.0000000000000000     
           2              (-3.2177565129749466,0.0000000000000000)   1.0000000000000000     
           2              (-3.2143372855816659,0.0000000000000000)   1.0000000000000000     
           2              (-3.1774264452017484,0.0000000000000000)   1.0000000000000000     
           2              (-3.1516145356451157,0.0000000000000000)   1.0000000000000000     
           2              (-3.2005325680841792,0.0000000000000000)   1.0000000000000000     
           2              (-3.1640952278358401,0.0000000000000000)   1.0000000000000000     
           2              (-3.2294004601604751,0.0000000000000000)   1.0000000000000000     
           2              (-3.1873920450936417,0.0000000000000000)   1.0000000000000000     
           2              (-3.2025544226630491,0.0000000000000000)   1.0000000000000000     
           2              (-3.1717332264776346,0.0000000000000000)   1.0000000000000000     
           2              (-3.2265729503156693,0.0000000000000000)   1.0000000000000000     
           2              (-3.1838874122971408,0.0000000000000000)   1.0000000000000000     
           2              (-3.2273264710362506,0.0000000000000000)   1.0000000000000000     
           2              (-3.1948652079995270,0.0000000000000000)   1.0000000000000000     
           2              (-3.2765527139117698,0.0000000000000000)   1.0000000000000000     
           2              (-3.1572708871302075,0.0000000000000000)   1.0000000000000000     
           2              (-3.2617803736893163,0.0000000000000000)   1.0000000000000000     
           2              (-3.1790772758462627,0.0000000000000000)   1.0000000000000000     
           2              (-3.2701979114784372,0.0000000000000000)   1.0000000000000000     
           2              (-3.2285907882577871,0.0000000000000000)   1.0000000000000000     
           2              (-3.1658579838993610,0.0000000000000000)   1.0000000000000000     
           2              (-3.2021222469393327,0.0000000000000000)   1.0000000000000000     
           2              (-3.2172228592706347,0.0000000000000000)   1.0000000000000000     
           2              (-3.2077125537022453,0.0000000000000000)   1.0000000000000000     
           2              (-3.2381912065668170,0.0000000000000000)   1.0000000000000000     
           2              (-3.2085962339595402,0.0000000000000000)   1.0000000000000000     
           2              (-3.1659582628824525,0.0000000000000000)   1.0000000000000000     
           2              (-3.1949718951884969,0.0000000000000000)   1.0000000000000000     
           2              (-3.1657206971508316,0.0000000000000000)   1.0000000000000000     
           2              (-3.1768418884247680,0.0000000000000000)   1.0000000000000000     
           2              (-3.2208669240362702,0.0000000000000000)   1.0000000000000000     
           2              (-3.1954422448834161,0.0000000000000000)   1.0000000000000000     
           2              (-3.1917487433587057,0.0000000000000000)   1.0000000000000000     
           2              (-3.1805142686070584,0.0000000000000000)   1.0000000000000000     
           2              (-3.2303504290710041,0.0000000000000000)   1.0000000000000000     
           2              (-3.1937433084872104,0.0000000000000000)   1.0000000000000000     
           2              (-3.1797061695927265,0.0000000000000000)   1.0000000000000000     
           2              (-3.1318610671670393,0.0000000000000000)   1.0000000000000000     
           2              (-3.2337345379504341,0.0000000000000000)   1.0000000000000000     
           2              (-3.1701759416559234,0.0000000000000000)   1.0000000000000000     
           2              (-3.2124794501335470,0.0000000000000000)   1.0000000000000000     
           2              (-3.1544222693069632,0.0000000000000000)   1.0000000000000000     
           2              (-3.2233024856072126,0.0000000000000000)   1.0000000000000000     
           2              (-3.2078329602234583,0.0000000000000000)   1.0000000000000000     
           2              (-3.1800332643498366,0.0000000000000000)   1.0000000000000000     
           2              (-3.2046739328157030,0.0000000000000000)   1.0000000000000000     
           2              (-3.1926123586209028,0.0000000000000000)   1.0000000000000000     
           2              (-3.2071492516682993,0.0000000000000000)   1.0000000000000000     
           2              (-3.1959777761939718,0.0000000000000000)   1.0000000000000000     
           2              (-3.1674492187036982,0.0000000000000000)   1.0000000000000000     
           2              (-3.2297895662034213,0.0000000000000000)   1.0000000000000000     
           2              (-3.2165079026223422,0.0000000000000000)   1.0000000000000000     
           2              (-3.1819732049512135,0.0000000000000000)   1.0000000000000000     
           2              (-3.1624813179924156,0.0000000000000000)   1.0000000000000000     
           2              (-3.1948831494615400,0.0000000000000000)   1.0000000000000000     
           2              (-3.1894615510184461,0.0000000000000000)   1.0000000000000000     
           2              (-3.1946011185915859,0.0000000000000000)   1.0000000000000000     
           2              (-3.2654923275113794,0.0000000000000000)   1.0000000000000000     
           2              (-3.2215450607555920,0.0000000000000000)   1.0000000000000000     
           2              (-3.1674189396757852,0.0000000000000000)   1.0000000000000000     
           2              (-3.2052744085735179,0.0000000000000000)   1.0000000000000000     
           2              (-3.2392627075919749,0.0000000000000000)   1.0000000000000000     
           2              (-3.2050249982222252,0.0000000000000000)   1.0000000000000000     
           2              (-3.2215105479408392,0.0000000000000000)   1.0000000000000000     
           2              (-3.1873833660370843,0.0000000000000000)   1.0000000000000000     
           2              (-3.1976420071975524,0.0000000000000000)   1.0000000000000000     
           2              (-3.1294463281874125,0.0000000000000000)   1.0000000000000000     
           2              (-3.1966608689881109,0.0000000000000000)   1.0000000000000000     
           2              (-3.2122934121076199,0.0000000000000000)   1.0000000000000000     
           2              (-3.1543332143207987,0.0000000000000000)   1.0000000000000000     
           2              (-3.2399402414308796,0.0000000000000000)   1.0000000000000000     
           2              (-3.1500933667532793,0.0000000000000000)   1.0000000000000000     
           2              (-3.1640099003536482,0.0000000000000000)   1.0000000000000000     
           2              (-3.2146921603369512,0.0000000000000000)   1.0000000000000000     
           2              (-3.1951192635454597,0.0000000000000000)   1.0000000000000000     
           2              (-3.2138696525917085,0.0000000000000000)   1.0000000000000000     
           2              (-3.1977898952067170,0.0000000000000000)   1.0000000000000000     
           2              (-3.2155783420530888,0.0000000000000000)   1.0000000000000000     
           2              (-3.1935195490090575,0.0000000000000000)   1.0000000000000000     
           2              (-3.2348255475070529,0.0000000000000000)   1.0000000000000000     
           2              (-3.2350154500544788,0.0000000000000000)   1.0000000000000000     
           2              (-3.1654829660571555,0.0000000000000000)   1.0000000000000000     
           2              (-3.1691156974597767,0.0000000000000000)   1.0000000000000000     
           2              (-3.2348833121976956,0.0000000000000000)   1.0000000000000000     
           2              (-3.2197994388037698,0.0000000000000000)   1.0000000000000000     
           2              (-3.1949681906458909,0.0000000000000000)   1.0000000000000000     
           2              (-3.2239565801652557,0.0000000000000000)   1.0000000000000000     
           2              (-3.1649757555526383,0.0000000000000000)   1.0000000000000000     
           2              (-3.2109521058698847,0.0000000000000000)   1.0000000000000000     
           2              (-3.2282038582763506,0.0000000000000000)   1.0000000000000000     
           2              (-3.2314700721173693,0.0000000000000000)   1.0000000000000000     
           2              (-3.2195844781938789,0.0000000000000000)   1.0000000000000000     
           2              (-3.2052003708059362,0.0000000000000000)   1.0000000000000000     
           2              (-3.2052859023571254,0.0000000000000000)   1.0000000000000000     
           2              (-3.1915026442905527,0.0000000000000000)   1.0000000000000000     
           2              (-3.1759083514349866,0.0000000000000000)   1.0000000000000000     
           2              (-3.2500768068228312,0.0000000000000000)   1.0000000000000000     
           2              (-3.1906002774079356,0.0000000000000000)   1.0000000000000000     
           2              (-3.1887888285062220,0.0000000000000000)   1.0000000000000000     
           2              (-3.2048118235408731,0.0000000000000000)   1.0000000000000000     
           2              (-3.2110659983872827,0.0000000000000000)   1.0000000000000000     
           2              (-3.1186106913654359,0.0000000000000000)   1.0000000000000000     
           2              (-3.2559296380259246,0.0000000000000000)   1.0000000000000000     
           2              (-3.2732775019752731,0.0000000000000000)   1.0000000000000000     
           2              (-3.2496569792368342,0.0000000000000000)   1.0000000000000000     
           2              (-3.1737762330564543,0.0000000000000000)   1.0000000000000000     
           2              (-3.2422467433100581,0.0000000000000000)   1.0000000000000000     
           2              (-3.1948049084365087,0.0000000000000000)   1.0000000000000000     
           2              (-3.1997316926867052,0.0000000000000000)   1.0000000000000000     
           2              (-3.1747110752498271,0.0000000000000000)   1.0000000000000000     
           2              (-3.2189228729529042,0.0000000000000000)   1.0000000000000000     
           2              (-3.1489678541925366,0.0000000000000000)   1.0000000000000000     
           2              (-3.2079813224406615,0.0000000000000000)   1.0000000000000000     
           2              (-3.1716591237751017,0.0000000000000000)   1.0000000000000000     
           2              (-3.2016679093864511,0.0000000000000000)   1.0000000000000000     
           2              (-3.2172485422805206,0.0000000000000000)   1.0000000000000000     
           2              (-3.2046142275112830,0.0000000000000000)   1.0000000000000000     
           2              (-3.2244627045518124,0.0000000000000000)   1.0000000000000000     
           2              (-3.1943743715189359,0.0000000000000000)   1.0000000000000000     
           2              (-3.2161206080617442,0.0000000000000000)   1.0000000000000000     
           2              (-3.1994222362251517,0.0000000000000000)   1.0000000000000000     
           2              (-3.1801556211524038,0.0000000000000000)   1.0000000000000000     
           2              (-3.2308705254458778,0.0000000000000000)   1.0000000000000000     
           2              (-3.1766617172456857,0.0000000000000000)   1.0000000000000000     
           2              (-3.1884504581900694,0.0000000000000000)   1.0000000000000000     
           2              (-3.2190503676529190,0.0000000000000000)   1.0000000000000000     
           2              (-3.1742211877782691,0.0000000000000000)   1.0000000000000000     
           2              (-3.2177565129749466,0.0000000000000000)   1.0000000000000000     
           2              (-3.2143372855816659,0.0000000000000000)   1.0000000000000000     
           2              (-3.1774264452017484,0.0000000000000000)   1.0000000000000000     
           2              (-3.1516145356451157,0.0000000000000000)   1.0000000000000000     
           2              (-3.2005325680841792,0.0000000000000000)   1.0000000000000000     
           2              (-3.1640952278358401,0.0000000000000000)   1.0000000000000000     
           2              (-3.2294004601604751,0.0000000000000000)   1.0000000000000000     
           2              (-3.1873920450936417,0.0000000000000000)   1.0000000000000000     
           2              (-3.2025544226630491,0.0000000000000000)   1.0000000000000000     
           2              (-3.1717332264776346,0.0000000000000000)   1.0000000000000000     
           2              (-3.2265729503156693,0.0000000000000000)   1.0000000000000000     
           2              (-3.1838874122971408,0.0000000000000000)   1.0000000000000000     
           2              (-3.2273264710362506,0.0000000000000000)   1.0000000000000000     
           2              (-3.1948652079995270,0.0000000000000000)   1.0000000000000000     
           2              (-3.2765527139117698,0.0000000000000000)   1.0000000000000000     
           2              (-3.1572708871302075,0.0000000000000000)   1.0000000000000000     
           2              (-3.2617803736893163,0.0000000000000000)   1.0000000000000000     
           2              (-3.1790772758462627,0.0000000000000000)   1.0000000000000000     
           2              (-3.2701979114784372,0.0000000000000000)   1.0000000000000000     
           2              (-3.2285907882577871,0.0000000000000000)   1.0000000000000000     
           2              (-3.1658579838993610,0.0000000000000000)   1.0000000000000000     
           2              (-3.2021222469393327,0.0000000000000000)   1.0000000000000000     
           2              (-3.2172228592706347,0.0000000000000000)   1.0000000000000000     
           2              (-3.2077125537022453,0.0000000000000000)   1.0000000000000000     
           2              (-3.2381912065668170,0.0000000000000000)   1.0000000000000000     
           2              (-3.2085962339595402,0.0000000000000000)   1.0000000000000000     
           2              (-3.1659582628824525,0.0000000000000000)   1.0000000000000000     
           2              (-3.1949718951884969,0.0000000000000000)   1.0000000000000000     
           2              (-3.1657206971508316,0.0000000000000000)   1.0000000000000000     
           2              (-3.1768418884247680,0.0000000000000000)   1.0000000000000000     
           2              (-3.2208669240362702,0.0000000000000000)   1.0000000000000000     
           2              (-3.1954422448834161,0.0000000000000000)   1.0000000000000000     
           2              (-3.1917487433587057,0.0000000000000000)   1.0000000000000000     
           2              (-3.1805142686070584,0.0000000000000000)   1.0000000000000000     
           2              (-3.2303504290710041,0.0000000000000000)   1.0000000000000000     
           2              (-3.1937433084872104,0.0000000000000000)   1.0000000000000000     
           2              (-3.1797061695927265,0.0000000000000000)   1.0000000000000000     
           2              (-3.1318610671670393,0.0000000000000000)   1.0000000000000000     
           2              (-3.2337345379504341,0.0000000000000000)   1.0000000000000000     
           2              (-3.1701759416559234,0.0000000000000000)   1.0000000000000000     
           2              (-3.2124794501335470,0.0000000000000000)   1.0000000000000000     
           2              (-3.1544222693069632,0.0000000000000000)   1.0000000000000000     
           2              (-3.2233024856072126,0.0000000000000000)   1.0000000000000000     
           2              (-3.2078329602234583,0.0000000000000000)   1.0000000000000000     
           2              (-3.1800332643498366,0.0000000000000000)   1.0000000000000000     
           2              (-3.2046739328157030,0.0000000000000000)   1.0000000000000000     
           2              (-3.1926123586209028,0.0000000000000000)   1.0000000000000000     
           2              (-3.2071492516682993,0.0000000000000000)   1.0000000000000000     
           2              (-3.1959777761939718,0.0000000000000000)   1.0000000000000000     
           2              (-3.1674492187036982,0.0000000000000000)   1.0000000000000000     
           2              (-3.2297895662034213,0.0000000000000000)   1.0000000000000000     
           2              (-3.2165079026223422,0.0000000000000000)   1.0000000000000000     
           2              (-3.1819732049512135,0.0000000000000000)   1.0000000000000000     
           2              (-3.1624813179924156,0.0000000000000000)   1.0000000000000000     
           2              (-3.1948831494615400,0.0000000000000000)   1.0000000000000000     
           2              (-3.1894615510184461,0.0000000000000000)   1.0000000000000000     
           2              (-3.1946011185915859,0.0000000000000000)   1.0000000000000000     
           2              (-3.2654923275113794,0.0000000000000000)   1.0000000000000000     
           2              (-3.2215450607555920,0.0000000000000000)   1.0000000000000000     
           2              (-3.1674189396757852,0.0000000000000000)   1.0000000000000000     
           2              (-3.2052744085735179,0.0000000000000000)   1.0000000000000000     
           2              (-3.2392627075919749,0.0000000000000000)   1.0000000000000000     
           2              (-3.2050249982222252,0.0000000000000000)   1.0000000000000000     
           2              (-3.2215105479408392,0.0000000000000000)   1.0000000000000000     
           2              (-3.1873833660370843,0.0000000000000000)   1.0000000000000000     
           2              (-3.1976420071975524,0.0000000000000000)   1.0000000000000000     
           2              (-3.1294463281874125,0.0000000000000000)   1.0000000000000000     
           2              (-3.1966608689881109,0.0000000000000000)   1.0000000000000000     
           2              (-3.2122934121076199,0.0000000000000000)   1.0000000000000000     
           2              (-3.1543332143207987,0.0000000000000000)   1.0000000000000000     
           2              (-3.2399402414308796,0.0000000000000000)   1.0000000000000000     
           2              (-3.1500933667532793,0.0000000000000000)   1.0000000000000000     
           2              (-3.1640099003536482,0.0000000000000000)   1.0000000000000000     
           2              (-3.2146921603369512,0.0000000000000000)   1.0000000000000000     
           2              (-3.1951192635454597,0.0000000000000000)   1.0000000000000000     
           2              (-3.2138696525917085,0.0000000000000000)   1.0000000000000000     
           2              (-3.1977898952067170,0.0000000000000000)   1.0000000000000000     
           2              (-3.2155783420530888,0.0000000000000000)   1.0000000000000000     
           2              (-3.1935195490090575,0.0000000000000000)   1.0000000000000000     
           2              (-3.2348255475070529,0.0000000000000000)   1.0000000000000000     
           2              (-3.2350154500544788,0.0000000000000000)   1.0000000000000000     
           2              (-3.1654829660571555,0.0000000000000000)   1.0000000000000000     
           2              (-3.1691156974597767,0.0000000000000000)   1.0000000000000000     
           2              (-3.2348833121976956,0.0000000000000000)   1.0000000000000000     
           2              (-3.2197994388037698,0.0000000000000000)   1.0000000000000000     
           2              (-3.1949681906458909,0.0000000000000000)   1.0000000000000000     
           2              (-3.2239565801652557,0.0000000000000000)   1.0000000000000000     
           2              (-3.1649757555526383,0.0000000000000000)   1.0000000000000000     
           2              (-3.2109521058698847,0.0000000000000000)   1.0000000000000000     
           2              (-3.2282038582763506,0.0000000000000000)   1.0000000000000000     
           2              (-3.2314700721173693,0.0000000000000000)   1.0000000000000000     
