           2               (1.2129299620099334,0.0000000000000000)   1.0000000000000000     
           2               (1.2022079300759232,0.0000000000000000)   1.0000000000000000     
           2               (1.2189328127521646,0.0000000000000000)   1.0000000000000000     
           2               (1.2079008000875391,0.0000000000000000)   1.0000000000000000     
           2               (1.1877905511836973,0.0000000000000000)   1.0000000000000000     
           2               (1.2028323316819320,0.0000000000000000)   1.0000000000000000     
           2               (1.1553865279557538,0.0000000000000000)   1.0000000000000000     
           2               (1.2113623326199461,0.0000000000000000)   1.0000000000000000     
           2               (1.2156661728876976,0.0000000000000000)   1.0000000000000000     
           2               (1.2369265179574849,0.0000000000000000)   1.0000000000000000     
           2               (1.1934044097700891,0.0000000000000000)   1.0000000000000000     
           2               (1.2141371913523009,0.0000000000000000)   1.0000000000000000     
           2               (1.2120421305997693,0.0000000000000000)   1.0000000000000000     
           2               (1.1454825556227399,0.0000000000000000)   1.0000000000000000     
           2               (1.2025707523909337,0.0000000000000000)   1.0000000000000000     
           2               (1.2147590156537984,0.0000000000000000)   1.0000000000000000     
           2               (1.1870279789362062,0.0000000000000000)   1.0000000000000000     
           2               (1.1912690522212879,0.0000000000000000)   1.0000000000000000     
           2               (1.1898390890958346,0.0000000000000000)   1.0000000000000000     
           2               (1.1938820111297475,0.0000000000000000)   1.0000000000000000     
           2               (1.1875144163881712,0.0000000000000000)   1.0000000000000000     
           2               (1.2238394526015173,0.0000000000000000)   1.0000000000000000     
           2               (1.2023243381922497,0.0000000000000000)   1.0000000000000000     
           2               (1.2237553799032608,0.0000000000000000)   1.0000000000000000     
           2               (1.2008490916713148,0.0000000000000000)   1.0000000000000000     
           2               (1.1904752823876008,0.0000000000000000)   1.0000000000000000     
           2               (1.1596010575844764,0.0000000000000000)   1.0000000000000000     
           2               (1.2035775257707899,0.0000000000000000)   1.0000000000000000     
           2               (1.1985013369829227,0.0000000000000000)   1.0000000000000000     
           2               (1.1840372749753909,0.0000000000000000)   1.0000000000000000     
           2               (1.2067133827722210,0.0000000000000000)   1.0000000000000000     
           2               (1.1586597669992731,0.0000000000000000)   1.0000000000000000     
           2               (1.1949111489206621,0.0000000000000000)   1.0000000000000000     
           2               (1.2359717286730425,0.0000000000000000)   1.0000000000000000     
           2               (1.1609154739261758,0.0000000000000000)   1.0000000000000000     
           2               (1.2018333218804191,0.0000000000000000)   1.0000000000000000     
           2               (1.1809598507194203,0.0000000000000000)   1.0000000000000000     
           2               (1.2003606360422263,0.0000000000000000)   1.0000000000000000     
           2               (1.1717447483388528,0.0000000000000000)   1.0000000000000000     
           2               (1.1800817686679508,0.0000000000000000)   1.0000000000000000     
           2               (1.1963770190726801,0.0000000000000000)   1.0000000000000000     
           2               (1.2415582190353738,0.0000000000000000)   1.0000000000000000     
           2               (1.2011640242681545,0.0000000000000000)   1.0000000000000000     
           2               (1.1928385545723947,0.0000000000000000)   1.0000000000000000     
           2               (1.1861207681725470,0.0000000000000000)   1.0000000000000000     
           2               (1.1987351051193251,0.0000000000000000)   1.0000000000000000     
           2               (1.2359309468637718,0.0000000000000000)   1.0000000000000000     
           2               (1.2232519296576629,0.0000000000000000)   1.0000000000000000     
           2               (1.2087229837647560,0.0000000000000000)   1.0000000000000000     
           2               (1.1905086903756736,0.0000000000000000)   1.0000000000000000     
           2               (1.2406811520237511,0.0000000000000000)   1.0000000000000000     
           2               (1.2199795319978188,0.0000000000000000)   1.0000000000000000     
           2               (1.1987222655892642,0.0000000000000000)   1.0000000000000000     
           2               (1.1972586866932404,0.0000000000000000)   1.0000000000000000     
           2               (1.1999295455416998,0.0000000000000000)   1.0000000000000000     
           2               (1.2202878679856539,0.0000000000000000)   1.0000000000000000     
           2               (1.2261012128556346,0.0000000000000000)   1.0000000000000000     
           2               (1.2347879730860234,0.0000000000000000)   1.0000000000000000     
           2               (1.1988128766079915,0.0000000000000000)   1.0000000000000000     
           2               (1.2038291836336696,0.0000000000000000)   1.0000000000000000     
           2               (1.1831466798678734,0.0000000000000000)   1.0000000000000000     
           2               (1.2145695867452568,0.0000000000000000)   1.0000000000000000     
           2               (1.1855080411824352,0.0000000000000000)   1.0000000000000000     
           2               (1.1712729206290480,0.0000000000000000)   1.0000000000000000     
           2               (1.2008885886253733,0.0000000000000000)   1.0000000000000000     
           2               (1.1854052735944787,0.0000000000000000)   1.0000000000000000     
           2               (1.2201625030968781,0.0000000000000000)   1.0000000000000000     
           2               (1.1939835663078018,0.0000000000000000)   1.0000000000000000     
           2               (1.1995300907569351,0.0000000000000000)   1.0000000000000000     
           2               (1.1821332702040677,0.0000000000000000)   1.0000000000000000     
           2               (1.2113805479724908,0.0000000000000000)   1.0000000000000000     
           2               (1.1951655620699555,0.0000000000000000)   1.0000000000000000     
           2               (1.1821711459753947,0.0000000000000000)   1.0000000000000000     
           2               (1.1831790390902870,0.0000000000000000)   1.0000000000000000     
           2               (1.2003002082386911,0.0000000000000000)   1.0000000000000000     
           2               (1.2130274001775831,0.0000000000000000)   1.0000000000000000     
           2               (1.2280461458581176,0.0000000000000000)   1.0000000000000000     
           2               (1.2228616918752595,0.0000000000000000)   1.0000000000000000     
           2               (1.2297972301729694,0.0000000000000000)   1.0000000000000000     
           2               (1.1932286223802691,0.0000000000000000)   1.0000000000000000     
           2               (1.2133755431475008,0.0000000000000000)   1.0000000000000000     
           2               (1.2232038181615357,0.0000000000000000)   1.0000000000000000     
           2               (1.1852188070374297,0.0000000000000000)   1.0000000000000000     
           2               (1.2284124353657762,0.0000000000000000)   1.0000000000000000     
           2               (1.1976922010622562,0.0000000000000000)   1.0000000000000000     
           2               (1.2092322464928540,0.0000000000000000)   1.0000000000000000     
           2               (1.1918554907226853,0.0000000000000000)   1.0000000000000000     
           2               (1.1981679139344708,0.0000000000000000)   1.0000000000000000     
           2               (1.2064383546492987,0.0000000000000000)   1.0000000000000000     
           2               (1.2195953001007667,0.0000000000000000)   1.0000000000000000     
           2               (1.2205054249232130,0.0000000000000000)   1.0000000000000000     
           2               (1.1803688423038730,0.0000000000000000)   1.0000000000000000     
           2               (1.2049874097084550,0.0000000000000000)   1.0000000000000000     
           2               (1.2124253731458856,0.0000000000000000)   1.0000000000000000     
           2               (1.2109911305677896,0.0000000000000000)   1.0000000000000000     
           2               (1.2220335200949111,0.0000000000000000)   1.0000000000000000     
           2               (1.1921172922974799,0.0000000000000000)   1.0000000000000000     
           2               (1.1991073857553842,0.0000000000000000)   1.0000000000000000     
           2               (1.1800307006694926,0.0000000000000000)   1.0000000000000000     
           2               (1.2167999559816358,0.0000000000000000)   1.0000000000000000     
           2               (1.1965108792507573,0.0000000000000000)   1.0000000000000000     
           2               (1.1905854971077074,0.0000000000000000)   1.0000000000000000     
           2               (1.2313411759006416,0.0000000000000000)   1.0000000000000000     
           2               (1.1785928901616858,0.0000000000000000)   1.0000000000000000     
           2               (1.1959198837576157,0.0000000000000000)   1.0000000000000000     
           2               (1.1984400074785160,0.0000000000000000)   1.0000000000000000     
           2               (1.2071436963878910,0.0000000000000000)   1.0000000000000000     
           2               (1.2020201595555438,0.0000000000000000)   1.0000000000000000     
           2               (1.2171225328225068,0.0000000000000000)   1.0000000000000000     
           2               (1.2313549225711868,0.0000000000000000)   1.0000000000000000     
           2               (1.1817123984395992,0.0000000000000000)   1.0000000000000000     
           2               (1.1930355751648927,0.0000000000000000)   1.0000000000000000     
           2              (0.90004333336332742,0.0000000000000000)   1.0000000000000000     
           2               (1.2013255092598201,0.0000000000000000)   1.0000000000000000     
           2               (1.2042482759434576,0.0000000000000000)   1.0000000000000000     
           2               (1.2168272721481193,0.0000000000000000)   1.0000000000000000     
           2               (1.2013105428973891,0.0000000000000000)   1.0000000000000000     
           2               (1.1883041337029956,0.0000000000000000)   1.0000000000000000     
           2               (1.2164692759623414,0.0000000000000000)   1.0000000000000000     
           2               (1.1888921285502030,0.0000000000000000)   1.0000000000000000     
           2               (1.2143602835204430,0.0000000000000000)   1.0000000000000000     
           2               (1.1997151707940041,0.0000000000000000)   1.0000000000000000     
           2               (1.2090355865950371,0.0000000000000000)   1.0000000000000000     
           2               (1.2070668067235479,0.0000000000000000)   1.0000000000000000     
           2               (1.2129299620099334,0.0000000000000000)   1.0000000000000000     
           2               (1.2022079300759232,0.0000000000000000)   1.0000000000000000     
           2               (1.2189328127521646,0.0000000000000000)   1.0000000000000000     
           2               (1.2079008000875391,0.0000000000000000)   1.0000000000000000     
           2               (1.1877905511836973,0.0000000000000000)   1.0000000000000000     
           2               (1.2028323316819320,0.0000000000000000)   1.0000000000000000     
           2               (1.1553865279557538,0.0000000000000000)   1.0000000000000000     
           2               (1.2113623326199461,0.0000000000000000)   1.0000000000000000     
           2               (1.2156661728876976,0.0000000000000000)   1.0000000000000000     
           2               (1.2369265179574849,0.0000000000000000)   1.0000000000000000     
           2               (1.1934044097700891,0.0000000000000000)   1.0000000000000000     
           2               (1.2141371913523009,0.0000000000000000)   1.0000000000000000     
           2               (1.2120421305997693,0.0000000000000000)   1.0000000000000000     
           2               (1.1454825556227399,0.0000000000000000)   1.0000000000000000     
           2               (1.2025707523909337,0.0000000000000000)   1.0000000000000000     
           2               (1.2147590156537984,0.0000000000000000)   1.0000000000000000     
           2               (1.1870279789362062,0.0000000000000000)   1.0000000000000000     
           2               (1.1912690522212879,0.0000000000000000)   1.0000000000000000     
           2               (1.1898390890958346,0.0000000000000000)   1.0000000000000000     
           2               (1.1938820111297475,0.0000000000000000)   1.0000000000000000     
           2               (1.1875144163881712,0.0000000000000000)   1.0000000000000000     
           2               (1.2238394526015173,0.0000000000000000)   1.0000000000000000     
           2               (1.2023243381922497,0.0000000000000000)   1.0000000000000000     
           2               (1.2237553799032608,0.0000000000000000)   1.0000000000000000     
           2               (1.2008490916713148,0.0000000000000000)   1.0000000000000000     
           2               (1.1904752823876008,0.0000000000000000)   1.0000000000000000     
           2               (1.1596010575844764,0.0000000000000000)   1.0000000000000000     
           2               (1.2035775257707899,0.0000000000000000)   1.0000000000000000     
           2               (1.1985013369829227,0.0000000000000000)   1.0000000000000000     
           2               (1.1840372749753909,0.0000000000000000)   1.0000000000000000     
           2               (1.2067133827722210,0.0000000000000000)   1.0000000000000000     
           2               (1.1586597669992731,0.0000000000000000)   1.0000000000000000     
           2               (1.1949111489206621,0.0000000000000000)   1.0000000000000000     
           2               (1.2359717286730425,0.0000000000000000)   1.0000000000000000     
           2               (1.1609154739261758,0.0000000000000000)   1.0000000000000000     
           2               (1.2018333218804191,0.0000000000000000)   1.0000000000000000     
           2               (1.1809598507194203,0.0000000000000000)   1.0000000000000000     
           2               (1.2003606360422263,0.0000000000000000)   1.0000000000000000     
           2               (1.1717447483388528,0.0000000000000000)   1.0000000000000000     
           2               (1.1800817686679508,0.0000000000000000)   1.0000000000000000     
           2               (1.1963770190726801,0.0000000000000000)   1.0000000000000000     
           2               (1.2415582190353738,0.0000000000000000)   1.0000000000000000     
           2               (1.2011640242681545,0.0000000000000000)   1.0000000000000000     
           2               (1.1928385545723947,0.0000000000000000)   1.0000000000000000     
           2               (1.1861207681725470,0.0000000000000000)   1.0000000000000000     
           2               (1.1987351051193251,0.0000000000000000)   1.0000000000000000     
           2               (1.2359309468637718,0.0000000000000000)   1.0000000000000000     
           2               (1.2232519296576629,0.0000000000000000)   1.0000000000000000     
           2               (1.2087229837647560,0.0000000000000000)   1.0000000000000000     
           2               (1.1905086903756736,0.0000000000000000)   1.0000000000000000     
           2               (1.2406811520237511,0.0000000000000000)   1.0000000000000000     
           2               (1.2199795319978188,0.0000000000000000)   1.0000000000000000     
           2               (1.1987222655892642,0.0000000000000000)   1.0000000000000000     
           2               (1.1972586866932404,0.0000000000000000)   1.0000000000000000     
           2               (1.1999295455416998,0.0000000000000000)   1.0000000000000000     
           2               (1.2202878679856539,0.0000000000000000)   1.0000000000000000     
           2               (1.2261012128556346,0.0000000000000000)   1.0000000000000000     
           2               (1.2347879730860234,0.0000000000000000)   1.0000000000000000     
           2               (1.1988128766079915,0.0000000000000000)   1.0000000000000000     
           2               (1.2038291836336696,0.0000000000000000)   1.0000000000000000     
           2               (1.1831466798678734,0.0000000000000000)   1.0000000000000000     
           2               (1.2145695867452568,0.0000000000000000)   1.0000000000000000     
           2               (1.1855080411824352,0.0000000000000000)   1.0000000000000000     
           2               (1.1712729206290480,0.0000000000000000)   1.0000000000000000     
           2               (1.2008885886253733,0.0000000000000000)   1.0000000000000000     
           2               (1.1854052735944787,0.0000000000000000)   1.0000000000000000     
           2               (1.2201625030968781,0.0000000000000000)   1.0000000000000000     
           2               (1.1939835663078018,0.0000000000000000)   1.0000000000000000     
           2               (1.1995300907569351,0.0000000000000000)   1.0000000000000000     
           2               (1.1821332702040677,0.0000000000000000)   1.0000000000000000     
           2               (1.2113805479724908,0.0000000000000000)   1.0000000000000000     
           2               (1.1951655620699555,0.0000000000000000)   1.0000000000000000     
           2               (1.1821711459753947,0.0000000000000000)   1.0000000000000000     
           2               (1.1831790390902870,0.0000000000000000)   1.0000000000000000     
           2               (1.2003002082386911,0.0000000000000000)   1.0000000000000000     
           2               (1.2130274001775831,0.0000000000000000)   1.0000000000000000     
           2               (1.2280461458581176,0.0000000000000000)   1.0000000000000000     
           2               (1.2228616918752595,0.0000000000000000)   1.0000000000000000     
           2               (1.2297972301729694,0.0000000000000000)   1.0000000000000000     
           2               (1.1932286223802691,0.0000000000000000)   1.0000000000000000     
           2               (1.2133755431475008,0.0000000000000000)   1.0000000000000000     
           2               (1.2232038181615357,0.0000000000000000)   1.0000000000000000     
           2               (1.1852188070374297,0.0000000000000000)   1.0000000000000000     
           2               (1.2284124353657762,0.0000000000000000)   1.0000000000000000     
           2               (1.1976922010622562,0.0000000000000000)   1.0000000000000000     
           2               (1.2092322464928540,0.0000000000000000)   1.0000000000000000     
           2               (1.1918554907226853,0.0000000000000000)   1.0000000000000000     
           2               (1.1981679139344708,0.0000000000000000)   1.0000000000000000     
           2               (1.2064383546492987,0.0000000000000000)   1.0000000000000000     
           2               (1.2195953001007667,0.0000000000000000)   1.0000000000000000     
           2               (1.2205054249232130,0.0000000000000000)   1.0000000000000000     
           2               (1.1803688423038730,0.0000000000000000)   1.0000000000000000     
           2               (1.2049874097084550,0.0000000000000000)   1.0000000000000000     
           2               (1.2124253731458856,0.0000000000000000)   1.0000000000000000     
           2               (1.2109911305677896,0.0000000000000000)   1.0000000000000000     
           2               (1.2220335200949111,0.0000000000000000)   1.0000000000000000     
           2               (1.1921172922974799,0.0000000000000000)   1.0000000000000000     
           2               (1.1991073857553842,0.0000000000000000)   1.0000000000000000     
           2               (1.1800307006694926,0.0000000000000000)   1.0000000000000000     
           2               (1.2167999559816358,0.0000000000000000)   1.0000000000000000     
           2               (1.1965108792507573,0.0000000000000000)   1.0000000000000000     
           2               (1.1905854971077074,0.0000000000000000)   1.0000000000000000     
           2               (1.2313411759006416,0.0000000000000000)   1.0000000000000000     
           2               (1.1785928901616858,0.0000000000000000)   1.0000000000000000     
           2               (1.1959198837576157,0.0000000000000000)   1.0000000000000000     
           2               (1.1984400074785160,0.0000000000000000)   1.0000000000000000     
           2               (1.2071436963878910,0.0000000000000000)   1.0000000000000000     
           2               (1.2020201595555438,0.0000000000000000)   1.0000000000000000     
           2               (1.2171225328225068,0.0000000000000000)   1.0000000000000000     
           2               (1.2313549225711868,0.0000000000000000)   1.0000000000000000     
           2               (1.1817123984395992,0.0000000000000000)   1.0000000000000000     
           2               (1.1930355751648927,0.0000000000000000)   1.0000000000000000     
           2              (0.90004333336332742,0.0000000000000000)   1.0000000000000000     
           2               (1.2013255092598201,0.0000000000000000)   1.0000000000000000     
           2               (1.2042482759434576,0.0000000000000000)   1.0000000000000000     
           2               (1.2168272721481193,0.0000000000000000)   1.0000000000000000     
           2               (1.2013105428973891,0.0000000000000000)   1.0000000000000000     
           2               (1.1883041337029956,0.0000000000000000)   1.0000000000000000     
           2               (1.2164692759623414,0.0000000000000000)   1.0000000000000000     
           2               (1.1888921285502030,0.0000000000000000)   1.0000000000000000     
           2               (1.2143602835204430,0.0000000000000000)   1.0000000000000000     
           2               (1.1997151707940041,0.0000000000000000)   1.0000000000000000     
           2               (1.2090355865950371,0.0000000000000000)   1.0000000000000000     
           2               (1.2070668067235479,0.0000000000000000)   1.0000000000000000     
           2               (1.2170784974100679,0.0000000000000000)   1.0000000000000000     
           2               (1.1899963378964644,0.0000000000000000)   1.0000000000000000     
           2               (1.2032091960714633,0.0000000000000000)   1.0000000000000000     
           2               (1.2129299620099334,0.0000000000000000)   1.0000000000000000     
           2               (1.2022079300759232,0.0000000000000000)   1.0000000000000000     
           2               (1.2189328127521646,0.0000000000000000)   1.0000000000000000     
           2               (1.2079008000875391,0.0000000000000000)   1.0000000000000000     
           2               (1.1877905511836973,0.0000000000000000)   1.0000000000000000     
           2               (1.2028323316819320,0.0000000000000000)   1.0000000000000000     
           2               (1.1553865279557538,0.0000000000000000)   1.0000000000000000     
           2               (1.2113623326199461,0.0000000000000000)   1.0000000000000000     
           2               (1.2156661728876976,0.0000000000000000)   1.0000000000000000     
           2               (1.2369265179574849,0.0000000000000000)   1.0000000000000000     
           2               (1.1934044097700891,0.0000000000000000)   1.0000000000000000     
           2               (1.2141371913523009,0.0000000000000000)   1.0000000000000000     
           2               (1.2120421305997693,0.0000000000000000)   1.0000000000000000     
           2               (1.1454825556227399,0.0000000000000000)   1.0000000000000000     
           2               (1.2025707523909337,0.0000000000000000)   1.0000000000000000     
           2               (1.2147590156537984,0.0000000000000000)   1.0000000000000000     
           2               (1.1870279789362062,0.0000000000000000)   1.0000000000000000     
           2               (1.1912690522212879,0.0000000000000000)   1.0000000000000000     
           2               (1.1898390890958346,0.0000000000000000)   1.0000000000000000     
           2               (1.1938820111297475,0.0000000000000000)   1.0000000000000000     
           2               (1.1875144163881712,0.0000000000000000)   1.0000000000000000     
           2               (1.2238394526015173,0.0000000000000000)   1.0000000000000000     
           2               (1.2023243381922497,0.0000000000000000)   1.0000000000000000     
           2               (1.2237553799032608,0.0000000000000000)   1.0000000000000000     
           2               (1.2008490916713148,0.0000000000000000)   1.0000000000000000     
           2               (1.1904752823876008,0.0000000000000000)   1.0000000000000000     
           2               (1.1596010575844764,0.0000000000000000)   1.0000000000000000     
           2               (1.2035775257707899,0.0000000000000000)   1.0000000000000000     
           2               (1.1985013369829227,0.0000000000000000)   1.0000000000000000     
           2               (1.1840372749753909,0.0000000000000000)   1.0000000000000000     
           2               (1.2067133827722210,0.0000000000000000)   1.0000000000000000     
           2               (1.1586597669992731,0.0000000000000000)   1.0000000000000000     
           2               (1.1949111489206621,0.0000000000000000)   1.0000000000000000     
           2               (1.2359717286730425,0.0000000000000000)   1.0000000000000000     
           2               (1.1609154739261758,0.0000000000000000)   1.0000000000000000     
           2               (1.2018333218804191,0.0000000000000000)   1.0000000000000000     
           2               (1.1809598507194203,0.0000000000000000)   1.0000000000000000     
           2               (1.2003606360422263,0.0000000000000000)   1.0000000000000000     
           2               (1.1717447483388528,0.0000000000000000)   1.0000000000000000     
           2               (1.1800817686679508,0.0000000000000000)   1.0000000000000000     
           2               (1.1963770190726801,0.0000000000000000)   1.0000000000000000     
           2               (1.2415582190353738,0.0000000000000000)   1.0000000000000000     
           2               (1.2011640242681545,0.0000000000000000)   1.0000000000000000     
           2               (1.1928385545723947,0.0000000000000000)   1.0000000000000000     
           2               (1.1861207681725470,0.0000000000000000)   1.0000000000000000     
           2               (1.1987351051193251,0.0000000000000000)   1.0000000000000000     
           2               (1.2359309468637718,0.0000000000000000)   1.0000000000000000     
           2               (1.2232519296576629,0.0000000000000000)   1.0000000000000000     
           2               (1.2087229837647560,0.0000000000000000)   1.0000000000000000     
           2               (1.1905086903756736,0.0000000000000000)   1.0000000000000000     
           2               (1.2406811520237511,0.0000000000000000)   1.0000000000000000     
           2               (1.2199795319978188,0.0000000000000000)   1.0000000000000000     
           2               (1.1987222655892642,0.0000000000000000)   1.0000000000000000     
           2               (1.1972586866932404,0.0000000000000000)   1.0000000000000000     
           2               (1.1999295455416998,0.0000000000000000)   1.0000000000000000     
           2               (1.2202878679856539,0.0000000000000000)   1.0000000000000000     
           2               (1.2261012128556346,0.0000000000000000)   1.0000000000000000     
           2               (1.2347879730860234,0.0000000000000000)   1.0000000000000000     
           2               (1.1988128766079915,0.0000000000000000)   1.0000000000000000     
           2               (1.2038291836336696,0.0000000000000000)   1.0000000000000000     
           2               (1.1831466798678734,0.0000000000000000)   1.0000000000000000     
           2               (1.2145695867452568,0.0000000000000000)   1.0000000000000000     
           2               (1.1855080411824352,0.0000000000000000)   1.0000000000000000     
           2               (1.1712729206290480,0.0000000000000000)   1.0000000000000000     
           2               (1.2008885886253733,0.0000000000000000)   1.0000000000000000     
           2               (1.1854052735944787,0.0000000000000000)   1.0000000000000000     
           2               (1.2201625030968781,0.0000000000000000)   1.0000000000000000     
           2               (1.1939835663078018,0.0000000000000000)   1.0000000000000000     
           2               (1.1995300907569351,0.0000000000000000)   1.0000000000000000     
           2               (1.1821332702040677,0.0000000000000000)   1.0000000000000000     
           2               (1.2113805479724908,0.0000000000000000)   1.0000000000000000     
           2               (1.1951655620699555,0.0000000000000000)   1.0000000000000000     
           2               (1.1821711459753947,0.0000000000000000)   1.0000000000000000     
           2               (1.1831790390902870,0.0000000000000000)   1.0000000000000000     
           2               (1.2003002082386911,0.0000000000000000)   1.0000000000000000     
           2               (1.2130274001775831,0.0000000000000000)   1.0000000000000000     
           2               (1.2280461458581176,0.0000000000000000)   1.0000000000000000     
           2               (1.2228616918752595,0.0000000000000000)   1.0000000000000000     
           2               (1.2297972301729694,0.0000000000000000)   1.0000000000000000     
           2               (1.1932286223802691,0.0000000000000000)   1.0000000000000000     
           2               (1.2133755431475008,0.0000000000000000)   1.0000000000000000     
           2               (1.2232038181615357,0.0000000000000000)   1.0000000000000000     
           2               (1.1852188070374297,0.0000000000000000)   1.0000000000000000     
           2               (1.2284124353657762,0.0000000000000000)   1.0000000000000000     
           2               (1.1976922010622562,0.0000000000000000)   1.0000000000000000     
           2               (1.2092322464928540,0.0000000000000000)   1.0000000000000000     
           2               (1.1918554907226853,0.0000000000000000)   1.0000000000000000     
           2               (1.1981679139344708,0.0000000000000000)   1.0000000000000000     
           2               (1.2064383546492987,0.0000000000000000)   1.0000000000000000     
           2               (1.2195953001007667,0.0000000000000000)   1.0000000000000000     
           2               (1.2205054249232130,0.0000000000000000)   1.0000000000000000     
           2               (1.1803688423038730,0.0000000000000000)   1.0000000000000000     
           2               (1.2049874097084550,0.0000000000000000)   1.0000000000000000     
           2               (1.2124253731458856,0.0000000000000000)   1.0000000000000000     
           2               (1.2109911305677896,0.0000000000000000)   1.0000000000000000     
           2               (1.2220335200949111,0.0000000000000000)   1.0000000000000000     
           2               (1.1921172922974799,0.0000000000000000)   1.0000000000000000     
           2               (1.1991073857553842,0.0000000000000000)   1.0000000000000000     
           2               (1.1800307006694926,0.0000000000000000)   1.0000000000000000     
           2               (1.2167999559816358,0.0000000000000000)   1.0000000000000000     
           2               (1.1965108792507573,0.0000000000000000)   1.0000000000000000     
           2               (1.1905854971077074,0.0000000000000000)   1.0000000000000000     
           2               (1.2313411759006416,0.0000000000000000)   1.0000000000000000     
           2               (1.1785928901616858,0.0000000000000000)   1.0000000000000000     
           2               (1.1959198837576157,0.0000000000000000)   1.0000000000000000     
           2               (1.1984400074785160,0.0000000000000000)   1.0000000000000000     
           2               (1.2071436963878910,0.0000000000000000)   1.0000000000000000     
           2               (1.2020201595555438,0.0000000000000000)   1.0000000000000000     
           2               (1.2171225328225068,0.0000000000000000)   1.0000000000000000     
           2               (1.2313549225711868,0.0000000000000000)   1.0000000000000000     
           2               (1.1817123984395992,0.0000000000000000)   1.0000000000000000     
           2               (1.1930355751648927,0.0000000000000000)   1.0000000000000000     
           2              (0.90004333336332742,0.0000000000000000)   1.0000000000000000     
           2               (1.2013255092598201,0.0000000000000000)   1.0000000000000000     
           2               (1.2042482759434576,0.0000000000000000)   1.0000000000000000     
           2               (1.2168272721481193,0.0000000000000000)   1.0000000000000000     
           2               (1.2013105428973891,0.0000000000000000)   1.0000000000000000     
           2               (1.1883041337029956,0.0000000000000000)   1.0000000000000000     
           2               (1.2164692759623414,0.0000000000000000)   1.0000000000000000     
           2               (1.1888921285502030,0.0000000000000000)   1.0000000000000000     
           2               (1.2143602835204430,0.0000000000000000)   1.0000000000000000     
           2               (1.1997151707940041,0.0000000000000000)   1.0000000000000000     
           2               (1.2090355865950371,0.0000000000000000)   1.0000000000000000     
