     0.0000000        1.00000000        0.00000000
     0.1000000        0.82507435        0.00041349
     0.2000000        0.69386540        0.00055233
     0.3000000        0.59524561        0.00066036
     0.4000000        0.51953603        0.00072571
     0.5000000        0.46278144        0.00075246
     0.6000000        0.41970386        0.00072813
     0.7000000        0.38957894        0.00074077
     0.8000000        0.36918862        0.00074265
     0.9000000        0.35745464        0.00078463
     1.0000000        0.35315722        0.00075281
     1.1000000        0.35745093        0.00077541
     1.2000000        0.36908584        0.00074377
     1.3000000        0.39013687        0.00073083
     1.4000000        0.42067079        0.00072297
     1.5000000        0.46240951        0.00072043
     1.6000000        0.52012068        0.00070508
     1.7000000        0.59544644        0.00063719
     1.8000000        0.69448209        0.00057303
     1.9000000        0.82548430        0.00045785
     2.0000000        1.00000000        0.00000000
