     0.0000000        0.47974403        0.00391053
     0.1000000        0.24680202        0.00246527
     0.2000000        0.12772276        0.00169907
     0.3000000        0.06680321        0.00070123
     0.4000000        0.03553437        0.00047628
     0.5000000        0.01883242        0.00047496
     0.6000000        0.01028636        0.00044149
     0.7000000        0.00571433        0.00026638
     0.8000000        0.00314832        0.00018381
     0.9000000        0.00178726        0.00019246
     1.0000000        0.00104064        0.00014817
     1.1000000        0.00065318        0.00014521
     1.2000000        0.00044988        0.00011294
     1.3000000        0.00026138        0.00008233
     1.4000000        0.00020586        0.00006131
     1.5000000        0.00013565        0.00004797
     1.6000000        0.00008047        0.00003829
     1.7000000        0.00003765        0.00002895
     1.8000000        0.00000971        0.00002174
     1.9000000       -0.00001306        0.00006404
     2.0000000       -0.00001066        0.00004104
     2.1000000       -0.00000667        0.00002191
     2.2000000        0.00000107        0.00000674
     2.3000000       -0.00000638        0.00000874
     2.4000000       -0.00000346        0.00000701
     2.5000000       -0.00001265        0.00000986
     2.6000000       -0.00001256        0.00001045
     2.7000000       -0.00000373        0.00000472
     2.8000000       -0.00000233        0.00000586
     2.9000000       -0.00000594        0.00000414
     3.0000000       -0.00000865        0.00000424
     3.1000000       -0.00000988        0.00000467
     3.2000000       -0.00000651        0.00000339
     3.3000000       -0.00000539        0.00000247
     3.4000000       -0.00000218        0.00000226
     3.5000000       -0.00000089        0.00000425
     3.6000000        0.00000223        0.00000466
     3.7000000        0.00000505        0.00000571
     3.8000000        0.00000321        0.00000540
     3.9000000        0.00000210        0.00000267
     4.0000000        0.00000212        0.00000184
     4.1000000       -0.00000266        0.00000407
     4.2000000       -0.00000448        0.00000631
     4.3000000       -0.00000529        0.00000794
     4.4000000       -0.00000576        0.00000868
     4.5000000       -0.00000340        0.00000502
     4.6000000       -0.00000324        0.00000404
     4.7000000       -0.00000192        0.00000351
     4.8000000       -0.00000160        0.00000307
     4.9000000       -0.00000068        0.00000276
     5.0000000       -0.00000040        0.00000238
     5.1000000       -0.00000219        0.00000390
     5.2000000       -0.00000264        0.00000331
     5.3000000       -0.00000116        0.00000257
     5.4000000       -0.00000067        0.00000271
     5.5000000        0.00000005        0.00000193
     5.6000000       -0.00000067        0.00000173
     5.7000000        0.00000010        0.00000203
     5.8000000        0.00000113        0.00000115
     5.9000000        0.00000016        0.00000138
     6.0000000       -0.00000118        0.00000197
     6.1000000       -0.00000247        0.00000211
     6.2000000       -0.00000199        0.00000248
     6.3000000       -0.00000083        0.00000355
     6.4000000        0.00000090        0.00000413
     6.5000000        0.00000013        0.00000451
     6.6000000       -0.00000278        0.00000378
     6.7000000       -0.00000092        0.00000537
     6.8000000        0.00000069        0.00000542
     6.9000000       -0.00000003        0.00000540
     7.0000000        0.00000021        0.00000679
     7.1000000       -0.00000935        0.00000648
     7.2000000       -0.00001989        0.00001228
     7.3000000       -0.00001586        0.00001124
     7.4000000       -0.00002615        0.00002043
     7.5000000       -0.00003890        0.00003761
     7.6000000       -0.00004425        0.00004818
     7.7000000       -0.00000801        0.00001486
     7.8000000        0.00000182        0.00001328
     7.9000000       -0.00000146        0.00002020
     8.0000000        0.00000229        0.00003271
     8.1000000        0.00004139        0.00002612
     8.2000000        0.00001896        0.00004846
     8.3000000        0.00006398        0.00004808
     8.4000000        0.00012110        0.00005454
     8.5000000        0.00008392        0.00007045
     8.6000000        0.00011697        0.00008781
     8.7000000        0.00009223        0.00018595
     8.8000000        0.00005952        0.00030484
     8.9000000        0.00030647        0.00036075
     9.0000000        0.00076223        0.00027772
     9.1000000        0.00162233        0.00025082
     9.2000000        0.00297235        0.00020242
     9.3000000        0.00530557        0.00022157
     9.4000000        0.00950838        0.00032671
     9.5000000        0.01793056        0.00041025
     9.6000000        0.03427098        0.00061883
     9.7000000        0.06567046        0.00093971
     9.8000000        0.12670442        0.00127478
     9.9000000        0.24598035        0.00218979
    10.0000000        0.47974403        0.00391053
