     0.0000000        0.25438272        0.00496466
     0.1000000        0.17887149        0.00597631
     0.2000000        0.12552680        0.00749924
     0.3000000        0.10073198        0.01006178
     0.4000000        0.05333561        0.00797408
     0.5000000        0.04705458        0.00749224
     0.6000000        0.03753887        0.01225665
     0.7000000        0.02056755        0.00882887
     0.8000000        0.00774831        0.00719617
     0.9000000       -0.01403711        0.02019143
     1.0000000       -0.00416386        0.01344431
     1.1000000        0.00843745        0.00300677
     1.2000000        0.00331290        0.00462293
     1.3000000        0.00105407        0.00490269
     1.4000000       -0.00192482        0.00267385
     1.5000000       -0.00258174        0.00319469
     1.6000000        0.00994572        0.00896388
     1.7000000        0.00779706        0.00911772
     1.8000000        0.00557907        0.01040153
     1.9000000       -0.01186157        0.01054089
     2.0000000       -0.00393344        0.00811424
     2.1000000        0.00740220        0.00846412
     2.2000000        0.00349319        0.01026244
     2.3000000        0.01461856        0.01545838
     2.4000000       -0.00483677        0.00926513
     2.5000000        0.00431068        0.03371568
     2.6000000       -0.00557952        0.01391091
     2.7000000       -0.01852877        0.02687906
     2.8000000       -0.00874412        0.01229799
     2.9000000       -0.01526129        0.02191514
     3.0000000       -0.00012177        0.01023627
     3.1000000        0.00129516        0.00816576
     3.2000000       -0.00473120        0.00547119
     3.3000000       -0.00395333        0.00686802
     3.4000000       -0.00319293        0.00504013
     3.5000000       -0.00131717        0.00627466
     3.6000000       -0.00694065        0.00456492
     3.7000000       -0.00539911        0.00581240
     3.8000000       -0.00138115        0.00470092
     3.9000000       -0.00835855        0.00935119
     4.0000000       -0.00047223        0.00803424
     4.1000000       -0.00913763        0.01156606
     4.2000000       -0.00169669        0.00574154
     4.3000000       -0.00107279        0.00443811
     4.4000000        0.00637034        0.00813343
     4.5000000       -0.00018068        0.00321521
     4.6000000       -0.00144978        0.00395420
     4.7000000       -0.00206487        0.00694765
     4.8000000        0.01015283        0.01234527
     4.9000000        0.00024122        0.00683328
     5.0000000        0.00172839        0.00699449
     5.1000000        0.00031908        0.00239843
     5.2000000        0.00596919        0.00421609
     5.3000000       -0.00167023        0.00660030
     5.4000000       -0.00284642        0.00703195
     5.5000000       -0.00513981        0.00543415
     5.6000000       -0.01328743        0.00641713
     5.7000000        0.00130596        0.00226371
     5.8000000        0.00847412        0.00420283
     5.9000000        0.00708776        0.00372209
     6.0000000        0.00740552        0.00768404
     6.1000000        0.00528933        0.01011177
     6.2000000       -0.02540325        0.02668259
     6.3000000       -0.01023562        0.01524074
     6.4000000        0.05656419        0.03961877
     6.5000000        0.02560701        0.01824086
     6.6000000        0.00529016        0.00961100
     6.7000000        0.00133279        0.00419719
     6.8000000       -0.03885094        0.04473345
     6.9000000       -0.06690331        0.07148728
     7.0000000       -0.02598123        0.03169552
     7.1000000        0.02394369        0.02457940
     7.2000000        0.05350415        0.06334039
     7.3000000        0.00793003        0.01712310
     7.4000000       -0.01826475        0.01567331
     7.5000000       -0.03018231        0.02193476
     7.6000000       -0.07564486        0.07474817
     7.7000000       -0.07591979        0.09723919
     7.8000000        0.02012191        0.01856598
     7.9000000       -0.04939093        0.04973875
     8.0000000       -0.03291981        0.04432817
     8.1000000       -0.06241508        0.06881155
     8.2000000       -0.16929675        0.17261762
     8.3000000       -0.08461017        0.07775653
     8.4000000       -0.10855905        0.10875670
     8.5000000       -0.11205306        0.11142236
     8.6000000        0.23584256        0.24816081
     8.7000000        0.10684360        0.11578432
     8.8000000       -0.00055245        0.00743020
     8.9000000        0.04944821        0.04913193
     9.0000000       -0.21357816        0.21453423
     9.1000000       -0.15965827        0.15651009
     9.2000000        0.07157010        0.06498760
     9.3000000        0.11073530        0.10283295
     9.4000000        0.09975320        0.09629111
     9.5000000        0.02043528        0.01921094
     9.6000000        0.02880213        0.02986583
     9.7000000       -0.05419642        0.06321436
     9.8000000       -0.82045090        0.84591822
     9.9000000        1.02288294        1.04896692
    10.0000000        0.51848474        0.52300020
    10.1000000        0.71610254        0.73387653
    10.2000000        0.03605418        0.04158037
    10.3000000        0.19288226        0.19858792
    10.4000000        0.09178292        0.10886345
    10.5000000        0.09866131        0.09404074
    10.6000000        0.05285817        0.04406774
    10.7000000        0.02751248        0.01458636
    10.8000000        0.01082446        0.00913080
    10.9000000       -0.05602256        0.06305029
    11.0000000        0.00252402        0.00789411
    11.1000000        0.00436011        0.00758028
    11.2000000        0.15601213        0.16038605
    11.3000000        0.04539107        0.05051111
    11.4000000        0.01324059        0.01313065
    11.5000000        0.03293288        0.01878090
    11.6000000        0.00841746        0.01597636
    11.7000000        0.00804431        0.02665386
    11.8000000       -0.00329764        0.04717904
    11.9000000        0.05357898        0.03076308
    12.0000000        0.02976182        0.03010433
    12.1000000        0.00876011        0.02033630
    12.2000000        0.02996230        0.01683959
    12.3000000       -0.00532705        0.03486028
    12.4000000        0.00280958        0.02307616
    12.5000000       -0.00877834        0.01766168
    12.6000000        0.01880445        0.02601386
    12.7000000        0.03796153        0.02947174
    12.8000000        0.02654704        0.02353137
    12.9000000        0.01074788        0.02122023
    13.0000000       -0.00147583        0.00359045
    13.1000000        0.00097940        0.00635256
    13.2000000        0.01154051        0.00840357
    13.3000000        0.00662822        0.00657014
    13.4000000        0.01347308        0.01401466
    13.5000000       -0.00240301        0.00878861
    13.6000000        0.00482592        0.00439907
    13.7000000       -0.01318649        0.01739337
    13.8000000       -0.00643450        0.00644005
    13.9000000       -0.00720288        0.00839825
    14.0000000        0.00555435        0.00857412
    14.1000000       -0.01470700        0.02112587
    14.2000000       -0.02447355        0.02671184
    14.3000000       -0.02469962        0.03131868
    14.4000000       -0.02860818        0.02318812
    14.5000000        0.00760083        0.01572160
    14.6000000       -0.01034972        0.01783262
    14.7000000       -0.00716360        0.01881442
    14.8000000       -0.01321200        0.02884939
    14.9000000        0.00971098        0.00803832
    15.0000000        0.00840856        0.00713277
    15.1000000        0.02434599        0.01664413
    15.2000000        0.01642933        0.01480121
    15.3000000        0.01962202        0.01610299
    15.4000000        0.01893320        0.01340097
    15.5000000        0.02694134        0.02856705
    15.6000000       -0.00127312        0.00859362
    15.7000000       -0.00516194        0.00727173
    15.8000000       -0.00647648        0.01145725
    15.9000000        0.00047167        0.00802233
    16.0000000       -0.00665076        0.00624198
    16.1000000       -0.00081763        0.01444616
    16.2000000        0.02611461        0.03485161
    16.3000000        0.08781369        0.09499380
    16.4000000        0.16285328        0.17815291
    16.5000000        0.04489059        0.12965934
    16.6000000        0.06069375        0.07717143
    16.7000000        0.01552174        0.01903678
    16.8000000       -0.00093014        0.01003355
    16.9000000       -0.01371983        0.01162358
    17.0000000       -0.00852064        0.00849242
    17.1000000        0.00227318        0.00956940
    17.2000000       -0.00027485        0.00563854
    17.3000000       -0.00343507        0.00905845
    17.4000000       -0.01099570        0.01861344
    17.5000000        0.00096892        0.00783313
    17.6000000        0.01762514        0.01287844
    17.7000000        0.01218311        0.01585630
    17.8000000       -0.00561222        0.03892148
    17.9000000       -0.02127424        0.01645393
    18.0000000       -0.01937476        0.02904394
    18.1000000       -0.00541512        0.01976439
    18.2000000        0.00133538        0.00493793
    18.3000000        0.00939389        0.00447258
    18.4000000        0.00460945        0.00349477
    18.5000000       -0.00071642        0.01523596
    18.6000000        0.02457705        0.01730123
    18.7000000        0.03035886        0.01484133
    18.8000000        0.03796391        0.02126907
    18.9000000        0.02811869        0.01584916
    19.0000000        0.01667918        0.00700306
    19.1000000        0.00785083        0.00627825
    19.2000000       -0.00588884        0.01135295
    19.3000000        0.00342752        0.00972244
    19.4000000        0.02803270        0.00586859
    19.5000000        0.04488527        0.00831003
    19.6000000        0.08698134        0.01368264
    19.7000000        0.09274746        0.00483102
    19.8000000        0.12570265        0.00606423
    19.9000000        0.17148446        0.00699927
    20.0000000        0.25438272        0.00496466
