     0.0000000        0.02669836        0.00015841
     0.1000000        0.02512604        0.00017510
     0.2000000        0.02378718        0.00021228
     0.3000000        0.02240711        0.00020325
     0.4000000        0.02125033        0.00018704
     0.5000000        0.02010607        0.00018831
     0.6000000        0.01899664        0.00017977
     0.7000000        0.01796699        0.00016585
     0.8000000        0.01692492        0.00016723
     0.9000000        0.01599803        0.00017649
     1.0000000        0.01511941        0.00016290
     1.1000000        0.01430076        0.00015212
     1.2000000        0.01346690        0.00015630
     1.3000000        0.01272888        0.00015474
     1.4000000        0.01210436        0.00014517
     1.5000000        0.01142483        0.00015913
     1.6000000        0.01078238        0.00015492
     1.7000000        0.01016880        0.00015233
     1.8000000        0.00962117        0.00015987
     1.9000000        0.00911896        0.00017626
     2.0000000        0.00863626        0.00016050
     2.1000000        0.00812401        0.00015094
     2.2000000        0.00761293        0.00013053
     2.3000000        0.00712794        0.00012458
     2.4000000        0.00673181        0.00013013
     2.5000000        0.00628593        0.00012939
     2.6000000        0.00595944        0.00013078
     2.7000000        0.00563640        0.00012797
     2.8000000        0.00534793        0.00014034
     2.9000000        0.00508921        0.00014443
     3.0000000        0.00480253        0.00015585
     3.1000000        0.00451779        0.00017018
     3.2000000        0.00427099        0.00017298
     3.3000000        0.00407370        0.00016668
     3.4000000        0.00382307        0.00016875
     3.5000000        0.00362287        0.00018751
     3.6000000        0.00343884        0.00019099
     3.7000000        0.00325199        0.00019151
     3.8000000        0.00310231        0.00020824
     3.9000000        0.00290613        0.00019665
     4.0000000        0.00271135        0.00019654
     4.1000000        0.00250140        0.00020087
     4.2000000        0.00238383        0.00021624
     4.3000000        0.00221532        0.00021550
     4.4000000        0.00210978        0.00021188
     4.5000000        0.00207416        0.00020077
     4.6000000        0.00196423        0.00018205
     4.7000000        0.00179795        0.00016444
     4.8000000        0.00161461        0.00017868
     4.9000000        0.00147783        0.00017016
     5.0000000        0.00141649        0.00016159
     5.1000000        0.00137384        0.00016888
     5.2000000        0.00127196        0.00015911
     5.3000000        0.00118014        0.00015178
     5.4000000        0.00109128        0.00014926
     5.5000000        0.00103109        0.00015156
     5.6000000        0.00094597        0.00015821
     5.7000000        0.00087291        0.00015729
     5.8000000        0.00081721        0.00015421
     5.9000000        0.00081987        0.00017017
     6.0000000        0.00066819        0.00017319
     6.1000000        0.00058447        0.00017256
     6.2000000        0.00052313        0.00017983
     6.3000000        0.00049777        0.00018613
     6.4000000        0.00048214        0.00018679
     6.5000000        0.00051625        0.00018735
     6.6000000        0.00049504        0.00020500
     6.7000000        0.00045780        0.00020264
     6.8000000        0.00040918        0.00019583
     6.9000000        0.00032947        0.00019923
     7.0000000        0.00032294        0.00018297
     7.1000000        0.00031276        0.00017557
     7.2000000        0.00030921        0.00018066
     7.3000000        0.00031043        0.00018653
     7.4000000        0.00033391        0.00018764
     7.5000000        0.00031914        0.00019148
     7.6000000        0.00024204        0.00017899
     7.7000000        0.00025018        0.00016668
     7.8000000        0.00020941        0.00016958
     7.9000000        0.00019317        0.00018035
     8.0000000        0.00020045        0.00017605
     8.1000000        0.00020658        0.00015631
     8.2000000        0.00015881        0.00015146
     8.3000000        0.00007094        0.00014525
     8.4000000        0.00008708        0.00016010
     8.5000000        0.00014650        0.00015966
     8.6000000        0.00017417        0.00017028
     8.7000000        0.00024339        0.00015626
     8.8000000        0.00017956        0.00015501
     8.9000000        0.00018336        0.00012903
     9.0000000        0.00017844        0.00011613
     9.1000000        0.00019543        0.00011270
     9.2000000        0.00023612        0.00011985
     9.3000000        0.00018485        0.00010864
     9.4000000        0.00021768        0.00009387
     9.5000000        0.00020850        0.00010793
     9.6000000        0.00023312        0.00011904
     9.7000000        0.00019024        0.00010569
     9.8000000        0.00011915        0.00012238
     9.9000000        0.00011078        0.00013479
    10.0000000        0.00011747        0.00014545
    10.1000000        0.00006858        0.00021118
    10.2000000        0.00006675        0.00021319
    10.3000000        0.00061709        0.00039554
    10.4000000        0.00047736        0.00022440
    10.5000000        0.00037236        0.00018317
    10.6000000        0.00037677        0.00021659
    10.7000000        0.00037457        0.00024265
    10.8000000        0.00018930        0.00017346
    10.9000000        0.00015737        0.00019929
    11.0000000        0.00023836        0.00020356
    11.1000000        0.00024820        0.00020301
    11.2000000        0.00025269        0.00021174
    11.3000000        0.00026484        0.00018004
    11.4000000        0.00023404        0.00018944
    11.5000000        0.00027563        0.00019270
    11.6000000        0.00012677        0.00018829
    11.7000000        0.00010891        0.00018414
    11.8000000        0.00009619        0.00018046
    11.9000000        0.00010012        0.00019348
    12.0000000        0.00015055        0.00020230
    12.1000000        0.00014854        0.00021944
    12.2000000        0.00021042        0.00022880
    12.3000000        0.00020149        0.00022232
    12.4000000        0.00021540        0.00023752
    12.5000000        0.00021980        0.00022507
    12.6000000        0.00019456        0.00022573
    12.7000000        0.00022197        0.00022305
    12.8000000        0.00022038        0.00022440
    12.9000000        0.00025840        0.00021016
    13.0000000        0.00029100        0.00019676
    13.1000000        0.00034360        0.00017793
    13.2000000        0.00038816        0.00015594
    13.3000000        0.00035239        0.00017986
    13.4000000        0.00035988        0.00018095
    13.5000000        0.00045014        0.00019419
    13.6000000        0.00049238        0.00019682
    13.7000000        0.00049025        0.00016915
    13.8000000        0.00059471        0.00017416
    13.9000000        0.00063840        0.00017091
    14.0000000        0.00069638        0.00016616
    14.1000000        0.00075553        0.00015698
    14.2000000        0.00082239        0.00016097
    14.3000000        0.00088227        0.00016246
    14.4000000        0.00101359        0.00017136
    14.5000000        0.00108036        0.00015374
    14.6000000        0.00119863        0.00014910
    14.7000000        0.00131203        0.00015066
    14.8000000        0.00146295        0.00016090
    14.9000000        0.00152543        0.00015460
    15.0000000        0.00170939        0.00016599
    15.1000000        0.00184096        0.00016928
    15.2000000        0.00189728        0.00016374
    15.3000000        0.00200563        0.00016245
    15.4000000        0.00208708        0.00015427
    15.5000000        0.00223546        0.00014639
    15.6000000        0.00237391        0.00014323
    15.7000000        0.00244429        0.00016111
    15.8000000        0.00259116        0.00016510
    15.9000000        0.00277353        0.00016826
    16.0000000        0.00296942        0.00017892
    16.1000000        0.00313119        0.00018236
    16.2000000        0.00328072        0.00016671
    16.3000000        0.00338699        0.00016413
    16.4000000        0.00363030        0.00017449
    16.5000000        0.00380428        0.00019288
    16.6000000        0.00398294        0.00018575
    16.7000000        0.00417292        0.00018722
    16.8000000        0.00443512        0.00017858
    16.9000000        0.00456135        0.00024095
    17.0000000        0.00476268        0.00024667
    17.1000000        0.00509162        0.00022285
    17.2000000        0.00545207        0.00019383
    17.3000000        0.00577296        0.00019479
    17.4000000        0.00601715        0.00017296
    17.5000000        0.00634040        0.00017830
    17.6000000        0.00660981        0.00017102
    17.7000000        0.00698676        0.00015375
    17.8000000        0.00737129        0.00015509
    17.9000000        0.00779185        0.00015556
    18.0000000        0.00823506        0.00014511
    18.1000000        0.00874941        0.00014562
    18.2000000        0.00927964        0.00016447
    18.3000000        0.00988372        0.00018246
    18.4000000        0.01038139        0.00021499
    18.5000000        0.01099870        0.00022000
    18.6000000        0.01164818        0.00021920
    18.7000000        0.01228504        0.00022806
    18.8000000        0.01302524        0.00023981
    18.9000000        0.01387748        0.00021383
    19.0000000        0.01470014        0.00019690
    19.1000000        0.01561894        0.00019693
    19.2000000        0.01663356        0.00017972
    19.3000000        0.01763569        0.00017145
    19.4000000        0.01883505        0.00016659
    19.5000000        0.01993506        0.00016750
    19.6000000        0.02105112        0.00017606
    19.7000000        0.02232313        0.00015799
    19.8000000        0.02368278        0.00015766
    19.9000000        0.02514560        0.00015483
    20.0000000        0.02669836        0.00015841
