         101         161   20.000000000000000                1
     0.0000000        0.10714286        0.00000000
     0.1000000        0.09416825        0.00000000
     0.2000000        0.08276562        0.00000000
     0.3000000        0.07274441        0.00000000
     0.4000000        0.06393719        0.00000000
     0.5000000        0.05619681        0.00000000
     0.6000000        0.04939398        0.00000000
     0.7000000        0.04341508        0.00000000
     0.8000000        0.03816028        0.00000000
     0.9000000        0.03354182        0.00000000
     1.0000000        0.02948262        0.00000000
     1.1000000        0.02591492        0.00000000
     1.2000000        0.02277916        0.00000000
     1.3000000        0.02002304        0.00000000
     1.4000000        0.01760057        0.00000000
     1.5000000        0.01547133        0.00000000
     1.6000000        0.01359981        0.00000000
     1.7000000        0.01195480        0.00000000
     1.8000000        0.01050888        0.00000000
     1.9000000        0.00923793        0.00000000
     2.0000000        0.00812077        0.00000000
     2.1000000        0.00713879        0.00000000
     2.2000000        0.00627561        0.00000000
     2.3000000        0.00551685        0.00000000
     2.4000000        0.00484989        0.00000000
     2.5000000        0.00426360        0.00000000
     2.6000000        0.00374822        0.00000000
     2.7000000        0.00329518        0.00000000
     2.8000000        0.00289692        0.00000000
     2.9000000        0.00254682        0.00000000
     3.0000000        0.00223906        0.00000000
     3.1000000        0.00196851        0.00000000
     3.2000000        0.00173066        0.00000000
     3.3000000        0.00152157        0.00000000
     3.4000000        0.00133776        0.00000000
     3.5000000        0.00117616        0.00000000
     3.6000000        0.00103409        0.00000000
     3.7000000        0.00090920        0.00000000
     3.8000000        0.00079939        0.00000000
     3.9000000        0.00070286        0.00000000
     4.0000000        0.00061799        0.00000000
     4.1000000        0.00054337        0.00000000
     4.2000000        0.00047777        0.00000000
     4.3000000        0.00042009        0.00000000
     4.4000000        0.00036938        0.00000000
     4.5000000        0.00032479        0.00000000
     4.6000000        0.00028559        0.00000000
     4.7000000        0.00025112        0.00000000
     4.8000000        0.00022082        0.00000000
     4.9000000        0.00019417        0.00000000
     5.0000000        0.00017074        0.00000000
     5.1000000        0.00015014        0.00000000
     5.2000000        0.00013203        0.00000000
     5.3000000        0.00011610        0.00000000
     5.4000000        0.00010210        0.00000000
     5.5000000        0.00008978        0.00000000
     5.6000000        0.00007896        0.00000000
     5.7000000        0.00006943        0.00000000
     5.8000000        0.00006106        0.00000000
     5.9000000        0.00005370        0.00000000
     6.0000000        0.00004723        0.00000000
     6.1000000        0.00004153        0.00000000
     6.2000000        0.00003653        0.00000000
     6.3000000        0.00003212        0.00000000
     6.4000000        0.00002825        0.00000000
     6.5000000        0.00002485        0.00000000
     6.6000000        0.00002185        0.00000000
     6.7000000        0.00001922        0.00000000
     6.8000000        0.00001691        0.00000000
     6.9000000        0.00001487        0.00000000
     7.0000000        0.00001308        0.00000000
     7.1000000        0.00001151        0.00000000
     7.2000000        0.00001012        0.00000000
     7.3000000        0.00000891        0.00000000
     7.4000000        0.00000784        0.00000000
     7.5000000        0.00000689        0.00000000
     7.6000000        0.00000607        0.00000000
     7.7000000        0.00000534        0.00000000
     7.8000000        0.00000470        0.00000000
     7.9000000        0.00000414        0.00000000
     8.0000000        0.00000365        0.00000000
     8.1000000        0.00000321        0.00000000
     8.2000000        0.00000283        0.00000000
     8.3000000        0.00000250        0.00000000
     8.4000000        0.00000221        0.00000000
     8.5000000        0.00000195        0.00000000
     8.6000000        0.00000173        0.00000000
     8.7000000        0.00000153        0.00000000
     8.8000000        0.00000136        0.00000000
     8.9000000        0.00000121        0.00000000
     9.0000000        0.00000108        0.00000000
     9.1000000        0.00000097        0.00000000
     9.2000000        0.00000088        0.00000000
     9.3000000        0.00000080        0.00000000
     9.4000000        0.00000073        0.00000000
     9.5000000        0.00000068        0.00000000
     9.6000000        0.00000063        0.00000000
     9.7000000        0.00000060        0.00000000
     9.8000000        0.00000058        0.00000000
     9.9000000        0.00000056        0.00000000
    10.0000000        0.00000056        0.00000000
