     0.0000000        0.83041988        0.00017311
     0.1250000        0.75380162        0.00124004
     0.2500000        0.69748521        0.00244136
     0.3750000        0.66345700        0.00444473
     0.5000000        0.62961833        0.00564934
     0.6250000        0.60274137        0.00682296
     0.7500000        0.59359133        0.00769811
     0.8750000        0.59697645        0.00883915
     1.0000000        0.57669549        0.00826029
     1.1250000        0.57698035        0.00961776
     1.2500000        0.59673984        0.00818650
     1.3750000        0.61170273        0.00800115
     1.5000000        0.63485947        0.00578214
     1.6250000        0.66100857        0.00448844
     1.7500000        0.69581732        0.00256056
     1.8750000        0.75501939        0.00119846
     2.0000000        0.83041988        0.00017311
