     0.0000000        1.00000000        0.00000004
     0.1000000        0.76469263        0.00208635
     0.2000000        0.60171131        0.00290325
     0.3000000        0.47900694        0.00337585
     0.4000000        0.39000724        0.00413383
     0.5000000        0.32166366        0.00444785
     0.6000000        0.26967198        0.00360852
     0.7000000        0.22858677        0.00341659
     0.8000000        0.19807153        0.00366140
     0.9000000        0.17122515        0.00293054
     1.0000000        0.14852617        0.00362906
     1.1000000        0.12989596        0.00344194
     1.2000000        0.11174120        0.00246297
     1.3000000        0.09904953        0.00323723
     1.4000000        0.08768816        0.00367533
     1.5000000        0.07694471        0.00286838
     1.6000000        0.06892658        0.00297342
     1.7000000        0.06257946        0.00263172
     1.8000000        0.05569028        0.00192442
     1.9000000        0.05105794        0.00248148
     2.0000000        0.04628030        0.00309736
     2.1000000        0.04020666        0.00170487
     2.2000000        0.03742146        0.00138143
     2.3000000        0.03293163        0.00128773
     2.4000000        0.02995305        0.00192668
     2.5000000        0.02717751        0.00196226
     2.6000000        0.02438024        0.00165443
     2.7000000        0.02229632        0.00174207
     2.8000000        0.02068508        0.00205341
     2.9000000        0.01855556        0.00200613
     3.0000000        0.01769225        0.00199839
     3.1000000        0.01592924        0.00184384
     3.2000000        0.01490639        0.00170337
     3.3000000        0.01348333        0.00110946
     3.4000000        0.01195152        0.00077204
     3.5000000        0.01125683        0.00093496
     3.6000000        0.01043737        0.00079286
     3.7000000        0.00873556        0.00049379
     3.8000000        0.00851648        0.00071694
     3.9000000        0.00770627        0.00057010
     4.0000000        0.00734506        0.00058437
     4.1000000        0.00682371        0.00062182
     4.2000000        0.00646385        0.00049898
     4.3000000        0.00651215        0.00056732
     4.4000000        0.00625756        0.00052833
     4.5000000        0.00590665        0.00054861
     4.6000000        0.00548715        0.00053590
     4.7000000        0.00523584        0.00045858
     4.8000000        0.00490869        0.00044739
     4.9000000        0.00512354        0.00038405
     5.0000000        0.00527525        0.00050331
     5.1000000        0.00532064        0.00049349
     5.2000000        0.00523900        0.00048590
     5.3000000        0.00537813        0.00055441
     5.4000000        0.00569582        0.00062148
     5.5000000        0.00569504        0.00066845
     5.6000000        0.00587021        0.00070131
     5.7000000        0.00679817        0.00110622
     5.8000000        0.00682951        0.00082283
     5.9000000        0.00671206        0.00060439
     6.0000000        0.00686623        0.00073854
     6.1000000        0.00775144        0.00105377
     6.2000000        0.00849252        0.00107025
     6.3000000        0.00931996        0.00104541
     6.4000000        0.01022351        0.00107807
     6.5000000        0.01148816        0.00116924
     6.6000000        0.01302178        0.00146439
     6.7000000        0.01335087        0.00121463
     6.8000000        0.01401438        0.00136588
     6.9000000        0.01502295        0.00123019
     7.0000000        0.01633856        0.00125161
     7.1000000        0.01788007        0.00097653
     7.2000000        0.01932913        0.00128519
     7.3000000        0.02101846        0.00147940
     7.4000000        0.02286703        0.00151551
     7.5000000        0.02538169        0.00157354
     7.6000000        0.02938324        0.00190224
     7.7000000        0.03186370        0.00143862
     7.8000000        0.03617711        0.00194291
     7.9000000        0.03975486        0.00236638
     8.0000000        0.04512573        0.00259462
     8.1000000        0.04910819        0.00311213
     8.2000000        0.05398275        0.00270222
     8.3000000        0.05999457        0.00269395
     8.4000000        0.06608942        0.00258967
     8.5000000        0.07395821        0.00203186
     8.6000000        0.08247665        0.00252232
     8.7000000        0.09268832        0.00318667
     8.8000000        0.10450268        0.00351634
     8.9000000        0.12050073        0.00393157
     9.0000000        0.13674009        0.00437945
     9.1000000        0.15857459        0.00424400
     9.2000000        0.18743135        0.00418785
     9.3000000        0.22416096        0.00329711
     9.4000000        0.26579226        0.00376721
     9.5000000        0.32068380        0.00413124
     9.6000000        0.38674927        0.00321952
     9.7000000        0.47545932        0.00375574
     9.8000000        0.59920141        0.00292295
     9.9000000        0.76802417        0.00330396
    10.0000000        1.00000000        0.00000000
