     0.0000000        0.33433051        0.01398847
     0.1000000        0.33607488        0.02457297
     0.2000000        0.39311832        0.05241612
     0.3000000        0.32555878        0.02183694
     0.4000000        0.36983486        0.04999148
     0.5000000        0.30884006        0.01362339
     0.6000000        0.27559349        0.05239974
     0.7000000        0.15129740        0.12586030
     0.8000000       -0.07599243        0.29963165
     0.9000000        0.17299595        0.10361080
     1.0000000       -0.05249634        0.26123333
     1.1000000        0.31674403        0.04397684
     1.2000000        0.35239179        0.05928291
     1.3000000        0.27055992        0.03972568
     1.4000000        0.30703786        0.06275575
     1.5000000        0.42595534        0.11815350
     1.6000000        0.31603508        0.05323160
     1.7000000        0.28073499        0.04387062
     1.8000000        0.19209396        0.03155317
     1.9000000        0.23243334        0.05202558
     2.0000000        0.23530805        0.03929096
     2.1000000        0.36984548        0.07906004
     2.2000000        0.33190454        0.05327785
     2.3000000        0.39220344        0.10827993
     2.4000000        0.25641989        0.04714643
     2.5000000        0.40227507        0.10767123
     2.6000000        0.22010329        0.04535086
     2.7000000        0.27811600        0.05247521
     2.8000000        0.25529926        0.02224353
     2.9000000        0.26984928        0.02007565
     3.0000000        0.29604570        0.03633841
     3.1000000        0.30179865        0.04943140
     3.2000000        0.31232346        0.03059943
     3.3000000        0.31056852        0.01829992
     3.4000000        0.29257748        0.01683281
     3.5000000        0.25513985        0.02323681
     3.6000000        0.30796155        0.00866199
     3.7000000        0.34300841        0.01984328
     3.8000000        0.39600021        0.04476051
     3.9000000        0.34669937        0.01733590
     4.0000000        0.33433051        0.01398847
