         101           4   20.000000000000000                1
     0.0000000        0.39979616        0.00327138
     0.1000000        0.30663744        0.00445917
     0.2000000        0.23373622        0.00423376
     0.3000000        0.18233742        0.00399009
     0.4000000        0.14283680        0.00390947
     0.5000000        0.11149466        0.00329447
     0.6000000        0.09040824        0.00657734
     0.7000000        0.07331677        0.00730218
     0.8000000        0.05849033        0.00290033
     0.9000000        0.04751822        0.00289395
     1.0000000        0.03554832        0.00192860
     1.1000000        0.02838585        0.00156538
     1.2000000        0.02316100        0.00219798
     1.3000000        0.01973413        0.00193018
     1.4000000        0.01572798        0.00182783
     1.5000000        0.01201046        0.00109219
     1.6000000        0.01023746        0.00186438
     1.7000000        0.00851476        0.00155199
     1.8000000        0.00730158        0.00196891
     1.9000000        0.00753327        0.00188381
     2.0000000        0.00677052        0.00146801
     2.1000000        0.00594410        0.00231162
     2.2000000        0.00440756        0.00107566
     2.3000000        0.00362639        0.00066126
     2.4000000        0.00247512        0.00103894
     2.5000000        0.00244634        0.00170602
     2.6000000        0.00319215        0.00193414
     2.7000000        0.00501235        0.00318761
     2.8000000        0.00119731        0.00093056
     2.9000000        0.00062883        0.00102716
     3.0000000       -0.00022538        0.00072590
     3.1000000       -0.00027163        0.00059091
     3.2000000       -0.00035670        0.00075562
     3.3000000       -0.00020760        0.00067502
     3.4000000       -0.00102672        0.00183064
     3.5000000        0.00036366        0.00022278
     3.6000000        0.00074184        0.00186791
     3.7000000       -0.00009277        0.00093521
     3.8000000       -0.00017640        0.00123470
     3.9000000       -0.00198241        0.00088099
     4.0000000       -0.00026810        0.00128821
     4.1000000       -0.00008171        0.00168533
     4.2000000        0.00073716        0.00128771
     4.3000000       -0.00219355        0.00304062
     4.4000000       -0.00206079        0.00191140
     4.5000000       -0.00125919        0.00071686
     4.6000000       -0.00141936        0.00103995
     4.7000000       -0.00093058        0.00160840
     4.8000000       -0.00211261        0.00101962
     4.9000000       -0.00261611        0.00134086
     5.0000000       -0.00249747        0.00103577
     5.1000000       -0.00427110        0.00209675
     5.2000000       -0.00288002        0.00118321
     5.3000000       -0.01092073        0.00657342
     5.4000000       -0.00113336        0.00092484
     5.5000000        0.00048929        0.00157236
     5.6000000       -0.00013055        0.00284049
     5.7000000       -0.00028580        0.00243060
     5.8000000        0.00197619        0.00182330
     5.9000000        0.00251548        0.00227985
     6.0000000        0.00130840        0.00179331
     6.1000000        0.00280025        0.00265446
     6.2000000        0.00447964        0.00312423
     6.3000000        0.00235442        0.00288328
     6.4000000        0.00283187        0.00285652
     6.5000000        0.00157141        0.00244155
     6.6000000        0.00022273        0.00159985
     6.7000000        0.00231487        0.00317895
     6.8000000        0.00420454        0.00485111
     6.9000000        0.00624555        0.00766488
     7.0000000        0.00034121        0.00159239
     7.1000000        0.00019618        0.00181192
     7.2000000       -0.00112595        0.00166742
     7.3000000        0.00191006        0.00098370
     7.4000000        0.00110959        0.00140151
     7.5000000        0.00330045        0.00208942
     7.6000000        0.00497110        0.00529802
     7.7000000        0.00808068        0.00871982
     7.8000000        0.00184517        0.00279203
     7.9000000        0.00130295        0.00139359
     8.0000000        0.00191016        0.00096886
     8.1000000        0.00342625        0.00211193
     8.2000000        0.00275335        0.00218931
     8.3000000        0.00605546        0.00497588
     8.4000000        0.00559611        0.00372393
     8.5000000        0.00598734        0.00495881
     8.6000000        0.00443273        0.00464481
     8.7000000        0.00242052        0.00293590
     8.8000000        0.00129791        0.00075941
     8.9000000        0.00132833        0.00163077
     9.0000000        0.00087243        0.00050665
     9.1000000        0.00018877        0.00070770
     9.2000000        0.00052773        0.00077186
     9.3000000       -0.00062696        0.00268148
     9.4000000        0.00002238        0.00079371
     9.5000000        0.00011567        0.00032596
     9.6000000        0.00002896        0.00141714
     9.7000000       -0.00244417        0.00475171
     9.8000000       -0.00355871        0.00564436
     9.9000000       -0.00275096        0.00442972
    10.0000000       -0.00319050        0.00497995
