         201           5   20.000000000000000                1
     0.0000000        0.50000000        0.00000000
     0.1000000        0.39809142        0.00188097
     0.2000000        0.31599086        0.00327068
     0.3000000        0.25915893        0.00156499
     0.4000000        0.21380969        0.00186151
     0.5000000        0.17739765        0.00136037
     0.6000000        0.14966117        0.00113805
     0.7000000        0.12550301        0.00158863
     0.8000000        0.10731804        0.00102771
     0.9000000        0.09566197        0.00208853
     1.0000000        0.08219375        0.00151779
     1.1000000        0.07412494        0.00244626
     1.2000000        0.06748044        0.00177237
     1.3000000        0.06030089        0.00242146
     1.4000000        0.05529624        0.00192117
     1.5000000        0.04946152        0.00222145
     1.6000000        0.04716260        0.00230446
     1.7000000        0.04447580        0.00219701
     1.8000000        0.04099565        0.00120126
     1.9000000        0.03849915        0.00207077
     2.0000000        0.03569839        0.00177775
     2.1000000        0.03437390        0.00156952
     2.2000000        0.03316941        0.00111969
     2.3000000        0.03079852        0.00172319
     2.4000000        0.02893947        0.00145367
     2.5000000        0.02687518        0.00153725
     2.6000000        0.02566643        0.00136679
     2.7000000        0.02528603        0.00131998
     2.8000000        0.02291169        0.00202310
     2.9000000        0.02225212        0.00190735
     3.0000000        0.02029092        0.00178355
     3.1000000        0.02022944        0.00156855
     3.2000000        0.01984379        0.00179268
     3.3000000        0.01944135        0.00152243
     3.4000000        0.01971601        0.00147286
     3.5000000        0.01823741        0.00109486
     3.6000000        0.01730644        0.00112145
     3.7000000        0.01734842        0.00137805
     3.8000000        0.01590143        0.00123988
     3.9000000        0.01547682        0.00117518
     4.0000000        0.01425883        0.00133057
     4.1000000        0.01498738        0.00044491
     4.2000000        0.01473468        0.00038704
     4.3000000        0.01511136        0.00113600
     4.4000000        0.01577802        0.00145080
     4.5000000        0.01568009        0.00148836
     4.6000000        0.01470174        0.00098459
     4.7000000        0.01361217        0.00111945
     4.8000000        0.01318482        0.00152188
     4.9000000        0.01317886        0.00142140
     5.0000000        0.01246354        0.00119003
     5.1000000        0.01106987        0.00097141
     5.2000000        0.01081677        0.00093190
     5.3000000        0.01032411        0.00114062
     5.4000000        0.01001812        0.00196199
     5.5000000        0.00949033        0.00186821
     5.6000000        0.00948305        0.00197008
     5.7000000        0.00889445        0.00172333
     5.8000000        0.00824748        0.00168171
     5.9000000        0.00900181        0.00125924
     6.0000000        0.00927345        0.00135770
     6.1000000        0.00817319        0.00103301
     6.2000000        0.00816584        0.00131800
     6.3000000        0.00759480        0.00113946
     6.4000000        0.00806094        0.00170749
     6.5000000        0.00827766        0.00094445
     6.6000000        0.00821072        0.00092525
     6.7000000        0.00864621        0.00142956
     6.8000000        0.00865305        0.00119351
     6.9000000        0.00942389        0.00134368
     7.0000000        0.00817948        0.00169927
     7.1000000        0.00817476        0.00187524
     7.2000000        0.00694664        0.00140136
     7.3000000        0.00674776        0.00178934
     7.4000000        0.00651911        0.00102466
     7.5000000        0.00630988        0.00092394
     7.6000000        0.00580094        0.00110106
     7.7000000        0.00524833        0.00066758
     7.8000000        0.00487660        0.00105255
     7.9000000        0.00476751        0.00083908
     8.0000000        0.00474996        0.00138431
     8.1000000        0.00532687        0.00112769
     8.2000000        0.00460866        0.00060075
     8.3000000        0.00482462        0.00057856
     8.4000000        0.00491598        0.00083987
     8.5000000        0.00539775        0.00074864
     8.6000000        0.00496432        0.00059316
     8.7000000        0.00491936        0.00065955
     8.8000000        0.00480314        0.00097086
     8.9000000        0.00536663        0.00086569
     9.0000000        0.00589113        0.00106170
     9.1000000        0.00587825        0.00089014
     9.2000000        0.00611843        0.00108736
     9.3000000        0.00659205        0.00058725
     9.4000000        0.00653744        0.00025086
     9.5000000        0.00545295        0.00063282
     9.6000000        0.00506803        0.00089282
     9.7000000        0.00461182        0.00112645
     9.8000000        0.00478109        0.00116984
     9.9000000        0.00414447        0.00130698
    10.0000000        0.00450094        0.00129737
    10.1000000        0.00460599        0.00104983
    10.2000000        0.00495620        0.00084563
    10.3000000        0.00475007        0.00139207
    10.4000000        0.00454303        0.00092531
    10.5000000        0.00446632        0.00097579
    10.6000000        0.00395791        0.00107390
    10.7000000        0.00378743        0.00093146
    10.8000000        0.00376815        0.00104102
    10.9000000        0.00412457        0.00109620
    11.0000000        0.00364580        0.00127362
    11.1000000        0.00346759        0.00152541
    11.2000000        0.00333900        0.00190892
    11.3000000        0.00370104        0.00139357
    11.4000000        0.00298754        0.00081993
    11.5000000        0.00379307        0.00056752
    11.6000000        0.00341829        0.00074470
    11.7000000        0.00331372        0.00082833
    11.8000000        0.00380867        0.00092219
    11.9000000        0.00365731        0.00072122
    12.0000000        0.00360751        0.00065175
    12.1000000        0.00403837        0.00047362
    12.2000000        0.00447724        0.00074115
    12.3000000        0.00433140        0.00047996
    12.4000000        0.00476895        0.00068405
    12.5000000        0.00463339        0.00069484
    12.6000000        0.00522911        0.00079471
    12.7000000        0.00483394        0.00090387
    12.8000000        0.00530695        0.00071866
    12.9000000        0.00644709        0.00059164
    13.0000000        0.00494546        0.00126019
    13.1000000        0.00446026        0.00173176
    13.2000000        0.00517014        0.00124202
    13.3000000        0.00490670        0.00174332
    13.4000000        0.00624377        0.00172544
    13.5000000        0.00520116        0.00227220
    13.6000000        0.00652725        0.00220447
    13.7000000        0.00624608        0.00300581
    13.8000000        0.00600153        0.00298275
    13.9000000        0.00737217        0.00199244
    14.0000000        0.00648951        0.00185088
    14.1000000        0.00690941        0.00190451
    14.2000000        0.00767636        0.00146981
    14.3000000        0.00796381        0.00185960
    14.4000000        0.00816989        0.00161856
    14.5000000        0.00833348        0.00121321
    14.6000000        0.00747714        0.00159461
    14.7000000        0.00673292        0.00267736
    14.8000000        0.00741828        0.00192210
    14.9000000        0.00826436        0.00176605
    15.0000000        0.00808387        0.00198280
    15.1000000        0.00964487        0.00208042
    15.2000000        0.00968353        0.00186034
    15.3000000        0.01075817        0.00113959
    15.4000000        0.01212903        0.00097969
    15.5000000        0.01213126        0.00084416
    15.6000000        0.01261904        0.00077537
    15.7000000        0.01107999        0.00187604
    15.8000000        0.01057312        0.00356361
    15.9000000        0.00981215        0.00332762
    16.0000000        0.01056238        0.00239914
    16.1000000        0.01316894        0.00111933
    16.2000000        0.01179639        0.00228156
    16.3000000        0.01135814        0.00227192
    16.4000000        0.01226390        0.00165948
    16.5000000        0.01319635        0.00208971
    16.6000000        0.01488059        0.00245296
    16.7000000        0.01521333        0.00312290
    16.8000000        0.01514088        0.00286375
    16.9000000        0.01318979        0.00328482
    17.0000000        0.01474730        0.00321425
    17.1000000        0.01564831        0.00349710
    17.2000000        0.01830242        0.00231334
    17.3000000        0.02114615        0.00108344
    17.4000000        0.02239334        0.00105349
    17.5000000        0.02405375        0.00080607
    17.6000000        0.02463749        0.00199189
    17.7000000        0.02385776        0.00187945
    17.8000000        0.02773569        0.00180471
    17.9000000        0.02984124        0.00123956
    18.0000000        0.03152578        0.00150439
    18.1000000        0.03323972        0.00170672
    18.2000000        0.03659323        0.00148209
    18.3000000        0.04122344        0.00196759
    18.4000000        0.04608226        0.00171906
    18.5000000        0.05071311        0.00152583
    18.6000000        0.05623170        0.00103979
    18.7000000        0.06196879        0.00197939
    18.8000000        0.06562445        0.00087316
    18.9000000        0.07250738        0.00081757
    19.0000000        0.08164677        0.00198668
    19.1000000        0.09484648        0.00155349
    19.2000000        0.10923374        0.00083638
    19.3000000        0.12663716        0.00126499
    19.4000000        0.15089233        0.00237399
    19.5000000        0.17986036        0.00194709
    19.6000000        0.21581103        0.00253053
    19.7000000        0.25831803        0.00252168
    19.8000000        0.31876297        0.00179288
    19.9000000        0.39960887        0.00350901
    20.0000000        0.50000000        0.00000000
