     0.0000000        0.17604149        0.00046676
     0.0500000        0.14098192        0.00042967
     0.1000000        0.11314814        0.00039235
     0.1500000        0.09099576        0.00034841
     0.2000000        0.07335566        0.00031082
     0.2500000        0.05922760        0.00027797
     0.3000000        0.04792144        0.00024675
     0.3500000        0.03886482        0.00021565
     0.4000000        0.03160601        0.00018793
     0.4500000        0.02573092        0.00016626
     0.5000000        0.02100211        0.00014474
     0.5500000        0.01719389        0.00012539
     0.6000000        0.01410117        0.00010800
     0.6500000        0.01158216        0.00009639
     0.7000000        0.00953543        0.00008570
     0.7500000        0.00786441        0.00007577
     0.8000000        0.00650030        0.00006900
     0.8500000        0.00539683        0.00006104
     0.9000000        0.00449829        0.00005511
     0.9500000        0.00376449        0.00004880
     1.0000000        0.00317041        0.00004316
     1.0500000        0.00266660        0.00003733
     1.1000000        0.00225409        0.00003273
     1.1500000        0.00192010        0.00002850
     1.2000000        0.00165625        0.00002561
     1.2500000        0.00142960        0.00002549
     1.3000000        0.00123975        0.00002457
     1.3500000        0.00108557        0.00002400
     1.4000000        0.00095968        0.00002320
     1.4500000        0.00085730        0.00002302
     1.5000000        0.00077675        0.00002306
     1.5500000        0.00070981        0.00002343
     1.6000000        0.00065339        0.00002349
     1.6500000        0.00060135        0.00002277
     1.7000000        0.00055800        0.00002206
     1.7500000        0.00052103        0.00002104
     1.8000000        0.00048808        0.00002050
     1.8500000        0.00046354        0.00002044
     1.9000000        0.00044352        0.00002069
     1.9500000        0.00042976        0.00002159
     2.0000000        0.00042671        0.00002258
     2.0500000        0.00043171        0.00002373
     2.1000000        0.00044143        0.00002523
     2.1500000        0.00045904        0.00002628
     2.2000000        0.00048432        0.00002739
     2.2500000        0.00052023        0.00002938
     2.3000000        0.00055764        0.00003051
     2.3500000        0.00059559        0.00003066
     2.4000000        0.00064398        0.00003013
     2.4500000        0.00070669        0.00003019
     2.5000000        0.00078294        0.00003043
     2.5500000        0.00087257        0.00003146
     2.6000000        0.00097614        0.00003220
     2.6500000        0.00111033        0.00003237
     2.7000000        0.00127607        0.00003237
     2.7500000        0.00148646        0.00003189
     2.8000000        0.00173744        0.00003330
     2.8500000        0.00202681        0.00003508
     2.9000000        0.00236575        0.00003827
     2.9500000        0.00276913        0.00004105
     3.0000000        0.00326195        0.00004402
     3.0500000        0.00384921        0.00004710
     3.1000000        0.00457465        0.00005016
     3.1500000        0.00546081        0.00005362
     3.2000000        0.00653463        0.00005932
     3.2500000        0.00785805        0.00006666
     3.3000000        0.00949039        0.00007527
     3.3500000        0.01148941        0.00008711
     3.4000000        0.01396840        0.00010025
     3.4500000        0.01703489        0.00011672
     3.5000000        0.02082746        0.00013613
     3.5500000        0.02552009        0.00015735
     3.6000000        0.03137283        0.00018303
     3.6500000        0.03865288        0.00021109
     3.7000000        0.04767651        0.00024268
     3.7500000        0.05895542        0.00027570
     3.8000000        0.07304572        0.00031541
     3.8500000        0.09070381        0.00035271
     3.9000000        0.11288464        0.00039006
     3.9500000        0.14081390        0.00043203
     4.0000000        0.17604149        0.00046676
