     0.0000000        1.92998325        0.00329300
     0.1000000        1.26314529        0.00336601
     0.2000000        0.83405114        0.00414642
     0.3000000        0.54481118        0.00509646
     0.4000000        0.35678906        0.00410159
     0.5000000        0.23664943        0.00345073
     0.6000000        0.15998704        0.00280641
     0.7000000        0.10774371        0.00355697
     0.8000000        0.07295231        0.00472404
     0.9000000        0.04766734        0.00335795
     1.0000000        0.03020445        0.00255617
     1.1000000        0.02343584        0.00364628
     1.2000000        0.01317897        0.00146028
     1.3000000        0.00865733        0.00309507
     1.4000000        0.01039371        0.00325450
     1.5000000        0.00486083        0.00152606
     1.6000000        0.00443097        0.00164532
     1.7000000        0.00481423        0.00218142
     1.8000000        0.00232120        0.00289904
     1.9000000        0.00002810        0.00242929
     2.0000000        0.00198177        0.00223880
     2.1000000        0.00056800        0.00330002
     2.2000000        0.00171819        0.00125257
     2.3000000        0.00220799        0.00108870
     2.4000000        0.00071481        0.00118742
     2.5000000        0.00120949        0.00116061
     2.6000000        0.00095602        0.00114771
     2.7000000       -0.00053256        0.00091271
     2.8000000        0.00157131        0.00187300
     2.9000000       -0.00015356        0.00093717
     3.0000000        0.00034402        0.00099668
     3.1000000        0.00003647        0.00063909
     3.2000000        0.00008735        0.00030647
     3.3000000        0.00046101        0.00054397
     3.4000000        0.00013904        0.00079166
     3.5000000        0.00041921        0.00057863
     3.6000000        0.00117435        0.00071538
     3.7000000        0.00036525        0.00061185
     3.8000000        0.00063009        0.00059303
     3.9000000       -0.00020494        0.00049688
     4.0000000       -0.00079934        0.00050316
     4.1000000       -0.00104252        0.00039312
     4.2000000       -0.00108319        0.00046307
     4.3000000       -0.00046581        0.00037987
     4.4000000       -0.00052253        0.00036968
     4.5000000       -0.00047974        0.00037481
     4.6000000       -0.00037723        0.00037322
     4.7000000        0.00002689        0.00026990
     4.8000000        0.00021892        0.00038088
     4.9000000        0.00001869        0.00052769
     5.0000000       -0.00026381        0.00068205
     5.1000000       -0.00024285        0.00078161
     5.2000000        0.00046721        0.00015396
     5.3000000       -0.00004403        0.00032835
     5.4000000       -0.00026109        0.00031511
     5.5000000       -0.00041378        0.00017400
     5.6000000       -0.00015310        0.00010873
     5.7000000        0.00022473        0.00020812
     5.8000000       -0.00008406        0.00038590
     5.9000000       -0.00043468        0.00033465
     6.0000000       -0.00019899        0.00019200
     6.1000000        0.00006180        0.00029109
     6.2000000       -0.00016096        0.00022256
     6.3000000       -0.00004024        0.00022620
     6.4000000        0.00029004        0.00035597
     6.5000000        0.00069867        0.00041267
     6.6000000        0.00049423        0.00061854
     6.7000000        0.00040919        0.00051137
     6.8000000       -0.00041176        0.00028841
     6.9000000       -0.00152724        0.00051122
     7.0000000       -0.00154789        0.00052357
     7.1000000       -0.00166624        0.00096572
     7.2000000       -0.00045868        0.00025656
     7.3000000       -0.00002522        0.00096394
     7.4000000        0.00011770        0.00086757
     7.5000000        0.00001234        0.00085157
     7.6000000       -0.00046399        0.00072489
     7.7000000       -0.00146429        0.00076961
     7.8000000       -0.00220143        0.00164852
     7.9000000       -0.00115629        0.00070165
     8.0000000       -0.00089041        0.00089213
     8.1000000       -0.00079372        0.00123547
     8.2000000       -0.00136270        0.00094602
     8.3000000       -0.00135857        0.00142252
     8.4000000       -0.00088362        0.00150622
     8.5000000       -0.00078649        0.00091092
     8.6000000       -0.00047828        0.00150846
     8.7000000       -0.00195630        0.00127983
     8.8000000       -0.00262427        0.00149095
     8.9000000       -0.00207872        0.00230527
     9.0000000       -0.00145839        0.00286191
     9.1000000        0.00026725        0.00219780
     9.2000000        0.00088368        0.00127614
     9.3000000        0.00265002        0.00146926
     9.4000000        0.00213857        0.00157086
     9.5000000        0.00614453        0.00092521
     9.6000000        0.00500245        0.00220507
     9.7000000        0.00996213        0.00263554
     9.8000000        0.02025865        0.00306944
     9.9000000        0.03666825        0.00338768
    10.0000000        0.07001675        0.00329300
