   1.0000000000000000                1          28
              (0.50000000000000011,0.0000000000000000)
  -2.9171931783333798        0.0000000000000000     
       (0.58217857125463246,-3.68276445879338754E-016)
  -2.6927937030769660        0.0000000000000000     
        (0.47672030039001573,1.13782286517810319E-015)
  -2.4683942278205522        0.0000000000000000     
       (0.40138502432069184,-4.61852908192323135E-016)
  -2.2439947525641384        0.0000000000000000     
        (0.34128532690860741,1.51688524810898499E-015)
  -2.0195952773077246        0.0000000000000000     
       (0.29077991289472938,-1.45265117680296135E-015)
  -1.7951958020513106        0.0000000000000000     
        (0.24717448555902485,5.54636614892149988E-016)
  -1.5707963267948968        0.0000000000000000     
       (0.20846869483391864,-5.22123201432559480E-016)
  -1.3463968515384830        0.0000000000000000     
        (0.17337204332410719,6.48213077205134220E-016)
  -1.1219973762820692        0.0000000000000000     
       (0.14108087314401721,-8.37744268670575119E-016)
 -0.89759790102565529        0.0000000000000000     
        (0.11094226174909970,2.29737320676425449E-016)
 -0.67319842576924149        0.0000000000000000     
  (8.19328707346615309E-002,-2.60665222909701001E-016)
 -0.44879895051282764        0.0000000000000000     
   (5.37406884345879993E-002,1.94170304954295324E-016)
 -0.22439947525641382        0.0000000000000000     
   (2.63556435938734034E-002,2.99423070603265385E-016)
   0.0000000000000000        0.0000000000000000     
               (7.0052337276574628,0.0000000000000000)
  0.22439947525641382        0.0000000000000000     
  (2.63556435938734034E-002,-2.99423070603265385E-016)
  0.44879895051282764        0.0000000000000000     
  (5.37406884345879993E-002,-1.94170304954295324E-016)
  0.67319842576924149        0.0000000000000000     
   (8.19328707346615309E-002,2.60665222909701001E-016)
  0.89759790102565529        0.0000000000000000     
       (0.11094226174909970,-2.29737320676425449E-016)
   1.1219973762820692        0.0000000000000000     
        (0.14108087314401721,8.37744268670575119E-016)
   1.3463968515384830        0.0000000000000000     
       (0.17337204332410719,-6.48213077205134220E-016)
   1.5707963267948968        0.0000000000000000     
        (0.20846869483391864,5.22123201432559480E-016)
   1.7951958020513106        0.0000000000000000     
       (0.24717448555902485,-5.54636614892149988E-016)
   2.0195952773077246        0.0000000000000000     
        (0.29077991289472938,1.45265117680296135E-015)
   2.2439947525641384        0.0000000000000000     
       (0.34128532690860741,-1.51688524810898499E-015)
   2.4683942278205522        0.0000000000000000     
        (0.40138502432069184,4.61852908192323135E-016)
   2.6927937030769660        0.0000000000000000     
       (0.47672030039001573,-1.13782286517810319E-015)
   2.9171931783333798        0.0000000000000000     
        (0.58217857125463246,3.68276445879338754E-016)
   3.1415926535897936        0.0000000000000000     
       (0.72393287805861106,-1.36145298132944886E-015)
   1.0000000000000000                1          28
              (0.49999999999999989,0.0000000000000000)
  -2.9171931783333798        0.0000000000000000     
       (0.57755243903336217,-6.69703990844452512E-016)
  -2.6927937030769660        0.0000000000000000     
        (0.47621835554176356,1.15391687353190382E-015)
  -2.4683942278205522        0.0000000000000000     
       (0.40235676003672488,-7.15709621899584966E-016)
  -2.2439947525641384        0.0000000000000000     
        (0.34197049943311647,1.26336382027990263E-015)
  -2.0195952773077246        0.0000000000000000     
       (0.29204017359599910,-1.19913482672977785E-015)
  -1.7951958020513106        0.0000000000000000     
        (0.24861770172682598,5.86463956942077381E-016)
  -1.5707963267948968        0.0000000000000000     
       (0.20956222425355095,-7.44279568316983911E-016)
  -1.3463968515384830        0.0000000000000000     
        (0.17424744896932712,5.53167943381127111E-016)
  -1.1219973762820692        0.0000000000000000     
       (0.14167408939639814,-6.47542239063167779E-016)
 -0.89759790102565529        0.0000000000000000     
        (0.11117915122308619,1.66349347085306497E-016)
 -0.67319842576924149        0.0000000000000000     
  (8.19609887203409659E-002,-3.24164958460213101E-016)
 -0.44879895051282764        0.0000000000000000     
   (5.40217468700695050E-002,1.97333578497871670E-017)
 -0.22439947525641382        0.0000000000000000     
   (2.67446745757789865E-002,3.31130392924261619E-016)
   0.0000000000000000        0.0000000000000000     
               (7.0050584100170941,0.0000000000000000)
  0.22439947525641382        0.0000000000000000     
  (2.67446745757789865E-002,-3.31130392924261619E-016)
  0.44879895051282764        0.0000000000000000     
  (5.40217468700695050E-002,-1.97333578497871670E-017)
  0.67319842576924149        0.0000000000000000     
   (8.19609887203409659E-002,3.24164958460213101E-016)
  0.89759790102565529        0.0000000000000000     
       (0.11117915122308619,-1.66349347085306497E-016)
   1.1219973762820692        0.0000000000000000     
        (0.14167408939639814,6.47542239063167779E-016)
   1.3463968515384830        0.0000000000000000     
       (0.17424744896932712,-5.53167943381127111E-016)
   1.5707963267948968        0.0000000000000000     
        (0.20956222425355095,7.44279568316983911E-016)
   1.7951958020513106        0.0000000000000000     
       (0.24861770172682598,-5.86463956942077381E-016)
   2.0195952773077246        0.0000000000000000     
        (0.29204017359599910,1.19913482672977785E-015)
   2.2439947525641384        0.0000000000000000     
       (0.34197049943311647,-1.26336382027990263E-015)
   2.4683942278205522        0.0000000000000000     
        (0.40235676003672488,7.15709621899584966E-016)
   2.6927937030769660        0.0000000000000000     
       (0.47621835554176356,-1.15391687353190382E-015)
   2.9171931783333798        0.0000000000000000     
        (0.57755243903336217,6.69703990844452512E-016)
   3.1415926535897936        0.0000000000000000     
       (0.71864908323021626,-1.36167650524823550E-015)
   1.0000000000000000                1          28
              (0.50000000000000000,0.0000000000000000)
  -2.9171931783333798        0.0000000000000000     
       (0.58259515486699776,-3.83699519795241183E-016)
  -2.6927937030769660        0.0000000000000000     
        (0.47758579502359416,1.61237586629955618E-015)
  -2.4683942278205522        0.0000000000000000     
       (0.40148917709686255,-8.73729582822864968E-016)
  -2.2439947525641384        0.0000000000000000     
        (0.34138650462814496,1.64245639055390098E-015)
  -2.0195952773077246        0.0000000000000000     
       (0.29100032742157605,-1.45131237667925834E-015)
  -1.7951958020513106        0.0000000000000000     
        (0.24748414412851485,9.66431355974031567E-016)
  -1.5707963267948968        0.0000000000000000     
       (0.20862520572830201,-6.80125368560090035E-016)
  -1.3463968515384830        0.0000000000000000     
        (0.17351931683228611,8.06187933149778090E-016)
  -1.1219973762820692        0.0000000000000000     
       (0.14106347028051727,-1.34461904974309573E-015)
 -0.89759790102565529        0.0000000000000000     
        (0.11067576533192039,3.88053704447716694E-016)
 -0.67319842576924149        0.0000000000000000     
  (8.21998193980389563E-002,-4.50674953344538590E-016)
 -0.44879895051282764        0.0000000000000000     
   (5.42283085091433831E-002,5.58814417457838339E-016)
 -0.22439947525641382        0.0000000000000000     
   (2.67695251108266731E-002,5.37399730816731721E-016)
   0.0000000000000000        0.0000000000000000     
               (7.0054424314533792,0.0000000000000000)
  0.22439947525641382        0.0000000000000000     
  (2.67695251108266731E-002,-5.37399730816731721E-016)
  0.44879895051282764        0.0000000000000000     
  (5.42283085091433831E-002,-5.58814417457838339E-016)
  0.67319842576924149        0.0000000000000000     
   (8.21998193980389563E-002,4.50674953344538590E-016)
  0.89759790102565529        0.0000000000000000     
       (0.11067576533192039,-3.88053704447716694E-016)
   1.1219973762820692        0.0000000000000000     
        (0.14106347028051727,1.34461904974309573E-015)
   1.3463968515384830        0.0000000000000000     
       (0.17351931683228611,-8.06187933149778090E-016)
   1.5707963267948968        0.0000000000000000     
        (0.20862520572830201,6.80125368560090035E-016)
   1.7951958020513106        0.0000000000000000     
       (0.24748414412851485,-9.66431355974031567E-016)
   2.0195952773077246        0.0000000000000000     
        (0.29100032742157605,1.45131237667925834E-015)
   2.2439947525641384        0.0000000000000000     
       (0.34138650462814496,-1.64245639055390098E-015)
   2.4683942278205522        0.0000000000000000     
        (0.40148917709686255,8.73729582822864968E-016)
   2.6927937030769660        0.0000000000000000     
       (0.47758579502359416,-1.61237586629955618E-015)
   2.9171931783333798        0.0000000000000000     
        (0.58259515486699776,3.83699519795241183E-016)
   3.1415926535897936        0.0000000000000000     
       (0.71731253983317111,-1.36025073712017968E-015)
   1.0000000000000000                1          28
              (0.49999999999999978,0.0000000000000000)
  -2.9171931783333798        0.0000000000000000     
       (0.57546867032991378,-3.68833957494208674E-016)
  -2.6927937030769660        0.0000000000000000     
        (0.47588327031174443,1.55179395506513466E-015)
  -2.4683942278205522        0.0000000000000000     
       (0.40167574278753670,-1.45273486293385703E-016)
  -2.2439947525641384        0.0000000000000000     
        (0.34265645464194533,1.48683677309647697E-015)
  -2.0195952773077246        0.0000000000000000     
       (0.29220487699668579,-1.54952015565144721E-015)
  -1.7951958020513106        0.0000000000000000     
        (0.24882223001165529,8.72574817347658256E-016)
  -1.5707963267948968        0.0000000000000000     
       (0.20940105478947904,-7.44934252824030120E-016)
  -1.3463968515384830        0.0000000000000000     
        (0.17383853484052744,7.12455661839701272E-016)
  -1.1219973762820692        0.0000000000000000     
       (0.14153333964375742,-7.75139044394671611E-016)
 -0.89759790102565529        0.0000000000000000     
        (0.11134412751171821,7.14998434398490989E-017)
 -0.67319842576924149        0.0000000000000000     
  (8.23541738446163241E-002,-2.92786515226984527E-016)
 -0.44879895051282764        0.0000000000000000     
   (5.42823887829305823E-002,2.10213539875306282E-016)
 -0.22439947525641382        0.0000000000000000     
  (2.75533027602461143E-002,-1.68548085630519238E-016)
   0.0000000000000000        0.0000000000000000     
               (7.0060888819898253,0.0000000000000000)
  0.22439947525641382        0.0000000000000000     
   (2.75533027602461143E-002,1.68548085630519238E-016)
  0.44879895051282764        0.0000000000000000     
  (5.42823887829305823E-002,-2.10213539875306282E-016)
  0.67319842576924149        0.0000000000000000     
   (8.23541738446163241E-002,2.92786515226984527E-016)
  0.89759790102565529        0.0000000000000000     
       (0.11134412751171821,-7.14998434398490989E-017)
   1.1219973762820692        0.0000000000000000     
        (0.14153333964375742,7.75139044394671611E-016)
   1.3463968515384830        0.0000000000000000     
       (0.17383853484052744,-7.12455661839701272E-016)
   1.5707963267948968        0.0000000000000000     
        (0.20940105478947904,7.44934252824030120E-016)
   1.7951958020513106        0.0000000000000000     
       (0.24882223001165529,-8.72574817347658256E-016)
   2.0195952773077246        0.0000000000000000     
        (0.29220487699668579,1.54952015565144721E-015)
   2.2439947525641384        0.0000000000000000     
       (0.34265645464194533,-1.48683677309647697E-015)
   2.4683942278205522        0.0000000000000000     
        (0.40167574278753670,1.45273486293385703E-016)
   2.6927937030769660        0.0000000000000000     
       (0.47588327031174443,-1.55179395506513466E-015)
   2.9171931783333798        0.0000000000000000     
        (0.57546867032991378,3.68833957494208674E-016)
   3.1415926535897936        0.0000000000000000     
       (0.71987478350466005,-1.36298587426232773E-015)
   1.0000000000000000                1          28
              (0.49999999999999939,0.0000000000000000)
  -2.9171931783333798        0.0000000000000000     
       (0.58192960325530019,-4.32409708317767925E-017)
  -2.6927937030769660        0.0000000000000000     
        (0.47592309023409679,1.09053296761115726E-015)
  -2.4683942278205522        0.0000000000000000     
       (0.40134194748001878,-4.93687484409411395E-016)
  -2.2439947525641384        0.0000000000000000     
        (0.34140475600979087,1.13654109364677077E-015)
  -2.0195952773077246        0.0000000000000000     
       (0.29075505275264846,-1.29435795251191768E-015)
  -1.7951958020513106        0.0000000000000000     
        (0.24645450563560531,6.81652140386955357E-016)
  -1.5707963267948968        0.0000000000000000     
       (0.20776839601695163,-9.02910314944968526E-016)
  -1.3463968515384830        0.0000000000000000     
        (0.17322818989905617,5.84917306113619891E-016)
  -1.1219973762820692        0.0000000000000000     
       (0.14111205793994311,-7.42734164978767100E-016)
 -0.89759790102565529        0.0000000000000000     
        (0.11072955006006605,7.05613635427457670E-016)
 -0.67319842576924149        0.0000000000000000     
  (8.20984121570957626E-002,-3.55899968749676055E-016)
 -0.44879895051282764        0.0000000000000000     
  (5.44778685211078709E-002,-2.02304694598849410E-016)
 -0.22439947525641382        0.0000000000000000     
  (2.68145742942201351E-002,-3.74657520397070929E-016)
   0.0000000000000000        0.0000000000000000     
               (7.0053923993949709,0.0000000000000000)
  0.22439947525641382        0.0000000000000000     
   (2.68145742942201351E-002,3.74657520397070929E-016)
  0.44879895051282764        0.0000000000000000     
   (5.44778685211078709E-002,2.02304694598849410E-016)
  0.67319842576924149        0.0000000000000000     
   (8.20984121570957626E-002,3.55899968749676055E-016)
  0.89759790102565529        0.0000000000000000     
       (0.11072955006006605,-7.05613635427457670E-016)
   1.1219973762820692        0.0000000000000000     
        (0.14111205793994311,7.42734164978767100E-016)
   1.3463968515384830        0.0000000000000000     
       (0.17322818989905617,-5.84917306113619891E-016)
   1.5707963267948968        0.0000000000000000     
        (0.20776839601695163,9.02910314944968526E-016)
   1.7951958020513106        0.0000000000000000     
       (0.24645450563560531,-6.81652140386955357E-016)
   2.0195952773077246        0.0000000000000000     
        (0.29075505275264846,1.29435795251191768E-015)
   2.2439947525641384        0.0000000000000000     
       (0.34140475600979087,-1.13654109364677077E-015)
   2.4683942278205522        0.0000000000000000     
        (0.40134194748001878,4.93687484409411395E-016)
   2.6927937030769660        0.0000000000000000     
       (0.47592309023409679,-1.09053296761115726E-015)
   2.9171931783333798        0.0000000000000000     
        (0.58192960325530019,4.32409708317767925E-017)
   3.1415926535897936        0.0000000000000000     
       (0.72653159209321083,-1.36173142003987266E-015)
   1.0000000000000000                1          28
              (0.50000000000000022,0.0000000000000000)
  -2.9171931783333798        0.0000000000000000     
       (0.57811430731814029,-4.15624580163908139E-016)
  -2.6927937030769660        0.0000000000000000     
        (0.47641100566628103,1.16887420077432203E-015)
  -2.4683942278205522        0.0000000000000000     
       (0.40346179172325669,-7.15356230295842404E-016)
  -2.2439947525641384        0.0000000000000000     
        (0.34349019813725512,1.57962815336877205E-015)
  -2.0195952773077246        0.0000000000000000     
       (0.29273533385344741,-1.95946874782137848E-015)
  -1.7951958020513106        0.0000000000000000     
        (0.24794858767341246,1.12530288318570239E-015)
  -1.5707963267948968        0.0000000000000000     
       (0.20880250314777207,-7.75568347170349129E-016)
  -1.3463968515384830        0.0000000000000000     
        (0.17327910503890345,6.47878416080027077E-016)
  -1.1219973762820692        0.0000000000000000     
       (0.14096430509917207,-4.25026511450405984E-016)
 -0.89759790102565529        0.0000000000000000     
        (0.11060904611544105,7.53992928027296653E-018)
 -0.67319842576924149        0.0000000000000000     
  (8.19541560573187750E-002,-3.55659865886446568E-016)
 -0.44879895051282764        0.0000000000000000     
   (5.43098969254646319E-002,5.43021148029498316E-016)
 -0.22439947525641382        0.0000000000000000     
  (2.69805242116681714E-002,-3.98393205400481327E-016)
   0.0000000000000000        0.0000000000000000     
               (7.0057263492533792,0.0000000000000000)
  0.22439947525641382        0.0000000000000000     
   (2.69805242116681714E-002,3.98393205400481327E-016)
  0.44879895051282764        0.0000000000000000     
  (5.43098969254646319E-002,-5.43021148029498316E-016)
  0.67319842576924149        0.0000000000000000     
   (8.19541560573187750E-002,3.55659865886446568E-016)
  0.89759790102565529        0.0000000000000000     
       (0.11060904611544105,-7.53992928027296653E-018)
   1.1219973762820692        0.0000000000000000     
        (0.14096430509917207,4.25026511450405984E-016)
   1.3463968515384830        0.0000000000000000     
       (0.17327910503890345,-6.47878416080027077E-016)
   1.5707963267948968        0.0000000000000000     
        (0.20880250314777207,7.75568347170349129E-016)
   1.7951958020513106        0.0000000000000000     
       (0.24794858767341246,-1.12530288318570239E-015)
   2.0195952773077246        0.0000000000000000     
        (0.29273533385344741,1.95946874782137848E-015)
   2.2439947525641384        0.0000000000000000     
       (0.34349019813725512,-1.57962815336877205E-015)
   2.4683942278205522        0.0000000000000000     
        (0.40346179172325669,7.15356230295842404E-016)
   2.6927937030769660        0.0000000000000000     
       (0.47641100566628103,-1.16887420077432203E-015)
   2.9171931783333798        0.0000000000000000     
        (0.57811430731814029,4.15624580163908139E-016)
   3.1415926535897936        0.0000000000000000     
       (0.71615212881156098,-1.36081274726210047E-015)
   1.0000000000000000                1          28
              (0.50000000000000011,0.0000000000000000)
  -2.9171931783333798        0.0000000000000000     
       (0.58073676458270995,-5.75296335431866901E-016)
  -2.6927937030769660        0.0000000000000000     
        (0.47552294496121533,1.50501235771760585E-015)
  -2.4683942278205522        0.0000000000000000     
       (0.40004054551545842,-4.31072249640045639E-016)
  -2.2439947525641384        0.0000000000000000     
        (0.34078777208815147,1.36078827192578468E-015)
  -2.0195952773077246        0.0000000000000000     
       (0.29005476260660179,-1.42348902487721455E-015)
  -1.7951958020513106        0.0000000000000000     
        (0.24662208791454296,6.50895166340768178E-016)
  -1.5707963267948968        0.0000000000000000     
       (0.20829199064572546,-5.23271972213599671E-016)
  -1.3463968515384830        0.0000000000000000     
        (0.17371863556580000,5.22531409472163382E-016)
  -1.1219973762820692        0.0000000000000000     
       (0.14113234877502037,-6.80394135962892341E-016)
 -0.89759790102565529        0.0000000000000000     
        (0.11091087857444615,5.15771530248982367E-016)
 -0.67319842576924149        0.0000000000000000     
  (8.19713607488319340E-002,-6.73634256739711228E-016)
 -0.44879895051282764        0.0000000000000000     
   (5.42484320739897372E-002,5.17014891226763905E-017)
 -0.22439947525641382        0.0000000000000000     
   (2.69705079200451350E-002,6.13810645163526740E-017)
   0.0000000000000000        0.0000000000000000     
               (7.0058430700559935,0.0000000000000000)
  0.22439947525641382        0.0000000000000000     
  (2.69705079200451350E-002,-6.13810645163526740E-017)
  0.44879895051282764        0.0000000000000000     
  (5.42484320739897372E-002,-5.17014891226763905E-017)
  0.67319842576924149        0.0000000000000000     
   (8.19713607488319340E-002,6.73634256739711228E-016)
  0.89759790102565529        0.0000000000000000     
       (0.11091087857444615,-5.15771530248982367E-016)
   1.1219973762820692        0.0000000000000000     
        (0.14113234877502037,6.80394135962892341E-016)
   1.3463968515384830        0.0000000000000000     
       (0.17371863556580000,-5.22531409472163382E-016)
   1.5707963267948968        0.0000000000000000     
        (0.20829199064572546,5.23271972213599671E-016)
   1.7951958020513106        0.0000000000000000     
       (0.24662208791454296,-6.50895166340768178E-016)
   2.0195952773077246        0.0000000000000000     
        (0.29005476260660179,1.42348902487721455E-015)
   2.2439947525641384        0.0000000000000000     
       (0.34078777208815147,-1.36078827192578468E-015)
   2.4683942278205522        0.0000000000000000     
        (0.40004054551545842,4.31072249640045639E-016)
   2.6927937030769660        0.0000000000000000     
       (0.47552294496121533,-1.50501235771760585E-015)
   2.9171931783333798        0.0000000000000000     
        (0.58073676458270995,5.75296335431866901E-016)
   3.1415926535897936        0.0000000000000000     
       (0.73213886599893463,-1.36375052289153004E-015)
   1.0000000000000000                1          28
              (0.49999999999999978,0.0000000000000000)
  -2.9171931783333798        0.0000000000000000     
       (0.58572572106600185,-7.25739324292267087E-016)
  -2.6927937030769660        0.0000000000000000     
        (0.47149587855216790,1.48849051519624962E-015)
  -2.4683942278205522        0.0000000000000000     
       (0.39525867296444239,-6.21137311983083472E-016)
  -2.2439947525641384        0.0000000000000000     
        (0.33465697949907763,1.23321537811650919E-015)
  -2.0195952773077246        0.0000000000000000     
       (0.29124862574480986,-1.77171162435173270E-015)
  -1.7951958020513106        0.0000000000000000     
        (0.25186757170255608,8.40917105445700292E-016)
  -1.5707963267948968        0.0000000000000000     
       (0.21077295414058342,-4.27793616287932559E-016)
  -1.3463968515384830        0.0000000000000000     
        (0.17481226990472770,7.75965915444557841E-016)
  -1.1219973762820692        0.0000000000000000     
       (0.14053545005252466,-8.06931636136852872E-016)
 -0.89759790102565529        0.0000000000000000     
        (0.10894403948047342,5.47341184108582364E-016)
 -0.67319842576924149        0.0000000000000000     
  (8.03475567424503101E-002,-1.97659010643680667E-016)
 -0.44879895051282764        0.0000000000000000     
   (5.24933982790816780E-002,2.57810263131074667E-016)
 -0.22439947525641382        0.0000000000000000     
   (2.61309319939654165E-002,4.49996874131865758E-016)
   0.0000000000000000        0.0000000000000000     
               (7.0054582295276919,0.0000000000000000)
  0.22439947525641382        0.0000000000000000     
  (2.61309319939654165E-002,-4.49996874131865758E-016)
  0.44879895051282764        0.0000000000000000     
  (5.24933982790816780E-002,-2.57810263131074667E-016)
  0.67319842576924149        0.0000000000000000     
   (8.03475567424503101E-002,1.97659010643680667E-016)
  0.89759790102565529        0.0000000000000000     
       (0.10894403948047342,-5.47341184108582364E-016)
   1.1219973762820692        0.0000000000000000     
        (0.14053545005252466,8.06931636136852872E-016)
   1.3463968515384830        0.0000000000000000     
       (0.17481226990472770,-7.75965915444557841E-016)
   1.5707963267948968        0.0000000000000000     
        (0.21077295414058342,4.27793616287932559E-016)
   1.7951958020513106        0.0000000000000000     
       (0.25186757170255608,-8.40917105445700292E-016)
   2.0195952773077246        0.0000000000000000     
        (0.29124862574480986,1.77171162435173270E-015)
   2.2439947525641384        0.0000000000000000     
       (0.33465697949907763,-1.23321537811650919E-015)
   2.4683942278205522        0.0000000000000000     
        (0.39525867296444239,6.21137311983083472E-016)
   2.6927937030769660        0.0000000000000000     
       (0.47149587855216790,-1.48849051519624962E-015)
   2.9171931783333798        0.0000000000000000     
        (0.58572572106600185,7.25739324292267087E-016)
   3.1415926535897936        0.0000000000000000     
       (0.74596167022658189,-1.36311775811879527E-015)
   1.0000000000000000                1          28
              (0.49999999999999961,0.0000000000000000)
  -2.9171931783333798        0.0000000000000000     
       (0.58109393211442284,-7.80884039516921444E-016)
  -2.6927937030769660        0.0000000000000000     
        (0.47589874101640328,1.64604050335492675E-015)
  -2.4683942278205522        0.0000000000000000     
       (0.40069267572935896,-3.35239179778542388E-016)
  -2.2439947525641384        0.0000000000000000     
        (0.34033906012045562,1.20039564361654755E-015)
  -2.0195952773077246        0.0000000000000000     
       (0.28977951170255245,-1.48510373929028682E-015)
  -1.7951958020513106        0.0000000000000000     
        (0.24716087857401473,9.35598204028295519E-016)
  -1.5707963267948968        0.0000000000000000     
       (0.20882006902900849,-5.54172484926940768E-016)
  -1.3463968515384830        0.0000000000000000     
        (0.17333486396822942,5.21674002136349444E-016)
  -1.1219973762820692        0.0000000000000000     
       (0.14129175198533056,-1.18702999196728527E-015)
 -0.89759790102565529        0.0000000000000000     
        (0.11061094334522902,5.78821404476663414E-016)
 -0.67319842576924149        0.0000000000000000     
  (8.23188531069904972E-002,-7.04926210918237338E-016)
 -0.44879895051282764        0.0000000000000000     
   (5.42589407773760163E-002,3.52852017931197816E-016)
 -0.22439947525641382        0.0000000000000000     
  (2.73313699569045984E-002,-7.39467685739785460E-016)
   0.0000000000000000        0.0000000000000000     
               (7.0063057742419028,0.0000000000000000)
  0.22439947525641382        0.0000000000000000     
   (2.73313699569045984E-002,7.39467685739785460E-016)
  0.44879895051282764        0.0000000000000000     
  (5.42589407773760163E-002,-3.52852017931197816E-016)
  0.67319842576924149        0.0000000000000000     
   (8.23188531069904972E-002,7.04926210918237338E-016)
  0.89759790102565529        0.0000000000000000     
       (0.11061094334522902,-5.78821404476663414E-016)
   1.1219973762820692        0.0000000000000000     
        (0.14129175198533056,1.18702999196728527E-015)
   1.3463968515384830        0.0000000000000000     
       (0.17333486396822942,-5.21674002136349444E-016)
   1.5707963267948968        0.0000000000000000     
        (0.20882006902900849,5.54172484926940768E-016)
   1.7951958020513106        0.0000000000000000     
       (0.24716087857401473,-9.35598204028295519E-016)
   2.0195952773077246        0.0000000000000000     
        (0.28977951170255245,1.48510373929028682E-015)
   2.2439947525641384        0.0000000000000000     
       (0.34033906012045562,-1.20039564361654755E-015)
   2.4683942278205522        0.0000000000000000     
        (0.40069267572935896,3.35239179778542388E-016)
   2.6927937030769660        0.0000000000000000     
       (0.47589874101640328,-1.64604050335492675E-015)
   2.9171931783333798        0.0000000000000000     
        (0.58109393211442284,7.80884039516921444E-016)
   3.1415926535897936        0.0000000000000000     
       (0.72783104290553446,-1.36211023262534577E-015)
   1.0000000000000000                1          28
              (0.49999999999999917,0.0000000000000000)
  -2.9171931783333798        0.0000000000000000     
       (0.57635181471503638,-2.49686848455719774E-016)
  -2.6927937030769660        0.0000000000000000     
        (0.47533237754729435,1.36091051944198264E-015)
  -2.4683942278205522        0.0000000000000000     
       (0.40202555982154348,-7.16026370512554962E-016)
  -2.2439947525641384        0.0000000000000000     
        (0.34173488491713322,1.54969428534252889E-015)
  -2.0195952773077246        0.0000000000000000     
       (0.29214080315882412,-1.92957208891069938E-015)
  -1.7951958020513106        0.0000000000000000     
        (0.24807502049310051,1.12608465074910616E-015)
  -1.5707963267948968        0.0000000000000000     
       (0.20958618486294653,-7.76387323849316670E-016)
  -1.3463968515384830        0.0000000000000000     
        (0.17439849524580328,6.48734601874558289E-016)
  -1.1219973762820692        0.0000000000000000     
       (0.14161226508011837,-4.57640564206933948E-016)
 -0.89759790102565529        0.0000000000000000     
        (0.11086455398730299,1.66534102294140108E-016)
 -0.67319842576924149        0.0000000000000000     
  (8.21533849387477560E-002,-5.14691248015877324E-016)
 -0.44879895051282764        0.0000000000000000     
   (5.44987089358729276E-002,2.57730669302451792E-016)
 -0.22439947525641382        0.0000000000000000     
   (2.70160604301798064E-002,8.52491058121971421E-017)
   0.0000000000000000        0.0000000000000000     
               (7.0057862571668030,0.0000000000000000)
  0.22439947525641382        0.0000000000000000     
  (2.70160604301798064E-002,-8.52491058121971421E-017)
  0.44879895051282764        0.0000000000000000     
  (5.44987089358729276E-002,-2.57730669302451792E-016)
  0.67319842576924149        0.0000000000000000     
   (8.21533849387477560E-002,5.14691248015877324E-016)
  0.89759790102565529        0.0000000000000000     
       (0.11086455398730299,-1.66534102294140108E-016)
   1.1219973762820692        0.0000000000000000     
        (0.14161226508011837,4.57640564206933948E-016)
   1.3463968515384830        0.0000000000000000     
       (0.17439849524580328,-6.48734601874558289E-016)
   1.5707963267948968        0.0000000000000000     
        (0.20958618486294653,7.76387323849316670E-016)
   1.7951958020513106        0.0000000000000000     
       (0.24807502049310051,-1.12608465074910616E-015)
   2.0195952773077246        0.0000000000000000     
        (0.29214080315882412,1.92957208891069938E-015)
   2.2439947525641384        0.0000000000000000     
       (0.34173488491713322,-1.54969428534252889E-015)
   2.4683942278205522        0.0000000000000000     
        (0.40202555982154348,7.16026370512554962E-016)
   2.6927937030769660        0.0000000000000000     
       (0.47533237754729435,-1.36091051944198264E-015)
   2.9171931783333798        0.0000000000000000     
        (0.57635181471503638,2.49686848455719774E-016)
   3.1415926535897936        0.0000000000000000     
       (0.72263351456536762,-1.36245070062003516E-015)
   1.0000000000000000                1          28
              (0.50000000000000033,0.0000000000000000)
  -2.9171931783333798        0.0000000000000000     
       (0.58575396270868652,-2.73476686465276457E-016)
  -2.6927937030769660        0.0000000000000000     
        (0.47806344868531586,1.34504830667694685E-015)
  -2.4683942278205522        0.0000000000000000     
       (0.39999065964938768,-4.62260370495639210E-016)
  -2.2439947525641384        0.0000000000000000     
        (0.33974781611840232,1.48625100393766001E-015)
  -2.0195952773077246        0.0000000000000000     
       (0.28977335177504482,-1.58064284595284129E-015)
  -1.7951958020513106        0.0000000000000000     
        (0.24683010280157699,6.81994580848317281E-016)
  -1.5707963267948968        0.0000000000000000     
       (0.20817683295963094,-8.71548396402797649E-016)
  -1.3463968515384830        0.0000000000000000     
        (0.17263549363477113,9.34219580571545996E-016)
  -1.1219973762820692        0.0000000000000000     
       (0.14029042925709015,-8.06566817661696064E-016)
 -0.89759790102565529        0.0000000000000000     
        (0.10970862077475892,3.56857619347375155E-016)
 -0.67319842576924149        0.0000000000000000     
  (8.09654664806453289E-002,-3.56087487823257344E-016)
 -0.44879895051282764        0.0000000000000000     
   (5.32429989509495272E-002,2.73590783212986717E-016)
 -0.22439947525641382        0.0000000000000000     
  (2.59377099996489190E-002,-4.93652792378865118E-016)
   0.0000000000000000        0.0000000000000000     
               (7.0047185678349182,0.0000000000000000)
  0.22439947525641382        0.0000000000000000     
   (2.59377099996489190E-002,4.93652792378865118E-016)
  0.44879895051282764        0.0000000000000000     
  (5.32429989509495272E-002,-2.73590783212986717E-016)
  0.67319842576924149        0.0000000000000000     
   (8.09654664806453289E-002,3.56087487823257344E-016)
  0.89759790102565529        0.0000000000000000     
       (0.10970862077475892,-3.56857619347375155E-016)
   1.1219973762820692        0.0000000000000000     
        (0.14029042925709015,8.06566817661696064E-016)
   1.3463968515384830        0.0000000000000000     
       (0.17263549363477113,-9.34219580571545996E-016)
   1.5707963267948968        0.0000000000000000     
        (0.20817683295963094,8.71548396402797649E-016)
   1.7951958020513106        0.0000000000000000     
       (0.24683010280157699,-6.81994580848317281E-016)
   2.0195952773077246        0.0000000000000000     
        (0.28977335177504482,1.58064284595284129E-015)
   2.2439947525641384        0.0000000000000000     
       (0.33974781611840232,-1.48625100393766001E-015)
   2.4683942278205522        0.0000000000000000     
        (0.39999065964938768,4.62260370495639210E-016)
   2.6927937030769660        0.0000000000000000     
       (0.47806344868531586,-1.34504830667694685E-015)
   2.9171931783333798        0.0000000000000000     
        (0.58575396270868652,2.73476686465276457E-016)
   3.1415926535897936        0.0000000000000000     
       (0.73304764457327454,-1.36244889864839815E-015)
   1.0000000000000000                1          28
              (0.50000000000000000,0.0000000000000000)
  -2.9171931783333798        0.0000000000000000     
       (0.57728364857562053,-5.74809101959927809E-016)
  -2.6927937030769660        0.0000000000000000     
        (0.47601366504317350,1.32914821251306851E-015)
  -2.4683942278205522        0.0000000000000000     
       (0.40187100060201786,-6.20848097517379462E-016)
  -2.2439947525641384        0.0000000000000000     
        (0.34180531303561901,1.77169543115093328E-015)
  -2.0195952773077246        0.0000000000000000     
       (0.29163812471713968,-1.61232114631266901E-015)
  -1.7951958020513106        0.0000000000000000     
        (0.24751528276585330,7.13697084238381788E-016)
  -1.5707963267948968        0.0000000000000000     
       (0.20910007832472835,-6.17764115092983678E-016)
  -1.3463968515384830        0.0000000000000000     
        (0.17411803138865870,5.85272461640451629E-016)
  -1.1219973762820692        0.0000000000000000     
       (0.14147496703567680,-5.84501466034352707E-016)
 -0.89759790102565529        0.0000000000000000     
        (0.11136369888763085,2.61686568579891755E-016)
 -0.67319842576924149        0.0000000000000000     
  (8.24402133554455324E-002,-5.46401493591690202E-016)
 -0.44879895051282764        0.0000000000000000     
  (5.49410065709668854E-002,-5.94806627886523884E-017)
 -0.22439947525641382        0.0000000000000000     
  (2.71297705732976673E-002,-6.54216421449729387E-017)
   0.0000000000000000        0.0000000000000000     
               (7.0052147844472819,0.0000000000000000)
  0.22439947525641382        0.0000000000000000     
   (2.71297705732976673E-002,6.54216421449729387E-017)
  0.44879895051282764        0.0000000000000000     
   (5.49410065709668854E-002,5.94806627886523884E-017)
  0.67319842576924149        0.0000000000000000     
   (8.24402133554455324E-002,5.46401493591690202E-016)
  0.89759790102565529        0.0000000000000000     
       (0.11136369888763085,-2.61686568579891755E-016)
   1.1219973762820692        0.0000000000000000     
        (0.14147496703567680,5.84501466034352707E-016)
   1.3463968515384830        0.0000000000000000     
       (0.17411803138865870,-5.85272461640451629E-016)
   1.5707963267948968        0.0000000000000000     
        (0.20910007832472835,6.17764115092983678E-016)
   1.7951958020513106        0.0000000000000000     
       (0.24751528276585330,-7.13697084238381788E-016)
   2.0195952773077246        0.0000000000000000     
        (0.29163812471713968,1.61232114631266901E-015)
   2.2439947525641384        0.0000000000000000     
       (0.34180531303561901,-1.77169543115093328E-015)
   2.4683942278205522        0.0000000000000000     
        (0.40187100060201786,6.20848097517379462E-016)
   2.6927937030769660        0.0000000000000000     
       (0.47601366504317350,-1.32914821251306851E-015)
   2.9171931783333798        0.0000000000000000     
        (0.57728364857562053,5.74809101959927809E-016)
   3.1415926535897936        0.0000000000000000     
       (0.72139561380106210,-1.36241086157170066E-015)
   1.0000000000000000                1          28
              (0.49999999999999967,0.0000000000000000)
  -2.9171931783333798        0.0000000000000000     
       (0.57970695409038098,-5.19074033488376090E-016)
  -2.6927937030769660        0.0000000000000000     
        (0.47481310056726389,1.07473931138368127E-015)
  -2.4683942278205522        0.0000000000000000     
       (0.40042499073147020,-3.98551603369577838E-016)
  -2.2439947525641384        0.0000000000000000     
        (0.34139493210910060,1.48553790019263674E-015)
  -2.0195952773077246        0.0000000000000000     
       (0.29164707732641137,-1.26270831367026793E-015)
  -1.7951958020513106        0.0000000000000000     
        (0.24806996050112731,7.76844552734762921E-016)
  -1.5707963267948968        0.0000000000000000     
       (0.20926015834446823,-5.22294308365961376E-016)
  -1.3463968515384830        0.0000000000000000     
        (0.17439823286450859,4.58068011075758010E-016)
  -1.1219973762820692        0.0000000000000000     
       (0.14194678976121161,-9.33092897174916548E-016)
 -0.89759790102565529        0.0000000000000000     
        (0.11115604466173536,3.56701618520948381E-016)
 -0.67319842576924149        0.0000000000000000     
  (8.19843826288381289E-002,-4.51078610462910264E-016)
 -0.44879895051282764        0.0000000000000000     
   (5.42699977946068390E-002,3.52814427415855954E-016)
 -0.22439947525641382        0.0000000000000000     
   (2.67668802979047007E-002,1.48729529218010728E-016)
   0.0000000000000000        0.0000000000000000     
               (7.0051924919600168,0.0000000000000000)
  0.22439947525641382        0.0000000000000000     
  (2.67668802979047007E-002,-1.48729529218010728E-016)
  0.44879895051282764        0.0000000000000000     
  (5.42699977946068390E-002,-3.52814427415855954E-016)
  0.67319842576924149        0.0000000000000000     
   (8.19843826288381289E-002,4.51078610462910264E-016)
  0.89759790102565529        0.0000000000000000     
       (0.11115604466173536,-3.56701618520948381E-016)
   1.1219973762820692        0.0000000000000000     
        (0.14194678976121161,9.33092897174916548E-016)
   1.3463968515384830        0.0000000000000000     
       (0.17439823286450859,-4.58068011075758010E-016)
   1.5707963267948968        0.0000000000000000     
        (0.20926015834446823,5.22294308365961376E-016)
   1.7951958020513106        0.0000000000000000     
       (0.24806996050112731,-7.76844552734762921E-016)
   2.0195952773077246        0.0000000000000000     
        (0.29164707732641137,1.26270831367026793E-015)
   2.2439947525641384        0.0000000000000000     
       (0.34139493210910060,-1.48553790019263674E-015)
   2.4683942278205522        0.0000000000000000     
        (0.40042499073147020,3.98551603369577838E-016)
   2.6927937030769660        0.0000000000000000     
       (0.47481310056726389,-1.07473931138368127E-015)
   2.9171931783333798        0.0000000000000000     
        (0.57970695409038098,5.19074033488376090E-016)
   3.1415926535897936        0.0000000000000000     
       (0.72312850468192102,-1.36179519519625226E-015)
   1.0000000000000000                1          28
              (0.49999999999999961,0.0000000000000000)
  -2.9171931783333798        0.0000000000000000     
       (0.57951175124647136,-6.54073331333248973E-016)
  -2.6927937030769660        0.0000000000000000     
        (0.47582862000679810,1.50350428251637113E-015)
  -2.4683942278205522        0.0000000000000000     
       (0.40074637634961885,-6.84247324015118908E-016)
  -2.2439947525641384        0.0000000000000000     
        (0.34143534978098444,1.42265597273572551E-015)
  -2.0195952773077246        0.0000000000000000     
       (0.29172321832795312,-1.45360329799987689E-015)
  -1.7951958020513106        0.0000000000000000     
        (0.24791838491097717,8.72251273346872544E-016)
  -1.5707963267948968        0.0000000000000000     
       (0.20920077966483558,-6.81153993685992719E-016)
  -1.3463968515384830        0.0000000000000000     
        (0.17383977566470202,6.80380661103711172E-016)
  -1.1219973762820692        0.0000000000000000     
       (0.14113893195630836,-7.11327986367862753E-016)
 -0.89759790102565529        0.0000000000000000     
        (0.11079611831238277,1.03058729285889335E-016)
 -0.67319842576924149        0.0000000000000000     
  (8.19257900809125666E-002,-3.24330001628639071E-016)
 -0.44879895051282764        0.0000000000000000     
   (5.39212998573929264E-002,4.48037587723357702E-016)
 -0.22439947525641382        0.0000000000000000     
  (2.68245355687255181E-002,-4.77784056633143238E-016)
   0.0000000000000000        0.0000000000000000     
               (7.0050067788897721,0.0000000000000000)
  0.22439947525641382        0.0000000000000000     
   (2.68245355687255181E-002,4.77784056633143238E-016)
  0.44879895051282764        0.0000000000000000     
  (5.39212998573929264E-002,-4.48037587723357702E-016)
  0.67319842576924149        0.0000000000000000     
   (8.19257900809125666E-002,3.24330001628639071E-016)
  0.89759790102565529        0.0000000000000000     
       (0.11079611831238277,-1.03058729285889335E-016)
   1.1219973762820692        0.0000000000000000     
        (0.14113893195630836,7.11327986367862753E-016)
   1.3463968515384830        0.0000000000000000     
       (0.17383977566470202,-6.80380661103711172E-016)
   1.5707963267948968        0.0000000000000000     
        (0.20920077966483558,6.81153993685992719E-016)
   1.7951958020513106        0.0000000000000000     
       (0.24791838491097717,-8.72251273346872544E-016)
   2.0195952773077246        0.0000000000000000     
        (0.29172321832795312,1.45360329799987689E-015)
   2.2439947525641384        0.0000000000000000     
       (0.34143534978098444,-1.42265597273572551E-015)
   2.4683942278205522        0.0000000000000000     
        (0.40074637634961885,6.84247324015118908E-016)
   2.6927937030769660        0.0000000000000000     
       (0.47582862000679810,-1.50350428251637113E-015)
   2.9171931783333798        0.0000000000000000     
        (0.57951175124647136,6.54073331333248973E-016)
   3.1415926535897936        0.0000000000000000     
       (0.72537135765409089,-1.36230798737198642E-015)
   1.0000000000000000                1          28
              (0.50000000000000011,0.0000000000000000)
  -2.9171931783333798        0.0000000000000000     
       (0.58067807882865219,-6.85459456994269555E-016)
  -2.6927937030769660        0.0000000000000000     
        (0.47600759688308653,1.61356498976536676E-015)
  -2.4683942278205522        0.0000000000000000     
       (0.40218279660507655,-5.56988370323589266E-016)
  -2.2439947525641384        0.0000000000000000     
        (0.34267747169860258,1.58025587663398566E-015)
  -2.0195952773077246        0.0000000000000000     
       (0.29131026179763381,-1.19881375483431531E-015)
  -1.7951958020513106        0.0000000000000000     
        (0.24715035114486147,3.32561082471135901E-016)
  -1.5707963267948968        0.0000000000000000     
       (0.20831443079323145,-5.22090801907260095E-016)
  -1.3463968515384830        0.0000000000000000     
        (0.17329493822013209,8.70223810575549438E-016)
  -1.1219973762820692        0.0000000000000000     
       (0.14111410196639754,-9.64591556472374640E-016)
 -0.89759790102565529        0.0000000000000000     
        (0.11062629835189479,5.15207777546331428E-016)
 -0.67319842576924149        0.0000000000000000     
  (8.15606660716144127E-002,-2.92368944978826035E-016)
 -0.44879895051282764        0.0000000000000000     
   (5.39587144833047899E-002,2.25883230926732684E-016)
 -0.22439947525641382        0.0000000000000000     
   (2.71053949347841439E-002,1.96334798539355848E-016)
   0.0000000000000000        0.0000000000000000     
               (7.0058116641106336,0.0000000000000000)
  0.22439947525641382        0.0000000000000000     
  (2.71053949347841439E-002,-1.96334798539355848E-016)
  0.44879895051282764        0.0000000000000000     
  (5.39587144833047899E-002,-2.25883230926732684E-016)
  0.67319842576924149        0.0000000000000000     
   (8.15606660716144127E-002,2.92368944978826035E-016)
  0.89759790102565529        0.0000000000000000     
       (0.11062629835189479,-5.15207777546331428E-016)
   1.1219973762820692        0.0000000000000000     
        (0.14111410196639754,9.64591556472374640E-016)
   1.3463968515384830        0.0000000000000000     
       (0.17329493822013209,-8.70223810575549438E-016)
   1.5707963267948968        0.0000000000000000     
        (0.20831443079323145,5.22090801907260095E-016)
   1.7951958020513106        0.0000000000000000     
       (0.24715035114486147,-3.32561082471135901E-016)
   2.0195952773077246        0.0000000000000000     
        (0.29131026179763381,1.19881375483431531E-015)
   2.2439947525641384        0.0000000000000000     
       (0.34267747169860258,-1.58025587663398566E-015)
   2.4683942278205522        0.0000000000000000     
        (0.40218279660507655,5.56988370323589266E-016)
   2.6927937030769660        0.0000000000000000     
       (0.47600759688308653,-1.61356498976536676E-015)
   2.9171931783333798        0.0000000000000000     
        (0.58067807882865219,6.85459456994269555E-016)
   3.1415926535897936        0.0000000000000000     
       (0.72222613233082467,-1.36138818227885128E-015)
   1.0000000000000000                1          28
              (0.49999999999999967,0.0000000000000000)
  -2.9171931783333798        0.0000000000000000     
       (0.58066026511874136,-2.73445042057285088E-016)
  -2.6927937030769660        0.0000000000000000     
        (0.47636958646302702,1.10705241263836115E-015)
  -2.4683942278205522        0.0000000000000000     
       (0.40123023381056944,-1.13297536723405055E-016)
  -2.2439947525641384        0.0000000000000000     
        (0.34191696743212940,1.35927345930811087E-015)
  -2.0195952773077246        0.0000000000000000     
       (0.29101636928725610,-1.64398727187515079E-015)
  -1.7951958020513106        0.0000000000000000     
        (0.24677046101129441,7.45394369499493760E-016)
  -1.5707963267948968        0.0000000000000000     
       (0.20786096157671713,-1.03010818206653377E-015)
  -1.3463968515384830        0.0000000000000000     
        (0.17346625205951224,9.65894758322810061E-016)
  -1.1219973762820692        0.0000000000000000     
       (0.14145343649207634,-9.96843308118385933E-016)
 -0.89759790102565529        0.0000000000000000     
        (0.11091985287999437,8.64367381369459140E-016)
 -0.67319842576924149        0.0000000000000000     
  (8.22078280941172662E-002,-4.82947379161405030E-016)
 -0.44879895051282764        0.0000000000000000     
   (5.42039149176494553E-002,9.91167832971825707E-017)
 -0.22439947525641382        0.0000000000000000     
  (2.65722954101076866E-002,-8.92092139566325912E-017)
   0.0000000000000000        0.0000000000000000     
               (7.0051839755296568,0.0000000000000000)
  0.22439947525641382        0.0000000000000000     
   (2.65722954101076866E-002,8.92092139566325912E-017)
  0.44879895051282764        0.0000000000000000     
  (5.42039149176494553E-002,-9.91167832971825707E-017)
  0.67319842576924149        0.0000000000000000     
   (8.22078280941172662E-002,4.82947379161405030E-016)
  0.89759790102565529        0.0000000000000000     
       (0.11091985287999437,-8.64367381369459140E-016)
   1.1219973762820692        0.0000000000000000     
        (0.14145343649207634,9.96843308118385933E-016)
   1.3463968515384830        0.0000000000000000     
       (0.17346625205951224,-9.65894758322810061E-016)
   1.5707963267948968        0.0000000000000000     
        (0.20786096157671713,1.03010818206653377E-015)
   1.7951958020513106        0.0000000000000000     
       (0.24677046101129441,-7.45394369499493760E-016)
   2.0195952773077246        0.0000000000000000     
        (0.29101636928725610,1.64398727187515079E-015)
   2.2439947525641384        0.0000000000000000     
       (0.34191696743212940,-1.35927345930811087E-015)
   2.4683942278205522        0.0000000000000000     
        (0.40123023381056944,1.13297536723405055E-016)
   2.6927937030769660        0.0000000000000000     
       (0.47636958646302702,-1.10705241263836115E-015)
   2.9171931783333798        0.0000000000000000     
        (0.58066026511874136,2.73445042057285088E-016)
   3.1415926535897936        0.0000000000000000     
       (0.72551917536395016,-1.36236189151153891E-015)
   1.0000000000000000                1          28
              (0.50000000000000011,0.0000000000000000)
  -2.9171931783333798        0.0000000000000000     
       (0.57936231873965893,-8.04900161617436909E-016)
  -2.6927937030769660        0.0000000000000000     
        (0.47585453027471025,1.56738741664299106E-015)
  -2.4683942278205522        0.0000000000000000     
       (0.40102170817671184,-6.20978914893954004E-016)
  -2.2439947525641384        0.0000000000000000     
        (0.34047506626744489,1.77204422853831305E-015)
  -2.0195952773077246        0.0000000000000000     
       (0.29075145436470107,-1.61267720725290147E-015)
  -1.7951958020513106        0.0000000000000000     
        (0.24756338718739904,6.50408376580647941E-016)
  -1.5707963267948968        0.0000000000000000     
       (0.20871289967840292,-8.71689249452432720E-016)
  -1.3463968515384830        0.0000000000000000     
        (0.17393043086374013,1.02952880663135174E-015)
  -1.1219973762820692        0.0000000000000000     
       (0.14145903807723995,-6.48117180420908749E-016)
 -0.89759790102565529        0.0000000000000000     
        (0.11116143149965911,3.88645503983190030E-016)
 -0.67319842576924149        0.0000000000000000     
  (8.21211581342917718E-002,-3.87881771929943600E-016)
 -0.44879895051282764        0.0000000000000000     
  (5.40728049820509774E-002,-5.94425107798693352E-017)
 -0.22439947525641382        0.0000000000000000     
   (2.70940461422573935E-002,2.17910909283264070E-017)
   0.0000000000000000        0.0000000000000000     
               (7.0059774884691404,0.0000000000000000)
  0.22439947525641382        0.0000000000000000     
  (2.70940461422573935E-002,-2.17910909283264070E-017)
  0.44879895051282764        0.0000000000000000     
   (5.40728049820509774E-002,5.94425107798693352E-017)
  0.67319842576924149        0.0000000000000000     
   (8.21211581342917718E-002,3.87881771929943600E-016)
  0.89759790102565529        0.0000000000000000     
       (0.11116143149965911,-3.88645503983190030E-016)
   1.1219973762820692        0.0000000000000000     
        (0.14145903807723995,6.48117180420908749E-016)
   1.3463968515384830        0.0000000000000000     
       (0.17393043086374013,-1.02952880663135174E-015)
   1.5707963267948968        0.0000000000000000     
        (0.20871289967840292,8.71689249452432720E-016)
   1.7951958020513106        0.0000000000000000     
       (0.24756338718739904,-6.50408376580647941E-016)
   2.0195952773077246        0.0000000000000000     
        (0.29075145436470107,1.61267720725290147E-015)
   2.2439947525641384        0.0000000000000000     
       (0.34047506626744489,-1.77204422853831305E-015)
   2.4683942278205522        0.0000000000000000     
        (0.40102170817671184,6.20978914893954004E-016)
   2.6927937030769660        0.0000000000000000     
       (0.47585453027471025,-1.56738741664299106E-015)
   2.9171931783333798        0.0000000000000000     
        (0.57936231873965893,8.04900161617436909E-016)
   3.1415926535897936        0.0000000000000000     
       (0.72686196275432968,-1.36273060474766967E-015)
   1.0000000000000000                1          28
              (0.49999999999999989,0.0000000000000000)
  -2.9171931783333798        0.0000000000000000     
       (0.58122877107702364,-4.55638997112277555E-016)
  -2.6927937030769660        0.0000000000000000     
        (0.47606901854676653,1.36024328156814109E-015)
  -2.4683942278205522        0.0000000000000000     
       (0.40122250675586513,-5.88882614183947590E-016)
  -2.2439947525641384        0.0000000000000000     
        (0.34159467271077348,1.35867410279247067E-015)
  -2.0195952773077246        0.0000000000000000     
       (0.29134189608314909,-1.38961017125106859E-015)
  -1.7951958020513106        0.0000000000000000     
        (0.24727666306108115,6.81690819559741057E-016)
  -1.5707963267948968        0.0000000000000000     
       (0.20827345729482763,-5.22302940939740602E-016)
  -1.3463968515384830        0.0000000000000000     
        (0.17296527469266404,8.07004272169802762E-016)
  -1.1219973762820692        0.0000000000000000     
       (0.14117527012989800,-8.69660998474833614E-016)
 -0.89759790102565529        0.0000000000000000     
        (0.11065854315179613,2.29823107317354875E-016)
 -0.67319842576924149        0.0000000000000000     
  (8.16476062574852252E-002,-4.19362465008117896E-016)
 -0.44879895051282764        0.0000000000000000     
   (5.36562097964939158E-002,1.30771882581893977E-016)
 -0.22439947525641382        0.0000000000000000     
  (2.68253071470527168E-002,-1.05036763598988288E-016)
   0.0000000000000000        0.0000000000000000     
               (7.0050958865184656,0.0000000000000000)
  0.22439947525641382        0.0000000000000000     
   (2.68253071470527168E-002,1.05036763598988288E-016)
  0.44879895051282764        0.0000000000000000     
  (5.36562097964939158E-002,-1.30771882581893977E-016)
  0.67319842576924149        0.0000000000000000     
   (8.16476062574852252E-002,4.19362465008117896E-016)
  0.89759790102565529        0.0000000000000000     
       (0.11065854315179613,-2.29823107317354875E-016)
   1.1219973762820692        0.0000000000000000     
        (0.14117527012989800,8.69660998474833614E-016)
   1.3463968515384830        0.0000000000000000     
       (0.17296527469266404,-8.07004272169802762E-016)
   1.5707963267948968        0.0000000000000000     
        (0.20827345729482763,5.22302940939740602E-016)
   1.7951958020513106        0.0000000000000000     
       (0.24727666306108115,-6.81690819559741057E-016)
   2.0195952773077246        0.0000000000000000     
        (0.29134189608314909,1.38961017125106859E-015)
   2.2439947525641384        0.0000000000000000     
       (0.34159467271077348,-1.35867410279247067E-015)
   2.4683942278205522        0.0000000000000000     
        (0.40122250675586513,5.88882614183947590E-016)
   2.6927937030769660        0.0000000000000000     
       (0.47606901854676653,-1.36024328156814109E-015)
   2.9171931783333798        0.0000000000000000     
        (0.58122877107702364,4.55638997112277555E-016)
   3.1415926535897936        0.0000000000000000     
       (0.72703372007178035,-1.36181246034381131E-015)
   1.0000000000000000                1          28
              (0.50000000000000033,0.0000000000000000)
  -2.9171931783333798        0.0000000000000000     
       (0.58369767267006301,-4.23599216593879076E-016)
  -2.6927937030769660        0.0000000000000000     
        (0.47383907391072916,1.51792926942462747E-015)
  -2.4683942278205522        0.0000000000000000     
       (0.40024022414993510,-6.83685599903888713E-016)
  -2.2439947525641384        0.0000000000000000     
        (0.34136420237968540,1.51632022550156458E-015)
  -2.0195952773077246        0.0000000000000000     
       (0.29139562738389990,-1.16658846722926961E-015)
  -1.7951958020513106        0.0000000000000000     
        (0.24808541705760551,6.49551376172861160E-016)
  -1.5707963267948968        0.0000000000000000     
       (0.20874680566834994,-8.70791459136361026E-016)
  -1.3463968515384830        0.0000000000000000     
        (0.17336704596103858,1.02859022640699473E-015)
  -1.1219973762820692        0.0000000000000000     
       (0.14095032802307400,-6.47137810288266637E-016)
 -0.89759790102565529        0.0000000000000000     
        (0.11082732087975801,2.93055030239997550E-016)
 -0.67319842576924149        0.0000000000000000     
  (8.16929899828961331E-002,-7.04619060282095546E-016)
 -0.44879895051282764        0.0000000000000000     
   (5.38668779213472421E-002,2.57549817582514454E-016)
 -0.22439947525641382        0.0000000000000000     
   (2.61304995789429610E-002,2.12222163057897993E-016)
   0.0000000000000000        0.0000000000000000     
               (7.0037219108705626,0.0000000000000000)
  0.22439947525641382        0.0000000000000000     
  (2.61304995789429610E-002,-2.12222163057897993E-016)
  0.44879895051282764        0.0000000000000000     
  (5.38668779213472421E-002,-2.57549817582514454E-016)
  0.67319842576924149        0.0000000000000000     
   (8.16929899828961331E-002,7.04619060282095546E-016)
  0.89759790102565529        0.0000000000000000     
       (0.11082732087975801,-2.93055030239997550E-016)
   1.1219973762820692        0.0000000000000000     
        (0.14095032802307400,6.47137810288266637E-016)
   1.3463968515384830        0.0000000000000000     
       (0.17336704596103858,-1.02859022640699473E-015)
   1.5707963267948968        0.0000000000000000     
        (0.20874680566834994,8.70791459136361026E-016)
   1.7951958020513106        0.0000000000000000     
       (0.24808541705760551,-6.49551376172861160E-016)
   2.0195952773077246        0.0000000000000000     
        (0.29139562738389990,1.16658846722926961E-015)
   2.2439947525641384        0.0000000000000000     
       (0.34136420237968540,-1.51632022550156458E-015)
   2.4683942278205522        0.0000000000000000     
        (0.40024022414993510,6.83685599903888713E-016)
   2.6927937030769660        0.0000000000000000     
       (0.47383907391072916,-1.51792926942462747E-015)
   2.9171931783333798        0.0000000000000000     
        (0.58369767267006301,4.23599216593879076E-016)
   3.1415926535897936        0.0000000000000000     
       (0.72786991799479794,-1.36093502411552550E-015)
