  -13.000000      0.000000
  1    1        0.00358974        0.00002658        0.00000000        0.00000000
  -12.000000      0.000000
  1    1       -0.00004050        0.00002911       -0.00000000        0.00000000
  -11.000000      0.000000
  1    1       -0.01116725        0.00003898        0.00000000        0.00000000
  -10.000000      0.000000
  1    1        0.00004498        0.00003899        0.00000000        0.00000000
   -9.000000      0.000000
  1    1        0.02015863        0.00006231       -0.00000000        0.00000000
   -8.000000      0.000000
  1    1       -0.00007864        0.00005638        0.00000000        0.00000000
   -7.000000      0.000000
  1    1       -0.03232103        0.00006722        0.00000000        0.00000000
   -6.000000      0.000000
  1    1        0.00004225        0.00004972       -0.00000000        0.00000000
   -5.000000      0.000000
  1    1        0.05207077        0.00008221       -0.00000000        0.00000000
   -4.000000      0.000000
  1    1       -0.00005577        0.00005643       -0.00000000        0.00000000
   -3.000000      0.000000
  1    1       -0.09533980        0.00012198       -0.00000000        0.00000000
   -2.000000      0.000000
  1    1       -0.00003484        0.00006024        0.00000000        0.00000000
   -1.000000      0.000000
  1    1        0.31127395        0.00008828        0.00000000        0.00000000
    0.000000      0.000000
  1    1        0.50000000        0.00000000       -0.00000000        0.00000000
    1.000000      0.000000
  1    1        0.31127395        0.00008828        0.00000000        0.00000000
    2.000000      0.000000
  1    1        0.00003484        0.00006024        0.00000000        0.00000000
    3.000000      0.000000
  1    1       -0.09533980        0.00012198       -0.00000000        0.00000000
    4.000000      0.000000
  1    1        0.00005577        0.00005643       -0.00000000        0.00000000
    5.000000      0.000000
  1    1        0.05207077        0.00008221       -0.00000000        0.00000000
    6.000000      0.000000
  1    1       -0.00004225        0.00004972        0.00000000        0.00000000
    7.000000      0.000000
  1    1       -0.03232103        0.00006722       -0.00000000        0.00000000
    8.000000      0.000000
  1    1        0.00007864        0.00005638       -0.00000000        0.00000000
    9.000000      0.000000
  1    1        0.02015863        0.00006231        0.00000000        0.00000000
   10.000000      0.000000
  1    1       -0.00004498        0.00003899        0.00000000        0.00000000
   11.000000      0.000000
  1    1       -0.01116725        0.00003898       -0.00000000        0.00000000
   12.000000      0.000000
  1    1        0.00004050        0.00002911        0.00000000        0.00000000
   13.000000      0.000000
  1    1        0.00358974        0.00002658       -0.00000000        0.00000000
   14.000000      0.000000
  1    1        0.00000000        0.00000000        0.00000000        0.00000000
