           2              (-17.442362218130288,0.0000000000000000)   1.0000000000000000     
           2              (-17.405981090640672,0.0000000000000000)   1.0000000000000000     
           2              (-17.454371493712042,0.0000000000000000)   1.0000000000000000     
           2              (-17.440050574865698,0.0000000000000000)   1.0000000000000000     
           2              (-17.456306080844911,0.0000000000000000)   1.0000000000000000     
           2              (-17.426113728520427,0.0000000000000000)   1.0000000000000000     
           2              (-17.400537372063475,0.0000000000000000)   1.0000000000000000     
           2              (-17.431980951389125,0.0000000000000000)   1.0000000000000000     
           2              (-17.465837349067456,0.0000000000000000)   1.0000000000000000     
           2              (-17.411926592813227,0.0000000000000000)   1.0000000000000000     
           2              (-17.419920615495901,0.0000000000000000)   1.0000000000000000     
           2              (-17.457234361039873,0.0000000000000000)   1.0000000000000000     
           2              (-17.432218645035430,0.0000000000000000)   1.0000000000000000     
           2              (-17.408669362162914,0.0000000000000000)   1.0000000000000000     
           2              (-17.424785761591693,0.0000000000000000)   1.0000000000000000     
           2              (-17.421581491291285,0.0000000000000000)   1.0000000000000000     
           2              (-17.422985544231075,0.0000000000000000)   1.0000000000000000     
           2              (-17.407347256769647,0.0000000000000000)   1.0000000000000000     
           2              (-17.450934667684180,0.0000000000000000)   1.0000000000000000     
