           2               (13.999999999999996,0.0000000000000000)   1.0000000000000000     
           2               (14.000000000000000,0.0000000000000000)   1.0000000000000000     
           2               (14.000000000000000,0.0000000000000000)   1.0000000000000000     
           2               (14.000000000000000,0.0000000000000000)   1.0000000000000000     
           2               (14.000000000000000,0.0000000000000000)   1.0000000000000000     
           2               (14.000000000000000,0.0000000000000000)   1.0000000000000000     
           2               (13.999999999999996,0.0000000000000000)   1.0000000000000000     
           2               (14.000000000000000,0.0000000000000000)   1.0000000000000000     
           2               (14.000000000000000,0.0000000000000000)   1.0000000000000000     
           2               (13.999999999999986,0.0000000000000000)   1.0000000000000000     
           2               (14.000000000000000,0.0000000000000000)   1.0000000000000000     
           2               (14.000000000000000,0.0000000000000000)   1.0000000000000000     
           2               (14.000000000000000,0.0000000000000000)   1.0000000000000000     
           2               (14.000000000000000,0.0000000000000000)   1.0000000000000000     
           2               (14.000000000000000,0.0000000000000000)   1.0000000000000000     
           2               (13.999999999999996,0.0000000000000000)   1.0000000000000000     
           2               (14.000000000000004,0.0000000000000000)   1.0000000000000000     
           2               (14.000000000000000,0.0000000000000000)   1.0000000000000000     
           2               (14.000000000000000,0.0000000000000000)   1.0000000000000000     
