           2               (3.4858456118154550,0.0000000000000000)   1.0000000000000000     
           2               (3.4992778184959663,0.0000000000000000)   1.0000000000000000     
           2               (3.4915059161151607,0.0000000000000000)   1.0000000000000000     
           2               (3.5062877808420350,0.0000000000000000)   1.0000000000000000     
           2               (3.4877678158486334,0.0000000000000000)   1.0000000000000000     
           2               (3.4962822488676313,0.0000000000000000)   1.0000000000000000     
           2               (3.4891494830645366,0.0000000000000000)   1.0000000000000000     
           2               (3.4743999099122922,0.0000000000000000)   1.0000000000000000     
           2               (3.4929447595328611,0.0000000000000000)   1.0000000000000000     
           2               (3.5022353791507070,0.0000000000000000)   1.0000000000000000     
           2               (3.4661717527716291,0.0000000000000000)   1.0000000000000000     
           2               (3.5025420754247234,0.0000000000000000)   1.0000000000000000     
           2               (3.4983890510887643,0.0000000000000000)   1.0000000000000000     
           2               (3.4919537237617884,0.0000000000000000)   1.0000000000000000     
           2               (3.4897806771132993,0.0000000000000000)   1.0000000000000000     
           2               (3.4892553886259985,0.0000000000000000)   1.0000000000000000     
           2               (3.4953243536693628,0.0000000000000000)   1.0000000000000000     
           2               (3.4848322899217985,0.0000000000000000)   1.0000000000000000     
           2               (3.4825330017443061,0.0000000000000000)   1.0000000000000000     
