   1.0000000000000000                1          28
               (0.0000000000000000,0.0000000000000000)
  -2.9171931783333798        0.0000000000000000     
        (0.58217857125465799,4.61120779515868711E-019)
  -2.6927937030769660        0.0000000000000000     
        (0.47672030039004831,2.20283329621514238E-017)
  -2.4683942278205522        0.0000000000000000     
        (0.40138502432067952,1.86717968666513742E-017)
  -2.2439947525641384        0.0000000000000000     
        (0.34128532690856411,3.33079559666216421E-017)
  -2.0195952773077246        0.0000000000000000     
        (0.29077991289472332,1.29700279907348377E-017)
  -1.7951958020513106        0.0000000000000000     
        (0.24717448555904800,3.62876452918310790E-017)
  -1.5707963267948968        0.0000000000000000     
        (0.20846869483389871,2.48593970310408896E-017)
  -1.3463968515384830        0.0000000000000000     
        (0.17337204332406461,3.69111098010151882E-017)
  -1.1219973762820692        0.0000000000000000     
        (0.14108087314399623,9.86250943519180302E-018)
 -0.89759790102565529        0.0000000000000000     
        (0.11094226174909536,3.40041515691320606E-017)
 -0.67319842576924149        0.0000000000000000     
   (8.19328707346430873E-002,1.62389146190285478E-017)
 -0.44879895051282764        0.0000000000000000     
   (5.37406884345909205E-002,1.67542581451407730E-017)
 -0.22439947525641382        0.0000000000000000     
   (2.63556435939126081E-002,9.58964978576083069E-018)
   0.0000000000000000        0.0000000000000000     
         (5.23372765752443386E-003,0.0000000000000000)
  0.22439947525641382        0.0000000000000000     
  (2.63556435939126081E-002,-9.58964978576083069E-018)
  0.44879895051282764        0.0000000000000000     
  (5.37406884345909205E-002,-1.67542581451407730E-017)
  0.67319842576924149        0.0000000000000000     
  (8.19328707346430873E-002,-1.62389146190285478E-017)
  0.89759790102565529        0.0000000000000000     
       (0.11094226174909536,-3.40041515691320606E-017)
   1.1219973762820692        0.0000000000000000     
       (0.14108087314399623,-9.86250943519180302E-018)
   1.3463968515384830        0.0000000000000000     
       (0.17337204332406461,-3.69111098010151882E-017)
   1.5707963267948968        0.0000000000000000     
       (0.20846869483389871,-2.48593970310408896E-017)
   1.7951958020513106        0.0000000000000000     
       (0.24717448555904800,-3.62876452918310790E-017)
   2.0195952773077246        0.0000000000000000     
       (0.29077991289472332,-1.29700279907348377E-017)
   2.2439947525641384        0.0000000000000000     
       (0.34128532690856411,-3.33079559666216421E-017)
   2.4683942278205522        0.0000000000000000     
       (0.40138502432067952,-1.86717968666513742E-017)
   2.6927937030769660        0.0000000000000000     
       (0.47672030039004831,-2.20283329621514238E-017)
   2.9171931783333798        0.0000000000000000     
       (0.58217857125465799,-4.61120779515868711E-019)
   3.1415926535897936        0.0000000000000000     
       (0.72393287805863182,-1.37225216307843268E-017)
   1.0000000000000000                1          28
               (0.0000000000000000,0.0000000000000000)
  -2.9171931783333798        0.0000000000000000     
       (0.57755243903330622,-1.43653241902986256E-017)
  -2.6927937030769660        0.0000000000000000     
        (0.47621835554177239,6.64950110897842796E-018)
  -2.4683942278205522        0.0000000000000000     
       (0.40235676003676080,-2.05748410983503360E-017)
  -2.2439947525641384        0.0000000000000000     
        (0.34197049943316404,1.17438386396164760E-017)
  -2.0195952773077246        0.0000000000000000     
       (0.29204017359605283,-4.42769417753917329E-017)
  -1.7951958020513106        0.0000000000000000     
       (0.24861770172678446,-1.91168217359169035E-017)
  -1.5707963267948968        0.0000000000000000     
       (0.20956222425352541,-1.98595400249150688E-017)
  -1.3463968515384830        0.0000000000000000     
        (0.17424744896929398,1.34220943908714865E-018)
  -1.1219973762820692        0.0000000000000000     
       (0.14167408939634030,-1.35542661419912405E-017)
 -0.89759790102565529        0.0000000000000000     
       (0.11117915122308099,-1.62824640635019020E-018)
 -0.67319842576924149        0.0000000000000000     
  (8.19609887203282678E-002,-4.23287080118316229E-019)
 -0.44879895051282764        0.0000000000000000     
  (5.40217468701193540E-002,-2.30102903972664425E-018)
 -0.22439947525641382        0.0000000000000000     
  (2.67446745757879065E-002,-1.69938833352714657E-018)
   0.0000000000000000        0.0000000000000000     
         (5.05841001715340733E-003,0.0000000000000000)
  0.22439947525641382        0.0000000000000000     
   (2.67446745757879065E-002,1.69938833352714657E-018)
  0.44879895051282764        0.0000000000000000     
   (5.40217468701193540E-002,2.30102903972664425E-018)
  0.67319842576924149        0.0000000000000000     
   (8.19609887203282678E-002,4.23287080118316229E-019)
  0.89759790102565529        0.0000000000000000     
        (0.11117915122308099,1.62824640635019020E-018)
   1.1219973762820692        0.0000000000000000     
        (0.14167408939634030,1.35542661419912405E-017)
   1.3463968515384830        0.0000000000000000     
       (0.17424744896929398,-1.34220943908714865E-018)
   1.5707963267948968        0.0000000000000000     
        (0.20956222425352541,1.98595400249150688E-017)
   1.7951958020513106        0.0000000000000000     
        (0.24861770172678446,1.91168217359169035E-017)
   2.0195952773077246        0.0000000000000000     
        (0.29204017359605283,4.42769417753917329E-017)
   2.2439947525641384        0.0000000000000000     
       (0.34197049943316404,-1.17438386396164760E-017)
   2.4683942278205522        0.0000000000000000     
        (0.40235676003676080,2.05748410983503360E-017)
   2.6927937030769660        0.0000000000000000     
       (0.47621835554177239,-6.64950110897842796E-018)
   2.9171931783333798        0.0000000000000000     
        (0.57755243903330622,1.43653241902986256E-017)
   3.1415926535897936        0.0000000000000000     
       (0.71864908323021448,-1.39460455496033408E-017)
   1.0000000000000000                1          28
               (0.0000000000000000,0.0000000000000000)
  -2.9171931783333798        0.0000000000000000     
       (0.58259515486699009,-8.64260333103309652E-018)
  -2.6927937030769660        0.0000000000000000     
        (0.47758579502363918,2.42409133390353980E-017)
  -2.4683942278205522        0.0000000000000000     
       (0.40148917709684773,-1.65300747197216703E-018)
  -2.2439947525641384        0.0000000000000000     
        (0.34138650462814235,1.81186792179628674E-017)
  -2.0195952773077246        0.0000000000000000     
       (0.29100032742161069,-2.23681825204717211E-017)
  -1.7951958020513106        0.0000000000000000     
       (0.24748414412851880,-1.45881154371779802E-018)
  -1.5707963267948968        0.0000000000000000     
       (0.20862520572831791,-8.73831510499725046E-018)
  -1.3463968515384830        0.0000000000000000     
        (0.17351931683226626,1.15009125709545527E-017)
  -1.1219973762820692        0.0000000000000000     
       (0.14106347028051072,-4.35080445990152930E-018)
 -0.89759790102565529        0.0000000000000000     
        (0.11067576533192559,1.00531770411790799E-018)
 -0.67319842576924149        0.0000000000000000     
   (8.21998193980638392E-002,5.15351984923408229E-018)
 -0.44879895051282764        0.0000000000000000     
   (5.42283085091490383E-002,7.44155275596618285E-018)
 -0.22439947525641382        0.0000000000000000     
   (2.67695251108023349E-002,4.33329690333779854E-018)
   0.0000000000000000        0.0000000000000000     
         (5.44243145337109779E-003,0.0000000000000000)
  0.22439947525641382        0.0000000000000000     
  (2.67695251108023349E-002,-4.33329690333779854E-018)
  0.44879895051282764        0.0000000000000000     
  (5.42283085091490383E-002,-7.44155275596618285E-018)
  0.67319842576924149        0.0000000000000000     
  (8.21998193980638392E-002,-5.15351984923408229E-018)
  0.89759790102565529        0.0000000000000000     
       (0.11067576533192559,-1.00531770411790799E-018)
   1.1219973762820692        0.0000000000000000     
        (0.14106347028051072,4.35080445990152930E-018)
   1.3463968515384830        0.0000000000000000     
       (0.17351931683226626,-1.15009125709545527E-017)
   1.5707963267948968        0.0000000000000000     
        (0.20862520572831791,8.73831510499725046E-018)
   1.7951958020513106        0.0000000000000000     
        (0.24748414412851880,1.45881154371779802E-018)
   2.0195952773077246        0.0000000000000000     
        (0.29100032742161069,2.23681825204717211E-017)
   2.2439947525641384        0.0000000000000000     
       (0.34138650462814235,-1.81186792179628674E-017)
   2.4683942278205522        0.0000000000000000     
        (0.40148917709684773,1.65300747197216703E-018)
   2.6927937030769660        0.0000000000000000     
       (0.47758579502363918,-2.42409133390353980E-017)
   2.9171931783333798        0.0000000000000000     
        (0.58259515486699009,8.64260333103309652E-018)
   3.1415926535897936        0.0000000000000000     
       (0.71731253983306187,-1.25202774214893523E-017)
   1.0000000000000000                1          28
               (0.0000000000000000,0.0000000000000000)
  -2.9171931783333798        0.0000000000000000     
        (0.57546867032995164,2.34462849100360569E-017)
  -2.6927937030769660        0.0000000000000000     
        (0.47588327031175925,2.56134119609825913E-017)
  -2.4683942278205522        0.0000000000000000     
       (0.40167574278752116,-3.54839698146080724E-017)
  -2.2439947525641384        0.0000000000000000     
        (0.34265645464190247,4.74638679069359197E-018)
  -2.0195952773077246        0.0000000000000000     
       (0.29220487699665382,-4.37524932708880933E-017)
  -1.7951958020513106        0.0000000000000000     
       (0.24882223001169085,-2.59264111309942917E-017)
  -1.5707963267948968        0.0000000000000000     
       (0.20940105478944271,-3.93483651282775772E-017)
  -1.3463968515384830        0.0000000000000000     
       (0.17383853484053283,-2.91983839020899605E-017)
  -1.1219973762820692        0.0000000000000000     
       (0.14153333964376924,-3.95458393091355195E-017)
 -0.89759790102565529        0.0000000000000000     
       (0.11134412751171292,-1.96542818299791185E-017)
 -0.67319842576924149        0.0000000000000000     
  (8.23541738446001009E-002,-2.05909128473416793E-017)
 -0.44879895051282764        0.0000000000000000     
  (5.42823887829087526E-002,-2.39261173223181361E-018)
 -0.22439947525641382        0.0000000000000000     
  (2.75533027602521755E-002,-1.02033055474459681E-017)
   0.0000000000000000        0.0000000000000000     
         (6.08888198992210087E-003,0.0000000000000000)
  0.22439947525641382        0.0000000000000000     
   (2.75533027602521755E-002,1.02033055474459681E-017)
  0.44879895051282764        0.0000000000000000     
   (5.42823887829087526E-002,2.39261173223181361E-018)
  0.67319842576924149        0.0000000000000000     
   (8.23541738446001009E-002,2.05909128473416793E-017)
  0.89759790102565529        0.0000000000000000     
        (0.11134412751171292,1.96542818299791185E-017)
   1.1219973762820692        0.0000000000000000     
        (0.14153333964376924,3.95458393091355195E-017)
   1.3463968515384830        0.0000000000000000     
        (0.17383853484053283,2.91983839020899605E-017)
   1.5707963267948968        0.0000000000000000     
        (0.20940105478944271,3.93483651282775772E-017)
   1.7951958020513106        0.0000000000000000     
        (0.24882223001169085,2.59264111309942917E-017)
   2.0195952773077246        0.0000000000000000     
        (0.29220487699665382,4.37524932708880933E-017)
   2.2439947525641384        0.0000000000000000     
       (0.34265645464190247,-4.74638679069359197E-018)
   2.4683942278205522        0.0000000000000000     
        (0.40167574278752116,3.54839698146080724E-017)
   2.6927937030769660        0.0000000000000000     
       (0.47588327031175925,-2.56134119609825913E-017)
   2.9171931783333798        0.0000000000000000     
       (0.57546867032995164,-2.34462849100360569E-017)
   3.1415926535897936        0.0000000000000000     
       (0.71987478350468403,-1.52554145636890669E-017)
   1.0000000000000000                1          28
               (0.0000000000000000,0.0000000000000000)
  -2.9171931783333798        0.0000000000000000     
        (0.58192960325533838,4.57275277137621500E-018)
  -2.6927937030769660        0.0000000000000000     
       (0.47592309023407575,-7.17087692677283378E-018)
  -2.4683942278205522        0.0000000000000000     
       (0.40134194748001262,-2.80318377159438303E-017)
  -2.2439947525641384        0.0000000000000000     
        (0.34140475600984888,6.35175532480233043E-018)
  -2.0195952773077246        0.0000000000000000     
       (0.29075505275260893,-1.41043420082909443E-017)
  -1.7951958020513106        0.0000000000000000     
        (0.24645450563559809,6.68242266986320367E-018)
  -1.5707963267948968        0.0000000000000000     
       (0.20776839601695540,-5.57221545537360630E-019)
  -1.3463968515384830        0.0000000000000000     
        (0.17322818989905781,1.47530668540826862E-017)
  -1.1219973762820692        0.0000000000000000     
       (0.14111205793996132,-5.65405405665374683E-018)
 -0.89759790102565529        0.0000000000000000     
       (0.11072955006004341,-1.10322117517333714E-017)
 -0.67319842576924149        0.0000000000000000     
  (8.20984121570688397E-002,-9.11125690301815176E-018)
 -0.44879895051282764        0.0000000000000000     
   (5.44778685211311162E-002,7.37041137424673887E-018)
 -0.22439947525641382        0.0000000000000000     
   (2.68145742942529283E-002,5.73186461103644017E-018)
   0.0000000000000000        0.0000000000000000     
         (5.39239939495150030E-003,0.0000000000000000)
  0.22439947525641382        0.0000000000000000     
  (2.68145742942529283E-002,-5.73186461103644017E-018)
  0.44879895051282764        0.0000000000000000     
  (5.44778685211311162E-002,-7.37041137424673887E-018)
  0.67319842576924149        0.0000000000000000     
   (8.20984121570688397E-002,9.11125690301815176E-018)
  0.89759790102565529        0.0000000000000000     
        (0.11072955006004341,1.10322117517333714E-017)
   1.1219973762820692        0.0000000000000000     
        (0.14111205793996132,5.65405405665374683E-018)
   1.3463968515384830        0.0000000000000000     
       (0.17322818989905781,-1.47530668540826862E-017)
   1.5707963267948968        0.0000000000000000     
        (0.20776839601695540,5.57221545537360630E-019)
   1.7951958020513106        0.0000000000000000     
       (0.24645450563559809,-6.68242266986320367E-018)
   2.0195952773077246        0.0000000000000000     
        (0.29075505275260893,1.41043420082909443E-017)
   2.2439947525641384        0.0000000000000000     
       (0.34140475600984888,-6.35175532480233043E-018)
   2.4683942278205522        0.0000000000000000     
        (0.40134194748001262,2.80318377159438303E-017)
   2.6927937030769660        0.0000000000000000     
        (0.47592309023407575,7.17087692677283378E-018)
   2.9171931783333798        0.0000000000000000     
       (0.58192960325533838,-4.57275277137621500E-018)
   3.1415926535897936        0.0000000000000000     
       (0.72653159209314333,-1.40009603411881585E-017)
   1.0000000000000000                1          28
               (0.0000000000000000,0.0000000000000000)
  -2.9171931783333798        0.0000000000000000     
       (0.57811430731811486,-1.15729998869351302E-017)
  -2.6927937030769660        0.0000000000000000     
        (0.47641100566627520,1.91286519570549832E-017)
  -2.4683942278205522        0.0000000000000000     
       (0.40346179172326219,-1.05565615569878442E-017)
  -2.2439947525641384        0.0000000000000000     
       (0.34349019813722376,-1.00150884476591053E-017)
  -2.0195952773077246        0.0000000000000000     
       (0.29273533385347855,-3.34023689754942594E-017)
  -1.7951958020513106        0.0000000000000000     
       (0.24794858767342356,-1.95290788816940877E-017)
  -1.5707963267948968        0.0000000000000000     
       (0.20880250314778279,-4.42094249743304477E-017)
  -1.3463968515384830        0.0000000000000000     
       (0.17327910503890878,-2.14128789496297773E-017)
  -1.1219973762820692        0.0000000000000000     
       (0.14096430509916952,-3.19172840505339093E-017)
 -0.89759790102565529        0.0000000000000000     
       (0.11060904611543829,-3.45463033833728592E-017)
 -0.67319842576924149        0.0000000000000000     
  (8.19541560573679162E-002,-2.79531122755253805E-017)
 -0.44879895051282764        0.0000000000000000     
  (5.43098969254522598E-002,-1.60340634945601371E-017)
 -0.22439947525641382        0.0000000000000000     
  (2.69805242116551332E-002,-2.14732673443256505E-017)
   0.0000000000000000        0.0000000000000000     
         (5.72634925331461878E-003,0.0000000000000000)
  0.22439947525641382        0.0000000000000000     
   (2.69805242116551332E-002,2.14732673443256505E-017)
  0.44879895051282764        0.0000000000000000     
   (5.43098969254522598E-002,1.60340634945601371E-017)
  0.67319842576924149        0.0000000000000000     
   (8.19541560573679162E-002,2.79531122755253805E-017)
  0.89759790102565529        0.0000000000000000     
        (0.11060904611543829,3.45463033833728592E-017)
   1.1219973762820692        0.0000000000000000     
        (0.14096430509916952,3.19172840505339093E-017)
   1.3463968515384830        0.0000000000000000     
        (0.17327910503890878,2.14128789496297773E-017)
   1.5707963267948968        0.0000000000000000     
        (0.20880250314778279,4.42094249743304477E-017)
   1.7951958020513106        0.0000000000000000     
        (0.24794858767342356,1.95290788816940877E-017)
   2.0195952773077246        0.0000000000000000     
        (0.29273533385347855,3.34023689754942594E-017)
   2.2439947525641384        0.0000000000000000     
        (0.34349019813722376,1.00150884476591053E-017)
   2.4683942278205522        0.0000000000000000     
        (0.40346179172326219,1.05565615569878442E-017)
   2.6927937030769660        0.0000000000000000     
       (0.47641100566627520,-1.91286519570549832E-017)
   2.9171931783333798        0.0000000000000000     
        (0.57811430731811486,1.15729998869351302E-017)
   3.1415926535897936        0.0000000000000000     
       (0.71615212881158097,-1.30822875633824154E-017)
   1.0000000000000000                1          28
               (0.0000000000000000,0.0000000000000000)
  -2.9171931783333798        0.0000000000000000     
       (0.58073676458270440,-1.86139860775158449E-018)
  -2.6927937030769660        0.0000000000000000     
        (0.47552294496123076,1.97217251186017709E-017)
  -2.4683942278205522        0.0000000000000000     
       (0.40004054551546281,-3.58051941807936654E-018)
  -2.2439947525641384        0.0000000000000000     
        (0.34078777208812699,1.69801284192749054E-017)
  -2.0195952773077246        0.0000000000000000     
       (0.29005476260660645,-1.13964301993820867E-017)
  -1.7951958020513106        0.0000000000000000     
        (0.24662208791450535,3.68102423931845742E-018)
  -1.5707963267948968        0.0000000000000000     
       (0.20829199064577644,-4.04494936563183101E-018)
  -1.3463968515384830        0.0000000000000000     
        (0.17371863556585779,2.42633337654314061E-018)
  -1.1219973762820692        0.0000000000000000     
       (0.14113234877499656,-1.22073288010163257E-017)
 -0.89759790102565529        0.0000000000000000     
       (0.11091087857449454,-1.13329955344386919E-018)
 -0.67319842576924149        0.0000000000000000     
  (8.19713607487950052E-002,-5.92170183735147492E-018)
 -0.44879895051282764        0.0000000000000000     
  (5.42484320739747700E-002,-5.66649776721934596E-019)
 -0.22439947525641382        0.0000000000000000     
  (2.69705079200294393E-002,-2.12310390489549035E-019)
   0.0000000000000000        0.0000000000000000     
         (5.84307005598232263E-003,0.0000000000000000)
  0.22439947525641382        0.0000000000000000     
   (2.69705079200294393E-002,2.12310390489549035E-019)
  0.44879895051282764        0.0000000000000000     
   (5.42484320739747700E-002,5.66649776721934596E-019)
  0.67319842576924149        0.0000000000000000     
   (8.19713607487950052E-002,5.92170183735147492E-018)
  0.89759790102565529        0.0000000000000000     
        (0.11091087857449454,1.13329955344386919E-018)
   1.1219973762820692        0.0000000000000000     
        (0.14113234877499656,1.22073288010163257E-017)
   1.3463968515384830        0.0000000000000000     
       (0.17371863556585779,-2.42633337654314061E-018)
   1.5707963267948968        0.0000000000000000     
        (0.20829199064577644,4.04494936563183101E-018)
   1.7951958020513106        0.0000000000000000     
       (0.24662208791450535,-3.68102423931845742E-018)
   2.0195952773077246        0.0000000000000000     
        (0.29005476260660645,1.13964301993820867E-017)
   2.2439947525641384        0.0000000000000000     
       (0.34078777208812699,-1.69801284192749054E-017)
   2.4683942278205522        0.0000000000000000     
        (0.40004054551546281,3.58051941807936654E-018)
   2.6927937030769660        0.0000000000000000     
       (0.47552294496123076,-1.97217251186017709E-017)
   2.9171931783333798        0.0000000000000000     
        (0.58073676458270440,1.86139860775158449E-018)
   3.1415926535897936        0.0000000000000000     
       (0.73213886599889633,-1.60200631928719503E-017)
   1.0000000000000000                1          28
               (0.0000000000000000,0.0000000000000000)
  -2.9171931783333798        0.0000000000000000     
        (0.58572572106598586,5.67935766545537728E-018)
  -2.6927937030769660        0.0000000000000000     
        (0.47149587855216685,7.90841774631058271E-018)
  -2.4683942278205522        0.0000000000000000     
       (0.39525867296443667,-2.66164927884873774E-017)
  -2.2439947525641384        0.0000000000000000     
        (0.33465697949909490,7.36843097640662970E-018)
  -2.0195952773077246        0.0000000000000000     
       (0.29124862574486393,-3.44822867479456769E-017)
  -1.7951958020513106        0.0000000000000000     
       (0.25186757170252971,-2.43765593499833331E-017)
  -1.5707963267948968        0.0000000000000000     
       (0.21077295414058214,-4.04055776141949634E-017)
  -1.3463968515384830        0.0000000000000000     
       (0.17481226990471233,-2.41730932016115065E-017)
  -1.1219973762820692        0.0000000000000000     
       (0.14053545005254250,-4.85392082241750413E-017)
 -0.89759790102565529        0.0000000000000000     
       (0.10894403948051552,-3.26684465568237147E-018)
 -0.67319842576924149        0.0000000000000000     
  (8.03475567424306591E-002,-1.24473997022948033E-017)
 -0.44879895051282764        0.0000000000000000     
  (5.24933982790657325E-002,-1.67502983327819346E-017)
 -0.22439947525641382        0.0000000000000000     
  (2.61309319939337301E-002,-6.86563565826240984E-018)
   0.0000000000000000        0.0000000000000000     
         (5.45822952775747768E-003,0.0000000000000000)
  0.22439947525641382        0.0000000000000000     
   (2.61309319939337301E-002,6.86563565826240984E-018)
  0.44879895051282764        0.0000000000000000     
   (5.24933982790657325E-002,1.67502983327819346E-017)
  0.67319842576924149        0.0000000000000000     
   (8.03475567424306591E-002,1.24473997022948033E-017)
  0.89759790102565529        0.0000000000000000     
        (0.10894403948051552,3.26684465568237147E-018)
   1.1219973762820692        0.0000000000000000     
        (0.14053545005254250,4.85392082241750413E-017)
   1.3463968515384830        0.0000000000000000     
        (0.17481226990471233,2.41730932016115065E-017)
   1.5707963267948968        0.0000000000000000     
        (0.21077295414058214,4.04055776141949634E-017)
   1.7951958020513106        0.0000000000000000     
        (0.25186757170252971,2.43765593499833331E-017)
   2.0195952773077246        0.0000000000000000     
        (0.29124862574486393,3.44822867479456769E-017)
   2.2439947525641384        0.0000000000000000     
       (0.33465697949909490,-7.36843097640662970E-018)
   2.4683942278205522        0.0000000000000000     
        (0.39525867296443667,2.66164927884873774E-017)
   2.6927937030769660        0.0000000000000000     
       (0.47149587855216685,-7.90841774631058271E-018)
   2.9171931783333798        0.0000000000000000     
       (0.58572572106598586,-5.67935766545537728E-018)
   3.1415926535897936        0.0000000000000000     
       (0.74596167022652271,-1.53872984201217471E-017)
   1.0000000000000000                1          28
               (0.0000000000000000,0.0000000000000000)
  -2.9171931783333798        0.0000000000000000     
       (0.58109393211447902,-2.62782370781215092E-018)
  -2.6927937030769660        0.0000000000000000     
        (0.47589874101641166,1.13158341824395641E-017)
  -2.4683942278205522        0.0000000000000000     
       (0.40069267572930578,-7.61795824493469927E-018)
  -2.2439947525641384        0.0000000000000000     
        (0.34033906012044884,2.51034949191587792E-017)
  -2.0195952773077246        0.0000000000000000     
       (0.28977951170257249,-1.35349111503366535E-017)
  -1.7951958020513106        0.0000000000000000     
       (0.24716087857400318,-6.51892898923525159E-018)
  -1.5707963267948968        0.0000000000000000     
       (0.20882006902902558,-2.30502153865354753E-017)
  -1.3463968515384830        0.0000000000000000     
        (0.17333486396823022,7.02091410805870167E-018)
  -1.1219973762820692        0.0000000000000000     
        (0.14129175198533808,1.57385798766032558E-018)
 -0.89759790102565529        0.0000000000000000     
        (0.11061094334517976,1.83006701353798366E-017)
 -0.67319842576924149        0.0000000000000000     
   (8.23188531069685564E-002,1.44589573447581202E-018)
 -0.44879895051282764        0.0000000000000000     
   (5.42589407773698129E-002,5.43307047631104450E-018)
 -0.22439947525641382        0.0000000000000000     
  (2.73313699569259529E-002,-1.07706085194764134E-017)
   0.0000000000000000        0.0000000000000000     
         (6.30577424198552460E-003,0.0000000000000000)
  0.22439947525641382        0.0000000000000000     
   (2.73313699569259529E-002,1.07706085194764134E-017)
  0.44879895051282764        0.0000000000000000     
  (5.42589407773698129E-002,-5.43307047631104450E-018)
  0.67319842576924149        0.0000000000000000     
  (8.23188531069685564E-002,-1.44589573447581202E-018)
  0.89759790102565529        0.0000000000000000     
       (0.11061094334517976,-1.83006701353798366E-017)
   1.1219973762820692        0.0000000000000000     
       (0.14129175198533808,-1.57385798766032558E-018)
   1.3463968515384830        0.0000000000000000     
       (0.17333486396823022,-7.02091410805870167E-018)
   1.5707963267948968        0.0000000000000000     
        (0.20882006902902558,2.30502153865354753E-017)
   1.7951958020513106        0.0000000000000000     
        (0.24716087857400318,6.51892898923525159E-018)
   2.0195952773077246        0.0000000000000000     
        (0.28977951170257249,1.35349111503366535E-017)
   2.2439947525641384        0.0000000000000000     
       (0.34033906012044884,-2.51034949191587792E-017)
   2.4683942278205522        0.0000000000000000     
        (0.40069267572930578,7.61795824493469927E-018)
   2.6927937030769660        0.0000000000000000     
       (0.47589874101641166,-1.13158341824395641E-017)
   2.9171931783333798        0.0000000000000000     
        (0.58109393211447902,2.62782370781215092E-018)
   3.1415926535897936        0.0000000000000000     
       (0.72783104290549860,-1.43797729266378868E-017)
   1.0000000000000000                1          28
               (0.0000000000000000,0.0000000000000000)
  -2.9171931783333798        0.0000000000000000     
       (0.57635181471502306,-3.08789536491546159E-017)
  -2.6927937030769660        0.0000000000000000     
        (0.47533237754728869,1.16717708874616888E-017)
  -2.4683942278205522        0.0000000000000000     
       (0.40202555982152821,-1.29614252497080458E-017)
  -2.2439947525641384        0.0000000000000000     
        (0.34173488491712922,1.65534653151388636E-017)
  -2.0195952773077246        0.0000000000000000     
       (0.29214080315887486,-1.39140509207596584E-017)
  -1.7951958020513106        0.0000000000000000     
        (0.24807502049307550,8.01699373967352817E-018)
  -1.5707963267948968        0.0000000000000000     
       (0.20958618486291905,-5.37757934529432215E-018)
  -1.3463968515384830        0.0000000000000000     
        (0.17439849524585868,5.21634134516769891E-018)
  -1.1219973762820692        0.0000000000000000     
       (0.14161226508009758,-1.10027266912472711E-017)
 -0.89759790102565529        0.0000000000000000     
        (0.11086455398725323,4.50413214868728018E-018)
 -0.67319842576924149        0.0000000000000000     
   (8.21533849387707099E-002,1.85254683707079730E-018)
 -0.44879895051282764        0.0000000000000000     
   (5.44987089358794155E-002,2.00424843491838204E-018)
 -0.22439947525641382        0.0000000000000000     
  (2.70160604301472214E-002,-4.22375352998754755E-018)
   0.0000000000000000        0.0000000000000000     
         (5.78625716691425710E-003,0.0000000000000000)
  0.22439947525641382        0.0000000000000000     
   (2.70160604301472214E-002,4.22375352998754755E-018)
  0.44879895051282764        0.0000000000000000     
  (5.44987089358794155E-002,-2.00424843491838204E-018)
  0.67319842576924149        0.0000000000000000     
  (8.21533849387707099E-002,-1.85254683707079730E-018)
  0.89759790102565529        0.0000000000000000     
       (0.11086455398725323,-4.50413214868728018E-018)
   1.1219973762820692        0.0000000000000000     
        (0.14161226508009758,1.10027266912472711E-017)
   1.3463968515384830        0.0000000000000000     
       (0.17439849524585868,-5.21634134516769891E-018)
   1.5707963267948968        0.0000000000000000     
        (0.20958618486291905,5.37757934529432215E-018)
   1.7951958020513106        0.0000000000000000     
       (0.24807502049307550,-8.01699373967352817E-018)
   2.0195952773077246        0.0000000000000000     
        (0.29214080315887486,1.39140509207596584E-017)
   2.2439947525641384        0.0000000000000000     
       (0.34173488491712922,-1.65534653151388636E-017)
   2.4683942278205522        0.0000000000000000     
        (0.40202555982152821,1.29614252497080458E-017)
   2.6927937030769660        0.0000000000000000     
       (0.47533237754728869,-1.16717708874616888E-017)
   2.9171931783333798        0.0000000000000000     
        (0.57635181471502306,3.08789536491546159E-017)
   3.1415926535897936        0.0000000000000000     
       (0.72263351456539648,-1.47202409213928177E-017)
   1.0000000000000000                1          28
               (0.0000000000000000,0.0000000000000000)
  -2.9171931783333798        0.0000000000000000     
       (0.58575396270869207,-1.19202488578348402E-017)
  -2.6927937030769660        0.0000000000000000     
        (0.47806344868531803,2.43085866562744530E-017)
  -2.4683942278205522        0.0000000000000000     
       (0.39999065964939862,-1.86604937110156848E-017)
  -2.2439947525641384        0.0000000000000000     
        (0.33974781611840049,5.15188818951582368E-018)
  -2.0195952773077246        0.0000000000000000     
       (0.28977335177503588,-2.72941968025695540E-017)
  -1.7951958020513106        0.0000000000000000     
        (0.24683010280156620,4.05105145811745915E-018)
  -1.5707963267948968        0.0000000000000000     
       (0.20817683295966877,-4.88104308059898668E-018)
  -1.3463968515384830        0.0000000000000000     
        (0.17263549363473846,9.67611693388464449E-018)
  -1.1219973762820692        0.0000000000000000     
       (0.14029042925709476,-5.54975576786100955E-018)
 -0.89759790102565529        0.0000000000000000     
        (0.10970862077474816,9.46005491181647328E-018)
 -0.67319842576924149        0.0000000000000000     
   (8.09654664806569863E-002,2.84428835524068066E-018)
 -0.44879895051282764        0.0000000000000000     
   (5.32429989509391605E-002,1.71209094271711443E-017)
 -0.22439947525641382        0.0000000000000000     
   (2.59377099996134439E-002,5.68905955336677127E-018)
   0.0000000000000000        0.0000000000000000     
         (4.71856783500002736E-003,0.0000000000000000)
  0.22439947525641382        0.0000000000000000     
  (2.59377099996134439E-002,-5.68905955336677127E-018)
  0.44879895051282764        0.0000000000000000     
  (5.32429989509391605E-002,-1.71209094271711443E-017)
  0.67319842576924149        0.0000000000000000     
  (8.09654664806569863E-002,-2.84428835524068066E-018)
  0.89759790102565529        0.0000000000000000     
       (0.10970862077474816,-9.46005491181647328E-018)
   1.1219973762820692        0.0000000000000000     
        (0.14029042925709476,5.54975576786100955E-018)
   1.3463968515384830        0.0000000000000000     
       (0.17263549363473846,-9.67611693388464449E-018)
   1.5707963267948968        0.0000000000000000     
        (0.20817683295966877,4.88104308059898668E-018)
   1.7951958020513106        0.0000000000000000     
       (0.24683010280156620,-4.05105145811745915E-018)
   2.0195952773077246        0.0000000000000000     
        (0.28977335177503588,2.72941968025695540E-017)
   2.2439947525641384        0.0000000000000000     
       (0.33974781611840049,-5.15188818951582368E-018)
   2.4683942278205522        0.0000000000000000     
        (0.39999065964939862,1.86604937110156848E-017)
   2.6927937030769660        0.0000000000000000     
       (0.47806344868531803,-2.43085866562744530E-017)
   2.9171931783333798        0.0000000000000000     
        (0.58575396270869207,1.19202488578348402E-017)
   3.1415926535897936        0.0000000000000000     
       (0.73304764457326044,-1.47184389497031543E-017)
   1.0000000000000000                1          28
               (0.0000000000000000,0.0000000000000000)
  -2.9171931783333798        0.0000000000000000     
       (0.57728364857561332,-6.45442674402746836E-018)
  -2.6927937030769660        0.0000000000000000     
        (0.47601366504318859,4.19559262219807948E-018)
  -2.4683942278205522        0.0000000000000000     
       (0.40187100060200548,-2.83098194381880541E-017)
  -2.2439947525641384        0.0000000000000000     
        (0.34180531303563300,6.49677275269704282E-019)
  -2.0195952773077246        0.0000000000000000     
       (0.29163812471714606,-2.22954865274924105E-017)
  -1.7951958020513106        0.0000000000000000     
       (0.24751528276582699,-2.02532316619120632E-017)
  -1.5707963267948968        0.0000000000000000     
       (0.20910007832473990,-1.72529065135271703E-017)
  -1.3463968515384830        0.0000000000000000     
       (0.17411803138862184,-2.73464765769349409E-018)
  -1.1219973762820692        0.0000000000000000     
       (0.14147496703567522,-2.38675143830343796E-017)
 -0.89759790102565529        0.0000000000000000     
       (0.11136369888763657,-1.03744334703812889E-017)
 -0.67319842576924149        0.0000000000000000     
  (8.24402133554336392E-002,-4.08466423850893248E-018)
 -0.44879895051282764        0.0000000000000000     
  (5.49410065709924553E-002,-6.17848729289167740E-018)
 -0.22439947525641382        0.0000000000000000     
  (2.71297705733021914E-002,-1.06646353416559902E-017)
   0.0000000000000000        0.0000000000000000     
         (5.21478444728515518E-003,0.0000000000000000)
  0.22439947525641382        0.0000000000000000     
   (2.71297705733021914E-002,1.06646353416559902E-017)
  0.44879895051282764        0.0000000000000000     
   (5.49410065709924553E-002,6.17848729289167740E-018)
  0.67319842576924149        0.0000000000000000     
   (8.24402133554336392E-002,4.08466423850893248E-018)
  0.89759790102565529        0.0000000000000000     
        (0.11136369888763657,1.03744334703812889E-017)
   1.1219973762820692        0.0000000000000000     
        (0.14147496703567522,2.38675143830343796E-017)
   1.3463968515384830        0.0000000000000000     
        (0.17411803138862184,2.73464765769349409E-018)
   1.5707963267948968        0.0000000000000000     
        (0.20910007832473990,1.72529065135271703E-017)
   1.7951958020513106        0.0000000000000000     
        (0.24751528276582699,2.02532316619120632E-017)
   2.0195952773077246        0.0000000000000000     
        (0.29163812471714606,2.22954865274924105E-017)
   2.2439947525641384        0.0000000000000000     
       (0.34180531303563300,-6.49677275269704282E-019)
   2.4683942278205522        0.0000000000000000     
        (0.40187100060200548,2.83098194381880541E-017)
   2.6927937030769660        0.0000000000000000     
       (0.47601366504318859,-4.19559262219807948E-018)
   2.9171931783333798        0.0000000000000000     
        (0.57728364857561332,6.45442674402746836E-018)
   3.1415926535897936        0.0000000000000000     
       (0.72139561380108608,-1.46804018730336599E-017)
   1.0000000000000000                1          28
               (0.0000000000000000,0.0000000000000000)
  -2.9171931783333798        0.0000000000000000     
       (0.57970695409037487,-1.73823032778444194E-017)
  -2.6927937030769660        0.0000000000000000     
        (0.47481310056725939,1.32168422017862053E-017)
  -2.4683942278205522        0.0000000000000000     
        (0.40042499073145699,1.03538038955262853E-017)
  -2.2439947525641384        0.0000000000000000     
        (0.34139493210905819,3.56638070120302807E-017)
  -2.0195952773077246        0.0000000000000000     
        (0.29164707732643885,6.14568541985293508E-018)
  -1.7951958020513106        0.0000000000000000     
        (0.24806996050115332,3.94247898824815993E-017)
  -1.5707963267948968        0.0000000000000000     
        (0.20926015834449879,2.17144784245717472E-017)
  -1.3463968515384830        0.0000000000000000     
        (0.17439823286449521,4.79939668849112102E-017)
  -1.1219973762820692        0.0000000000000000     
        (0.14194678976120428,3.29707125761627861E-017)
 -0.89759790102565529        0.0000000000000000     
        (0.11115604466172620,3.90421708164109349E-017)
 -0.67319842576924149        0.0000000000000000     
   (8.19843826288686739E-002,1.68929270627119902E-017)
 -0.44879895051282764        0.0000000000000000     
   (5.42699977945383036E-002,8.86492691291936763E-018)
 -0.22439947525641382        0.0000000000000000     
   (2.67668802979260587E-002,1.06844125484810639E-017)
   0.0000000000000000        0.0000000000000000     
         (5.19249196004577338E-003,0.0000000000000000)
  0.22439947525641382        0.0000000000000000     
  (2.67668802979260587E-002,-1.06844125484810639E-017)
  0.44879895051282764        0.0000000000000000     
  (5.42699977945383036E-002,-8.86492691291936763E-018)
  0.67319842576924149        0.0000000000000000     
  (8.19843826288686739E-002,-1.68929270627119902E-017)
  0.89759790102565529        0.0000000000000000     
       (0.11115604466172620,-3.90421708164109349E-017)
   1.1219973762820692        0.0000000000000000     
       (0.14194678976120428,-3.29707125761627861E-017)
   1.3463968515384830        0.0000000000000000     
       (0.17439823286449521,-4.79939668849112102E-017)
   1.5707963267948968        0.0000000000000000     
       (0.20926015834449879,-2.17144784245717472E-017)
   1.7951958020513106        0.0000000000000000     
       (0.24806996050115332,-3.94247898824815993E-017)
   2.0195952773077246        0.0000000000000000     
       (0.29164707732643885,-6.14568541985293508E-018)
   2.2439947525641384        0.0000000000000000     
       (0.34139493210905819,-3.56638070120302807E-017)
   2.4683942278205522        0.0000000000000000     
       (0.40042499073145699,-1.03538038955262853E-017)
   2.6927937030769660        0.0000000000000000     
       (0.47481310056725939,-1.32168422017862053E-017)
   2.9171931783333798        0.0000000000000000     
        (0.57970695409037487,1.73823032778444194E-017)
   3.1415926535897936        0.0000000000000000     
       (0.72312850468195822,-1.40647354975164001E-017)
   1.0000000000000000                1          28
               (0.0000000000000000,0.0000000000000000)
  -2.9171931783333798        0.0000000000000000     
        (0.57951175124647403,9.44331742197091092E-018)
  -2.6927937030769660        0.0000000000000000     
        (0.47582862000677106,4.39866844175268628E-017)
  -2.4683942278205522        0.0000000000000000     
       (0.40074637634963844,-1.25560754568533366E-018)
  -2.2439947525641384        0.0000000000000000     
        (0.34143534978101686,1.98672310459343355E-017)
  -2.0195952773077246        0.0000000000000000     
       (0.29172321832793963,-1.77202099371483983E-017)
  -1.7951958020513106        0.0000000000000000     
        (0.24791838491093715,1.48877730127734341E-017)
  -1.5707963267948968        0.0000000000000000     
       (0.20920077966484865,-1.81927399713431755E-017)
  -1.3463968515384830        0.0000000000000000     
       (0.17383977566464948,-3.10245339509802248E-019)
  -1.1219973762820692        0.0000000000000000     
       (0.14113893195632202,-1.48899683114723302E-017)
 -0.89759790102565529        0.0000000000000000     
        (0.11079611831238341,1.00062788133000437E-018)
 -0.67319842576924149        0.0000000000000000     
   (8.19257900809494261E-002,1.14639322745593377E-018)
 -0.44879895051282764        0.0000000000000000     
   (5.39212998573835520E-002,1.28911959119279093E-017)
 -0.22439947525641382        0.0000000000000000     
   (2.68245355687178437E-002,3.09538116190848436E-018)
   0.0000000000000000        0.0000000000000000     
         (5.00677888983808075E-003,0.0000000000000000)
  0.22439947525641382        0.0000000000000000     
  (2.68245355687178437E-002,-3.09538116190848436E-018)
  0.44879895051282764        0.0000000000000000     
  (5.39212998573835520E-002,-1.28911959119279093E-017)
  0.67319842576924149        0.0000000000000000     
  (8.19257900809494261E-002,-1.14639322745593377E-018)
  0.89759790102565529        0.0000000000000000     
       (0.11079611831238341,-1.00062788133000437E-018)
   1.1219973762820692        0.0000000000000000     
        (0.14113893195632202,1.48899683114723302E-017)
   1.3463968515384830        0.0000000000000000     
        (0.17383977566464948,3.10245339509802248E-019)
   1.5707963267948968        0.0000000000000000     
        (0.20920077966484865,1.81927399713431755E-017)
   1.7951958020513106        0.0000000000000000     
       (0.24791838491093715,-1.48877730127734341E-017)
   2.0195952773077246        0.0000000000000000     
        (0.29172321832793963,1.77202099371483983E-017)
   2.2439947525641384        0.0000000000000000     
       (0.34143534978101686,-1.98672310459343355E-017)
   2.4683942278205522        0.0000000000000000     
        (0.40074637634963844,1.25560754568533366E-018)
   2.6927937030769660        0.0000000000000000     
       (0.47582862000677106,-4.39866844175268628E-017)
   2.9171931783333798        0.0000000000000000     
       (0.57951175124647403,-9.44331742197091092E-018)
   3.1415926535897936        0.0000000000000000     
       (0.72537135765409955,-1.45775276732635751E-017)
   1.0000000000000000                1          28
               (0.0000000000000000,0.0000000000000000)
  -2.9171931783333798        0.0000000000000000     
        (0.58067807882869127,3.83022626116172751E-018)
  -2.6927937030769660        0.0000000000000000     
        (0.47600759688309285,1.50216959489970575E-017)
  -2.4683942278205522        0.0000000000000000     
       (0.40218279660502948,-6.82690858611142928E-018)
  -2.2439947525641384        0.0000000000000000     
        (0.34267747169864210,1.24205870870189015E-017)
  -2.0195952773077246        0.0000000000000000     
       (0.29131026179764274,-1.81828353796496782E-017)
  -1.7951958020513106        0.0000000000000000     
        (0.24715035114485512,2.23789299880269631E-017)
  -1.5707963267948968        0.0000000000000000     
       (0.20831443079321654,-1.37687322272986133E-018)
  -1.3463968515384830        0.0000000000000000     
        (0.17329493822009523,1.25911095827163199E-017)
  -1.1219973762820692        0.0000000000000000     
       (0.14111410196643062,-1.68664520387955514E-017)
 -0.89759790102565529        0.0000000000000000     
        (0.11062629835188729,1.77239469585367154E-018)
 -0.67319842576924149        0.0000000000000000     
  (8.15606660715860882E-002,-1.19953604981390973E-017)
 -0.44879895051282764        0.0000000000000000     
   (5.39587144833038254E-002,1.62965026620261010E-018)
 -0.22439947525641382        0.0000000000000000     
  (2.71053949347998015E-002,-1.31046041195182134E-018)
   0.0000000000000000        0.0000000000000000     
         (5.81166411068205317E-003,0.0000000000000000)
  0.22439947525641382        0.0000000000000000     
   (2.71053949347998015E-002,1.31046041195182134E-018)
  0.44879895051282764        0.0000000000000000     
  (5.39587144833038254E-002,-1.62965026620261010E-018)
  0.67319842576924149        0.0000000000000000     
   (8.15606660715860882E-002,1.19953604981390973E-017)
  0.89759790102565529        0.0000000000000000     
       (0.11062629835188729,-1.77239469585367154E-018)
   1.1219973762820692        0.0000000000000000     
        (0.14111410196643062,1.68664520387955514E-017)
   1.3463968515384830        0.0000000000000000     
       (0.17329493822009523,-1.25911095827163199E-017)
   1.5707963267948968        0.0000000000000000     
        (0.20831443079321654,1.37687322272986133E-018)
   1.7951958020513106        0.0000000000000000     
       (0.24715035114485512,-2.23789299880269631E-017)
   2.0195952773077246        0.0000000000000000     
        (0.29131026179764274,1.81828353796496782E-017)
   2.2439947525641384        0.0000000000000000     
       (0.34267747169864210,-1.24205870870189015E-017)
   2.4683942278205522        0.0000000000000000     
        (0.40218279660502948,6.82690858611142928E-018)
   2.6927937030769660        0.0000000000000000     
       (0.47600759688309285,-1.50216959489970575E-017)
   2.9171931783333798        0.0000000000000000     
       (0.58067807882869127,-3.83022626116172751E-018)
   3.1415926535897936        0.0000000000000000     
       (0.72222613233077360,-1.36577225801710879E-017)
   1.0000000000000000                1          28
               (0.0000000000000000,0.0000000000000000)
  -2.9171931783333798        0.0000000000000000     
       (0.58066026511875291,-1.80840454354781656E-017)
  -2.6927937030769660        0.0000000000000000     
        (0.47636958646301497,1.92612736774409925E-017)
  -2.4683942278205522        0.0000000000000000     
       (0.40123023381054768,-1.52547912920588382E-018)
  -2.2439947525641384        0.0000000000000000     
        (0.34191696743211908,3.07443383030659489E-018)
  -2.0195952773077246        0.0000000000000000     
       (0.29101636928729330,-2.42234953589198619E-017)
  -1.7951958020513106        0.0000000000000000     
        (0.24677046101129993,1.03571274332907531E-018)
  -1.5707963267948968        0.0000000000000000     
       (0.20786096157669179,-8.72457281370138244E-019)
  -1.3463968515384830        0.0000000000000000     
        (0.17346625205949842,1.65695307426277231E-017)
  -1.1219973762820692        0.0000000000000000     
       (0.14145343649207640,-5.03110786017485374E-020)
 -0.89759790102565529        0.0000000000000000     
        (0.11091985287996456,5.47420916016970109E-018)
 -0.67319842576924149        0.0000000000000000     
  (8.22078280941311856E-002,-2.58495966453292377E-018)
 -0.44879895051282764        0.0000000000000000     
   (5.42039149176835044E-002,1.49801638295855954E-018)
 -0.22439947525641382        0.0000000000000000     
  (2.65722954101109618E-002,-9.17480793193805700E-018)
   0.0000000000000000        0.0000000000000000     
         (5.18397552966672840E-003,0.0000000000000000)
  0.22439947525641382        0.0000000000000000     
   (2.65722954101109618E-002,9.17480793193805700E-018)
  0.44879895051282764        0.0000000000000000     
  (5.42039149176835044E-002,-1.49801638295855954E-018)
  0.67319842576924149        0.0000000000000000     
   (8.22078280941311856E-002,2.58495966453292377E-018)
  0.89759790102565529        0.0000000000000000     
       (0.11091985287996456,-5.47420916016970109E-018)
   1.1219973762820692        0.0000000000000000     
        (0.14145343649207640,5.03110786017485374E-020)
   1.3463968515384830        0.0000000000000000     
       (0.17346625205949842,-1.65695307426277231E-017)
   1.5707963267948968        0.0000000000000000     
        (0.20786096157669179,8.72457281370138244E-019)
   1.7951958020513106        0.0000000000000000     
       (0.24677046101129993,-1.03571274332907531E-018)
   2.0195952773077246        0.0000000000000000     
        (0.29101636928729330,2.42234953589198619E-017)
   2.2439947525641384        0.0000000000000000     
       (0.34191696743211908,-3.07443383030659489E-018)
   2.4683942278205522        0.0000000000000000     
        (0.40123023381054768,1.52547912920588382E-018)
   2.6927937030769660        0.0000000000000000     
       (0.47636958646301497,-1.92612736774409925E-017)
   2.9171931783333798        0.0000000000000000     
        (0.58066026511875291,1.80840454354781656E-017)
   3.1415926535897936        0.0000000000000000     
       (0.72551917536396637,-1.46314318128537515E-017)
   1.0000000000000000                1          28
               (0.0000000000000000,0.0000000000000000)
  -2.9171931783333798        0.0000000000000000     
       (0.57936231873966981,-8.42934931058862642E-018)
  -2.6927937030769660        0.0000000000000000     
        (0.47585453027471597,3.53859234617808423E-018)
  -2.4683942278205522        0.0000000000000000     
       (0.40102170817672728,-3.65887287223932944E-018)
  -2.2439947525641384        0.0000000000000000     
        (0.34047506626739266,1.58675330281716040E-017)
  -2.0195952773077246        0.0000000000000000     
       (0.29075145436466238,-5.79994798681394953E-018)
  -1.7951958020513106        0.0000000000000000     
        (0.24756338718739648,1.80632928447128452E-017)
  -1.5707963267948968        0.0000000000000000     
        (0.20871289967843262,4.30091937103584506E-019)
  -1.3463968515384830        0.0000000000000000     
        (0.17393043086373766,3.38011082935322019E-018)
  -1.1219973762820692        0.0000000000000000     
       (0.14145903807723023,-5.20777248040796195E-018)
 -0.89759790102565529        0.0000000000000000     
       (0.11116143149966749,-3.85487082775700198E-018)
 -0.67319842576924149        0.0000000000000000     
  (8.21211581342774360E-002,-8.13331403973332199E-018)
 -0.44879895051282764        0.0000000000000000     
  (5.40728049820674989E-002,-8.12287639950995523E-018)
 -0.22439947525641382        0.0000000000000000     
  (2.70940461422446259E-002,-7.58599085323215518E-018)
   0.0000000000000000        0.0000000000000000     
         (5.97748846917701016E-003,0.0000000000000000)
  0.22439947525641382        0.0000000000000000     
   (2.70940461422446259E-002,7.58599085323215518E-018)
  0.44879895051282764        0.0000000000000000     
   (5.40728049820674989E-002,8.12287639950995523E-018)
  0.67319842576924149        0.0000000000000000     
   (8.21211581342774360E-002,8.13331403973332199E-018)
  0.89759790102565529        0.0000000000000000     
        (0.11116143149966749,3.85487082775700198E-018)
   1.1219973762820692        0.0000000000000000     
        (0.14145903807723023,5.20777248040796195E-018)
   1.3463968515384830        0.0000000000000000     
       (0.17393043086373766,-3.38011082935322019E-018)
   1.5707963267948968        0.0000000000000000     
       (0.20871289967843262,-4.30091937103584506E-019)
   1.7951958020513106        0.0000000000000000     
       (0.24756338718739648,-1.80632928447128452E-017)
   2.0195952773077246        0.0000000000000000     
        (0.29075145436466238,5.79994798681394953E-018)
   2.2439947525641384        0.0000000000000000     
       (0.34047506626739266,-1.58675330281716040E-017)
   2.4683942278205522        0.0000000000000000     
        (0.40102170817672728,3.65887287223932944E-018)
   2.6927937030769660        0.0000000000000000     
       (0.47585453027471597,-3.53859234617808423E-018)
   2.9171931783333798        0.0000000000000000     
        (0.57936231873966981,8.42934931058862642E-018)
   3.1415926535897936        0.0000000000000000     
       (0.72686196275438042,-1.50001450490093415E-017)
   1.0000000000000000                1          28
               (0.0000000000000000,0.0000000000000000)
  -2.9171931783333798        0.0000000000000000     
        (0.58122877107700111,2.31291973965247667E-018)
  -2.6927937030769660        0.0000000000000000     
        (0.47606901854677097,2.46345031820356900E-017)
  -2.4683942278205522        0.0000000000000000     
        (0.40122250675584159,9.29669861546012143E-019)
  -2.2439947525641384        0.0000000000000000     
        (0.34159467271079380,1.53615945648560518E-017)
  -2.0195952773077246        0.0000000000000000     
       (0.29134189608314137,-1.17164108139672664E-017)
  -1.7951958020513106        0.0000000000000000     
        (0.24727666306109011,4.73856072727992680E-018)
  -1.5707963267948968        0.0000000000000000     
       (0.20827345729483596,-5.05845920719527170E-018)
  -1.3463968515384830        0.0000000000000000     
        (0.17296527469268161,1.41327545630648536E-018)
  -1.1219973762820692        0.0000000000000000     
       (0.14117527012989209,-8.17643256127854352E-018)
 -0.89759790102565529        0.0000000000000000     
        (0.11065854315182976,1.17863506617997730E-017)
 -0.67319842576924149        0.0000000000000000     
   (8.16476062574673506E-002,3.75407978150140398E-018)
 -0.44879895051282764        0.0000000000000000     
   (5.36562097964507836E-002,6.63662824917566064E-018)
 -0.22439947525641382        0.0000000000000000     
   (2.68253071470481406E-002,3.74448859903202708E-018)
   0.0000000000000000        0.0000000000000000     
         (5.09588651851472420E-003,0.0000000000000000)
  0.22439947525641382        0.0000000000000000     
  (2.68253071470481406E-002,-3.74448859903202708E-018)
  0.44879895051282764        0.0000000000000000     
  (5.36562097964507836E-002,-6.63662824917566064E-018)
  0.67319842576924149        0.0000000000000000     
  (8.16476062574673506E-002,-3.75407978150140398E-018)
  0.89759790102565529        0.0000000000000000     
       (0.11065854315182976,-1.17863506617997730E-017)
   1.1219973762820692        0.0000000000000000     
        (0.14117527012989209,8.17643256127854352E-018)
   1.3463968515384830        0.0000000000000000     
       (0.17296527469268161,-1.41327545630648536E-018)
   1.5707963267948968        0.0000000000000000     
        (0.20827345729483596,5.05845920719527170E-018)
   1.7951958020513106        0.0000000000000000     
       (0.24727666306109011,-4.73856072727992680E-018)
   2.0195952773077246        0.0000000000000000     
        (0.29134189608314137,1.17164108139672664E-017)
   2.2439947525641384        0.0000000000000000     
       (0.34159467271079380,-1.53615945648560518E-017)
   2.4683942278205522        0.0000000000000000     
       (0.40122250675584159,-9.29669861546012143E-019)
   2.6927937030769660        0.0000000000000000     
       (0.47606901854677097,-2.46345031820356900E-017)
   2.9171931783333798        0.0000000000000000     
       (0.58122877107700111,-2.31291973965247667E-018)
   3.1415926535897936        0.0000000000000000     
       (0.72703372007179734,-1.40820006451946906E-017)
   1.0000000000000000                1          28
               (0.0000000000000000,0.0000000000000000)
  -2.9171931783333798        0.0000000000000000     
       (0.58369767267006745,-6.16548378796195187E-018)
  -2.6927937030769660        0.0000000000000000     
        (0.47383907391072622,1.15741374744709374E-017)
  -2.4683942278205522        0.0000000000000000     
       (0.40024022414989463,-1.11022242903399973E-017)
  -2.2439947525641384        0.0000000000000000     
        (0.34136420237965914,2.08476866667910013E-017)
  -2.0195952773077246        0.0000000000000000     
       (0.29139562738389496,-1.71825703422048830E-017)
  -1.7951958020513106        0.0000000000000000     
        (0.24808541705764273,3.82413990796052137E-018)
  -1.5707963267948968        0.0000000000000000     
       (0.20874680566840534,-1.25499055546373130E-017)
  -1.3463968515384830        0.0000000000000000     
       (0.17336704596101185,-1.02791634695913046E-018)
  -1.1219973762820692        0.0000000000000000     
       (0.14095032802306898,-1.31498373670733415E-017)
 -0.89759790102565529        0.0000000000000000     
        (0.11082732087972362,1.30638637281168774E-017)
 -0.67319842576924149        0.0000000000000000     
  (8.16929899828678779E-002,-2.29494744796209246E-019)
 -0.44879895051282764        0.0000000000000000     
   (5.38668779213639579E-002,5.54066130635740574E-018)
 -0.22439947525641382        0.0000000000000000     
  (2.61304995789453064E-002,-3.38987475174184837E-018)
   0.0000000000000000        0.0000000000000000     
         (3.72191087061300501E-003,0.0000000000000000)
  0.22439947525641382        0.0000000000000000     
   (2.61304995789453064E-002,3.38987475174184837E-018)
  0.44879895051282764        0.0000000000000000     
  (5.38668779213639579E-002,-5.54066130635740574E-018)
  0.67319842576924149        0.0000000000000000     
   (8.16929899828678779E-002,2.29494744796209246E-019)
  0.89759790102565529        0.0000000000000000     
       (0.11082732087972362,-1.30638637281168774E-017)
   1.1219973762820692        0.0000000000000000     
        (0.14095032802306898,1.31498373670733415E-017)
   1.3463968515384830        0.0000000000000000     
        (0.17336704596101185,1.02791634695913046E-018)
   1.5707963267948968        0.0000000000000000     
        (0.20874680566840534,1.25499055546373130E-017)
   1.7951958020513106        0.0000000000000000     
       (0.24808541705764273,-3.82413990796052137E-018)
   2.0195952773077246        0.0000000000000000     
        (0.29139562738389496,1.71825703422048830E-017)
   2.2439947525641384        0.0000000000000000     
       (0.34136420237965914,-2.08476866667910013E-017)
   2.4683942278205522        0.0000000000000000     
        (0.40024022414989463,1.11022242903399973E-017)
   2.6927937030769660        0.0000000000000000     
       (0.47383907391072622,-1.15741374744709374E-017)
   2.9171931783333798        0.0000000000000000     
        (0.58369767267006745,6.16548378796195187E-018)
   3.1415926535897936        0.0000000000000000     
       (0.72786991799484446,-1.32045644168622383E-017)
