     0.0000000        0.62971547        0.01884773
     0.1000000        0.52706578        0.02085332
     0.2000000        0.44304516        0.01860595
     0.3000000        0.36279363        0.02193830
     0.4000000        0.30728741        0.01958267
     0.5000000        0.27035449        0.02122036
     0.6000000        0.24647740        0.03287096
     0.7000000        0.19945307        0.01265086
     0.8000000        0.18154822        0.01623118
     0.9000000        0.12832431        0.06232377
     1.0000000        0.13185681        0.03613545
     1.1000000        0.12481242        0.01901643
     1.2000000        0.12762864        0.02001742
     1.3000000        0.12569589        0.01797057
     1.4000000        0.09062075        0.02249534
     1.5000000        0.09693346        0.01822576
     1.6000000        0.08728194        0.01621791
     1.7000000        0.06428501        0.02036476
     1.8000000        0.02458045        0.04071813
     1.9000000        0.01980016        0.03847937
     2.0000000        0.03598506        0.03155045
     2.1000000        0.04293073        0.02687458
     2.2000000        0.04210576        0.03041104
     2.3000000        0.01997874        0.04942999
     2.4000000        0.05366004        0.02296335
     2.5000000        0.02325318        0.07228514
     2.6000000        0.04740316        0.04345042
     2.7000000        0.08828442        0.07074049
     2.8000000        0.05317243        0.02950052
     2.9000000        0.08633030        0.05330299
     3.0000000        0.05552355        0.02458061
     3.1000000        0.04334633        0.01118181
     3.2000000        0.06008185        0.02234850
     3.3000000        0.04536567        0.01498645
     3.4000000        0.03790568        0.01748797
     3.5000000        0.04595457        0.01831463
     3.6000000        0.04874738        0.02133124
     3.7000000        0.05698856        0.03617138
     3.8000000        0.02643820        0.02056927
     3.9000000        0.02974985        0.02367537
     4.0000000        0.01262815        0.01716732
     4.1000000        0.01206512        0.01133408
     4.2000000        0.00994878        0.00740448
     4.3000000        0.01395142        0.01705553
     4.4000000       -0.00781413        0.01553087
     4.5000000       -0.00639367        0.00872229
     4.6000000        0.01939140        0.01641399
     4.7000000        0.01084226        0.02090246
     4.8000000        0.00913694        0.01447481
     4.9000000        0.00214607        0.00629910
     5.0000000       -0.00154707        0.01028605
     5.1000000        0.01036165        0.00764136
     5.2000000       -0.01166075        0.01265322
     5.3000000       -0.01166117        0.01435173
     5.4000000        0.02158454        0.02288898
     5.5000000        0.01661746        0.01834336
     5.6000000        0.02889667        0.01537194
     5.7000000        0.03386890        0.02336894
     5.8000000        0.03022281        0.01648709
     5.9000000        0.05757711        0.03749985
     6.0000000       -0.00948546        0.03065450
     6.1000000        0.03230659        0.02852144
     6.2000000        0.07532467        0.07765828
     6.3000000        0.02639008        0.04666468
     6.4000000        0.05660624        0.07146085
     6.5000000        0.07753922        0.08473728
     6.6000000        0.06611217        0.04602997
     6.7000000        0.02126761        0.03472063
     6.8000000        0.05754980        0.06206762
     6.9000000        0.04907439        0.04900175
     7.0000000        0.04837095        0.04555229
     7.1000000        0.03768020        0.03423564
     7.2000000       -0.01238967        0.02277053
     7.3000000        0.02099084        0.02929974
     7.4000000        0.02737717        0.03167681
     7.5000000        0.03992065        0.02377072
     7.6000000        0.03373746        0.02037439
     7.7000000        0.01959077        0.02939101
     7.8000000       -0.01340287        0.04776508
     7.9000000       -0.02732115        0.05827659
     8.0000000       -0.00318462        0.02314066
     8.1000000       -0.00807221        0.02722350
     8.2000000       -0.09339206        0.11935500
     8.3000000       -0.08622484        0.11411434
     8.4000000       -0.07556304        0.08316472
     8.5000000       -0.08779818        0.10567094
     8.6000000       -0.01826053        0.02655814
     8.7000000        0.05148286        0.04210372
     8.8000000        0.06170039        0.05234060
     8.9000000        0.11951949        0.09773347
     9.0000000        0.04916472        0.05929397
     9.1000000        0.01396323        0.11239418
     9.2000000       -0.00845291        0.04133840
     9.3000000       -0.11395890        0.14589538
     9.4000000       -0.09039059        0.10905350
     9.5000000       -0.03136919        0.05430829
     9.6000000       -0.00647986        0.04785975
     9.7000000       -0.14286322        0.18407303
     9.8000000       -2.27603137        2.35908729
     9.9000000       -2.15475765        2.24963821
    10.0000000       -1.19279782        1.25174089
    10.1000000       -1.17183358        1.18727866
    10.2000000       -0.61700422        0.62657172
    10.3000000       -0.09089274        0.09787797
    10.4000000       -0.02622468        0.05743462
    10.5000000       -0.02656706        0.02669840
    10.6000000       -0.00978244        0.04919727
    10.7000000       -0.02509496        0.04313018
    10.8000000       -0.02666370        0.02610328
    10.9000000       -0.06658401        0.08040050
    11.0000000       -0.05371726        0.05561132
    11.1000000        0.00581180        0.01769620
    11.2000000        0.16828029        0.20723113
    11.3000000        0.03620605        0.07006338
    11.4000000        0.00966992        0.02969579
    11.5000000       -0.01766089        0.02456315
    11.6000000       -0.01521155        0.04690801
    11.7000000       -0.02499349        0.04612440
    11.8000000        0.01592259        0.05703473
    11.9000000       -0.02858128        0.04666974
    12.0000000       -0.02379731        0.05634143
    12.1000000       -0.00568514        0.05696316
    12.2000000       -0.05739984        0.06158184
    12.3000000       -0.03090352        0.06046229
    12.4000000       -0.01952805        0.04044733
    12.5000000       -0.01416033        0.03685230
    12.6000000       -0.03362296        0.05827039
    12.7000000       -0.04501662        0.05297331
    12.8000000       -0.04660803        0.04827227
    12.9000000       -0.03500993        0.05325841
    13.0000000       -0.02572274        0.03393010
    13.1000000        0.00399685        0.02060445
    13.2000000        0.00804834        0.02090181
    13.3000000        0.00424623        0.01649422
    13.4000000        0.03287941        0.02687161
    13.5000000        0.02730737        0.02105756
    13.6000000        0.03199383        0.02165393
    13.7000000        0.01971491        0.01548280
    13.8000000        0.02228542        0.02077498
    13.9000000        0.02126917        0.01828662
    14.0000000        0.03769380        0.01949074
    14.1000000        0.06397883        0.05244522
    14.2000000        0.07274016        0.06272938
    14.3000000        0.00620364        0.11555435
    14.4000000        0.01814732        0.14389921
    14.5000000        0.02642963        0.07521158
    14.6000000        0.00325780        0.06226811
    14.7000000       -0.00134807        0.05085104
    14.8000000        0.01237009        0.04672695
    14.9000000       -0.01243495        0.03911175
    15.0000000       -0.00355634        0.02849691
    15.1000000       -0.01512045        0.04013264
    15.2000000       -0.01156711        0.03680593
    15.3000000       -0.04418883        0.04743564
    15.4000000       -0.04032814        0.03327597
    15.5000000       -0.05266072        0.04599584
    15.6000000       -0.03908809        0.02731357
    15.7000000        0.00141148        0.01919394
    15.8000000        0.00839147        0.02194428
    15.9000000       -0.00439529        0.02439049
    16.0000000       -0.00449701        0.02520158
    16.1000000       -0.02543912        0.03784303
    16.2000000       -0.02280218        0.03926105
    16.3000000       -0.05121728        0.06199729
    16.4000000        0.03108056        0.02488013
    16.5000000        0.22952787        0.21254708
    16.6000000        0.09803767        0.07743668
    16.7000000        0.00820878        0.04223659
    16.8000000       -0.00966515        0.03889238
    16.9000000       -0.00405121        0.07086193
    17.0000000        0.02138215        0.03388910
    17.1000000        0.04247159        0.03344110
    17.2000000        0.03173844        0.05486198
    17.3000000       -0.05607860        0.09779699
    17.4000000       -0.02613862        0.09260417
    17.5000000       -0.04657656        0.09158798
    17.6000000        0.03796462        0.05293992
    17.7000000        0.07834697        0.01954013
    17.8000000        0.06527552        0.02560963
    17.9000000        0.07062012        0.04879464
    18.0000000        0.10823014        0.04414592
    18.1000000        0.11262786        0.04736247
    18.2000000        0.08407545        0.03336358
    18.3000000        0.12665996        0.04337166
    18.4000000        0.18358781        0.07299651
    18.5000000        0.20810354        0.08497064
    18.6000000        0.15060984        0.06845949
    18.7000000        0.15427934        0.05563532
    18.8000000        0.23037893        0.07687942
    18.9000000        0.24678418        0.06767043
    19.0000000        0.21309101        0.05134694
    19.1000000        0.25965128        0.06781220
    19.2000000        0.28974049        0.06924848
    19.3000000        0.31117450        0.06658235
    19.4000000        0.24544111        0.01890525
    19.5000000        0.27628913        0.02641957
    19.6000000        0.30361305        0.03165704
    19.7000000        0.36059583        0.02368161
    19.8000000        0.44513493        0.02435968
    19.9000000        0.53492254        0.03405574
    20.0000000        0.62971547        0.01884773
