     0.0000000        2.63765318        0.26555060
     0.1000000        2.47368585        0.26749472
     0.2000000        2.33325746        0.27019336
     0.3000000        2.20238472        0.26973376
     0.4000000        2.08971132        0.27249082
     0.5000000        1.97101843        0.27329307
     0.6000000        1.88689968        0.27235938
     0.7000000        1.78734588        0.26077072
     0.8000000        1.70662759        0.25922526
     0.9000000        1.63859707        0.25607160
     1.0000000        1.56929666        0.25280403
     1.1000000        1.50752843        0.25310433
     1.2000000        1.46351704        0.26154893
     1.3000000        1.40469220        0.26321787
     1.4000000        1.36001079        0.26773675
     1.5000000        1.31119008        0.26410571
     1.6000000        1.26134754        0.26233484
     1.7000000        1.22119233        0.25958107
     1.8000000        1.17786387        0.26456842
     1.9000000        1.12819779        0.26548443
     2.0000000        1.09248353        0.26810553
     2.1000000        1.08187458        0.27661278
     2.2000000        1.06951578        0.28624553
     2.3000000        1.04699743        0.29948383
     2.4000000        1.01053236        0.29458537
     2.5000000        0.97049717        0.28969407
     2.6000000        0.95733416        0.28317029
     2.7000000        0.95203136        0.28481196
     2.8000000        0.92287942        0.27809936
     2.9000000        0.89642590        0.27210086
     3.0000000        0.88364377        0.26081627
     3.1000000        0.89060552        0.26454993
     3.2000000        0.89435559        0.26548978
     3.3000000        0.89478076        0.26662045
     3.4000000        0.88611362        0.27407508
     3.5000000        0.86419155        0.27790901
     3.6000000        0.83179700        0.27653407
     3.7000000        0.79904144        0.27370503
     3.8000000        0.75947831        0.26328270
     3.9000000        0.74246250        0.25492352
     4.0000000        0.75640835        0.25288759
     4.1000000        0.76669296        0.25412159
     4.2000000        0.76525907        0.25750015
     4.3000000        0.73901650        0.25828371
     4.4000000        0.73893355        0.24804727
     4.5000000        0.73301570        0.23568084
     4.6000000        0.73344932        0.22666269
     4.7000000        0.76162172        0.23256745
     4.8000000        0.77566880        0.23514831
     4.9000000        0.77717719        0.23216367
     5.0000000        0.79011443        0.23661929
     5.1000000        0.80368846        0.23759126
     5.2000000        0.81704895        0.23001379
     5.3000000        0.83726446        0.22985454
     5.4000000        0.85100774        0.23377110
     5.5000000        0.86208617        0.23281326
     5.6000000        0.87086511        0.23765235
     5.7000000        0.90141815        0.24120203
     5.8000000        0.95441663        0.24001973
     5.9000000        0.98536205        0.23838927
     6.0000000        1.01257251        0.23543684
     6.1000000        1.02228156        0.23122099
     6.2000000        1.03662827        0.23113470
     6.3000000        1.06270549        0.22591211
     6.4000000        1.09743630        0.22178379
     6.5000000        1.12930787        0.21925958
     6.6000000        1.13312693        0.21171254
     6.7000000        1.14836291        0.20930947
     6.8000000        1.14565253        0.20764244
     6.9000000        1.14716233        0.19862310
     7.0000000        1.14347038        0.18645952
     7.1000000        1.14732138        0.18952404
     7.2000000        1.17297638        0.19670925
     7.3000000        1.17142221        0.19954332
     7.4000000        1.17177937        0.20318545
     7.5000000        1.15807988        0.20733290
     7.6000000        1.14604574        0.21337273
     7.7000000        1.14298491        0.22412598
     7.8000000        1.14194014        0.23083630
     7.9000000        1.18697767        0.24454506
     8.0000000        1.21589981        0.24508001
     8.1000000        1.22700283        0.24955264
     8.2000000        1.26757429        0.26164723
     8.3000000        1.30397267        0.27503218
     8.4000000        1.32985752        0.27966203
     8.5000000        1.35872991        0.28097381
     8.6000000        1.42523501        0.27823250
     8.7000000        1.48649605        0.27828541
     8.8000000        1.54916657        0.28372434
     8.9000000        1.59561135        0.28693266
     9.0000000        1.64647594        0.28179701
     9.1000000        1.69269011        0.27996353
     9.2000000        1.76031992        0.28269304
     9.3000000        1.81610234        0.28579252
     9.4000000        1.87062183        0.28703615
     9.5000000        1.95267099        0.28589187
     9.6000000        2.05295600        0.27735628
     9.7000000        2.17600145        0.26957340
     9.8000000        2.30157339        0.27089406
     9.9000000        2.45322895        0.26988615
    10.0000000        2.63765318        0.26555060
