         201           5   20.000000000000000                1
     0.0000000        0.88315734        0.02072201
     0.1000000        0.71605540        0.02198206
     0.2000000        0.59763006        0.01934430
     0.3000000        0.49468689        0.01984791
     0.4000000        0.40913921        0.01827920
     0.5000000        0.33766574        0.01768819
     0.6000000        0.27906948        0.01975555
     0.7000000        0.23463821        0.01328607
     0.8000000        0.19146138        0.01389055
     0.9000000        0.17528623        0.00880935
     1.0000000        0.15346501        0.00868541
     1.1000000        0.13351070        0.00772513
     1.2000000        0.11479012        0.00941263
     1.3000000        0.09797550        0.00756935
     1.4000000        0.08372962        0.00349318
     1.5000000        0.07209468        0.00434472
     1.6000000        0.05885436        0.00644565
     1.7000000        0.05343245        0.00786978
     1.8000000        0.04229174        0.01159363
     1.9000000        0.02952666        0.01121466
     2.0000000        0.02526249        0.01010174
     2.1000000        0.02624448        0.00667087
     2.2000000        0.02944752        0.00256144
     2.3000000        0.02961886        0.00534701
     2.4000000        0.02293141        0.01009236
     2.5000000        0.01494409        0.00758974
     2.6000000        0.00782498        0.00763458
     2.7000000        0.00909981        0.00500356
     2.8000000        0.00884308        0.00624299
     2.9000000        0.00032567        0.00816557
     3.0000000       -0.00067025        0.00786041
     3.1000000        0.00033996        0.00730700
     3.2000000        0.00531454        0.00498002
     3.3000000        0.00027298        0.00669007
     3.4000000       -0.00448114        0.00601170
     3.5000000       -0.00022510        0.00485927
     3.6000000        0.00244596        0.00471837
     3.7000000       -0.00468046        0.00613286
     3.8000000       -0.00506762        0.00722193
     3.9000000       -0.00503176        0.00409167
     4.0000000        0.00060670        0.00450170
     4.1000000       -0.00194689        0.00721274
     4.2000000       -0.00492376        0.00796200
     4.3000000       -0.00558568        0.00415524
     4.4000000       -0.00354217        0.00299959
     4.5000000       -0.00341442        0.00465758
     4.6000000       -0.00541061        0.00652149
     4.7000000       -0.00278343        0.00493897
     4.8000000       -0.00501869        0.00269369
     4.9000000       -0.00185696        0.00321296
     5.0000000       -0.00840436        0.00872435
     5.1000000       -0.00163788        0.00664764
     5.2000000       -0.00527061        0.00644485
     5.3000000       -0.00150835        0.00532553
     5.4000000       -0.00867134        0.00396186
     5.5000000       -0.01188405        0.00615347
     5.6000000       -0.00974179        0.00499463
     5.7000000       -0.00065672        0.00421226
     5.8000000       -0.00139504        0.00536679
     5.9000000       -0.00579608        0.00284630
     6.0000000        0.00015680        0.00687509
     6.1000000       -0.00496371        0.00519088
     6.2000000       -0.00409403        0.00722514
     6.3000000       -0.00374455        0.00607301
     6.4000000        0.00125287        0.00890041
     6.5000000        0.00130994        0.00662106
     6.6000000        0.00588749        0.00864399
     6.7000000        0.00474746        0.00731694
     6.8000000        0.00052046        0.00639956
     6.9000000        0.00182768        0.00475389
     7.0000000        0.00366465        0.00639768
     7.1000000        0.00399598        0.00487849
     7.2000000        0.00343014        0.00485317
     7.3000000        0.00284697        0.00566022
     7.4000000        0.00018906        0.00461816
     7.5000000       -0.00313218        0.00318867
     7.6000000       -0.00732076        0.00244647
     7.7000000       -0.00756034        0.00245194
     7.8000000       -0.00835397        0.00276826
     7.9000000       -0.00244097        0.00312189
     8.0000000       -0.00998425        0.00789714
     8.1000000       -0.00533578        0.00488524
     8.2000000       -0.00568342        0.00501772
     8.3000000       -0.00948212        0.00788739
     8.4000000       -0.01071280        0.00744817
     8.5000000       -0.00543139        0.00510027
     8.6000000       -0.00237802        0.00392246
     8.7000000       -0.00112761        0.00637682
     8.8000000       -0.00245822        0.00363572
     8.9000000       -0.00455600        0.00400699
     9.0000000       -0.00480960        0.00477338
     9.1000000       -0.00715057        0.00363674
     9.2000000       -0.00570658        0.00311665
     9.3000000       -0.00519319        0.00341144
     9.4000000       -0.00578387        0.00430726
     9.5000000       -0.00720843        0.00257430
     9.6000000       -0.00529695        0.00379007
     9.7000000       -0.00645422        0.00329753
     9.8000000       -0.00164152        0.00482657
     9.9000000       -0.00085469        0.00374351
    10.0000000       -0.00388059        0.00512610
    10.1000000       -0.00704373        0.00320249
    10.2000000       -0.00330423        0.00527746
    10.3000000       -0.00531263        0.00526551
    10.4000000       -0.00059450        0.00477197
    10.5000000        0.00190781        0.00610480
    10.6000000        0.00205714        0.00648113
    10.7000000        0.00248700        0.00599454
    10.8000000       -0.00043811        0.00420073
    10.9000000        0.00230282        0.00419634
    11.0000000        0.00195385        0.00418411
    11.1000000       -0.00001480        0.00438052
    11.2000000        0.00026670        0.00267872
    11.3000000        0.00029842        0.00151345
    11.4000000        0.00010273        0.00079647
    11.5000000        0.00242632        0.00222211
    11.6000000        0.00172314        0.00295881
    11.7000000        0.00122098        0.00348042
    11.8000000       -0.00079895        0.00361572
    11.9000000        0.00157417        0.00394454
    12.0000000        0.00335355        0.00229868
    12.1000000        0.00620602        0.00406234
    12.2000000        0.00610335        0.00373141
    12.3000000        0.00499246        0.00315224
    12.4000000        0.00216721        0.00333991
    12.5000000        0.00132831        0.00287632
    12.6000000        0.00321696        0.00371285
    12.7000000        0.00445559        0.00456915
    12.8000000        0.00707105        0.00800936
    12.9000000        0.00511995        0.00468648
    13.0000000        0.00586413        0.00598308
    13.1000000        0.00499302        0.00603808
    13.2000000        0.01171262        0.01241037
    13.3000000        0.00608430        0.00507846
    13.4000000        0.00814656        0.00671254
    13.5000000        0.00569747        0.00647274
    13.6000000        0.00262704        0.00691811
    13.7000000        0.00285113        0.00441834
    13.8000000        0.00218023        0.00414924
    13.9000000        0.00179718        0.00270478
    14.0000000        0.00206651        0.00275435
    14.1000000        0.00197065        0.00280472
    14.2000000        0.00211990        0.00289414
    14.3000000        0.00307706        0.00223967
    14.4000000        0.00116904        0.00233807
    14.5000000       -0.00022323        0.00255511
    14.6000000        0.00157820        0.00258589
    14.7000000       -0.00034299        0.00355244
    14.8000000       -0.00200207        0.00253821
    14.9000000        0.00018400        0.00170373
    15.0000000       -0.00321985        0.00273336
    15.1000000        0.00088547        0.00174670
    15.2000000        0.00088055        0.00249595
    15.3000000        0.00119718        0.00250633
    15.4000000       -0.00188521        0.00235823
    15.5000000       -0.00212006        0.00205222
    15.6000000       -0.00148349        0.00270477
    15.7000000        0.00374323        0.00462071
    15.8000000        0.00521554        0.00727836
    15.9000000        0.00595469        0.00426284
    16.0000000        0.00360772        0.00630361
    16.1000000       -0.00063625        0.00620058
    16.2000000        0.00346735        0.00274833
    16.3000000        0.00351042        0.00565831
    16.4000000        0.00421588        0.00267220
    16.5000000        0.00132268        0.00226708
    16.6000000        0.00506936        0.00257899
    16.7000000        0.00106253        0.00229945
    16.8000000        0.00372033        0.00411200
    16.9000000        0.00594806        0.00696594
    17.0000000        0.00499260        0.00654858
    17.1000000        0.00213741        0.00387967
    17.2000000        0.00526730        0.00376864
    17.3000000        0.00698912        0.00651908
    17.4000000        0.00289963        0.00644455
    17.5000000       -0.00189361        0.00863595
    17.6000000       -0.00733642        0.00699277
    17.7000000       -0.00584364        0.00673726
    17.8000000       -0.00357254        0.00530930
    17.9000000       -0.00044503        0.00625146
    18.0000000        0.00023904        0.00498535
    18.1000000        0.00439202        0.00634762
    18.2000000       -0.00144112        0.00796725
    18.3000000        0.00163244        0.00815908
    18.4000000       -0.00182343        0.00794130
    18.5000000       -0.00120607        0.00762246
    18.6000000       -0.00362532        0.00609227
    18.7000000       -0.00164089        0.00574507
    18.8000000       -0.00020437        0.00622507
    18.9000000        0.00389751        0.00732874
    19.0000000        0.00988951        0.00901580
    19.1000000        0.01394869        0.01258890
    19.2000000        0.01383301        0.00712327
    19.3000000        0.01649496        0.00941495
    19.4000000        0.00989634        0.00721372
    19.5000000        0.01840602        0.01004777
    19.6000000        0.02796215        0.01284374
    19.7000000        0.03604681        0.01425638
    19.8000000        0.05751581        0.01459750
    19.9000000        0.08576321        0.01573902
    20.0000000        0.11684266        0.02072201
