     0.0000000        3.89312255        3.02570494
     0.1000000        1.84534768        0.97039939
     0.2000000        3.19716663        2.52682323
     0.3000000        3.14522545        2.58549443
     0.4000000        2.10531734        1.52228961
     0.5000000        2.70448848        2.34905609
     0.6000000        2.54903920        2.08714645
     0.7000000        2.53890972        2.13649694
     0.8000000        1.64039004        1.23659229
     0.9000000        0.75897642        0.39395794
     1.0000000        1.00556973        0.64555504
     1.1000000        0.42558853        0.31426445
     1.2000000       -0.12538760        0.57036956
     1.3000000        0.16759129        0.35191222
     1.4000000       -0.45605228        0.65352358
     1.5000000       -0.10513114        0.34689284
     1.6000000       -0.02853108        0.18821599
     1.7000000       -0.05854782        0.16736187
     1.8000000        0.00898823        0.09596811
     1.9000000       -0.06003176        0.18879168
     2.0000000       -0.01396555        0.11033099
     2.1000000        0.00711395        0.09937182
     2.2000000        0.08047321        0.09109369
     2.3000000       -0.03313483        0.08543270
     2.4000000        0.00026247        0.08932563
     2.5000000       -0.05711995        0.06333767
     2.6000000       -0.08086753        0.10627109
     2.7000000        0.02909712        0.08672141
     2.8000000       -0.06288352        0.09013973
     2.9000000        0.04033710        0.04035528
     3.0000000        0.02707035        0.07781219
     3.1000000        0.06222115        0.04940036
     3.2000000        0.06313155        0.04555528
     3.3000000        0.04076952        0.02750525
     3.4000000       -0.00579170        0.06627660
     3.5000000        0.04616231        0.02224349
     3.6000000        0.05451911        0.03470561
     3.7000000        0.06194164        0.03663506
     3.8000000        0.07529483        0.06144728
     3.9000000        0.01853197        0.02746375
     4.0000000        0.00872224        0.05614966
     4.1000000        0.01318548        0.05018196
     4.2000000       -0.06463521        0.12327294
     4.3000000        0.01102174        0.23656958
     4.4000000       -0.43506129        0.51677847
     4.5000000        0.41317361        0.51024944
     4.6000000       -0.01330573        0.06531737
     4.7000000        0.00580210        0.13292123
     4.8000000        0.25041775        0.28249253
     4.9000000        0.07488721        0.09222533
     5.0000000        0.02327511        0.04135533
     5.1000000       -0.09192024        0.18536461
     5.2000000        0.00108142        0.10013989
     5.3000000        0.09793093        0.09967310
     5.4000000        0.33177714        0.24517571
     5.5000000        0.08667531        0.06636918
     5.6000000        0.02544600        0.02641705
     5.7000000       -0.04709658        0.03144719
     5.8000000       -0.11372464        0.14837834
     5.9000000       -0.04812393        0.06362728
     6.0000000       -0.01711937        0.06023155
     6.1000000       -0.03459557        0.04067596
     6.2000000       -0.03647063        0.02994813
     6.3000000        0.03414226        0.06803268
     6.4000000        0.00093447        0.04560139
     6.5000000       -0.05732303        0.06449609
     6.6000000        0.01101384        0.07024678
     6.7000000       -0.01482773        0.09106186
     6.8000000       -0.14398344        0.10458280
     6.9000000        0.09416808        0.13558727
     7.0000000        0.55717553        0.54583854
     7.1000000        0.74972663        0.61289654
     7.2000000        0.44338035        0.49879517
     7.3000000       -0.01857280        0.35265604
     7.4000000       -0.24792937        0.74240293
     7.5000000        0.22090884        0.49660426
     7.6000000        0.68591343        0.91914303
     7.7000000        1.69889949        1.99541011
     7.8000000        0.48608508        0.67398693
     7.9000000        0.31578905        0.28480504
     8.0000000        0.17107930        0.16195917
     8.1000000        0.54417115        0.47010708
     8.2000000        0.39315973        0.23310350
     8.3000000        0.53188966        0.37646879
     8.4000000        0.55457449        0.43477166
     8.5000000        0.06183098        0.22827563
     8.6000000       -0.03483839        0.09849645
     8.7000000        0.05923708        0.17336141
     8.8000000        0.04059608        0.08818128
     8.9000000        0.01861934        0.09717265
     9.0000000        0.14026593        0.08333799
     9.1000000        0.21590583        0.09040028
     9.2000000        0.35651896        0.07207797
     9.3000000        0.29706179        0.14712411
     9.4000000        0.19889063        0.09932904
     9.5000000        0.55720847        0.11848646
     9.6000000        0.57737968        0.08529340
     9.7000000        1.11925129        0.49933721
     9.8000000        3.26455092        2.81660145
     9.9000000        2.83994656        2.14233905
    10.0000000        3.89312255        3.02570494
