         101           5   20.000000000000000                1
     0.0000000        0.14225813        0.00348405
     0.1000000        0.10294871        0.00421256
     0.2000000        0.07268638        0.00382949
     0.3000000        0.05490446        0.00651599
     0.4000000        0.04767680        0.01462286
     0.5000000        0.03117462        0.01116232
     0.6000000        0.02445861        0.00722099
     0.7000000        0.01358774        0.00287037
     0.8000000        0.01206499        0.00683051
     0.9000000        0.00576092        0.00402511
     1.0000000        0.01323816        0.00964961
     1.1000000        0.00794094        0.00698980
     1.2000000       -0.00166000        0.00384474
     1.3000000       -0.01219575        0.00704689
     1.4000000       -0.00932736        0.00824825
     1.5000000        0.00020263        0.00226220
     1.6000000       -0.02080195        0.02373251
     1.7000000       -0.02499027        0.02863328
     1.8000000       -0.02189638        0.02901011
     1.9000000       -0.03966200        0.06087284
     2.0000000       -0.00094528        0.01106979
     2.1000000       -0.01263446        0.02140046
     2.2000000       -0.01643836        0.01817388
     2.3000000       -0.00533442        0.00928040
     2.4000000       -0.00788262        0.00897259
     2.5000000        0.00287338        0.00292582
     2.6000000       -0.00147086        0.00499581
     2.7000000       -0.00120373        0.00936736
     2.8000000        0.00516893        0.00570601
     2.9000000       -0.00974211        0.01543979
     3.0000000       -0.01336166        0.01674749
     3.1000000        0.04725540        0.05269840
     3.2000000        0.00995089        0.01267699
     3.3000000        0.05112974        0.05997033
     3.4000000        0.01019733        0.01430498
     3.5000000       -0.00227435        0.00212975
     3.6000000       -0.00154752        0.00309379
     3.7000000       -0.00718829        0.01210051
     3.8000000        0.00154667        0.00507814
     3.9000000        0.00864679        0.01505758
     4.0000000       -0.00860018        0.00652862
     4.1000000       -0.01305477        0.01585448
     4.2000000        0.00380246        0.00542116
     4.3000000        0.00441893        0.00163001
     4.4000000       -0.00741280        0.00915934
     4.5000000       -0.01809722        0.01992687
     4.6000000        0.00330433        0.00604093
     4.7000000        0.00211439        0.00388552
     4.8000000        0.00115802        0.00460599
     4.9000000        0.00374097        0.00848135
     5.0000000       -0.00040407        0.00165809
     5.1000000       -0.00763089        0.00603012
     5.2000000       -0.01515644        0.01960934
     5.3000000       -0.00051948        0.00522734
     5.4000000       -0.00558777        0.00666553
     5.5000000       -0.00896317        0.01044652
     5.6000000       -0.00243287        0.00374974
     5.7000000        0.00125876        0.00270568
     5.8000000       -0.00191587        0.00448474
     5.9000000       -0.00441352        0.00564136
     6.0000000       -0.00168926        0.00280665
     6.1000000       -0.00305153        0.00153593
     6.2000000        0.00499000        0.00548245
     6.3000000       -0.00243463        0.00378219
     6.4000000       -0.00153579        0.00204758
     6.5000000       -0.00767252        0.00549499
     6.6000000       -0.00762872        0.00637895
     6.7000000       -0.01251132        0.01398147
     6.8000000       -0.01683108        0.01634953
     6.9000000       -0.03070027        0.03457059
     7.0000000       -0.01275699        0.01381494
     7.1000000       -0.01931198        0.02316618
     7.2000000       -0.00413275        0.00489674
     7.3000000       -0.00383696        0.00143662
     7.4000000       -0.00080424        0.00188834
     7.5000000        0.00059129        0.00141400
     7.6000000        0.00025644        0.00143747
     7.7000000       -0.00278210        0.00172637
     7.8000000       -0.00082629        0.00145131
     7.9000000       -0.00063042        0.00245745
     8.0000000        0.00020719        0.00603555
     8.1000000        0.00342719        0.00317602
     8.2000000       -0.00129495        0.00080338
     8.3000000        0.00029838        0.00080008
     8.4000000        0.00210925        0.00175592
     8.5000000       -0.00055355        0.00177057
     8.6000000       -0.00068468        0.00260091
     8.7000000       -0.00340219        0.00596842
     8.8000000       -0.00659044        0.01248548
     8.9000000       -0.00420765        0.00902290
     9.0000000        0.00417696        0.00481331
     9.1000000        0.00013689        0.00097679
     9.2000000        0.00567680        0.00787165
     9.3000000       -0.00594911        0.00359974
     9.4000000       -0.00913061        0.00705344
     9.5000000       -0.00289736        0.00248805
     9.6000000        0.00040964        0.00054653
     9.7000000       -0.00004480        0.00101862
     9.8000000        0.00015140        0.00196747
     9.9000000        0.00170952        0.00227882
    10.0000000        0.00119110        0.00187079
