           2               (13.999999999999954,0.0000000000000000)   1.0000000000000000     
           2               (13.999999999998778,0.0000000000000000)   1.0000000000000000     
           2               (14.000000000000069,0.0000000000000000)   1.0000000000000000     
           2               (14.000000000002620,0.0000000000000000)   1.0000000000000000     
           2               (13.999999999998531,0.0000000000000000)   1.0000000000000000     
           2               (13.999999999999421,0.0000000000000000)   1.0000000000000000     
           2               (14.000000000001339,0.0000000000000000)   1.0000000000000000     
           2               (13.999999999998725,0.0000000000000000)   1.0000000000000000     
           2               (14.000000000000046,0.0000000000000000)   1.0000000000000000     
           2               (13.999999999999867,0.0000000000000000)   1.0000000000000000     
           2               (14.000000000000210,0.0000000000000000)   1.0000000000000000     
           2               (14.000000000000862,0.0000000000000000)   1.0000000000000000     
           2               (14.000000000001888,0.0000000000000000)   1.0000000000000000     
           2               (13.999999999998481,0.0000000000000000)   1.0000000000000000     
           2               (14.000000000001249,0.0000000000000000)   1.0000000000000000     
           2               (13.999999999999545,0.0000000000000000)   1.0000000000000000     
           2               (14.000000000001309,0.0000000000000000)   1.0000000000000000     
           2               (13.999999999999673,0.0000000000000000)   1.0000000000000000     
           2               (13.999999999999234,0.0000000000000000)   1.0000000000000000     
