     0.0000000        0.95743581        0.00428215
     0.1000000        0.68961353        0.00505012
     0.2000000        0.49031180        0.00485341
     0.3000000        0.35490658        0.00379566
     0.4000000        0.25299622        0.00499518
     0.5000000        0.18377845        0.00441077
     0.6000000        0.13572832        0.00470125
     0.7000000        0.09859880        0.00453099
     0.8000000        0.06781831        0.00324545
     0.9000000        0.05097911        0.00264788
     1.0000000        0.03576921        0.00421919
     1.1000000        0.02754438        0.00448490
     1.2000000        0.01860307        0.00445233
     1.3000000        0.01419870        0.00365386
     1.4000000        0.00886642        0.00334449
     1.5000000        0.00863442        0.00274734
     1.6000000        0.00792407        0.00290818
     1.7000000        0.00827010        0.00398331
     1.8000000        0.00364540        0.00351426
     1.9000000        0.00453960        0.00396301
     2.0000000        0.00088604        0.00343645
     2.1000000        0.00420327        0.00288653
     2.2000000        0.00432459        0.00227931
     2.3000000       -0.00049958        0.00284666
     2.4000000       -0.00280272        0.00348271
     2.5000000       -0.00207090        0.00266839
     2.6000000       -0.00026189        0.00299613
     2.7000000        0.00058737        0.00240770
     2.8000000        0.00214324        0.00156527
     2.9000000        0.00123765        0.00101649
     3.0000000        0.00157118        0.00110951
     3.1000000        0.00017178        0.00138264
     3.2000000        0.00074026        0.00195018
     3.3000000        0.00143240        0.00150044
     3.4000000       -0.00142549        0.00179443
     3.5000000       -0.00276895        0.00175014
     3.6000000        0.00052412        0.00191202
     3.7000000        0.00148801        0.00259647
     3.8000000        0.00083629        0.00181144
     3.9000000        0.00209279        0.00175815
     4.0000000        0.00277170        0.00198035
     4.1000000        0.00264581        0.00232642
     4.2000000        0.00266464        0.00197120
     4.3000000        0.00298214        0.00174885
     4.4000000        0.00193576        0.00259435
     4.5000000        0.00362534        0.00219207
     4.6000000        0.00431259        0.00251724
     4.7000000        0.00278060        0.00183439
     4.8000000        0.00115477        0.00184017
     4.9000000        0.00067555        0.00186141
     5.0000000        0.00113894        0.00185870
     5.1000000        0.00268972        0.00177647
     5.2000000        0.00204897        0.00210282
     5.3000000       -0.00017057        0.00392671
     5.4000000        0.00048989        0.00274854
     5.5000000       -0.00167051        0.00285782
     5.6000000       -0.00273718        0.00270383
     5.7000000       -0.00044332        0.00247391
     5.8000000        0.00051076        0.00204645
     5.9000000        0.00192119        0.00226317
     6.0000000        0.00202463        0.00186985
     6.1000000        0.00104725        0.00197138
     6.2000000        0.00017210        0.00240963
     6.3000000        0.00090126        0.00201248
     6.4000000       -0.00015290        0.00183861
     6.5000000        0.00066433        0.00258981
     6.6000000        0.00176137        0.00260967
     6.7000000       -0.00088821        0.00339060
     6.8000000       -0.00088923        0.00247367
     6.9000000        0.00144627        0.00182409
     7.0000000        0.00151328        0.00173954
     7.1000000        0.00135589        0.00235001
     7.2000000        0.00128466        0.00284375
     7.3000000        0.00112313        0.00178659
     7.4000000        0.00073290        0.00263422
     7.5000000        0.00260965        0.00254576
     7.6000000        0.00204995        0.00241257
     7.7000000        0.00223168        0.00216388
     7.8000000        0.00136523        0.00239921
     7.9000000        0.00007064        0.00219144
     8.0000000        0.00072063        0.00209121
     8.1000000        0.00012641        0.00219885
     8.2000000        0.00180445        0.00197227
     8.3000000       -0.00015847        0.00094996
     8.4000000       -0.00056805        0.00100294
     8.5000000       -0.00078864        0.00111407
     8.6000000       -0.00212934        0.00175182
     8.7000000       -0.00255692        0.00190265
     8.8000000       -0.00079694        0.00127327
     8.9000000       -0.00146475        0.00165930
     9.0000000       -0.00078087        0.00198506
     9.1000000       -0.00023345        0.00198168
     9.2000000        0.00014668        0.00201815
     9.3000000       -0.00126244        0.00237643
     9.4000000       -0.00078450        0.00176484
     9.5000000       -0.00067511        0.00242113
     9.6000000       -0.00021735        0.00235607
     9.7000000       -0.00091306        0.00173977
     9.8000000       -0.00059052        0.00150496
     9.9000000        0.00006837        0.00133609
    10.0000000        0.00077434        0.00110568
    10.1000000        0.00111901        0.00174086
    10.2000000        0.00090848        0.00125039
    10.3000000       -0.00038526        0.00155927
    10.4000000       -0.00094857        0.00142926
    10.5000000       -0.00151458        0.00083727
    10.6000000       -0.00046927        0.00071565
    10.7000000       -0.00082080        0.00164120
    10.8000000       -0.00119869        0.00161300
    10.9000000       -0.00182892        0.00135430
    11.0000000        0.00020095        0.00136550
    11.1000000        0.00032264        0.00103048
    11.2000000       -0.00028464        0.00123730
    11.3000000       -0.00106319        0.00076943
    11.4000000       -0.00028538        0.00103597
    11.5000000       -0.00112235        0.00125797
    11.6000000        0.00191279        0.00183963
    11.7000000        0.00042493        0.00180449
    11.8000000        0.00024729        0.00139498
    11.9000000        0.00215125        0.00122192
    12.0000000        0.00185232        0.00129555
    12.1000000        0.00426682        0.00184668
    12.2000000        0.00238528        0.00115200
    12.3000000        0.00001392        0.00131302
    12.4000000        0.00124726        0.00209856
    12.5000000        0.00271348        0.00267323
    12.6000000        0.00366305        0.00182205
    12.7000000        0.00250028        0.00176351
    12.8000000        0.00215555        0.00105725
    12.9000000       -0.00013318        0.00113139
    13.0000000        0.00130337        0.00196814
    13.1000000        0.00071959        0.00258210
    13.2000000        0.00154157        0.00168237
    13.3000000        0.00047112        0.00128804
    13.4000000       -0.00014743        0.00109651
    13.5000000       -0.00114015        0.00135900
    13.6000000        0.00065988        0.00105718
    13.7000000        0.00045493        0.00117874
    13.8000000        0.00192209        0.00210844
    13.9000000        0.00161185        0.00196839
    14.0000000        0.00374436        0.00253963
    14.1000000        0.00529971        0.00232272
    14.2000000        0.00204009        0.00193930
    14.3000000        0.00477902        0.00176953
    14.4000000        0.00737886        0.00422726
    14.5000000        0.00406098        0.00319591
    14.6000000        0.00201797        0.00256523
    14.7000000       -0.00164189        0.00263414
    14.8000000       -0.00348439        0.00355270
    14.9000000        0.00008289        0.00224601
    15.0000000        0.00232670        0.00390391
    15.1000000        0.00218092        0.00235487
    15.2000000       -0.00116099        0.00167194
    15.3000000       -0.00319442        0.00344192
    15.4000000       -0.00239690        0.00296874
    15.5000000       -0.00324641        0.00364043
    15.6000000       -0.00310842        0.00441438
    15.7000000       -0.00142683        0.00469262
    15.8000000       -0.00206090        0.00372057
    15.9000000       -0.00415350        0.00251396
    16.0000000       -0.00227939        0.00221205
    16.1000000       -0.00045403        0.00212284
    16.2000000        0.00324481        0.00353517
    16.3000000        0.00107333        0.00358895
    16.4000000       -0.00145723        0.00367493
    16.5000000       -0.00152436        0.00233739
    16.6000000       -0.00065717        0.00157490
    16.7000000       -0.00176409        0.00250247
    16.8000000       -0.00120048        0.00200632
    16.9000000        0.00030249        0.00196728
    17.0000000        0.00124384        0.00175058
    17.1000000        0.00298038        0.00350233
    17.2000000        0.00145111        0.00223731
    17.3000000       -0.00405832        0.00268976
    17.4000000       -0.00414994        0.00356732
    17.5000000       -0.00428920        0.00362801
    17.6000000       -0.00263814        0.00232399
    17.7000000       -0.00469370        0.00237578
    17.8000000       -0.00314412        0.00234769
    17.9000000       -0.00072276        0.00173392
    18.0000000       -0.00225224        0.00219660
    18.1000000       -0.00360411        0.00237540
    18.2000000       -0.00388751        0.00346993
    18.3000000       -0.00305709        0.00339289
    18.4000000       -0.00434315        0.00307730
    18.5000000       -0.00038561        0.00261671
    18.6000000       -0.00176680        0.00167765
    18.7000000       -0.00151426        0.00177881
    18.8000000       -0.00193920        0.00177851
    18.9000000       -0.00228361        0.00170764
    19.0000000       -0.00184510        0.00197427
    19.1000000       -0.00144096        0.00257562
    19.2000000       -0.00123702        0.00227735
    19.3000000        0.00075924        0.00161795
    19.4000000        0.00184924        0.00259160
    19.5000000        0.00415521        0.00304816
    19.6000000        0.00610701        0.00334614
    19.7000000        0.01180013        0.00267327
    19.8000000        0.01988181        0.00324431
    19.9000000        0.03009725        0.00325603
    20.0000000        0.04256419        0.00428215
