     0.0000000        1.86544303        0.00979683
     0.1000000        1.42149938        0.00866889
     0.2000000        1.09299720        0.00904256
     0.3000000        0.85502803        0.00832183
     0.4000000        0.66536530        0.00656698
     0.5000000        0.51538843        0.00628348
     0.6000000        0.41619936        0.00561732
     0.7000000        0.32963176        0.00511981
     0.8000000        0.26567667        0.00506764
     0.9000000        0.21038291        0.00489000
     1.0000000        0.16900353        0.00469620
     1.1000000        0.13181256        0.00271386
     1.2000000        0.10664572        0.00417399
     1.3000000        0.08512941        0.00603717
     1.4000000        0.07077045        0.00517811
     1.5000000        0.05746394        0.00584574
     1.6000000        0.04425316        0.00333349
     1.7000000        0.03515757        0.00267273
     1.8000000        0.02904711        0.00300214
     1.9000000        0.02467119        0.00271495
     2.0000000        0.01833816        0.00183625
     2.1000000        0.01310032        0.00311524
     2.2000000        0.01043112        0.00497024
     2.3000000        0.00378288        0.00316804
     2.4000000        0.00080346        0.00459900
     2.5000000        0.00200959        0.00327475
     2.6000000        0.00272189        0.00377621
     2.7000000        0.00430885        0.00274089
     2.8000000        0.00447878        0.00269759
     2.9000000        0.00730036        0.00349697
     3.0000000        0.00421796        0.00237579
     3.1000000        0.00571935        0.00188013
     3.2000000        0.00585049        0.00192294
     3.3000000        0.00229819        0.00158976
     3.4000000        0.00143837        0.00183185
     3.5000000        0.00430011        0.00132026
     3.6000000        0.00459126        0.00120708
     3.7000000        0.00512373        0.00252030
     3.8000000        0.00639587        0.00288640
     3.9000000        0.00460665        0.00311479
     4.0000000        0.00458076        0.00282898
     4.1000000        0.00257908        0.00174058
     4.2000000        0.00248100        0.00300036
     4.3000000        0.00189875        0.00309899
     4.4000000        0.00274244        0.00352933
     4.5000000        0.00035940        0.00264638
     4.6000000        0.00021102        0.00227611
     4.7000000       -0.00028662        0.00191367
     4.8000000       -0.00051070        0.00142780
     4.9000000       -0.00181512        0.00106320
     5.0000000        0.00069708        0.00104336
     5.1000000       -0.00051797        0.00252581
     5.2000000        0.00053760        0.00158953
     5.3000000       -0.00069412        0.00141478
     5.4000000       -0.00151298        0.00121951
     5.5000000       -0.00219216        0.00241089
     5.6000000       -0.00150194        0.00182954
     5.7000000       -0.00154056        0.00312918
     5.8000000       -0.00098816        0.00456767
     5.9000000       -0.00102269        0.00298966
     6.0000000       -0.00166679        0.00324423
     6.1000000       -0.00258359        0.00308175
     6.2000000       -0.00352064        0.00537740
     6.3000000       -0.00378322        0.00271883
     6.4000000       -0.00093790        0.00324294
     6.5000000        0.00574066        0.00294317
     6.6000000        0.00896153        0.00290516
     6.7000000        0.00630440        0.00186888
     6.8000000        0.00658494        0.00409300
     6.9000000        0.00484256        0.00217550
     7.0000000        0.00448915        0.00232043
     7.1000000        0.00043104        0.00240946
     7.2000000       -0.00264986        0.00507025
     7.3000000       -0.00471112        0.00675641
     7.4000000       -0.00746199        0.00891929
     7.5000000       -0.01012798        0.00824691
     7.6000000       -0.00759631        0.00990383
     7.7000000       -0.01164399        0.01604916
     7.8000000       -0.00729844        0.00812621
     7.9000000       -0.00606868        0.00648808
     8.0000000       -0.00712887        0.00410489
     8.1000000       -0.00371537        0.00241504
     8.2000000       -0.00005914        0.00320960
     8.3000000       -0.00224951        0.00407651
     8.4000000       -0.00224586        0.00495086
     8.5000000       -0.00622974        0.00588484
     8.6000000       -0.00178803        0.00503218
     8.7000000       -0.00106006        0.00387959
     8.8000000        0.00167070        0.00520220
     8.9000000        0.00181589        0.00336721
     9.0000000        0.00167915        0.00447035
     9.1000000        0.00734059        0.00374664
     9.2000000        0.00384131        0.00407815
     9.3000000        0.00560693        0.00314696
     9.4000000        0.01453289        0.00519869
     9.5000000        0.02174210        0.00510947
     9.6000000        0.03192481        0.00553927
     9.7000000        0.04001781        0.00634473
     9.8000000        0.05568332        0.00954469
     9.9000000        0.08368329        0.00894919
    10.0000000        0.13455697        0.00979683
