         201           5   20.000000000000000                1
     0.0000000        0.07133437        0.00794981
     0.1000000        0.04993838        0.01168644
     0.2000000        0.04335044        0.01272437
     0.3000000        0.03821070        0.01169120
     0.4000000        0.02951493        0.00967083
     0.5000000        0.03453357        0.01432674
     0.6000000        0.02364426        0.00848013
     0.7000000        0.02046734        0.00494312
     0.8000000        0.01456409        0.00981786
     0.9000000        0.01179462        0.00587545
     1.0000000        0.00306243        0.00514072
     1.1000000       -0.00019399        0.00724249
     1.2000000        0.00098678        0.00983264
     1.3000000       -0.00011827        0.00966769
     1.4000000       -0.00111794        0.00833941
     1.5000000        0.00153571        0.00650749
     1.6000000       -0.00717093        0.00456211
     1.7000000       -0.00773034        0.00684660
     1.8000000       -0.00642221        0.00596042
     1.9000000       -0.00709226        0.00458442
     2.0000000       -0.00469128        0.00573506
     2.1000000        0.00044822        0.00654602
     2.2000000       -0.00317070        0.00429829
     2.3000000       -0.00153746        0.00850474
     2.4000000        0.00317949        0.00762361
     2.5000000        0.00757544        0.00696461
     2.6000000        0.00815768        0.00950190
     2.7000000        0.01154666        0.00977981
     2.8000000        0.00730230        0.00745555
     2.9000000        0.00815697        0.00493440
     3.0000000        0.00349873        0.00595913
     3.1000000        0.00160617        0.00344271
     3.2000000        0.00615915        0.00538975
     3.3000000        0.00630682        0.00823500
     3.4000000        0.00809576        0.00661915
     3.5000000        0.00433763        0.00578416
     3.6000000        0.00506801        0.00580841
     3.7000000        0.00745720        0.00648992
     3.8000000        0.00358004        0.00752328
     3.9000000        0.00366887        0.00662149
     4.0000000        0.00332444        0.00499631
     4.1000000        0.00335513        0.00559626
     4.2000000        0.00237215        0.00442068
     4.3000000        0.00067165        0.00539455
     4.4000000       -0.00394273        0.00234386
     4.5000000        0.00020699        0.00121970
     4.6000000        0.00121521        0.00242150
     4.7000000        0.00548935        0.00338954
     4.8000000       -0.00179185        0.00465157
     4.9000000       -0.00239185        0.00207663
     5.0000000       -0.00287677        0.00407825
     5.1000000       -0.00070781        0.00252891
     5.2000000        0.00045265        0.00234478
     5.3000000       -0.00174571        0.00254757
     5.4000000        0.00012250        0.00183644
     5.5000000        0.00365902        0.00195876
     5.6000000       -0.00086499        0.00259295
     5.7000000        0.00150415        0.00234215
     5.8000000        0.00362158        0.00591075
     5.9000000        0.00070423        0.00511573
     6.0000000        0.00284728        0.00651444
     6.1000000        0.00380286        0.00498395
     6.2000000        0.00261817        0.00387548
     6.3000000        0.00035120        0.00131360
     6.4000000        0.00100932        0.00362307
     6.5000000        0.00460214        0.00379674
     6.6000000        0.00399245        0.00241909
     6.7000000        0.00373521        0.00190283
     6.8000000        0.00363806        0.00126975
     6.9000000        0.00162603        0.00209646
     7.0000000        0.00105996        0.00378375
     7.1000000       -0.00077787        0.00342155
     7.2000000       -0.00171107        0.00286707
     7.3000000       -0.00201678        0.00291010
     7.4000000       -0.00261042        0.00267436
     7.5000000       -0.00134716        0.00397324
     7.6000000        0.00043980        0.00290762
     7.7000000        0.00021010        0.00207143
     7.8000000       -0.00289634        0.00199073
     7.9000000       -0.00135804        0.00166615
     8.0000000       -0.00309899        0.00260655
     8.1000000       -0.00163768        0.00188534
     8.2000000       -0.00195923        0.00110044
     8.3000000       -0.00265755        0.00094507
     8.4000000       -0.00379822        0.00141482
     8.5000000       -0.00368747        0.00237190
     8.6000000       -0.00237024        0.00241311
     8.7000000       -0.00382230        0.00339895
     8.8000000       -0.00580677        0.00318325
     8.9000000       -0.00340876        0.00375392
     9.0000000       -0.00168594        0.00402586
     9.1000000       -0.00404148        0.00355129
     9.2000000       -0.00091200        0.00235033
     9.3000000       -0.00299060        0.00246955
     9.4000000       -0.00253197        0.00258635
     9.5000000       -0.00387831        0.00211982
     9.6000000       -0.00099662        0.00233749
     9.7000000        0.00004268        0.00288665
     9.8000000        0.00150400        0.00243141
     9.9000000        0.00151307        0.00269553
    10.0000000       -0.00017572        0.00167896
    10.1000000       -0.00147814        0.00077991
    10.2000000       -0.00099511        0.00139659
    10.3000000       -0.00260268        0.00169994
    10.4000000       -0.00164039        0.00054559
    10.5000000        0.00058742        0.00081887
    10.6000000        0.00064275        0.00240855
    10.7000000        0.00053218        0.00303991
    10.8000000        0.00074800        0.00213680
    10.9000000        0.00049092        0.00172010
    11.0000000       -0.00004202        0.00202724
    11.1000000       -0.00066829        0.00175771
    11.2000000       -0.00013919        0.00272565
    11.3000000       -0.00066256        0.00331175
    11.4000000       -0.00251956        0.00314361
    11.5000000        0.00153515        0.00438142
    11.6000000        0.00004653        0.00451419
    11.7000000        0.00116725        0.00394764
    11.8000000       -0.00014346        0.00419028
    11.9000000       -0.00101806        0.00339466
    12.0000000        0.00053903        0.00367679
    12.1000000        0.00217817        0.00373582
    12.2000000        0.00001238        0.00225364
    12.3000000       -0.00108332        0.00302545
    12.4000000       -0.00235839        0.00180265
    12.5000000       -0.00268384        0.00168126
    12.6000000       -0.00096906        0.00208140
    12.7000000       -0.00106481        0.00231746
    12.8000000        0.00048377        0.00205317
    12.9000000        0.00372407        0.00339337
    13.0000000        0.00101990        0.00291461
    13.1000000        0.00023155        0.00418703
    13.2000000       -0.00060617        0.00482244
    13.3000000       -0.00103373        0.00528035
    13.4000000        0.00086956        0.00377936
    13.5000000        0.00120758        0.00221080
    13.6000000        0.00149347        0.00216895
    13.7000000        0.00165892        0.00360350
    13.8000000        0.00104546        0.00419612
    13.9000000        0.00114271        0.00303824
    14.0000000        0.00047046        0.00137187
    14.1000000        0.00219797        0.00195686
    14.2000000        0.00132459        0.00196473
    14.3000000        0.00197370        0.00286842
    14.4000000        0.00297129        0.00332182
    14.5000000       -0.00042016        0.00416431
    14.6000000        0.00033387        0.00428170
    14.7000000        0.00231780        0.00319749
    14.8000000        0.00224442        0.00288109
    14.9000000        0.00036548        0.00246676
    15.0000000        0.00122838        0.00210404
    15.1000000        0.00063063        0.00244318
    15.2000000       -0.00165398        0.00343902
    15.3000000       -0.00345420        0.00558752
    15.4000000       -0.00091046        0.00527463
    15.5000000       -0.00189925        0.00449305
    15.6000000       -0.00230124        0.00502431
    15.7000000       -0.00158132        0.00716002
    15.8000000        0.00383242        0.00613875
    15.9000000        0.00213736        0.00628453
    16.0000000        0.00083021        0.00775042
    16.1000000        0.00138365        0.00646236
    16.2000000        0.00085804        0.00633504
    16.3000000        0.00374765        0.00650851
    16.4000000        0.00258701        0.00695496
    16.5000000       -0.00149179        0.00562701
    16.6000000        0.00166751        0.00376958
    16.7000000        0.00317878        0.00424900
    16.8000000        0.00577755        0.00370607
    16.9000000        0.00161972        0.00475914
    17.0000000        0.00672218        0.00447809
    17.1000000        0.00305856        0.00311012
    17.2000000        0.00248167        0.00140991
    17.3000000        0.00149859        0.00247769
    17.4000000        0.00278971        0.00300492
    17.5000000        0.00153580        0.00333044
    17.6000000        0.00670222        0.00250088
    17.7000000        0.00250714        0.00428938
    17.8000000        0.00216895        0.00787310
    17.9000000       -0.00086763        0.00435524
    18.0000000        0.00950524        0.00855148
    18.1000000        0.01103995        0.00683766
    18.2000000        0.01041306        0.00632100
    18.3000000        0.01589867        0.00618150
    18.4000000        0.02324541        0.00517980
    18.5000000        0.02646826        0.00226212
    18.6000000        0.03402528        0.00294428
    18.7000000        0.04952933        0.00395807
    18.8000000        0.06136366        0.00659627
    18.9000000        0.07395947        0.00624670
    19.0000000        0.08596892        0.01088299
    19.1000000        0.10877114        0.00829012
    19.2000000        0.13475205        0.00711270
    19.3000000        0.17159041        0.00940432
    19.4000000        0.21536687        0.00593445
    19.5000000        0.25712545        0.00605787
    19.6000000        0.33269016        0.00700773
    19.7000000        0.43024879        0.00739624
    19.8000000        0.55363835        0.01074345
    19.9000000        0.72608212        0.01213810
    20.0000000        0.92866563        0.00794981
