     0.0000000        0.24688670        0.01359620
     0.1000000        0.18348642        0.00980719
     0.2000000        0.13822040        0.01152415
     0.3000000        0.11266922        0.00915908
     0.4000000        0.09361325        0.00840939
     0.5000000        0.06834459        0.01146365
     0.6000000        0.05503488        0.00950760
     0.7000000        0.03777131        0.01436938
     0.8000000        0.03380510        0.00708168
     0.9000000        0.02932025        0.00938205
     1.0000000        0.02430791        0.00630056
     1.1000000        0.01121278        0.00533165
     1.2000000        0.00551213        0.00564059
     1.3000000       -0.00349126        0.00933452
     1.4000000       -0.00726357        0.00403433
     1.5000000       -0.00489573        0.00327282
     1.6000000        0.00154882        0.00548014
     1.7000000        0.00043725        0.00510240
     1.8000000        0.00600806        0.00439977
     1.9000000        0.00472812        0.00367637
     2.0000000        0.00419135        0.00318833
     2.1000000        0.00023911        0.00243996
     2.2000000       -0.00007067        0.00428701
     2.3000000        0.00229984        0.00401434
     2.4000000        0.00014711        0.00332617
     2.5000000       -0.00103526        0.00117861
     2.6000000       -0.00263804        0.00206337
     2.7000000       -0.00096481        0.00205146
     2.8000000       -0.00439788        0.00164735
     2.9000000       -0.00418854        0.00235973
     3.0000000       -0.00349747        0.00354333
     3.1000000       -0.00308450        0.00162435
     3.2000000       -0.00175513        0.00204353
     3.3000000        0.00231941        0.00298445
     3.4000000        0.00318582        0.00397012
     3.5000000        0.00100501        0.00267078
     3.6000000       -0.00184218        0.00124423
     3.7000000       -0.00006439        0.00117301
     3.8000000        0.00037076        0.00131428
     3.9000000       -0.00017616        0.00137255
     4.0000000       -0.00023416        0.00145105
     4.1000000       -0.00194368        0.00135654
     4.2000000       -0.00253134        0.00091382
     4.3000000       -0.00158655        0.00076949
     4.4000000       -0.00117730        0.00109250
     4.5000000       -0.00221656        0.00158055
     4.6000000       -0.00025353        0.00167140
     4.7000000       -0.00060835        0.00106245
     4.8000000        0.00022184        0.00143385
     4.9000000        0.00188948        0.00347402
     5.0000000        0.00092454        0.00291444
     5.1000000        0.00006512        0.00121492
     5.2000000        0.00059854        0.00166094
     5.3000000        0.00154694        0.00178245
     5.4000000        0.00193420        0.00188690
     5.5000000        0.00297137        0.00275095
     5.6000000        0.00189058        0.00306906
     5.7000000        0.00023092        0.00283391
     5.8000000        0.00353783        0.00213399
     5.9000000        0.00304927        0.00180472
     6.0000000        0.00233522        0.00177752
     6.1000000        0.00312461        0.00171951
     6.2000000        0.00489537        0.00233301
     6.3000000        0.00407011        0.00254391
     6.4000000        0.00351891        0.00226652
     6.5000000        0.00498121        0.00212945
     6.6000000        0.00554497        0.00293037
     6.7000000        0.00556827        0.00390193
     6.8000000        0.00700244        0.00632913
     6.9000000        0.00747943        0.00472923
     7.0000000        0.00981230        0.00290854
     7.1000000        0.01368136        0.00339605
     7.2000000        0.01573604        0.00252391
     7.3000000        0.01624146        0.00476920
     7.4000000        0.01780596        0.00543754
     7.5000000        0.02826657        0.00557361
     7.6000000        0.03247011        0.00465515
     7.7000000        0.04068465        0.00747671
     7.8000000        0.04622791        0.00691512
     7.9000000        0.05378581        0.00669057
     8.0000000        0.06302285        0.00726095
     8.1000000        0.07717391        0.00702869
     8.2000000        0.08831031        0.00917812
     8.3000000        0.10327903        0.00864444
     8.4000000        0.12188661        0.00806561
     8.5000000        0.13912150        0.00820625
     8.6000000        0.16416056        0.00847669
     8.7000000        0.19355616        0.01146853
     8.8000000        0.22809693        0.01047078
     8.9000000        0.27112050        0.01129795
     9.0000000        0.30968873        0.01165511
     9.1000000        0.36573604        0.01060734
     9.2000000        0.42264724        0.01060400
     9.3000000        0.49472890        0.01346900
     9.4000000        0.58640778        0.01319851
     9.5000000        0.69180425        0.01355354
     9.6000000        0.82939836        0.01548987
     9.7000000        0.99683129        0.01375033
     9.8000000        1.20404463        0.01472860
     9.9000000        1.44569255        0.01481089
    10.0000000        1.75311330        0.01359620
