     0.0000000        0.80371136        0.00278225
     0.1000000        0.72439258        0.01637971
     0.2000000        0.62910423        0.01860728
     0.3000000        0.61009876        0.03762834
     0.4000000        0.56793348        0.03093700
     0.5000000        0.49693123        0.03575034
     0.6000000        0.43292647        0.05074641
     0.7000000        0.43679608        0.09432192
     0.8000000        0.32111839        0.03444520
     0.9000000        0.30318722        0.04477636
     1.0000000        0.45058692        0.21524161
     1.1000000        0.27777430        0.08459423
     1.2000000        0.21361143        0.05359925
     1.3000000        0.23167403        0.08300372
     1.4000000        0.17198670        0.03469684
     1.5000000        0.12721729        0.03454754
     1.6000000        0.17016779        0.08224040
     1.7000000        0.09213333        0.01893787
     1.8000000        0.10744975        0.02496490
     1.9000000        0.10452990        0.03369768
     2.0000000        0.14317416        0.07181457
     2.1000000        0.05431920        0.01284395
     2.2000000        0.06838525        0.02773992
     2.3000000        0.09888323        0.05960841
     2.4000000        0.07456367        0.03005139
     2.5000000        0.03533007        0.00977349
     2.6000000        0.02372259        0.00618730
     2.7000000        0.03291003        0.01462680
     2.8000000        0.02414662        0.00730339
     2.9000000        0.03234858        0.01226188
     3.0000000        0.05517321        0.04640435
     3.1000000        0.02977416        0.01591411
     3.2000000        0.03711657        0.02810761
     3.3000000        0.07122950        0.06488766
     3.4000000        0.15126587        0.15063183
     3.5000000        0.06256768        0.05646814
     3.6000000        0.01959913        0.01369326
     3.7000000        0.01374022        0.00707066
     3.8000000        0.01183679        0.00579621
     3.9000000        0.01869190        0.00959512
     4.0000000        0.02408774        0.01937921
     4.1000000        0.00697557        0.00252298
     4.2000000        0.00471064        0.00176611
     4.3000000        0.00658217        0.00342789
     4.4000000        0.00730308        0.00424847
     4.5000000        0.02359345        0.01629288
     4.6000000        0.07832709        0.07942517
     4.7000000        0.03085635        0.02943390
     4.8000000        0.05262544        0.05341439
     4.9000000        0.11649335        0.11938383
     5.0000000        0.04558459        0.04482288
     5.1000000        0.00576186        0.00307180
     5.2000000        0.00847574        0.00543017
     5.3000000        0.01523078        0.01124255
     5.4000000        0.01024392        0.00724359
     5.5000000        0.01137295        0.00420187
     5.6000000        0.01061114        0.00593128
     5.7000000        0.00578916        0.00251177
     5.8000000        0.00604166        0.00196241
     5.9000000        0.00937794        0.00530635
     6.0000000        0.00524585        0.00224832
     6.1000000        0.01136119        0.00694695
     6.2000000        0.01235083        0.00458142
     6.3000000        0.01086627        0.00462827
     6.4000000        0.00791958        0.00307195
     6.5000000        0.01608439        0.00784938
     6.6000000        0.03512018        0.02070474
     6.7000000        0.01845149        0.00847688
     6.8000000        0.02760905        0.01944432
     6.9000000        0.02048431        0.00977168
     7.0000000        0.02734106        0.01497124
     7.1000000        0.01905589        0.00466807
     7.2000000        0.02513900        0.01342982
     7.3000000        0.04953651        0.03553811
     7.4000000        0.01793019        0.00528920
     7.5000000        0.03723735        0.00979546
     7.6000000        0.03563559        0.01108985
     7.7000000        0.06422817        0.02800651
     7.8000000        0.04934252        0.01524669
     7.9000000        0.05978670        0.01779059
     8.0000000        0.07831568        0.02639294
     8.1000000        0.08063658        0.02000968
     8.2000000        0.06782151        0.01476267
     8.3000000        0.08239493        0.01485486
     8.4000000        0.08963003        0.01285791
     8.5000000        0.10932080        0.02755016
     8.6000000        0.10956225        0.01623469
     8.7000000        0.15098198        0.01815476
     8.8000000        0.18614884        0.02270026
     8.9000000        0.24168005        0.04009274
     9.0000000        0.26314955        0.03187705
     9.1000000        0.28270562        0.02670926
     9.2000000        0.32724929        0.05301309
     9.3000000        0.33619624        0.02829853
     9.4000000        0.39591383        0.01809196
     9.5000000        0.46950989        0.04117763
     9.6000000        0.49896684        0.02825028
     9.7000000        0.58476782        0.01791019
     9.8000000        0.63995786        0.01076958
     9.9000000        0.71447934        0.01322680
    10.0000000        0.80371136        0.00278225
