     0.0000000        0.47467801        0.00347641
     0.1000000        0.24017557        0.00207179
     0.2000000        0.12488601        0.00149537
     0.3000000        0.06717567        0.00065400
     0.4000000        0.03766324        0.00025486
     0.5000000        0.02171904        0.00018520
     0.6000000        0.01322318        0.00029140
     0.7000000        0.00790829        0.00032343
     0.8000000        0.00506963        0.00019798
     0.9000000        0.00329100        0.00022378
     1.0000000        0.00211143        0.00023035
     1.1000000        0.00140221        0.00022167
     1.2000000        0.00097518        0.00021190
     1.3000000        0.00062599        0.00018381
     1.4000000        0.00043604        0.00012210
     1.5000000        0.00038422        0.00011237
     1.6000000        0.00027886        0.00008929
     1.7000000        0.00021670        0.00010788
     1.8000000        0.00015276        0.00009077
     1.9000000        0.00004996        0.00007629
     2.0000000        0.00000912        0.00004298
     2.1000000       -0.00000346        0.00002728
     2.2000000        0.00001418        0.00001208
     2.3000000       -0.00001996        0.00003468
     2.4000000       -0.00000338        0.00002054
     2.5000000       -0.00000114        0.00001604
     2.6000000       -0.00000273        0.00001485
     2.7000000        0.00000471        0.00000883
     2.8000000        0.00000340        0.00000614
     2.9000000       -0.00000081        0.00000401
     3.0000000       -0.00000240        0.00000366
     3.1000000       -0.00000370        0.00000277
     3.2000000       -0.00000444        0.00000246
     3.3000000       -0.00000441        0.00000235
     3.4000000       -0.00000534        0.00000209
     3.5000000       -0.00000599        0.00000195
     3.6000000       -0.00000452        0.00000208
     3.7000000       -0.00000174        0.00000210
     3.8000000       -0.00000007        0.00000212
     3.9000000        0.00000001        0.00000218
     4.0000000        0.00000028        0.00000227
     4.1000000       -0.00000207        0.00000208
     4.2000000       -0.00000164        0.00000171
     4.3000000        0.00000088        0.00000227
     4.4000000        0.00000574        0.00000691
     4.5000000        0.00000506        0.00000643
     4.6000000        0.00000404        0.00000592
     4.7000000        0.00000314        0.00000589
     4.8000000        0.00000418        0.00000674
     4.9000000        0.00000509        0.00000697
     5.0000000        0.00000543        0.00000630
     5.1000000        0.00000285        0.00000458
     5.2000000        0.00000148        0.00000275
     5.3000000        0.00000035        0.00000258
     5.4000000       -0.00000011        0.00000249
     5.5000000       -0.00000163        0.00000232
     5.6000000       -0.00000156        0.00000208
     5.7000000       -0.00000141        0.00000160
     5.8000000       -0.00000232        0.00000200
     5.9000000       -0.00000375        0.00000208
     6.0000000       -0.00000320        0.00000269
     6.1000000       -0.00000156        0.00000307
     6.2000000       -0.00000049        0.00000393
     6.3000000        0.00000051        0.00000372
     6.4000000        0.00000071        0.00000399
     6.5000000        0.00000115        0.00000405
     6.6000000        0.00000045        0.00000392
     6.7000000        0.00000019        0.00000382
     6.8000000       -0.00000306        0.00000309
     6.9000000       -0.00000342        0.00000262
     7.0000000       -0.00001032        0.00000768
     7.1000000       -0.00001906        0.00001663
     7.2000000       -0.00002553        0.00002379
     7.3000000       -0.00002545        0.00002572
     7.4000000       -0.00002530        0.00002562
     7.5000000       -0.00001753        0.00002981
     7.6000000       -0.00000149        0.00002810
     7.7000000        0.00005299        0.00001211
     7.8000000        0.00008182        0.00002433
     7.9000000        0.00009743        0.00002021
     8.0000000        0.00011198        0.00002565
     8.1000000        0.00015951        0.00003584
     8.2000000        0.00017495        0.00002902
     8.3000000        0.00025066        0.00005581
     8.4000000        0.00033827        0.00006763
     8.5000000        0.00039388        0.00005837
     8.6000000        0.00053102        0.00006990
     8.7000000        0.00070602        0.00006905
     8.8000000        0.00092464        0.00010568
     8.9000000        0.00145429        0.00017135
     9.0000000        0.00221222        0.00022367
     9.1000000        0.00328875        0.00025669
     9.2000000        0.00499932        0.00027913
     9.3000000        0.00781591        0.00031537
     9.4000000        0.01248546        0.00039660
     9.5000000        0.02062711        0.00071674
     9.6000000        0.03624856        0.00102943
     9.7000000        0.06582469        0.00120571
     9.8000000        0.12353695        0.00150670
     9.9000000        0.23903835        0.00212268
    10.0000000        0.47467801        0.00347641
