     0.0000000        0.31477074        0.00864844
     0.1250000        0.33210933        0.00954944
     0.2500000        0.31164091        0.00713333
     0.3750000        0.28123638        0.00944681
     0.5000000        0.28701435        0.01041353
     0.6250000        0.29438609        0.01553768
     0.7500000        0.30284858        0.01447615
     0.8750000        0.35295599        0.02809867
     1.0000000        0.29721207        0.04303511
     1.1250000        0.10589128        0.07560487
     1.2500000        0.11169120        0.03574451
     1.3750000        0.07482627        0.06220285
     1.5000000        0.13799944        0.04132344
     1.6250000        0.18885661        0.04316334
     1.7500000        0.20184689        0.03807823
     1.8750000        0.31213474        0.04070100
     2.0000000        0.31103372        0.06615667
     2.1250000        0.95138978        0.33434152
     2.2500000        0.53129928        0.11183166
     2.3750000        0.30365376        0.05507230
     2.5000000        0.08404389        0.12166874
     2.6250000        0.40802454        0.07604384
     2.7500000        0.30179859        0.03127348
     2.8750000        0.31471416        0.03595517
     3.0000000        0.24487199        0.02190934
     3.1250000        0.24940554        0.01739140
     3.2500000        0.33162974        0.01474587
     3.3750000        0.33326495        0.02073463
     3.5000000        0.31076007        0.03486320
     3.6250000        0.35117039        0.05154944
     3.7500000        0.33956587        0.01597494
     3.8750000        0.32512219        0.01033539
     4.0000000        0.31477074        0.00864844
