     0.0000000        0.05610252        0.03143648
     0.1000000        0.01375239        0.03743653
     0.2000000        0.00617659        0.02698006
     0.3000000        0.01231873        0.01897992
     0.4000000        0.02791781        0.03195464
     0.5000000        0.01911708        0.04062511
     0.6000000       -0.01952905        0.11307083
     0.7000000        0.10823495        0.03734850
     0.8000000        0.20616987        0.16745368
     0.9000000        0.09113694        0.04522917
     1.0000000        0.11085946        0.03319859
     1.1000000        0.13680591        0.06095964
     1.2000000        0.07879550        0.02429823
     1.3000000        0.06021612        0.07108348
     1.4000000        0.03143229        0.05624968
     1.5000000        0.03479244        0.06325932
     1.6000000        0.01057956        0.03605037
     1.7000000        0.05709251        0.07725966
     1.8000000        0.03559628        0.02107332
     1.9000000        0.12134180        0.12511284
     2.0000000        0.31132961        0.32678774
     2.1000000       -0.06845825        0.12771465
     2.2000000        0.02243468        0.04625075
     2.3000000        0.03911117        0.03456168
     2.4000000        0.03432417        0.02577311
     2.5000000        0.01836908        0.02650250
     2.6000000        0.03511068        0.04601341
     2.7000000        0.04881506        0.06713106
     2.8000000       -0.02876453        0.05361985
     2.9000000       -0.02953208        0.03287356
     3.0000000       -0.00970454        0.03194102
     3.1000000        0.04310826        0.03306045
     3.2000000        0.02129948        0.01889534
     3.3000000        0.00719894        0.00531336
     3.4000000        0.01099412        0.00545782
     3.5000000        0.02618056        0.01080919
     3.6000000        0.00551232        0.00469344
     3.7000000       -0.00256817        0.02052757
     3.8000000        0.01769006        0.02387161
     3.9000000        0.05238719        0.05770269
     4.0000000       -0.00456083        0.00475409
     4.1000000       -0.01546886        0.01151893
     4.2000000       -0.00612653        0.00994225
     4.3000000       -0.00029970        0.00448894
     4.4000000       -0.00998705        0.01017252
     4.5000000       -0.00508092        0.00938954
     4.6000000       -0.00358301        0.00893434
     4.7000000       -0.00414223        0.00614522
     4.8000000        0.00543361        0.00400093
     4.9000000        0.00646252        0.00460944
     5.0000000        0.01438420        0.01288846
     5.1000000        0.03184104        0.03167204
     5.2000000        0.01257836        0.00889599
     5.3000000        0.00470377        0.00213673
     5.4000000       -0.00403711        0.01097839
     5.5000000        0.00791118        0.00409666
     5.6000000       -0.00217931        0.00932910
     5.7000000        0.01396728        0.01084975
     5.8000000        0.00608196        0.00370315
     5.9000000        0.00432203        0.00419071
     6.0000000        0.00413039        0.00362728
     6.1000000       -0.00026290        0.00185217
     6.2000000        0.00141184        0.00231656
     6.3000000        0.00354657        0.00440441
     6.4000000        0.00590835        0.00756019
     6.5000000        0.02801393        0.01737526
     6.6000000        0.02317274        0.02343543
     6.7000000       -0.01778662        0.02869879
     6.8000000       -0.02099000        0.02446799
     6.9000000       -0.02456682        0.03426306
     7.0000000       -0.02920615        0.02771676
     7.1000000       -0.01834511        0.03333849
     7.2000000        0.01539233        0.00700862
     7.3000000        0.01902361        0.00888282
     7.4000000        0.02398758        0.01219216
     7.5000000       -0.00413262        0.01299038
     7.6000000       -0.01423042        0.03164517
     7.7000000        0.00245150        0.01391012
     7.8000000        0.00086269        0.03575574
     7.9000000       -0.00231159        0.02203551
     8.0000000        0.02954848        0.01997397
     8.1000000        0.02531441        0.04043970
     8.2000000       -0.00639645        0.03012985
     8.3000000        0.01072332        0.04676010
     8.4000000        0.00910891        0.04145977
     8.5000000        0.00823533        0.03145917
     8.6000000       -0.00752178        0.02318077
     8.7000000        0.05585522        0.01689505
     8.8000000        0.02025092        0.03518466
     8.9000000        0.01002063        0.03527042
     9.0000000       -0.03927490        0.05811495
     9.1000000       -0.03585413        0.03634279
     9.2000000        0.00553319        0.02522914
     9.3000000        0.04043429        0.04659727
     9.4000000        0.03096465        0.01971791
     9.5000000        0.01149365        0.04650023
     9.6000000        0.03530092        0.02100691
     9.7000000        0.01513564        0.02261999
     9.8000000        0.02468699        0.03776840
     9.9000000        0.04464454        0.04411375
    10.0000000        0.05610252        0.03143648
