     0.0000000        0.99186067        0.00114075
     0.1000000        0.80596603        0.00228800
     0.2000000        0.65339042        0.00297662
     0.3000000        0.53114768        0.00255589
     0.4000000        0.43309272        0.00217524
     0.5000000        0.35294178        0.00228573
     0.6000000        0.28744099        0.00254064
     0.7000000        0.23577018        0.00210352
     0.8000000        0.19019188        0.00175200
     0.9000000        0.15504659        0.00158032
     1.0000000        0.12681918        0.00162924
     1.1000000        0.10412713        0.00156570
     1.2000000        0.08379651        0.00130245
     1.3000000        0.06813295        0.00149576
     1.4000000        0.05617519        0.00173348
     1.5000000        0.04548359        0.00131092
     1.6000000        0.03730109        0.00110483
     1.7000000        0.03020300        0.00098013
     1.8000000        0.02486652        0.00098211
     1.9000000        0.02132654        0.00065755
     2.0000000        0.01805394        0.00078983
     2.1000000        0.01401479        0.00067032
     2.2000000        0.01082420        0.00073414
     2.3000000        0.00787564        0.00071093
     2.4000000        0.00641274        0.00062880
     2.5000000        0.00507631        0.00053822
     2.6000000        0.00363115        0.00060811
     2.7000000        0.00249480        0.00068045
     2.8000000        0.00209431        0.00070311
     2.9000000        0.00154386        0.00067033
     3.0000000        0.00125844        0.00070950
     3.1000000        0.00122242        0.00077450
     3.2000000        0.00109513        0.00083849
     3.3000000        0.00052726        0.00088959
     3.4000000        0.00044765        0.00087584
     3.5000000        0.00060109        0.00086726
     3.6000000        0.00036078        0.00081870
     3.7000000        0.00039933        0.00061462
     3.8000000        0.00024948        0.00065562
     3.9000000        0.00006638        0.00054162
     4.0000000        0.00046462        0.00051707
     4.1000000        0.00064136        0.00055462
     4.2000000        0.00071001        0.00060831
     4.3000000        0.00087895        0.00059931
     4.4000000        0.00112660        0.00072571
     4.5000000        0.00114351        0.00066470
     4.6000000        0.00159028        0.00061804
     4.7000000        0.00106780        0.00060657
     4.8000000        0.00074523        0.00067091
     4.9000000        0.00111011        0.00064965
     5.0000000        0.00103828        0.00057965
     5.1000000        0.00080727        0.00038469
     5.2000000        0.00104607        0.00047307
     5.3000000        0.00096227        0.00029962
     5.4000000        0.00054868        0.00031555
     5.5000000        0.00072291        0.00033822
     5.6000000        0.00119429        0.00040416
     5.7000000        0.00075798        0.00055824
     5.8000000        0.00043831        0.00067086
     5.9000000       -0.00009664        0.00061473
     6.0000000       -0.00011099        0.00067483
     6.1000000       -0.00001866        0.00055362
     6.2000000        0.00002771        0.00058332
     6.3000000       -0.00014928        0.00051959
     6.4000000        0.00004519        0.00059429
     6.5000000       -0.00013536        0.00058933
     6.6000000       -0.00017043        0.00075484
     6.7000000       -0.00009532        0.00070071
     6.8000000        0.00046567        0.00054258
     6.9000000        0.00040524        0.00038299
     7.0000000        0.00031514        0.00034951
     7.1000000        0.00011266        0.00032371
     7.2000000        0.00005609        0.00041261
     7.3000000        0.00020218        0.00043254
     7.4000000       -0.00003827        0.00056421
     7.5000000       -0.00048393        0.00057780
     7.6000000       -0.00039900        0.00047190
     7.7000000       -0.00022548        0.00043972
     7.8000000        0.00008891        0.00055812
     7.9000000       -0.00027594        0.00054964
     8.0000000       -0.00025958        0.00047725
     8.1000000        0.00013843        0.00056439
     8.2000000        0.00053047        0.00045842
     8.3000000        0.00060606        0.00048688
     8.4000000        0.00076305        0.00055002
     8.5000000        0.00055700        0.00041574
     8.6000000        0.00020035        0.00037637
     8.7000000        0.00032008        0.00049357
     8.8000000        0.00012374        0.00053975
     8.9000000        0.00023276        0.00061073
     9.0000000        0.00005594        0.00066490
     9.1000000       -0.00022159        0.00071028
     9.2000000        0.00050298        0.00064231
     9.3000000        0.00061214        0.00072014
     9.4000000        0.00089015        0.00063445
     9.5000000        0.00091520        0.00041478
     9.6000000        0.00103147        0.00046906
     9.7000000        0.00070672        0.00045596
     9.8000000        0.00060147        0.00049994
     9.9000000        0.00052767        0.00055655
    10.0000000        0.00047166        0.00040583
    10.1000000        0.00060875        0.00054241
    10.2000000        0.00056789        0.00052964
    10.3000000        0.00052580        0.00057602
    10.4000000        0.00081405        0.00062335
    10.5000000        0.00030618        0.00059977
    10.6000000       -0.00041100        0.00059301
    10.7000000       -0.00017474        0.00060181
    10.8000000       -0.00025244        0.00058686
    10.9000000       -0.00022794        0.00051971
    11.0000000        0.00017074        0.00050712
    11.1000000        0.00022023        0.00067023
    11.2000000       -0.00021535        0.00067635
    11.3000000       -0.00051585        0.00069200
    11.4000000       -0.00052431        0.00060344
    11.5000000       -0.00016988        0.00050331
    11.6000000       -0.00048743        0.00044391
    11.7000000       -0.00028774        0.00042316
    11.8000000       -0.00042865        0.00052771
    11.9000000       -0.00054707        0.00049198
    12.0000000       -0.00059689        0.00048656
    12.1000000       -0.00036818        0.00048985
    12.2000000       -0.00011010        0.00049006
    12.3000000        0.00017309        0.00042276
    12.4000000        0.00012234        0.00044553
    12.5000000        0.00004327        0.00043109
    12.6000000        0.00001305        0.00045937
    12.7000000        0.00013831        0.00054841
    12.8000000       -0.00001546        0.00039398
    12.9000000        0.00008338        0.00049436
    13.0000000        0.00044933        0.00041553
    13.1000000        0.00042006        0.00046434
    13.2000000        0.00060506        0.00037956
    13.3000000        0.00027572        0.00034052
    13.4000000        0.00060844        0.00028286
    13.5000000        0.00084079        0.00035573
    13.6000000        0.00073019        0.00045340
    13.7000000        0.00046759        0.00057138
    13.8000000        0.00048929        0.00056079
    13.9000000        0.00054968        0.00052582
    14.0000000        0.00033811        0.00057577
    14.1000000        0.00042367        0.00055490
    14.2000000        0.00005718        0.00049637
    14.3000000        0.00029609        0.00042194
    14.4000000        0.00066117        0.00055492
    14.5000000        0.00069215        0.00060850
    14.6000000        0.00017913        0.00058539
    14.7000000       -0.00021507        0.00062149
    14.8000000       -0.00037217        0.00054038
    14.9000000        0.00043750        0.00054722
    15.0000000       -0.00024660        0.00043474
    15.1000000       -0.00034715        0.00044689
    15.2000000        0.00021070        0.00046318
    15.3000000        0.00042532        0.00046222
    15.4000000       -0.00004552        0.00056735
    15.5000000        0.00014568        0.00043824
    15.6000000        0.00022765        0.00044852
    15.7000000       -0.00018688        0.00049485
    15.8000000       -0.00003457        0.00046704
    15.9000000        0.00023390        0.00040813
    16.0000000       -0.00015334        0.00046129
    16.1000000        0.00003369        0.00053646
    16.2000000       -0.00009765        0.00069246
    16.3000000        0.00012879        0.00090431
    16.4000000       -0.00031675        0.00065473
    16.5000000        0.00006040        0.00094647
    16.6000000        0.00053802        0.00087472
    16.7000000       -0.00025257        0.00107438
    16.8000000       -0.00032014        0.00083660
    16.9000000       -0.00015241        0.00097440
    17.0000000        0.00015597        0.00096733
    17.1000000       -0.00012593        0.00083134
    17.2000000       -0.00030595        0.00089729
    17.3000000       -0.00018131        0.00086922
    17.4000000       -0.00078010        0.00082765
    17.5000000       -0.00104632        0.00087207
    17.6000000       -0.00104767        0.00070412
    17.7000000       -0.00065944        0.00067382
    17.8000000       -0.00036011        0.00049274
    17.9000000        0.00000966        0.00044274
    18.0000000        0.00063718        0.00048870
    18.1000000        0.00055391        0.00045734
    18.2000000        0.00078990        0.00048731
    18.3000000        0.00063061        0.00062003
    18.4000000       -0.00007009        0.00064397
    18.5000000       -0.00013592        0.00064808
    18.6000000       -0.00005215        0.00079679
    18.7000000        0.00046563        0.00067740
    18.8000000       -0.00019049        0.00079528
    18.9000000        0.00008796        0.00097709
    19.0000000       -0.00029960        0.00075167
    19.1000000       -0.00049642        0.00089119
    19.2000000       -0.00038271        0.00084611
    19.3000000        0.00049848        0.00075709
    19.4000000        0.00111603        0.00076198
    19.5000000        0.00052689        0.00048803
    19.6000000        0.00113387        0.00053149
    19.7000000        0.00269481        0.00078598
    19.8000000        0.00323628        0.00072690
    19.9000000        0.00623477        0.00092612
    20.0000000        0.00813933        0.00114075
