     0.0000000        0.16391069        0.00664190
     0.1000000        0.09440284        0.00638058
     0.2000000        0.06276982        0.00816223
     0.3000000        0.03845987        0.00849225
     0.4000000        0.03701382        0.00582518
     0.5000000        0.02908085        0.00882771
     0.6000000        0.02422119        0.00778294
     0.7000000        0.03101517        0.01217187
     0.8000000        0.02352411        0.00610548
     0.9000000        0.02078047        0.00489777
     1.0000000        0.02008753        0.00638868
     1.1000000        0.01498857        0.00779593
     1.2000000        0.01161107        0.00555134
     1.3000000        0.02632847        0.01330747
     1.4000000        0.01792517        0.00735963
     1.5000000        0.01278986        0.00602053
     1.6000000        0.01051076        0.00558124
     1.7000000       -0.00117638        0.00679304
     1.8000000       -0.00039899        0.00774185
     1.9000000       -0.00016681        0.00411004
     2.0000000        0.00062739        0.00316294
     2.1000000        0.00330454        0.00455720
     2.2000000        0.00183990        0.00489126
     2.3000000       -0.00145414        0.00555042
     2.4000000       -0.00623351        0.00489940
     2.5000000       -0.00407082        0.00383948
     2.6000000       -0.00512513        0.00345772
     2.7000000       -0.00196782        0.00208528
     2.8000000       -0.00040372        0.00249055
     2.9000000        0.00116881        0.00296340
     3.0000000        0.00324367        0.00297585
     3.1000000        0.00290867        0.00292649
     3.2000000        0.00168387        0.00266377
     3.3000000        0.00261677        0.00164364
     3.4000000        0.00365657        0.00196424
     3.5000000        0.00360726        0.00199945
     3.6000000        0.00305043        0.00253821
     3.7000000        0.00236629        0.00165498
     3.8000000        0.00247049        0.00168029
     3.9000000        0.00315101        0.00178992
     4.0000000        0.00334490        0.00189211
     4.1000000        0.00171255        0.00199815
     4.2000000        0.00244909        0.00168845
     4.3000000        0.00087709        0.00066929
     4.4000000        0.00025899        0.00125271
     4.5000000        0.00034892        0.00212206
     4.6000000        0.00202986        0.00230835
     4.7000000        0.00014439        0.00068526
     4.8000000        0.00093809        0.00175559
     4.9000000        0.00136513        0.00304322
     5.0000000        0.00013076        0.00155373
     5.1000000        0.00015410        0.00041850
     5.2000000        0.00160419        0.00105402
     5.3000000        0.00132622        0.00242457
     5.4000000        0.00228450        0.00268869
     5.5000000        0.00219837        0.00235245
     5.6000000        0.00161008        0.00224660
     5.7000000       -0.00060768        0.00169329
     5.8000000       -0.00179018        0.00090994
     5.9000000        0.00010013        0.00168874
     6.0000000        0.00070631        0.00199408
     6.1000000        0.00092880        0.00133281
     6.2000000        0.00068854        0.00203947
     6.3000000        0.00273116        0.00138779
     6.4000000        0.00254633        0.00167772
     6.5000000        0.00116288        0.00091883
     6.6000000        0.00302102        0.00150262
     6.7000000        0.00499719        0.00184399
     6.8000000        0.01070800        0.00488108
     6.9000000        0.00994365        0.00363112
     7.0000000        0.00753240        0.00197750
     7.1000000        0.00732238        0.00224456
     7.2000000        0.00775347        0.00238567
     7.3000000        0.01031221        0.00252571
     7.4000000        0.00918106        0.00207562
     7.5000000        0.01305047        0.00156910
     7.6000000        0.00888081        0.00308649
     7.7000000        0.01682999        0.00474193
     7.8000000        0.01584623        0.00500899
     7.9000000        0.01768416        0.00380267
     8.0000000        0.02150024        0.00330432
     8.1000000        0.01654282        0.00660597
     8.2000000        0.01663118        0.01129824
     8.3000000        0.01972489        0.01121558
     8.4000000        0.02795205        0.00856663
     8.5000000        0.03789470        0.00809933
     8.6000000        0.05434434        0.00528352
     8.7000000        0.07325384        0.00958646
     8.8000000        0.09464664        0.00669929
     8.9000000        0.13160808        0.00749579
     9.0000000        0.17322997        0.00709963
     9.1000000        0.20206646        0.00737306
     9.2000000        0.25218272        0.00774820
     9.3000000        0.32497506        0.00995888
     9.4000000        0.41308168        0.01210500
     9.5000000        0.52636018        0.01209929
     9.6000000        0.67504879        0.01369260
     9.7000000        0.86558849        0.00966109
     9.8000000        1.10773682        0.01145913
     9.9000000        1.41968461        0.00879616
    10.0000000        1.83608931        0.00664190
