     0.0000000       -0.09306715        0.11797882
     0.1000000        0.04622518        0.06194881
     0.2000000        0.11278777        0.06106361
     0.3000000        0.26670592        0.12090813
     0.4000000        0.09490504        0.05661367
     0.5000000        0.07683528        0.13893393
     0.6000000        0.02977434        0.13693675
     0.7000000       -0.09663860        0.22568928
     0.8000000        0.06516670        0.11392035
     0.9000000        0.04013152        0.07361958
     1.0000000        0.24658580        0.16713249
     1.1000000        0.17176235        0.13443726
     1.2000000        0.14016129        0.13532476
     1.3000000        1.47081907        1.61981947
     1.4000000        0.72170717        0.69650194
     1.5000000        0.23236128        0.31680178
     1.6000000        0.07418191        0.22763686
     1.7000000       -0.00483752        0.13806440
     1.8000000       -0.02926748        0.04885027
     1.9000000        0.06769720        0.04756087
     2.0000000        0.06183692        0.04576184
     2.1000000        0.11813886        0.08760881
     2.2000000        0.09202687        0.08742643
     2.3000000       -0.49324615        0.53717687
     2.4000000       -1.29687496        1.36159213
     2.5000000       -0.45885631        0.52513660
     2.6000000       -0.23862711        0.19587325
     2.7000000       -0.06670034        0.09085819
     2.8000000       -0.05555346        0.04527248
     2.9000000       -0.09581277        0.11736990
     3.0000000       -0.18091392        0.17605642
     3.1000000        0.00422012        0.03015704
     3.2000000        0.06233270        0.05084269
     3.3000000        0.06811603        0.06237479
     3.4000000        0.12973350        0.11689648
     3.5000000        0.05596155        0.04660780
     3.6000000        0.05597217        0.04364285
     3.7000000        0.03441227        0.02378212
     3.8000000        0.03624447        0.02485374
     3.9000000        0.03538101        0.02184502
     4.0000000        0.02162499        0.02415207
     4.1000000       -0.03037641        0.03456487
     4.2000000       -0.01862673        0.01852271
     4.3000000       -0.00445882        0.00232144
     4.4000000       -0.02282469        0.01316975
     4.5000000       -0.02316361        0.03768263
     4.6000000        0.02563043        0.04515710
     4.7000000       -0.00613671        0.00406193
     4.8000000        0.03097290        0.03136267
     4.9000000        0.07956097        0.09000561
     5.0000000        0.03578929        0.03293576
     5.1000000        0.00217406        0.00145645
     5.2000000        0.00726341        0.00730399
     5.3000000       -0.00285265        0.02565833
     5.4000000       -0.01471232        0.01016934
     5.5000000       -0.03974020        0.03326968
     5.6000000       -0.01959824        0.02166232
     5.7000000       -0.02251496        0.04412261
     5.8000000        0.02155295        0.02366175
     5.9000000        0.00148031        0.01001390
     6.0000000        0.01140945        0.01124186
     6.1000000        0.00309393        0.00418659
     6.2000000       -0.00048028        0.00808522
     6.3000000       -0.01847033        0.02353371
     6.4000000       -0.00105284        0.00467044
     6.5000000        0.01065986        0.00997578
     6.6000000        0.03940605        0.02306208
     6.7000000       -0.02766261        0.04403658
     6.8000000        0.00997672        0.20109825
     6.9000000        0.00315458        0.07743705
     7.0000000       -0.00769812        0.02345884
     7.1000000       -0.02621177        0.02612903
     7.2000000        0.00846713        0.01736040
     7.3000000        0.01417652        0.04098943
     7.4000000        0.00495825        0.01192938
     7.5000000        0.02592951        0.01415143
     7.6000000        0.01408369        0.01574080
     7.7000000        0.06122127        0.03427539
     7.8000000       -0.02504651        0.02941360
     7.9000000       -0.01219339        0.03119618
     8.0000000       -0.07013659        0.07073766
     8.1000000       -0.46450282        0.46804465
     8.2000000       -1.12506239        1.20572019
     8.3000000       -0.44823867        0.53087413
     8.4000000       -0.22167539        0.19543459
     8.5000000       -0.21311987        0.11724147
     8.6000000       -0.31029368        0.12340931
     8.7000000       -0.46065541        0.28066101
     8.8000000       -0.11053544        0.10428620
     8.9000000        0.15089044        0.13662103
     9.0000000       -0.00414329        0.08842524
     9.1000000        0.04892352        0.11215754
     9.2000000        0.12288700        0.08133368
     9.3000000        0.03533517        0.06280999
     9.4000000       -0.04791496        0.11546289
     9.5000000       -0.03308603        0.07877611
     9.6000000       -0.10840340        0.08009298
     9.7000000       -0.09365685        0.11959580
     9.8000000       -0.04495025        0.08102870
     9.9000000       -0.06000263        0.10497595
    10.0000000       -0.09306715        0.11797882
