           2               (4.0000000000000044,0.0000000000000000)   1.0000000000000000     
           2               (4.0000000000000089,0.0000000000000000)   1.0000000000000000     
           2               (3.9999999999999876,0.0000000000000000)   1.0000000000000000     
           2               (4.0000000000000089,0.0000000000000000)   1.0000000000000000     
           2               (4.0000000000000107,0.0000000000000000)   1.0000000000000000     
           2               (4.0000000000000195,0.0000000000000000)   1.0000000000000000     
           2               (4.0000000000000036,0.0000000000000000)   1.0000000000000000     
           2               (4.0000000000000027,0.0000000000000000)   1.0000000000000000     
           2               (4.0000000000000009,0.0000000000000000)   1.0000000000000000     
           2               (4.0000000000000071,0.0000000000000000)   1.0000000000000000     
           2               (4.0000000000000089,0.0000000000000000)   1.0000000000000000     
           2               (4.0000000000000107,0.0000000000000000)   1.0000000000000000     
           2               (4.0000000000000027,0.0000000000000000)   1.0000000000000000     
           2               (3.9999999999999867,0.0000000000000000)   1.0000000000000000     
           2               (4.0000000000000089,0.0000000000000000)   1.0000000000000000     
           2               (4.0000000000000036,0.0000000000000000)   1.0000000000000000     
           2               (4.0000000000000027,0.0000000000000000)   1.0000000000000000     
           2               (4.0000000000000027,0.0000000000000000)   1.0000000000000000     
           2               (4.0000000000000195,0.0000000000000000)   1.0000000000000000     
           2               (3.9999999999999964,0.0000000000000000)   1.0000000000000000     
           2               (4.0000000000000027,0.0000000000000000)   1.0000000000000000     
           2               (3.9999999999999978,0.0000000000000000)   1.0000000000000000     
           2               (4.0000000000000107,0.0000000000000000)   1.0000000000000000     
           2               (4.0000000000000089,0.0000000000000000)   1.0000000000000000     
           2               (4.0000000000000044,0.0000000000000000)   1.0000000000000000     
           2               (4.0000000000000018,0.0000000000000000)   1.0000000000000000     
           2               (4.0000000000000027,0.0000000000000000)   1.0000000000000000     
           2               (4.0000000000000098,0.0000000000000000)   1.0000000000000000     
           2               (4.0000000000000044,0.0000000000000000)   1.0000000000000000     
           2               (4.0000000000000018,0.0000000000000000)   1.0000000000000000     
           2               (4.0000000000000053,0.0000000000000000)   1.0000000000000000     
           2               (4.0000000000000036,0.0000000000000000)   1.0000000000000000     
           2               (4.0000000000000062,0.0000000000000000)   1.0000000000000000     
           2               (4.0000000000000044,0.0000000000000000)   1.0000000000000000     
           2               (4.0000000000000071,0.0000000000000000)   1.0000000000000000     
           2               (4.0000000000000071,0.0000000000000000)   1.0000000000000000     
           2               (4.0000000000000222,0.0000000000000000)   1.0000000000000000     
           2               (4.0000000000000027,0.0000000000000000)   1.0000000000000000     
           2               (4.0000000000000053,0.0000000000000000)   1.0000000000000000     
           2               (4.0000000000000071,0.0000000000000000)   1.0000000000000000     
           2               (4.0000000000000018,0.0000000000000000)   1.0000000000000000     
           2               (4.0000000000000284,0.0000000000000000)   1.0000000000000000     
           2               (4.0000000000000098,0.0000000000000000)   1.0000000000000000     
           2               (4.0000000000000044,0.0000000000000000)   1.0000000000000000     
           2               (4.0000000000000195,0.0000000000000000)   1.0000000000000000     
           2               (4.0000000000000080,0.0000000000000000)   1.0000000000000000     
           2               (4.0000000000000080,0.0000000000000000)   1.0000000000000000     
           2               (4.0000000000000053,0.0000000000000000)   1.0000000000000000     
           2               (4.0000000000000080,0.0000000000000000)   1.0000000000000000     
           2               (4.0000000000000151,0.0000000000000000)   1.0000000000000000     
           2               (4.0000000000000062,0.0000000000000000)   1.0000000000000000     
           2               (4.0000000000000107,0.0000000000000000)   1.0000000000000000     
           2               (4.0000000000000107,0.0000000000000000)   1.0000000000000000     
           2               (4.0000000000000027,0.0000000000000000)   1.0000000000000000     
           2               (4.0000000000000036,0.0000000000000000)   1.0000000000000000     
           2               (4.0000000000000044,0.0000000000000000)   1.0000000000000000     
           2               (4.0000000000000044,0.0000000000000000)   1.0000000000000000     
           2               (4.0000000000000115,0.0000000000000000)   1.0000000000000000     
           2               (4.0000000000000098,0.0000000000000000)   1.0000000000000000     
           2               (4.0000000000000027,0.0000000000000000)   1.0000000000000000     
           2               (4.0000000000000018,0.0000000000000000)   1.0000000000000000     
           2               (4.0000000000000044,0.0000000000000000)   1.0000000000000000     
           2               (4.0000000000000027,0.0000000000000000)   1.0000000000000000     
           2               (4.0000000000000018,0.0000000000000000)   1.0000000000000000     
           2               (4.0000000000000027,0.0000000000000000)   1.0000000000000000     
           2               (4.0000000000000044,0.0000000000000000)   1.0000000000000000     
           2               (4.0000000000000018,0.0000000000000000)   1.0000000000000000     
           2               (4.0000000000000098,0.0000000000000000)   1.0000000000000000     
           2               (4.0000000000000053,0.0000000000000000)   1.0000000000000000     
           2               (4.0000000000000107,0.0000000000000000)   1.0000000000000000     
           2               (4.0000000000000089,0.0000000000000000)   1.0000000000000000     
           2               (4.0000000000000080,0.0000000000000000)   1.0000000000000000     
           2               (4.0000000000000062,0.0000000000000000)   1.0000000000000000     
           2               (4.0000000000000107,0.0000000000000000)   1.0000000000000000     
           2               (4.0000000000000044,0.0000000000000000)   1.0000000000000000     
           2               (4.0000000000000204,0.0000000000000000)   1.0000000000000000     
           2               (4.0000000000000044,0.0000000000000000)   1.0000000000000000     
           2               (4.0000000000000044,0.0000000000000000)   1.0000000000000000     
           2               (3.9999999999999987,0.0000000000000000)   1.0000000000000000     
           2               (4.0000000000000098,0.0000000000000000)   1.0000000000000000     
           2               (4.0000000000000062,0.0000000000000000)   1.0000000000000000     
           2               (4.0000000000000284,0.0000000000000000)   1.0000000000000000     
           2               (4.0000000000000142,0.0000000000000000)   1.0000000000000000     
           2               (4.0000000000000053,0.0000000000000000)   1.0000000000000000     
           2               (3.9999999999999933,0.0000000000000000)   1.0000000000000000     
           2               (4.0000000000000053,0.0000000000000000)   1.0000000000000000     
           2               (4.0000000000000053,0.0000000000000000)   1.0000000000000000     
           2               (4.0000000000000044,0.0000000000000000)   1.0000000000000000     
           2               (4.0000000000000133,0.0000000000000000)   1.0000000000000000     
           2               (4.0000000000000018,0.0000000000000000)   1.0000000000000000     
           2               (4.0000000000000062,0.0000000000000000)   1.0000000000000000     
           2               (4.0000000000000080,0.0000000000000000)   1.0000000000000000     
           2               (4.0000000000000151,0.0000000000000000)   1.0000000000000000     
           2               (4.0000000000000000,0.0000000000000000)   1.0000000000000000     
           2               (4.0000000000000018,0.0000000000000000)   1.0000000000000000     
           2               (4.0000000000000044,0.0000000000000000)   1.0000000000000000     
           2               (4.0000000000000036,0.0000000000000000)   1.0000000000000000     
           2               (4.0000000000000027,0.0000000000000000)   1.0000000000000000     
           2               (4.0000000000000027,0.0000000000000000)   1.0000000000000000     
           2               (4.0000000000000036,0.0000000000000000)   1.0000000000000000     
           2               (4.0000000000000080,0.0000000000000000)   1.0000000000000000     
           2               (4.0000000000000018,0.0000000000000000)   1.0000000000000000     
           2               (4.0000000000000044,0.0000000000000000)   1.0000000000000000     
           2               (4.0000000000000089,0.0000000000000000)   1.0000000000000000     
           2               (3.9999999999999876,0.0000000000000000)   1.0000000000000000     
           2               (4.0000000000000089,0.0000000000000000)   1.0000000000000000     
           2               (4.0000000000000107,0.0000000000000000)   1.0000000000000000     
           2               (4.0000000000000195,0.0000000000000000)   1.0000000000000000     
           2               (4.0000000000000036,0.0000000000000000)   1.0000000000000000     
           2               (4.0000000000000027,0.0000000000000000)   1.0000000000000000     
           2               (4.0000000000000009,0.0000000000000000)   1.0000000000000000     
           2               (4.0000000000000071,0.0000000000000000)   1.0000000000000000     
           2               (4.0000000000000089,0.0000000000000000)   1.0000000000000000     
           2               (4.0000000000000107,0.0000000000000000)   1.0000000000000000     
           2               (4.0000000000000027,0.0000000000000000)   1.0000000000000000     
           2               (3.9999999999999867,0.0000000000000000)   1.0000000000000000     
           2               (4.0000000000000089,0.0000000000000000)   1.0000000000000000     
           2               (4.0000000000000036,0.0000000000000000)   1.0000000000000000     
           2               (4.0000000000000027,0.0000000000000000)   1.0000000000000000     
           2               (4.0000000000000027,0.0000000000000000)   1.0000000000000000     
           2               (4.0000000000000195,0.0000000000000000)   1.0000000000000000     
           2               (3.9999999999999964,0.0000000000000000)   1.0000000000000000     
           2               (4.0000000000000027,0.0000000000000000)   1.0000000000000000     
           2               (3.9999999999999978,0.0000000000000000)   1.0000000000000000     
           2               (4.0000000000000107,0.0000000000000000)   1.0000000000000000     
           2               (4.0000000000000089,0.0000000000000000)   1.0000000000000000     
           2               (4.0000000000000044,0.0000000000000000)   1.0000000000000000     
           2               (4.0000000000000018,0.0000000000000000)   1.0000000000000000     
           2               (4.0000000000000027,0.0000000000000000)   1.0000000000000000     
           2               (4.0000000000000098,0.0000000000000000)   1.0000000000000000     
           2               (4.0000000000000044,0.0000000000000000)   1.0000000000000000     
           2               (4.0000000000000018,0.0000000000000000)   1.0000000000000000     
           2               (4.0000000000000053,0.0000000000000000)   1.0000000000000000     
           2               (4.0000000000000036,0.0000000000000000)   1.0000000000000000     
           2               (4.0000000000000062,0.0000000000000000)   1.0000000000000000     
           2               (4.0000000000000044,0.0000000000000000)   1.0000000000000000     
           2               (4.0000000000000071,0.0000000000000000)   1.0000000000000000     
           2               (4.0000000000000071,0.0000000000000000)   1.0000000000000000     
           2               (4.0000000000000222,0.0000000000000000)   1.0000000000000000     
           2               (4.0000000000000027,0.0000000000000000)   1.0000000000000000     
           2               (4.0000000000000053,0.0000000000000000)   1.0000000000000000     
           2               (4.0000000000000071,0.0000000000000000)   1.0000000000000000     
           2               (4.0000000000000018,0.0000000000000000)   1.0000000000000000     
           2               (4.0000000000000284,0.0000000000000000)   1.0000000000000000     
           2               (4.0000000000000098,0.0000000000000000)   1.0000000000000000     
           2               (4.0000000000000044,0.0000000000000000)   1.0000000000000000     
           2               (4.0000000000000195,0.0000000000000000)   1.0000000000000000     
           2               (4.0000000000000080,0.0000000000000000)   1.0000000000000000     
           2               (4.0000000000000080,0.0000000000000000)   1.0000000000000000     
           2               (4.0000000000000053,0.0000000000000000)   1.0000000000000000     
           2               (4.0000000000000080,0.0000000000000000)   1.0000000000000000     
           2               (4.0000000000000151,0.0000000000000000)   1.0000000000000000     
           2               (4.0000000000000062,0.0000000000000000)   1.0000000000000000     
           2               (4.0000000000000107,0.0000000000000000)   1.0000000000000000     
           2               (4.0000000000000107,0.0000000000000000)   1.0000000000000000     
           2               (4.0000000000000027,0.0000000000000000)   1.0000000000000000     
           2               (4.0000000000000036,0.0000000000000000)   1.0000000000000000     
           2               (4.0000000000000044,0.0000000000000000)   1.0000000000000000     
           2               (4.0000000000000044,0.0000000000000000)   1.0000000000000000     
           2               (4.0000000000000115,0.0000000000000000)   1.0000000000000000     
           2               (4.0000000000000098,0.0000000000000000)   1.0000000000000000     
           2               (4.0000000000000027,0.0000000000000000)   1.0000000000000000     
           2               (4.0000000000000018,0.0000000000000000)   1.0000000000000000     
           2               (4.0000000000000044,0.0000000000000000)   1.0000000000000000     
           2               (4.0000000000000027,0.0000000000000000)   1.0000000000000000     
           2               (4.0000000000000018,0.0000000000000000)   1.0000000000000000     
           2               (4.0000000000000027,0.0000000000000000)   1.0000000000000000     
           2               (4.0000000000000044,0.0000000000000000)   1.0000000000000000     
           2               (4.0000000000000018,0.0000000000000000)   1.0000000000000000     
           2               (4.0000000000000098,0.0000000000000000)   1.0000000000000000     
           2               (4.0000000000000053,0.0000000000000000)   1.0000000000000000     
           2               (4.0000000000000107,0.0000000000000000)   1.0000000000000000     
           2               (4.0000000000000089,0.0000000000000000)   1.0000000000000000     
           2               (4.0000000000000080,0.0000000000000000)   1.0000000000000000     
           2               (4.0000000000000062,0.0000000000000000)   1.0000000000000000     
           2               (4.0000000000000107,0.0000000000000000)   1.0000000000000000     
           2               (4.0000000000000044,0.0000000000000000)   1.0000000000000000     
           2               (4.0000000000000204,0.0000000000000000)   1.0000000000000000     
           2               (4.0000000000000044,0.0000000000000000)   1.0000000000000000     
           2               (4.0000000000000044,0.0000000000000000)   1.0000000000000000     
           2               (3.9999999999999987,0.0000000000000000)   1.0000000000000000     
           2               (4.0000000000000098,0.0000000000000000)   1.0000000000000000     
           2               (4.0000000000000062,0.0000000000000000)   1.0000000000000000     
           2               (4.0000000000000284,0.0000000000000000)   1.0000000000000000     
           2               (4.0000000000000142,0.0000000000000000)   1.0000000000000000     
           2               (4.0000000000000053,0.0000000000000000)   1.0000000000000000     
           2               (3.9999999999999933,0.0000000000000000)   1.0000000000000000     
           2               (4.0000000000000053,0.0000000000000000)   1.0000000000000000     
           2               (4.0000000000000053,0.0000000000000000)   1.0000000000000000     
           2               (4.0000000000000044,0.0000000000000000)   1.0000000000000000     
           2               (4.0000000000000133,0.0000000000000000)   1.0000000000000000     
           2               (4.0000000000000018,0.0000000000000000)   1.0000000000000000     
           2               (4.0000000000000062,0.0000000000000000)   1.0000000000000000     
           2               (4.0000000000000080,0.0000000000000000)   1.0000000000000000     
           2               (4.0000000000000151,0.0000000000000000)   1.0000000000000000     
           2               (4.0000000000000000,0.0000000000000000)   1.0000000000000000     
           2               (4.0000000000000018,0.0000000000000000)   1.0000000000000000     
           2               (4.0000000000000044,0.0000000000000000)   1.0000000000000000     
           2               (4.0000000000000036,0.0000000000000000)   1.0000000000000000     
           2               (4.0000000000000027,0.0000000000000000)   1.0000000000000000     
           2               (4.0000000000000027,0.0000000000000000)   1.0000000000000000     
           2               (4.0000000000000036,0.0000000000000000)   1.0000000000000000     
           2               (4.0000000000000080,0.0000000000000000)   1.0000000000000000     
           2               (4.0000000000000018,0.0000000000000000)   1.0000000000000000     
           2               (4.0000000000000053,0.0000000000000000)   1.0000000000000000     
           2               (4.0000000000000062,0.0000000000000000)   1.0000000000000000     
           2               (4.0000000000000009,0.0000000000000000)   1.0000000000000000     
           2               (4.0000000000000062,0.0000000000000000)   1.0000000000000000     
           2               (4.0000000000000062,0.0000000000000000)   1.0000000000000000     
           2               (3.9999999999999969,0.0000000000000000)   1.0000000000000000     
           2               (3.9999999999999978,0.0000000000000000)   1.0000000000000000     
           2               (4.0000000000000018,0.0000000000000000)   1.0000000000000000     
           2               (4.0000000000000062,0.0000000000000000)   1.0000000000000000     
           2               (3.9999999999999987,0.0000000000000000)   1.0000000000000000     
           2               (4.0000000000000018,0.0000000000000000)   1.0000000000000000     
           2               (4.0000000000000009,0.0000000000000000)   1.0000000000000000     
           2               (4.0000000000000027,0.0000000000000000)   1.0000000000000000     
           2               (4.0000000000000080,0.0000000000000000)   1.0000000000000000     
           2               (4.0000000000000027,0.0000000000000000)   1.0000000000000000     
           2               (4.0000000000000062,0.0000000000000000)   1.0000000000000000     
           2               (4.0000000000000062,0.0000000000000000)   1.0000000000000000     
           2               (4.0000000000000018,0.0000000000000000)   1.0000000000000000     
           2               (4.0000000000000133,0.0000000000000000)   1.0000000000000000     
           2               (4.0000000000000062,0.0000000000000000)   1.0000000000000000     
           2               (4.0000000000000071,0.0000000000000000)   1.0000000000000000     
           2               (4.0000000000000062,0.0000000000000000)   1.0000000000000000     
           2               (4.0000000000000071,0.0000000000000000)   1.0000000000000000     
           2               (4.0000000000000053,0.0000000000000000)   1.0000000000000000     
           2               (4.0000000000000062,0.0000000000000000)   1.0000000000000000     
           2               (4.0000000000000098,0.0000000000000000)   1.0000000000000000     
           2               (4.0000000000000071,0.0000000000000000)   1.0000000000000000     
           2               (4.0000000000000018,0.0000000000000000)   1.0000000000000000     
           2               (4.0000000000000044,0.0000000000000000)   1.0000000000000000     
           2               (3.9999999999999676,0.0000000000000000)   1.0000000000000000     
           2               (4.0000000000000018,0.0000000000000000)   1.0000000000000000     
           2               (4.0000000000000018,0.0000000000000000)   1.0000000000000000     
           2               (4.0000000000000080,0.0000000000000000)   1.0000000000000000     
           2               (4.0000000000000062,0.0000000000000000)   1.0000000000000000     
           2               (4.0000000000000000,0.0000000000000000)   1.0000000000000000     
           2               (4.0000000000000000,0.0000000000000000)   1.0000000000000000     
           2               (4.0000000000000115,0.0000000000000000)   1.0000000000000000     
           2               (4.0000000000000062,0.0000000000000000)   1.0000000000000000     
           2               (4.0000000000000018,0.0000000000000000)   1.0000000000000000     
           2               (4.0000000000000089,0.0000000000000000)   1.0000000000000000     
           2               (4.0000000000000044,0.0000000000000000)   1.0000000000000000     
           2               (4.0000000000000080,0.0000000000000000)   1.0000000000000000     
           2               (4.0000000000000027,0.0000000000000000)   1.0000000000000000     
           2               (4.0000000000000080,0.0000000000000000)   1.0000000000000000     
           2               (4.0000000000000062,0.0000000000000000)   1.0000000000000000     
           2               (4.0000000000001190,0.0000000000000000)   1.0000000000000000     
           2               (3.9999999999999969,0.0000000000000000)   1.0000000000000000     
           2               (4.0000000000000195,0.0000000000000000)   1.0000000000000000     
           2               (4.0000000000000027,0.0000000000000000)   1.0000000000000000     
           2               (4.0000000000000062,0.0000000000000000)   1.0000000000000000     
           2               (4.0000000000000062,0.0000000000000000)   1.0000000000000000     
           2               (4.0000000000000009,0.0000000000000000)   1.0000000000000000     
           2               (4.0000000000000098,0.0000000000000000)   1.0000000000000000     
           2               (4.0000000000000062,0.0000000000000000)   1.0000000000000000     
           2               (4.0000000000000080,0.0000000000000000)   1.0000000000000000     
           2               (4.0000000000000338,0.0000000000000000)   1.0000000000000000     
           2               (4.0000000000000009,0.0000000000000000)   1.0000000000000000     
           2               (3.9999999999999853,0.0000000000000000)   1.0000000000000000     
           2               (4.0000000000000044,0.0000000000000000)   1.0000000000000000     
           2               (4.0000000000000027,0.0000000000000000)   1.0000000000000000     
           2               (4.0000000000000053,0.0000000000000000)   1.0000000000000000     
           2               (4.0000000000000027,0.0000000000000000)   1.0000000000000000     
           2               (4.0000000000000115,0.0000000000000000)   1.0000000000000000     
           2               (4.0000000000000044,0.0000000000000000)   1.0000000000000000     
           2               (4.0000000000000018,0.0000000000000000)   1.0000000000000000     
           2               (3.9999999999999956,0.0000000000000000)   1.0000000000000000     
           2               (4.0000000000000089,0.0000000000000000)   1.0000000000000000     
           2               (4.0000000000000053,0.0000000000000000)   1.0000000000000000     
           2               (4.0000000000000044,0.0000000000000000)   1.0000000000000000     
           2               (3.9999999999999836,0.0000000000000000)   1.0000000000000000     
           2               (4.0000000000001217,0.0000000000000000)   1.0000000000000000     
           2               (4.0000000000000062,0.0000000000000000)   1.0000000000000000     
           2               (4.0000000000000098,0.0000000000000000)   1.0000000000000000     
           2               (4.0000000000000018,0.0000000000000000)   1.0000000000000000     
           2               (4.0000000000000044,0.0000000000000000)   1.0000000000000000     
           2               (4.0000000000000053,0.0000000000000000)   1.0000000000000000     
           2               (4.0000000000000080,0.0000000000000000)   1.0000000000000000     
           2               (4.0000000000000107,0.0000000000000000)   1.0000000000000000     
           2               (4.0000000000000053,0.0000000000000000)   1.0000000000000000     
           2               (4.0000000000000071,0.0000000000000000)   1.0000000000000000     
           2               (4.0000000000000053,0.0000000000000000)   1.0000000000000000     
           2               (4.0000000000000036,0.0000000000000000)   1.0000000000000000     
           2               (4.0000000000000098,0.0000000000000000)   1.0000000000000000     
           2               (4.0000000000000053,0.0000000000000000)   1.0000000000000000     
           2               (4.0000000000000053,0.0000000000000000)   1.0000000000000000     
           2               (3.9999999999999947,0.0000000000000000)   1.0000000000000000     
           2               (4.0000000000000071,0.0000000000000000)   1.0000000000000000     
           2               (4.0000000000000000,0.0000000000000000)   1.0000000000000000     
           2               (4.0000000000000240,0.0000000000000000)   1.0000000000000000     
           2               (4.0000000000000036,0.0000000000000000)   1.0000000000000000     
           2               (4.0000000000000036,0.0000000000000000)   1.0000000000000000     
           2               (4.0000000000000195,0.0000000000000000)   1.0000000000000000     
           2               (4.0000000000000089,0.0000000000000000)   1.0000000000000000     
           2               (4.0000000000000595,0.0000000000000000)   1.0000000000000000     
           2               (4.0000000000000018,0.0000000000000000)   1.0000000000000000     
           2               (4.0000000000000044,0.0000000000000000)   1.0000000000000000     
           2               (3.9999999999999978,0.0000000000000000)   1.0000000000000000     
           2               (4.0000000000000169,0.0000000000000000)   1.0000000000000000     
           2               (4.0000000000000098,0.0000000000000000)   1.0000000000000000     
           2               (4.0000000000000053,0.0000000000000000)   1.0000000000000000     
           2               (4.0000000000000107,0.0000000000000000)   1.0000000000000000     
