           2               (1.2519184338082061,0.0000000000000000)   1.0000000000000000     
           2               (1.2357687766468093,0.0000000000000000)   1.0000000000000000     
           2               (1.2313333602319627,0.0000000000000000)   1.0000000000000000     
           2               (1.2001444441467921,0.0000000000000000)   1.0000000000000000     
           2               (1.2069993882588164,0.0000000000000000)   1.0000000000000000     
           2               (1.2340002133300578,0.0000000000000000)   1.0000000000000000     
           2               (1.2039565714483789,0.0000000000000000)   1.0000000000000000     
           2               (1.1871324566069938,0.0000000000000000)   1.0000000000000000     
           2               (1.2234486286144448,0.0000000000000000)   1.0000000000000000     
           2               (1.2292348840562839,0.0000000000000000)   1.0000000000000000     
           2               (1.2135292717465522,0.0000000000000000)   1.0000000000000000     
           2               (1.2361453740353898,0.0000000000000000)   1.0000000000000000     
           2               (1.2284977172486726,0.0000000000000000)   1.0000000000000000     
           2               (1.2113877782356171,0.0000000000000000)   1.0000000000000000     
           2               (1.2703480292676184,0.0000000000000000)   1.0000000000000000     
           2               (1.2156328109948971,0.0000000000000000)   1.0000000000000000     
           2               (1.2225255569007529,0.0000000000000000)   1.0000000000000000     
           2               (1.1973280136105500,0.0000000000000000)   1.0000000000000000     
           2               (1.1934769291779346,0.0000000000000000)   1.0000000000000000     
           2               (1.2308384242450225,0.0000000000000000)   1.0000000000000000     
           2               (1.2351638446698523,0.0000000000000000)   1.0000000000000000     
           2               (1.2278238212327317,0.0000000000000000)   1.0000000000000000     
           2               (1.2288523376180200,0.0000000000000000)   1.0000000000000000     
           2               (1.2189201066433930,0.0000000000000000)   1.0000000000000000     
           2               (1.1887268415746390,0.0000000000000000)   1.0000000000000000     
           2               (1.2249854466199548,0.0000000000000000)   1.0000000000000000     
           2               (1.2060210458407437,0.0000000000000000)   1.0000000000000000     
           2               (1.1990900609088408,0.0000000000000000)   1.0000000000000000     
           2               (1.2490444871101551,0.0000000000000000)   1.0000000000000000     
           2               (1.2376766311515903,0.0000000000000000)   1.0000000000000000     
           2               (1.2362465794161093,0.0000000000000000)   1.0000000000000000     
           2               (1.1950232422670817,0.0000000000000000)   1.0000000000000000     
           2               (1.2395293229222111,0.0000000000000000)   1.0000000000000000     
           2               (1.2688057803882884,0.0000000000000000)   1.0000000000000000     
           2               (1.2137655300352190,0.0000000000000000)   1.0000000000000000     
           2               (1.2159177465670332,0.0000000000000000)   1.0000000000000000     
           2               (1.2421826887114567,0.0000000000000000)   1.0000000000000000     
           2               (1.1953249381668487,0.0000000000000000)   1.0000000000000000     
           2               (1.2255181339297141,0.0000000000000000)   1.0000000000000000     
           2               (1.2423628657312140,0.0000000000000000)   1.0000000000000000     
           2               (1.1930380523499144,0.0000000000000000)   1.0000000000000000     
           2               (1.2423838193226420,0.0000000000000000)   1.0000000000000000     
           2               (1.1868181568437894,0.0000000000000000)   1.0000000000000000     
           2               (1.2653555023869221,0.0000000000000000)   1.0000000000000000     
           2               (1.2199807132977665,0.0000000000000000)   1.0000000000000000     
           2               (1.2430600747441987,0.0000000000000000)   1.0000000000000000     
           2               (1.2250162873703569,0.0000000000000000)   1.0000000000000000     
           2               (1.2406562787728936,0.0000000000000000)   1.0000000000000000     
           2               (1.2314627099659352,0.0000000000000000)   1.0000000000000000     
           2               (1.2178725718187438,0.0000000000000000)   1.0000000000000000     
           2               (1.2070004818503233,0.0000000000000000)   1.0000000000000000     
           2               (1.2365788260248129,0.0000000000000000)   1.0000000000000000     
           2               (1.2063838513499212,0.0000000000000000)   1.0000000000000000     
           2               (1.2223214573690211,0.0000000000000000)   1.0000000000000000     
           2               (1.2375504502044348,0.0000000000000000)   1.0000000000000000     
           2               (1.2161158225349098,0.0000000000000000)   1.0000000000000000     
           2               (1.2387339663295158,0.0000000000000000)   1.0000000000000000     
           2               (1.2147429931498104,0.0000000000000000)   1.0000000000000000     
           2               (1.2315224996739504,0.0000000000000000)   1.0000000000000000     
           2               (1.2139118713556758,0.0000000000000000)   1.0000000000000000     
           2               (1.2062458250925550,0.0000000000000000)   1.0000000000000000     
           2               (1.2424051087393302,0.0000000000000000)   1.0000000000000000     
           2               (1.2046811376443893,0.0000000000000000)   1.0000000000000000     
           2               (1.2288082852037616,0.0000000000000000)   1.0000000000000000     
           2               (1.2499574963281326,0.0000000000000000)   1.0000000000000000     
           2               (1.1924851469057669,0.0000000000000000)   1.0000000000000000     
           2               (1.2430175129658294,0.0000000000000000)   1.0000000000000000     
           2               (1.2567262241162998,0.0000000000000000)   1.0000000000000000     
           2               (1.1968626034264616,0.0000000000000000)   1.0000000000000000     
           2               (1.2285290632241002,0.0000000000000000)   1.0000000000000000     
           2               (1.2436779871844463,0.0000000000000000)   1.0000000000000000     
           2               (1.2026584375831813,0.0000000000000000)   1.0000000000000000     
           2               (1.2167430804861670,0.0000000000000000)   1.0000000000000000     
           2               (1.2135652813772198,0.0000000000000000)   1.0000000000000000     
           2               (1.2451821649054711,0.0000000000000000)   1.0000000000000000     
           2               (1.2232990638020493,0.0000000000000000)   1.0000000000000000     
           2               (1.2083307360145299,0.0000000000000000)   1.0000000000000000     
           2               (1.2119283215933134,0.0000000000000000)   1.0000000000000000     
           2               (1.2564391528898031,0.0000000000000000)   1.0000000000000000     
           2               (1.1955747944044690,0.0000000000000000)   1.0000000000000000     
           2               (1.2009490264429576,0.0000000000000000)   1.0000000000000000     
           2               (1.2377721891177953,0.0000000000000000)   1.0000000000000000     
           2               (1.2521927357156803,0.0000000000000000)   1.0000000000000000     
           2               (1.2295328725232313,0.0000000000000000)   1.0000000000000000     
           2               (1.2099823458111976,0.0000000000000000)   1.0000000000000000     
           2               (1.2358466927894323,0.0000000000000000)   1.0000000000000000     
           2               (1.2247315330180577,0.0000000000000000)   1.0000000000000000     
           2               (1.2292133396297968,0.0000000000000000)   1.0000000000000000     
           2               (1.2031992899675428,0.0000000000000000)   1.0000000000000000     
           2               (1.2202600698566755,0.0000000000000000)   1.0000000000000000     
           2               (1.2460123429240209,0.0000000000000000)   1.0000000000000000     
           2               (1.2055580223266613,0.0000000000000000)   1.0000000000000000     
           2               (1.2253659575255345,0.0000000000000000)   1.0000000000000000     
           2               (1.2224142722904534,0.0000000000000000)   1.0000000000000000     
           2               (1.2110378697804405,0.0000000000000000)   1.0000000000000000     
           2               (1.2178494978011474,0.0000000000000000)   1.0000000000000000     
           2               (1.2204254906329601,0.0000000000000000)   1.0000000000000000     
           2               (1.2332016342498995,0.0000000000000000)   1.0000000000000000     
           2               (1.2622475773461024,0.0000000000000000)   1.0000000000000000     
           2               (1.2378561476664733,0.0000000000000000)   1.0000000000000000     
           2               (1.2024333325777190,0.0000000000000000)   1.0000000000000000     
           2               (1.2253815781591484,0.0000000000000000)   1.0000000000000000     
           2               (1.2519184338082061,0.0000000000000000)   1.0000000000000000     
           2               (1.2357687766468093,0.0000000000000000)   1.0000000000000000     
           2               (1.2313333602319627,0.0000000000000000)   1.0000000000000000     
           2               (1.2001444441467921,0.0000000000000000)   1.0000000000000000     
           2               (1.2069993882588164,0.0000000000000000)   1.0000000000000000     
           2               (1.2340002133300578,0.0000000000000000)   1.0000000000000000     
           2               (1.2039565714483789,0.0000000000000000)   1.0000000000000000     
           2               (1.1871324566069938,0.0000000000000000)   1.0000000000000000     
           2               (1.2234486286144448,0.0000000000000000)   1.0000000000000000     
           2               (1.2292348840562839,0.0000000000000000)   1.0000000000000000     
           2               (1.2135292717465522,0.0000000000000000)   1.0000000000000000     
           2               (1.2361453740353898,0.0000000000000000)   1.0000000000000000     
           2               (1.2284977172486726,0.0000000000000000)   1.0000000000000000     
           2               (1.2113877782356171,0.0000000000000000)   1.0000000000000000     
           2               (1.2703480292676184,0.0000000000000000)   1.0000000000000000     
           2               (1.2156328109948971,0.0000000000000000)   1.0000000000000000     
           2               (1.2225255569007529,0.0000000000000000)   1.0000000000000000     
           2               (1.1973280136105500,0.0000000000000000)   1.0000000000000000     
           2               (1.1934769291779346,0.0000000000000000)   1.0000000000000000     
           2               (1.2308384242450225,0.0000000000000000)   1.0000000000000000     
           2               (1.2351638446698523,0.0000000000000000)   1.0000000000000000     
           2               (1.2278238212327317,0.0000000000000000)   1.0000000000000000     
           2               (1.2288523376180200,0.0000000000000000)   1.0000000000000000     
           2               (1.2189201066433930,0.0000000000000000)   1.0000000000000000     
           2               (1.1887268415746390,0.0000000000000000)   1.0000000000000000     
           2               (1.2249854466199548,0.0000000000000000)   1.0000000000000000     
           2               (1.2060210458407437,0.0000000000000000)   1.0000000000000000     
           2               (1.1990900609088408,0.0000000000000000)   1.0000000000000000     
           2               (1.2490444871101551,0.0000000000000000)   1.0000000000000000     
           2               (1.2376766311515903,0.0000000000000000)   1.0000000000000000     
           2               (1.2362465794161093,0.0000000000000000)   1.0000000000000000     
           2               (1.1950232422670817,0.0000000000000000)   1.0000000000000000     
           2               (1.2395293229222111,0.0000000000000000)   1.0000000000000000     
           2               (1.2688057803882884,0.0000000000000000)   1.0000000000000000     
           2               (1.2137655300352190,0.0000000000000000)   1.0000000000000000     
           2               (1.2159177465670332,0.0000000000000000)   1.0000000000000000     
           2               (1.2421826887114567,0.0000000000000000)   1.0000000000000000     
           2               (1.1953249381668487,0.0000000000000000)   1.0000000000000000     
           2               (1.2255181339297141,0.0000000000000000)   1.0000000000000000     
           2               (1.2423628657312140,0.0000000000000000)   1.0000000000000000     
           2               (1.1930380523499144,0.0000000000000000)   1.0000000000000000     
           2               (1.2423838193226420,0.0000000000000000)   1.0000000000000000     
           2               (1.1868181568437894,0.0000000000000000)   1.0000000000000000     
           2               (1.2653555023869221,0.0000000000000000)   1.0000000000000000     
           2               (1.2199807132977665,0.0000000000000000)   1.0000000000000000     
           2               (1.2430600747441987,0.0000000000000000)   1.0000000000000000     
           2               (1.2250162873703569,0.0000000000000000)   1.0000000000000000     
           2               (1.2406562787728936,0.0000000000000000)   1.0000000000000000     
           2               (1.2314627099659352,0.0000000000000000)   1.0000000000000000     
           2               (1.2178725718187438,0.0000000000000000)   1.0000000000000000     
           2               (1.2070004818503233,0.0000000000000000)   1.0000000000000000     
           2               (1.2365788260248129,0.0000000000000000)   1.0000000000000000     
           2               (1.2063838513499212,0.0000000000000000)   1.0000000000000000     
           2               (1.2223214573690211,0.0000000000000000)   1.0000000000000000     
           2               (1.2375504502044348,0.0000000000000000)   1.0000000000000000     
           2               (1.2161158225349098,0.0000000000000000)   1.0000000000000000     
           2               (1.2387339663295158,0.0000000000000000)   1.0000000000000000     
           2               (1.2147429931498104,0.0000000000000000)   1.0000000000000000     
           2               (1.2315224996739504,0.0000000000000000)   1.0000000000000000     
           2               (1.2139118713556758,0.0000000000000000)   1.0000000000000000     
           2               (1.2062458250925550,0.0000000000000000)   1.0000000000000000     
           2               (1.2424051087393302,0.0000000000000000)   1.0000000000000000     
           2               (1.2046811376443893,0.0000000000000000)   1.0000000000000000     
           2               (1.2288082852037616,0.0000000000000000)   1.0000000000000000     
           2               (1.2499574963281326,0.0000000000000000)   1.0000000000000000     
           2               (1.1924851469057669,0.0000000000000000)   1.0000000000000000     
           2               (1.2430175129658294,0.0000000000000000)   1.0000000000000000     
           2               (1.2567262241162998,0.0000000000000000)   1.0000000000000000     
           2               (1.1968626034264616,0.0000000000000000)   1.0000000000000000     
           2               (1.2285290632241002,0.0000000000000000)   1.0000000000000000     
           2               (1.2436779871844463,0.0000000000000000)   1.0000000000000000     
           2               (1.2026584375831813,0.0000000000000000)   1.0000000000000000     
           2               (1.2167430804861670,0.0000000000000000)   1.0000000000000000     
           2               (1.2135652813772198,0.0000000000000000)   1.0000000000000000     
           2               (1.2451821649054711,0.0000000000000000)   1.0000000000000000     
           2               (1.2232990638020493,0.0000000000000000)   1.0000000000000000     
           2               (1.2083307360145299,0.0000000000000000)   1.0000000000000000     
           2               (1.2119283215933134,0.0000000000000000)   1.0000000000000000     
           2               (1.2564391528898031,0.0000000000000000)   1.0000000000000000     
           2               (1.1955747944044690,0.0000000000000000)   1.0000000000000000     
           2               (1.2009490264429576,0.0000000000000000)   1.0000000000000000     
           2               (1.2377721891177953,0.0000000000000000)   1.0000000000000000     
           2               (1.2521927357156803,0.0000000000000000)   1.0000000000000000     
           2               (1.2295328725232313,0.0000000000000000)   1.0000000000000000     
           2               (1.2099823458111976,0.0000000000000000)   1.0000000000000000     
           2               (1.2358466927894323,0.0000000000000000)   1.0000000000000000     
           2               (1.2247315330180577,0.0000000000000000)   1.0000000000000000     
           2               (1.2292133396297968,0.0000000000000000)   1.0000000000000000     
           2               (1.2031992899675428,0.0000000000000000)   1.0000000000000000     
           2               (1.2202600698566755,0.0000000000000000)   1.0000000000000000     
           2               (1.2460123429240209,0.0000000000000000)   1.0000000000000000     
           2               (1.2055580223266613,0.0000000000000000)   1.0000000000000000     
           2               (1.2253659575255345,0.0000000000000000)   1.0000000000000000     
           2               (1.2224142722904534,0.0000000000000000)   1.0000000000000000     
           2               (1.2110378697804405,0.0000000000000000)   1.0000000000000000     
           2               (1.2178494978011474,0.0000000000000000)   1.0000000000000000     
           2               (1.2204254906329601,0.0000000000000000)   1.0000000000000000     
           2               (1.2332016342498995,0.0000000000000000)   1.0000000000000000     
           2               (1.2622475773461024,0.0000000000000000)   1.0000000000000000     
           2               (1.2378561476664733,0.0000000000000000)   1.0000000000000000     
           2               (1.2024333325777190,0.0000000000000000)   1.0000000000000000     
           2               (1.2253815781591484,0.0000000000000000)   1.0000000000000000     
           2               (1.2334215301798157,0.0000000000000000)   1.0000000000000000     
           2               (1.2250734699054613,0.0000000000000000)   1.0000000000000000     
           2               (1.2042554244081582,0.0000000000000000)   1.0000000000000000     
           2               (1.2285032014150212,0.0000000000000000)   1.0000000000000000     
           2               (1.2172184286441634,0.0000000000000000)   1.0000000000000000     
           2               (1.2115918569833906,0.0000000000000000)   1.0000000000000000     
           2               (1.2419314125253198,0.0000000000000000)   1.0000000000000000     
           2               (1.2104561524089081,0.0000000000000000)   1.0000000000000000     
           2               (1.2468892570579715,0.0000000000000000)   1.0000000000000000     
           2               (1.2315123625991895,0.0000000000000000)   1.0000000000000000     
           2               (1.2230927897701986,0.0000000000000000)   1.0000000000000000     
           2               (1.2252142726949808,0.0000000000000000)   1.0000000000000000     
           2               (1.2024085132552387,0.0000000000000000)   1.0000000000000000     
           2               (1.2161539728057904,0.0000000000000000)   1.0000000000000000     
           2               (1.2138496128413923,0.0000000000000000)   1.0000000000000000     
           2               (1.2369852259904923,0.0000000000000000)   1.0000000000000000     
           2               (1.2729842714821760,0.0000000000000000)   1.0000000000000000     
           2               (1.2189466430821383,0.0000000000000000)   1.0000000000000000     
           2               (1.2458877525196161,0.0000000000000000)   1.0000000000000000     
           2               (1.1980345390349814,0.0000000000000000)   1.0000000000000000     
           2               (1.2295212183770214,0.0000000000000000)   1.0000000000000000     
           2               (1.2374045613874836,0.0000000000000000)   1.0000000000000000     
           2               (1.2329361093041171,0.0000000000000000)   1.0000000000000000     
           2               (1.2494328583273604,0.0000000000000000)   1.0000000000000000     
           2               (1.1669305113350132,0.0000000000000000)   1.0000000000000000     
           2               (1.2131582690853346,0.0000000000000000)   1.0000000000000000     
           2               (1.2324120948856432,0.0000000000000000)   1.0000000000000000     
           2               (1.2086529301149196,0.0000000000000000)   1.0000000000000000     
           2               (1.2381494265312651,0.0000000000000000)   1.0000000000000000     
           2               (1.2759914359657016,0.0000000000000000)   1.0000000000000000     
           2               (1.2240880105683345,0.0000000000000000)   1.0000000000000000     
           2               (1.2137099700042171,0.0000000000000000)   1.0000000000000000     
           2               (1.2381403441138707,0.0000000000000000)   1.0000000000000000     
           2               (1.2074895868585256,0.0000000000000000)   1.0000000000000000     
           2               (1.1852837059938004,0.0000000000000000)   1.0000000000000000     
           2               (1.2312837864914981,0.0000000000000000)   1.0000000000000000     
           2               (1.2085411872495038,0.0000000000000000)   1.0000000000000000     
           2               (1.2323958832630346,0.0000000000000000)   1.0000000000000000     
           2               (1.2120295283714368,0.0000000000000000)   1.0000000000000000     
           2               (1.2268153521500038,0.0000000000000000)   1.0000000000000000     
           2               (1.2120017926070823,0.0000000000000000)   1.0000000000000000     
           2               (1.2150472853760410,0.0000000000000000)   1.0000000000000000     
           2               (1.2172075182250455,0.0000000000000000)   1.0000000000000000     
           2               (1.2219825590240794,0.0000000000000000)   1.0000000000000000     
           2               (1.2512646153640945,0.0000000000000000)   1.0000000000000000     
           2               (1.2092805544887153,0.0000000000000000)   1.0000000000000000     
           2               (1.2247284527678330,0.0000000000000000)   1.0000000000000000     
           2               (1.2410847036304864,0.0000000000000000)   1.0000000000000000     
           2               (1.2147567867701119,0.0000000000000000)   1.0000000000000000     
           2               (1.2219979834801200,0.0000000000000000)   1.0000000000000000     
           2               (1.2286887901061054,0.0000000000000000)   1.0000000000000000     
           2               (1.1930020841041393,0.0000000000000000)   1.0000000000000000     
           2               (1.2131227109064915,0.0000000000000000)   1.0000000000000000     
           2               (1.2336595219450437,0.0000000000000000)   1.0000000000000000     
           2               (1.2206841157552719,0.0000000000000000)   1.0000000000000000     
           2               (1.2253995241113242,0.0000000000000000)   1.0000000000000000     
           2               (1.2319761873621713,0.0000000000000000)   1.0000000000000000     
           2               (1.1961620504964907,0.0000000000000000)   1.0000000000000000     
           2               (1.2088331013653824,0.0000000000000000)   1.0000000000000000     
           2               (1.2167276242871450,0.0000000000000000)   1.0000000000000000     
           2               (1.2248193213848957,0.0000000000000000)   1.0000000000000000     
           2               (1.2533475884870837,0.0000000000000000)   1.0000000000000000     
           2               (1.2298287392984695,0.0000000000000000)   1.0000000000000000     
           2               (1.2409967292065938,0.0000000000000000)   1.0000000000000000     
           2               (1.2012656286942396,0.0000000000000000)   1.0000000000000000     
           2               (1.1894424548713587,0.0000000000000000)   1.0000000000000000     
           2               (1.2576127349866464,0.0000000000000000)   1.0000000000000000     
           2               (1.1827723863819068,0.0000000000000000)   1.0000000000000000     
           2               (1.1806744474517095,0.0000000000000000)   1.0000000000000000     
           2               (1.2233846011323586,0.0000000000000000)   1.0000000000000000     
           2               (1.2045740154758080,0.0000000000000000)   1.0000000000000000     
           2               (1.2285015989107897,0.0000000000000000)   1.0000000000000000     
           2               (1.2421986923957462,0.0000000000000000)   1.0000000000000000     
           2               (1.2458581089210750,0.0000000000000000)   1.0000000000000000     
           2               (1.2270218842648981,0.0000000000000000)   1.0000000000000000     
           2               (1.2181383854977321,0.0000000000000000)   1.0000000000000000     
           2               (1.2113403018728477,0.0000000000000000)   1.0000000000000000     
           2               (1.2042250388299671,0.0000000000000000)   1.0000000000000000     
           2               (1.2223683610908300,0.0000000000000000)   1.0000000000000000     
           2               (1.1996393404225438,0.0000000000000000)   1.0000000000000000     
           2               (1.2680451996478896,0.0000000000000000)   1.0000000000000000     
           2               (1.2411414053901177,0.0000000000000000)   1.0000000000000000     
           2               (1.2214767446052379,0.0000000000000000)   1.0000000000000000     
           2               (1.2285759118301107,0.0000000000000000)   1.0000000000000000     
           2               (1.2334795189192287,0.0000000000000000)   1.0000000000000000     
           2               (1.2101103765433125,0.0000000000000000)   1.0000000000000000     
           2               (1.2558501177964529,0.0000000000000000)   1.0000000000000000     
           2               (1.2251550380891270,0.0000000000000000)   1.0000000000000000     
           2               (1.2224577516749602,0.0000000000000000)   1.0000000000000000     
           2               (1.2420750914850267,0.0000000000000000)   1.0000000000000000     
           2               (1.2330614216868367,0.0000000000000000)   1.0000000000000000     
           2               (1.2228790866167667,0.0000000000000000)   1.0000000000000000     
           2               (1.2304852560105781,0.0000000000000000)   1.0000000000000000     
           2               (1.2376687789286409,0.0000000000000000)   1.0000000000000000     
           2               (1.2267827330045906,0.0000000000000000)   1.0000000000000000     
           2               (1.2093650695761853,0.0000000000000000)   1.0000000000000000     
           2               (1.2484219066327851,0.0000000000000000)   1.0000000000000000     
           2               (1.2094536027434839,0.0000000000000000)   1.0000000000000000     
           2               (1.2239359608326033,0.0000000000000000)   1.0000000000000000     
           2               (1.2039131139104318,0.0000000000000000)   1.0000000000000000     
           2               (1.2435420982588681,0.0000000000000000)   1.0000000000000000     
