     0.0000000        0.95108585        0.03856953
     0.1000000        0.79888342        0.03857736
     0.2000000        0.66976636        0.04031573
     0.3000000        0.56786328        0.03852286
     0.4000000        0.48741565        0.03551237
     0.5000000        0.41962149        0.03200123
     0.6000000        0.35602123        0.03077642
     0.7000000        0.30443862        0.02885021
     0.8000000        0.26017477        0.02847048
     0.9000000        0.22571179        0.02510837
     1.0000000        0.19487052        0.02096322
     1.1000000        0.16840697        0.01843863
     1.2000000        0.14906155        0.01900098
     1.3000000        0.13607005        0.01869076
     1.4000000        0.11868359        0.01999843
     1.5000000        0.10249898        0.02314580
     1.6000000        0.08986745        0.02621208
     1.7000000        0.08561581        0.03004280
     1.8000000        0.08316200        0.03350353
     1.9000000        0.07378463        0.03312431
     2.0000000        0.06926777        0.03202571
     2.1000000        0.05894621        0.03175227
     2.2000000        0.04623556        0.03609384
     2.3000000        0.03666108        0.03827109
     2.4000000        0.02823650        0.03751322
     2.5000000        0.01640192        0.03754288
     2.6000000        0.00542185        0.03794468
     2.7000000        0.00432620        0.03748019
     2.8000000        0.00286559        0.03644232
     2.9000000       -0.00402626        0.03551677
     3.0000000       -0.00080310        0.03414702
     3.1000000       -0.00266175        0.03324664
     3.2000000       -0.00307199        0.03262784
     3.3000000       -0.00231186        0.03131938
     3.4000000        0.00272296        0.02989245
     3.5000000        0.00161398        0.02713226
     3.6000000        0.00419842        0.02608934
     3.7000000        0.00623270        0.02431016
     3.8000000        0.00704712        0.02527613
     3.9000000        0.00414242        0.03038962
     4.0000000        0.00588511        0.03514884
     4.1000000        0.00115515        0.03693541
     4.2000000       -0.00162365        0.03830409
     4.3000000        0.00064521        0.03954402
     4.4000000        0.00444123        0.03956477
     4.5000000        0.00393112        0.03684320
     4.6000000        0.00563428        0.03212842
     4.7000000        0.00182967        0.02625584
     4.8000000       -0.00363590        0.02167025
     4.9000000       -0.00744809        0.01377994
     5.0000000       -0.00622194        0.01329524
     5.1000000       -0.00839324        0.01399483
     5.2000000       -0.01030139        0.01686400
     5.3000000       -0.01005992        0.02088851
     5.4000000       -0.01134887        0.02546470
     5.5000000       -0.00864834        0.02788916
     5.6000000       -0.01139909        0.02772699
     5.7000000       -0.00608222        0.02594497
     5.8000000       -0.00115337        0.02450093
     5.9000000        0.00116274        0.02286971
     6.0000000        0.01339292        0.02093503
     6.1000000        0.02260911        0.02080165
     6.2000000        0.02721745        0.02422983
     6.3000000        0.02511708        0.02664228
     6.4000000        0.02686997        0.02707898
     6.5000000        0.02443566        0.02921647
     6.6000000        0.02530327        0.02829688
     6.7000000        0.01866258        0.02456465
     6.8000000        0.01601938        0.01758520
     6.9000000        0.01516131        0.01412969
     7.0000000        0.01719417        0.01186142
     7.1000000        0.02011324        0.01435448
     7.2000000        0.03636509        0.01307770
     7.3000000        0.05000125        0.00994699
     7.4000000        0.07167306        0.01470265
     7.5000000        0.08168102        0.01735130
     7.6000000        0.09037201        0.01681141
     7.7000000        0.09294678        0.02092431
     7.8000000        0.09049054        0.02371138
     7.9000000        0.09197584        0.02363962
     8.0000000        0.10327075        0.02038681
     8.1000000        0.11259190        0.01809563
     8.2000000        0.12362044        0.01697455
     8.3000000        0.13488725        0.01704095
     8.4000000        0.14787907        0.01852711
     8.5000000        0.16720610        0.02369990
     8.6000000        0.18394828        0.02643387
     8.7000000        0.20727798        0.02811304
     8.8000000        0.22746770        0.03184739
     8.9000000        0.24935881        0.03419687
     9.0000000        0.27615880        0.03504329
     9.1000000        0.30484987        0.03613089
     9.2000000        0.34334742        0.03665118
     9.3000000        0.38371893        0.03978864
     9.4000000        0.43103822        0.04380225
     9.5000000        0.48341265        0.04652520
     9.6000000        0.54621650        0.04710913
     9.7000000        0.61568297        0.04647809
     9.8000000        0.69984414        0.04370090
     9.9000000        0.81542955        0.03979334
    10.0000000        0.95108585        0.03856953
