     0.0000000        0.04581604        0.00008227
     0.1250000        0.04581604        0.00008227
     0.2500000        0.04581604        0.00008227
     0.3750000        0.04581604        0.00008227
     0.5000000        0.04581604        0.00008227
     0.6250000        0.04581604        0.00008227
     0.7500000        0.04581604        0.00008227
     0.8750000        0.04581604        0.00008227
     1.0000000        0.04581604        0.00008227
     1.1250000        0.04581604        0.00008227
     1.2500000        0.04581604        0.00008227
     1.3750000        0.04581604        0.00008227
     1.5000000        0.04581604        0.00008227
     1.6250000        0.04581604        0.00008227
     1.7500000        0.04581604        0.00008227
     1.8750000        0.04581604        0.00008227
     2.0000000        0.04581604        0.00008227
