     0.0000000        0.45769008        0.00155155
     0.1250000        0.45769008        0.00155155
     0.2500000        0.45769008        0.00155155
     0.3750000        0.45769008        0.00155155
     0.5000000        0.45769008        0.00155155
     0.6250000        0.45769008        0.00155155
     0.7500000        0.45769008        0.00155155
     0.8750000        0.45769008        0.00155155
     1.0000000        0.45769008        0.00155155
     1.1250000        0.45769008        0.00155155
     1.2500000        0.45769008        0.00155155
     1.3750000        0.45769008        0.00155155
     1.5000000        0.45769008        0.00155155
     1.6250000        0.45769008        0.00155155
     1.7500000        0.45769008        0.00155155
     1.8750000        0.45769008        0.00155155
     2.0000000        0.45769008        0.00155155
