           2              (-1.9629783894250497,0.0000000000000000)   1.0000000000000000     
           2              (-2.0478688767468989,0.0000000000000000)   1.0000000000000000     
           2              (-1.9716674646557704,0.0000000000000000)   1.0000000000000000     
           2              (-1.9808880284186787,0.0000000000000000)   1.0000000000000000     
           2              (-2.0170212723571463,0.0000000000000000)   1.0000000000000000     
           2              (-2.0082336667052898,0.0000000000000000)   1.0000000000000000     
           2              (-1.9632241634096834,0.0000000000000000)   1.0000000000000000     
           2              (-2.0445673054060216,0.0000000000000000)   1.0000000000000000     
           2              (-2.0576113290875595,0.0000000000000000)   1.0000000000000000     
           2              (-2.0127304612792991,0.0000000000000000)   1.0000000000000000     
           2              (-1.9803718232863829,0.0000000000000000)   1.0000000000000000     
           2              (-2.0281095519577534,0.0000000000000000)   1.0000000000000000     
           2              (-1.9827627778367252,0.0000000000000000)   1.0000000000000000     
           2              (-2.0542491370639149,0.0000000000000000)   1.0000000000000000     
           2              (-1.9721403228588890,0.0000000000000000)   1.0000000000000000     
           2              (-2.0041638572991278,0.0000000000000000)   1.0000000000000000     
           2              (-1.9619398752563468,0.0000000000000000)   1.0000000000000000     
           2              (-2.0167122702193696,0.0000000000000000)   1.0000000000000000     
           2              (-1.9818200346793016,0.0000000000000000)   1.0000000000000000     
           2              (-2.0077858982567096,0.0000000000000000)   1.0000000000000000     
           2              (-2.0297341258923263,0.0000000000000000)   1.0000000000000000     
           2              (-1.9807747749098035,0.0000000000000000)   1.0000000000000000     
           2              (-2.0221383663595631,0.0000000000000000)   1.0000000000000000     
           2              (-1.9706189916156822,0.0000000000000000)   1.0000000000000000     
           2              (-2.0152715163904276,0.0000000000000000)   1.0000000000000000     
           2              (-2.0089469538375586,0.0000000000000000)   1.0000000000000000     
           2              (-2.0205545635679303,0.0000000000000000)   1.0000000000000000     
           2              (-2.0272929996750539,0.0000000000000000)   1.0000000000000000     
           2              (-1.9781603802627599,0.0000000000000000)   1.0000000000000000     
           2              (-2.0044131832147114,0.0000000000000000)   1.0000000000000000     
           2              (-2.0123369848807204,0.0000000000000000)   1.0000000000000000     
           2              (-2.0155614207790191,0.0000000000000000)   1.0000000000000000     
           2              (-2.0228453640542883,0.0000000000000000)   1.0000000000000000     
           2              (-1.9783655569086711,0.0000000000000000)   1.0000000000000000     
           2              (-2.0165109712755531,0.0000000000000000)   1.0000000000000000     
           2              (-1.9497812137646775,0.0000000000000000)   1.0000000000000000     
           2              (-2.0195727173647762,0.0000000000000000)   1.0000000000000000     
           2              (-1.9637345917936078,0.0000000000000000)   1.0000000000000000     
           2              (-2.0576557118216368,0.0000000000000000)   1.0000000000000000     
           2              (-2.0073102764257156,0.0000000000000000)   1.0000000000000000     
           2              (-2.0061774035903484,0.0000000000000000)   1.0000000000000000     
           2              (-1.9301750074422206,0.0000000000000000)   1.0000000000000000     
           2              (-2.0254089260475467,0.0000000000000000)   1.0000000000000000     
           2              (-1.9910488577247689,0.0000000000000000)   1.0000000000000000     
           2              (-2.0412057028636990,0.0000000000000000)   1.0000000000000000     
           2              (-1.9961301028801690,0.0000000000000000)   1.0000000000000000     
           2              (-2.0406217670479871,0.0000000000000000)   1.0000000000000000     
           2              (-1.9340189574725732,0.0000000000000000)   1.0000000000000000     
           2              (-2.0530573899245845,0.0000000000000000)   1.0000000000000000     
           2              (-1.9885685854705795,0.0000000000000000)   1.0000000000000000     
           2              (-2.0295167594546810,0.0000000000000000)   1.0000000000000000     
           2              (-2.0086112562599920,0.0000000000000000)   1.0000000000000000     
           2              (-1.9671357183100497,0.0000000000000000)   1.0000000000000000     
           2              (-2.0048635602460729,0.0000000000000000)   1.0000000000000000     
           2              (-2.0172933137289637,0.0000000000000000)   1.0000000000000000     
           2              (-1.9874246857165683,0.0000000000000000)   1.0000000000000000     
           2              (-2.0120899937111596,0.0000000000000000)   1.0000000000000000     
           2              (-1.9738082608735643,0.0000000000000000)   1.0000000000000000     
           2              (-1.9671453862744808,0.0000000000000000)   1.0000000000000000     
           2              (-1.9911427115548499,0.0000000000000000)   1.0000000000000000     
           2              (-1.9825740172829369,0.0000000000000000)   1.0000000000000000     
           2              (-1.9622723016795576,0.0000000000000000)   1.0000000000000000     
           2              (-2.0353588828537856,0.0000000000000000)   1.0000000000000000     
           2              (-2.0241693242543310,0.0000000000000000)   1.0000000000000000     
           2              (-1.9908601547333846,0.0000000000000000)   1.0000000000000000     
           2              (-1.9951089950126031,0.0000000000000000)   1.0000000000000000     
           2              (-2.0101879259741624,0.0000000000000000)   1.0000000000000000     
           2              (-1.9997597421794540,0.0000000000000000)   1.0000000000000000     
           2              (-1.9801760788358216,0.0000000000000000)   1.0000000000000000     
           2              (-1.9497277969629729,0.0000000000000000)   1.0000000000000000     
           2              (-2.0223539899779652,0.0000000000000000)   1.0000000000000000     
           2              (-1.9750103795859701,0.0000000000000000)   1.0000000000000000     
           2              (-2.0303083041581536,0.0000000000000000)   1.0000000000000000     
           2              (-1.9712432302167024,0.0000000000000000)   1.0000000000000000     
           2              (-2.0230022773684966,0.0000000000000000)   1.0000000000000000     
           2              (-1.9948055600458927,0.0000000000000000)   1.0000000000000000     
           2              (-1.9519871184917181,0.0000000000000000)   1.0000000000000000     
           2              (-1.9818122409404828,0.0000000000000000)   1.0000000000000000     
           2              (-1.9628151284479283,0.0000000000000000)   1.0000000000000000     
           2              (-2.0139206292880614,0.0000000000000000)   1.0000000000000000     
           2              (-1.9826022330464235,0.0000000000000000)   1.0000000000000000     
           2              (-1.9442454005421252,0.0000000000000000)   1.0000000000000000     
           2              (-2.0445707591659601,0.0000000000000000)   1.0000000000000000     
           2              (-1.9880954672566067,0.0000000000000000)   1.0000000000000000     
           2              (-1.9842810038890100,0.0000000000000000)   1.0000000000000000     
           2              (-1.9532490714995330,0.0000000000000000)   1.0000000000000000     
           2              (-2.0030276587388416,0.0000000000000000)   1.0000000000000000     
           2              (-1.9912936370839629,0.0000000000000000)   1.0000000000000000     
           2              (-1.9881627639422781,0.0000000000000000)   1.0000000000000000     
           2              (-2.0458970274106374,0.0000000000000000)   1.0000000000000000     
           2              (-2.0010396358324063,0.0000000000000000)   1.0000000000000000     
           2              (-1.9870500973719041,0.0000000000000000)   1.0000000000000000     
           2              (-2.0002869988650791,0.0000000000000000)   1.0000000000000000     
           2              (-2.0268373344460748,0.0000000000000000)   1.0000000000000000     
           2              (-1.9940338676544482,0.0000000000000000)   1.0000000000000000     
           2              (-1.9994770278459029,0.0000000000000000)   1.0000000000000000     
           2              (-1.9952660737395984,0.0000000000000000)   1.0000000000000000     
           2              (-1.9985346214421882,0.0000000000000000)   1.0000000000000000     
           2              (-1.9494156275178942,0.0000000000000000)   1.0000000000000000     
           2              (-1.9798609130064828,0.0000000000000000)   1.0000000000000000     
           2              (-2.0157825328568659,0.0000000000000000)   1.0000000000000000     
           2              (-1.9637477172130657,0.0000000000000000)   1.0000000000000000     
           2              (-2.0085990655302068,0.0000000000000000)   1.0000000000000000     
           2              (-1.9715004765915709,0.0000000000000000)   1.0000000000000000     
           2              (-1.9680900165960022,0.0000000000000000)   1.0000000000000000     
           2              (-2.0162521528584478,0.0000000000000000)   1.0000000000000000     
           2              (-1.9879755671575654,0.0000000000000000)   1.0000000000000000     
           2              (-2.0118494930361313,0.0000000000000000)   1.0000000000000000     
           2              (-1.9806673623841651,0.0000000000000000)   1.0000000000000000     
           2              (-1.9842234194818809,0.0000000000000000)   1.0000000000000000     
           2              (-2.0118071505694552,0.0000000000000000)   1.0000000000000000     
           2              (-2.0417899723421491,0.0000000000000000)   1.0000000000000000     
           2              (-2.3349721166911648,0.0000000000000000)   1.0000000000000000     
           2              (-1.9641574567973612,0.0000000000000000)   1.0000000000000000     
           2              (-1.9648674215163484,0.0000000000000000)   1.0000000000000000     
           2              (-2.0180560400495877,0.0000000000000000)   1.0000000000000000     
           2              (-2.0184888959063909,0.0000000000000000)   1.0000000000000000     
           2              (-2.0066640569429093,0.0000000000000000)   1.0000000000000000     
           2              (-2.0074873042029271,0.0000000000000000)   1.0000000000000000     
           2              (-1.9760836270024329,0.0000000000000000)   1.0000000000000000     
           2              (-1.9965918223494514,0.0000000000000000)   1.0000000000000000     
           2              (-2.0284886874823362,0.0000000000000000)   1.0000000000000000     
           2              (-2.0224344855223411,0.0000000000000000)   1.0000000000000000     
           2              (-2.0125176714703197,0.0000000000000000)   1.0000000000000000     
           2              (-1.9629783894250497,0.0000000000000000)   1.0000000000000000     
           2              (-2.0478688767468989,0.0000000000000000)   1.0000000000000000     
           2              (-1.9716674646557704,0.0000000000000000)   1.0000000000000000     
           2              (-1.9808880284186787,0.0000000000000000)   1.0000000000000000     
           2              (-2.0170212723571463,0.0000000000000000)   1.0000000000000000     
           2              (-2.0082336667052898,0.0000000000000000)   1.0000000000000000     
           2              (-1.9632241634096834,0.0000000000000000)   1.0000000000000000     
           2              (-2.0445673054060216,0.0000000000000000)   1.0000000000000000     
           2              (-2.0576113290875595,0.0000000000000000)   1.0000000000000000     
           2              (-2.0127304612792991,0.0000000000000000)   1.0000000000000000     
           2              (-1.9803718232863829,0.0000000000000000)   1.0000000000000000     
           2              (-2.0281095519577534,0.0000000000000000)   1.0000000000000000     
           2              (-1.9827627778367252,0.0000000000000000)   1.0000000000000000     
           2              (-2.0542491370639149,0.0000000000000000)   1.0000000000000000     
           2              (-1.9721403228588890,0.0000000000000000)   1.0000000000000000     
           2              (-2.0041638572991278,0.0000000000000000)   1.0000000000000000     
           2              (-1.9619398752563468,0.0000000000000000)   1.0000000000000000     
           2              (-2.0167122702193696,0.0000000000000000)   1.0000000000000000     
           2              (-1.9818200346793016,0.0000000000000000)   1.0000000000000000     
           2              (-2.0077858982567096,0.0000000000000000)   1.0000000000000000     
           2              (-2.0297341258923263,0.0000000000000000)   1.0000000000000000     
           2              (-1.9807747749098035,0.0000000000000000)   1.0000000000000000     
           2              (-2.0221383663595631,0.0000000000000000)   1.0000000000000000     
           2              (-1.9706189916156822,0.0000000000000000)   1.0000000000000000     
           2              (-2.0152715163904276,0.0000000000000000)   1.0000000000000000     
           2              (-2.0089469538375586,0.0000000000000000)   1.0000000000000000     
           2              (-2.0205545635679303,0.0000000000000000)   1.0000000000000000     
           2              (-2.0272929996750539,0.0000000000000000)   1.0000000000000000     
           2              (-1.9781603802627599,0.0000000000000000)   1.0000000000000000     
           2              (-2.0044131832147114,0.0000000000000000)   1.0000000000000000     
           2              (-2.0123369848807204,0.0000000000000000)   1.0000000000000000     
           2              (-2.0155614207790191,0.0000000000000000)   1.0000000000000000     
           2              (-2.0228453640542883,0.0000000000000000)   1.0000000000000000     
           2              (-1.9783655569086711,0.0000000000000000)   1.0000000000000000     
           2              (-2.0165109712755531,0.0000000000000000)   1.0000000000000000     
           2              (-1.9497812137646775,0.0000000000000000)   1.0000000000000000     
           2              (-2.0195727173647762,0.0000000000000000)   1.0000000000000000     
           2              (-1.9637345917936078,0.0000000000000000)   1.0000000000000000     
           2              (-2.0576557118216368,0.0000000000000000)   1.0000000000000000     
           2              (-2.0073102764257156,0.0000000000000000)   1.0000000000000000     
           2              (-2.0061774035903484,0.0000000000000000)   1.0000000000000000     
           2              (-1.9301750074422206,0.0000000000000000)   1.0000000000000000     
           2              (-2.0254089260475467,0.0000000000000000)   1.0000000000000000     
           2              (-1.9910488577247689,0.0000000000000000)   1.0000000000000000     
           2              (-2.0412057028636990,0.0000000000000000)   1.0000000000000000     
           2              (-1.9961301028801690,0.0000000000000000)   1.0000000000000000     
           2              (-2.0406217670479871,0.0000000000000000)   1.0000000000000000     
           2              (-1.9340189574725732,0.0000000000000000)   1.0000000000000000     
           2              (-2.0530573899245845,0.0000000000000000)   1.0000000000000000     
           2              (-1.9885685854705795,0.0000000000000000)   1.0000000000000000     
           2              (-2.0295167594546810,0.0000000000000000)   1.0000000000000000     
           2              (-2.0086112562599920,0.0000000000000000)   1.0000000000000000     
           2              (-1.9671357183100497,0.0000000000000000)   1.0000000000000000     
           2              (-2.0048635602460729,0.0000000000000000)   1.0000000000000000     
           2              (-2.0172933137289637,0.0000000000000000)   1.0000000000000000     
           2              (-1.9874246857165683,0.0000000000000000)   1.0000000000000000     
           2              (-2.0120899937111596,0.0000000000000000)   1.0000000000000000     
           2              (-1.9738082608735643,0.0000000000000000)   1.0000000000000000     
           2              (-1.9671453862744808,0.0000000000000000)   1.0000000000000000     
           2              (-1.9911427115548499,0.0000000000000000)   1.0000000000000000     
           2              (-1.9825740172829369,0.0000000000000000)   1.0000000000000000     
           2              (-1.9622723016795576,0.0000000000000000)   1.0000000000000000     
           2              (-2.0353588828537856,0.0000000000000000)   1.0000000000000000     
           2              (-2.0241693242543310,0.0000000000000000)   1.0000000000000000     
           2              (-1.9908601547333846,0.0000000000000000)   1.0000000000000000     
           2              (-1.9951089950126031,0.0000000000000000)   1.0000000000000000     
           2              (-2.0101879259741624,0.0000000000000000)   1.0000000000000000     
           2              (-1.9997597421794540,0.0000000000000000)   1.0000000000000000     
           2              (-1.9801760788358216,0.0000000000000000)   1.0000000000000000     
           2              (-1.9497277969629729,0.0000000000000000)   1.0000000000000000     
           2              (-2.0223539899779652,0.0000000000000000)   1.0000000000000000     
           2              (-1.9750103795859701,0.0000000000000000)   1.0000000000000000     
           2              (-2.0303083041581536,0.0000000000000000)   1.0000000000000000     
           2              (-1.9712432302167024,0.0000000000000000)   1.0000000000000000     
           2              (-2.0230022773684966,0.0000000000000000)   1.0000000000000000     
           2              (-1.9948055600458927,0.0000000000000000)   1.0000000000000000     
           2              (-1.9519871184917181,0.0000000000000000)   1.0000000000000000     
           2              (-1.9818122409404828,0.0000000000000000)   1.0000000000000000     
           2              (-1.9628151284479283,0.0000000000000000)   1.0000000000000000     
           2              (-2.0139206292880614,0.0000000000000000)   1.0000000000000000     
           2              (-1.9826022330464235,0.0000000000000000)   1.0000000000000000     
           2              (-1.9442454005421252,0.0000000000000000)   1.0000000000000000     
           2              (-2.0445707591659601,0.0000000000000000)   1.0000000000000000     
           2              (-1.9880954672566067,0.0000000000000000)   1.0000000000000000     
           2              (-1.9842810038890100,0.0000000000000000)   1.0000000000000000     
           2              (-1.9532490714995330,0.0000000000000000)   1.0000000000000000     
           2              (-2.0030276587388416,0.0000000000000000)   1.0000000000000000     
           2              (-1.9912936370839629,0.0000000000000000)   1.0000000000000000     
           2              (-1.9881627639422781,0.0000000000000000)   1.0000000000000000     
           2              (-2.0458970274106374,0.0000000000000000)   1.0000000000000000     
           2              (-2.0010396358324063,0.0000000000000000)   1.0000000000000000     
           2              (-1.9870500973719041,0.0000000000000000)   1.0000000000000000     
           2              (-2.0002869988650791,0.0000000000000000)   1.0000000000000000     
           2              (-2.0268373344460748,0.0000000000000000)   1.0000000000000000     
           2              (-1.9940338676544482,0.0000000000000000)   1.0000000000000000     
           2              (-1.9994770278459029,0.0000000000000000)   1.0000000000000000     
           2              (-1.9952660737395984,0.0000000000000000)   1.0000000000000000     
           2              (-1.9985346214421882,0.0000000000000000)   1.0000000000000000     
           2              (-1.9494156275178942,0.0000000000000000)   1.0000000000000000     
           2              (-1.9798609130064828,0.0000000000000000)   1.0000000000000000     
           2              (-2.0157825328568659,0.0000000000000000)   1.0000000000000000     
           2              (-1.9637477172130657,0.0000000000000000)   1.0000000000000000     
           2              (-2.0085990655302068,0.0000000000000000)   1.0000000000000000     
           2              (-1.9715004765915709,0.0000000000000000)   1.0000000000000000     
           2              (-1.9680900165960022,0.0000000000000000)   1.0000000000000000     
           2              (-2.0162521528584478,0.0000000000000000)   1.0000000000000000     
           2              (-1.9879755671575654,0.0000000000000000)   1.0000000000000000     
           2              (-2.0118494930361313,0.0000000000000000)   1.0000000000000000     
           2              (-1.9806673623841651,0.0000000000000000)   1.0000000000000000     
           2              (-1.9842234194818809,0.0000000000000000)   1.0000000000000000     
           2              (-2.0118071505694552,0.0000000000000000)   1.0000000000000000     
           2              (-2.0417899723421491,0.0000000000000000)   1.0000000000000000     
           2              (-2.3349721166911648,0.0000000000000000)   1.0000000000000000     
           2              (-1.9641574567973612,0.0000000000000000)   1.0000000000000000     
           2              (-1.9648674215163484,0.0000000000000000)   1.0000000000000000     
           2              (-2.0180560400495877,0.0000000000000000)   1.0000000000000000     
           2              (-2.0184888959063909,0.0000000000000000)   1.0000000000000000     
           2              (-2.0066640569429093,0.0000000000000000)   1.0000000000000000     
           2              (-2.0074873042029271,0.0000000000000000)   1.0000000000000000     
           2              (-1.9760836270024329,0.0000000000000000)   1.0000000000000000     
           2              (-1.9965918223494514,0.0000000000000000)   1.0000000000000000     
           2              (-2.0284886874823362,0.0000000000000000)   1.0000000000000000     
           2              (-2.0224344855223411,0.0000000000000000)   1.0000000000000000     
           2              (-2.0125176714703197,0.0000000000000000)   1.0000000000000000     
           2              (-1.9881218733958472,0.0000000000000000)   1.0000000000000000     
           2              (-2.0152895644606437,0.0000000000000000)   1.0000000000000000     
           2              (-1.9882934482190859,0.0000000000000000)   1.0000000000000000     
           2              (-1.9629783894250497,0.0000000000000000)   1.0000000000000000     
           2              (-2.0478688767468989,0.0000000000000000)   1.0000000000000000     
           2              (-1.9716674646557704,0.0000000000000000)   1.0000000000000000     
           2              (-1.9808880284186787,0.0000000000000000)   1.0000000000000000     
           2              (-2.0170212723571463,0.0000000000000000)   1.0000000000000000     
           2              (-2.0082336667052898,0.0000000000000000)   1.0000000000000000     
           2              (-1.9632241634096834,0.0000000000000000)   1.0000000000000000     
           2              (-2.0445673054060216,0.0000000000000000)   1.0000000000000000     
           2              (-2.0576113290875595,0.0000000000000000)   1.0000000000000000     
           2              (-2.0127304612792991,0.0000000000000000)   1.0000000000000000     
           2              (-1.9803718232863829,0.0000000000000000)   1.0000000000000000     
           2              (-2.0281095519577534,0.0000000000000000)   1.0000000000000000     
           2              (-1.9827627778367252,0.0000000000000000)   1.0000000000000000     
           2              (-2.0542491370639149,0.0000000000000000)   1.0000000000000000     
           2              (-1.9721403228588890,0.0000000000000000)   1.0000000000000000     
           2              (-2.0041638572991278,0.0000000000000000)   1.0000000000000000     
           2              (-1.9619398752563468,0.0000000000000000)   1.0000000000000000     
           2              (-2.0167122702193696,0.0000000000000000)   1.0000000000000000     
           2              (-1.9818200346793016,0.0000000000000000)   1.0000000000000000     
           2              (-2.0077858982567096,0.0000000000000000)   1.0000000000000000     
           2              (-2.0297341258923263,0.0000000000000000)   1.0000000000000000     
           2              (-1.9807747749098035,0.0000000000000000)   1.0000000000000000     
           2              (-2.0221383663595631,0.0000000000000000)   1.0000000000000000     
           2              (-1.9706189916156822,0.0000000000000000)   1.0000000000000000     
           2              (-2.0152715163904276,0.0000000000000000)   1.0000000000000000     
           2              (-2.0089469538375586,0.0000000000000000)   1.0000000000000000     
           2              (-2.0205545635679303,0.0000000000000000)   1.0000000000000000     
           2              (-2.0272929996750539,0.0000000000000000)   1.0000000000000000     
           2              (-1.9781603802627599,0.0000000000000000)   1.0000000000000000     
           2              (-2.0044131832147114,0.0000000000000000)   1.0000000000000000     
           2              (-2.0123369848807204,0.0000000000000000)   1.0000000000000000     
           2              (-2.0155614207790191,0.0000000000000000)   1.0000000000000000     
           2              (-2.0228453640542883,0.0000000000000000)   1.0000000000000000     
           2              (-1.9783655569086711,0.0000000000000000)   1.0000000000000000     
           2              (-2.0165109712755531,0.0000000000000000)   1.0000000000000000     
           2              (-1.9497812137646775,0.0000000000000000)   1.0000000000000000     
           2              (-2.0195727173647762,0.0000000000000000)   1.0000000000000000     
           2              (-1.9637345917936078,0.0000000000000000)   1.0000000000000000     
           2              (-2.0576557118216368,0.0000000000000000)   1.0000000000000000     
           2              (-2.0073102764257156,0.0000000000000000)   1.0000000000000000     
           2              (-2.0061774035903484,0.0000000000000000)   1.0000000000000000     
           2              (-1.9301750074422206,0.0000000000000000)   1.0000000000000000     
           2              (-2.0254089260475467,0.0000000000000000)   1.0000000000000000     
           2              (-1.9910488577247689,0.0000000000000000)   1.0000000000000000     
           2              (-2.0412057028636990,0.0000000000000000)   1.0000000000000000     
           2              (-1.9961301028801690,0.0000000000000000)   1.0000000000000000     
           2              (-2.0406217670479871,0.0000000000000000)   1.0000000000000000     
           2              (-1.9340189574725732,0.0000000000000000)   1.0000000000000000     
           2              (-2.0530573899245845,0.0000000000000000)   1.0000000000000000     
           2              (-1.9885685854705795,0.0000000000000000)   1.0000000000000000     
           2              (-2.0295167594546810,0.0000000000000000)   1.0000000000000000     
           2              (-2.0086112562599920,0.0000000000000000)   1.0000000000000000     
           2              (-1.9671357183100497,0.0000000000000000)   1.0000000000000000     
           2              (-2.0048635602460729,0.0000000000000000)   1.0000000000000000     
           2              (-2.0172933137289637,0.0000000000000000)   1.0000000000000000     
           2              (-1.9874246857165683,0.0000000000000000)   1.0000000000000000     
           2              (-2.0120899937111596,0.0000000000000000)   1.0000000000000000     
           2              (-1.9738082608735643,0.0000000000000000)   1.0000000000000000     
           2              (-1.9671453862744808,0.0000000000000000)   1.0000000000000000     
           2              (-1.9911427115548499,0.0000000000000000)   1.0000000000000000     
           2              (-1.9825740172829369,0.0000000000000000)   1.0000000000000000     
           2              (-1.9622723016795576,0.0000000000000000)   1.0000000000000000     
           2              (-2.0353588828537856,0.0000000000000000)   1.0000000000000000     
           2              (-2.0241693242543310,0.0000000000000000)   1.0000000000000000     
           2              (-1.9908601547333846,0.0000000000000000)   1.0000000000000000     
           2              (-1.9951089950126031,0.0000000000000000)   1.0000000000000000     
           2              (-2.0101879259741624,0.0000000000000000)   1.0000000000000000     
           2              (-1.9997597421794540,0.0000000000000000)   1.0000000000000000     
           2              (-1.9801760788358216,0.0000000000000000)   1.0000000000000000     
           2              (-1.9497277969629729,0.0000000000000000)   1.0000000000000000     
           2              (-2.0223539899779652,0.0000000000000000)   1.0000000000000000     
           2              (-1.9750103795859701,0.0000000000000000)   1.0000000000000000     
           2              (-2.0303083041581536,0.0000000000000000)   1.0000000000000000     
           2              (-1.9712432302167024,0.0000000000000000)   1.0000000000000000     
           2              (-2.0230022773684966,0.0000000000000000)   1.0000000000000000     
           2              (-1.9948055600458927,0.0000000000000000)   1.0000000000000000     
           2              (-1.9519871184917181,0.0000000000000000)   1.0000000000000000     
           2              (-1.9818122409404828,0.0000000000000000)   1.0000000000000000     
           2              (-1.9628151284479283,0.0000000000000000)   1.0000000000000000     
           2              (-2.0139206292880614,0.0000000000000000)   1.0000000000000000     
           2              (-1.9826022330464235,0.0000000000000000)   1.0000000000000000     
           2              (-1.9442454005421252,0.0000000000000000)   1.0000000000000000     
           2              (-2.0445707591659601,0.0000000000000000)   1.0000000000000000     
           2              (-1.9880954672566067,0.0000000000000000)   1.0000000000000000     
           2              (-1.9842810038890100,0.0000000000000000)   1.0000000000000000     
           2              (-1.9532490714995330,0.0000000000000000)   1.0000000000000000     
           2              (-2.0030276587388416,0.0000000000000000)   1.0000000000000000     
           2              (-1.9912936370839629,0.0000000000000000)   1.0000000000000000     
           2              (-1.9881627639422781,0.0000000000000000)   1.0000000000000000     
           2              (-2.0458970274106374,0.0000000000000000)   1.0000000000000000     
           2              (-2.0010396358324063,0.0000000000000000)   1.0000000000000000     
           2              (-1.9870500973719041,0.0000000000000000)   1.0000000000000000     
           2              (-2.0002869988650791,0.0000000000000000)   1.0000000000000000     
           2              (-2.0268373344460748,0.0000000000000000)   1.0000000000000000     
           2              (-1.9940338676544482,0.0000000000000000)   1.0000000000000000     
           2              (-1.9994770278459029,0.0000000000000000)   1.0000000000000000     
           2              (-1.9952660737395984,0.0000000000000000)   1.0000000000000000     
           2              (-1.9985346214421882,0.0000000000000000)   1.0000000000000000     
           2              (-1.9494156275178942,0.0000000000000000)   1.0000000000000000     
           2              (-1.9798609130064828,0.0000000000000000)   1.0000000000000000     
           2              (-2.0157825328568659,0.0000000000000000)   1.0000000000000000     
           2              (-1.9637477172130657,0.0000000000000000)   1.0000000000000000     
           2              (-2.0085990655302068,0.0000000000000000)   1.0000000000000000     
           2              (-1.9715004765915709,0.0000000000000000)   1.0000000000000000     
           2              (-1.9680900165960022,0.0000000000000000)   1.0000000000000000     
           2              (-2.0162521528584478,0.0000000000000000)   1.0000000000000000     
           2              (-1.9879755671575654,0.0000000000000000)   1.0000000000000000     
           2              (-2.0118494930361313,0.0000000000000000)   1.0000000000000000     
           2              (-1.9806673623841651,0.0000000000000000)   1.0000000000000000     
           2              (-1.9842234194818809,0.0000000000000000)   1.0000000000000000     
           2              (-2.0118071505694552,0.0000000000000000)   1.0000000000000000     
           2              (-2.0417899723421491,0.0000000000000000)   1.0000000000000000     
           2              (-2.3349721166911648,0.0000000000000000)   1.0000000000000000     
           2              (-1.9641574567973612,0.0000000000000000)   1.0000000000000000     
           2              (-1.9648674215163484,0.0000000000000000)   1.0000000000000000     
           2              (-2.0180560400495877,0.0000000000000000)   1.0000000000000000     
           2              (-2.0184888959063909,0.0000000000000000)   1.0000000000000000     
           2              (-2.0066640569429093,0.0000000000000000)   1.0000000000000000     
           2              (-2.0074873042029271,0.0000000000000000)   1.0000000000000000     
           2              (-1.9760836270024329,0.0000000000000000)   1.0000000000000000     
           2              (-1.9965918223494514,0.0000000000000000)   1.0000000000000000     
           2              (-2.0284886874823362,0.0000000000000000)   1.0000000000000000     
           2              (-2.0224344855223411,0.0000000000000000)   1.0000000000000000     
