         101           5   20.000000000000000                1
     0.0000000       -0.16950994        0.41663889
     0.1000000       -0.04342247        0.21909862
     0.2000000       -0.00616933        0.10576906
     0.3000000        0.01336784        0.06477256
     0.4000000        0.05853706        0.01307932
     0.5000000       -0.12672997        0.16092133
     0.6000000       -0.59063113        0.70038916
     0.7000000       -0.24683179        0.25692527
     0.8000000       -0.07190127        0.10263605
     0.9000000        0.03097087        0.04241775
     1.0000000       -0.03906108        0.05709403
     1.1000000        0.03590388        0.01706025
     1.2000000       -0.01778997        0.04236549
     1.3000000       -0.01310803        0.03028889
     1.4000000        0.00768136        0.00971192
     1.5000000       -0.01538921        0.01832081
     1.6000000       -0.01963791        0.02324300
     1.7000000        0.06781485        0.06369447
     1.8000000        0.03043316        0.02832340
     1.9000000        0.04868318        0.02395034
     2.0000000        0.00072057        0.00633752
     2.1000000       -0.00217740        0.03389794
     2.2000000       -0.03068878        0.03132938
     2.3000000       -0.03273899        0.03231578
     2.4000000        0.00191640        0.01148913
     2.5000000       -0.04046557        0.04229657
     2.6000000       -0.13113271        0.17227088
     2.7000000       -0.03711284        0.05837163
     2.8000000        0.00099168        0.05254139
     2.9000000       -0.00107438        0.03882529
     3.0000000        0.00013491        0.02549293
     3.1000000        0.00341866        0.01148400
     3.2000000        0.01225325        0.01236112
     3.3000000       -0.00281881        0.00450447
     3.4000000       -0.00775218        0.01805983
     3.5000000        0.01618988        0.00147462
     3.6000000        0.02507706        0.01163639
     3.7000000       -0.00018693        0.01168228
     3.8000000       -0.02043025        0.01447159
     3.9000000       -0.01544490        0.01109954
     4.0000000       -0.01025879        0.01129772
     4.1000000        0.00208892        0.01519770
     4.2000000       -0.00899170        0.02141643
     4.3000000       -0.01399201        0.01208214
     4.4000000       -0.01095736        0.01223226
     4.5000000       -0.00072523        0.01108213
     4.6000000       -0.00028460        0.01534817
     4.7000000       -0.00729991        0.02088380
     4.8000000       -0.00068878        0.01636632
     4.9000000        0.01394186        0.00982388
     5.0000000        0.00157063        0.00582411
     5.1000000       -0.00262046        0.02621605
     5.2000000        0.01844483        0.03376484
     5.3000000       -0.01850969        0.00855928
     5.4000000       -0.02841716        0.01869041
     5.5000000       -0.07238813        0.06268305
     5.6000000       -0.01095870        0.04851058
     5.7000000       -0.01203265        0.01962799
     5.8000000       -0.00426829        0.12204441
     5.9000000       -0.01298088        0.05388746
     6.0000000        0.00461450        0.03051104
     6.1000000       -0.00079827        0.01842812
     6.2000000        0.02549672        0.03397807
     6.3000000        0.03947300        0.05252936
     6.4000000       -0.00829631        0.00644627
     6.5000000       -0.00171989        0.00790999
     6.6000000        0.02275193        0.02416364
     6.7000000        0.00976990        0.01128304
     6.8000000        0.03060954        0.01671079
     6.9000000        0.00199884        0.00476253
     7.0000000        0.00570511        0.00811735
     7.1000000       -0.00821332        0.00807342
     7.2000000        0.00028189        0.00600719
     7.3000000        0.00368922        0.00546694
     7.4000000        0.00309983        0.00875128
     7.5000000       -0.00141947        0.00733099
     7.6000000       -0.00168094        0.01290671
     7.7000000       -0.00031940        0.00826402
     7.8000000        0.00189202        0.00655696
     7.9000000        0.00161281        0.00411024
     8.0000000       -0.00336589        0.00375794
     8.1000000       -0.01006940        0.01510824
     8.2000000       -0.00141627        0.00337753
     8.3000000       -0.00068107        0.00801915
     8.4000000       -0.00007971        0.00691823
     8.5000000       -0.00361543        0.00520904
     8.6000000        0.00692640        0.00344370
     8.7000000        0.00124544        0.00379054
     8.8000000       -0.00093186        0.00324078
     8.9000000       -0.00128111        0.00641712
     9.0000000       -0.00170646        0.00400378
     9.1000000       -0.00357318        0.00158041
     9.2000000       -0.00286750        0.00282862
     9.3000000       -0.00010731        0.00313228
     9.4000000        0.00055084        0.00179703
     9.5000000       -0.00267919        0.00362040
     9.6000000       -0.00219143        0.00222519
     9.7000000       -0.00114479        0.00343207
     9.8000000       -0.00541837        0.00449555
     9.9000000       -0.00797371        0.00477947
    10.0000000       -0.00745252        0.00482853
