     0.0000000        1.00000000        0.00000000
     0.0500000        0.93045236        0.00056720
     0.1000000        0.87092973        0.00075274
     0.1500000        0.81872299        0.00086970
     0.2000000        0.77139046        0.00096247
     0.2500000        0.72996753        0.00103566
     0.3000000        0.69312217        0.00118575
     0.3500000        0.66032697        0.00131008
     0.4000000        0.63171210        0.00122803
     0.4500000        0.60590588        0.00133872
     0.5000000        0.58235970        0.00134036
     0.5500000        0.56291508        0.00144043
     0.6000000        0.54513794        0.00149232
     0.6500000        0.53111051        0.00155502
     0.7000000        0.51853666        0.00153744
     0.7500000        0.50854642        0.00155443
     0.8000000        0.49975995        0.00163715
     0.8500000        0.49327485        0.00162525
     0.9000000        0.48882664        0.00159993
     0.9500000        0.48586400        0.00163481
     1.0000000        0.48440306        0.00164211
     1.0500000        0.48643016        0.00164812
     1.1000000        0.48939482        0.00168093
     1.1500000        0.49440914        0.00169944
     1.2000000        0.49973052        0.00170936
     1.2500000        0.50836249        0.00175003
     1.3000000        0.51927213        0.00177098
     1.3500000        0.53137753        0.00163999
     1.4000000        0.54627048        0.00159213
     1.4500000        0.56362803        0.00161280
     1.5000000        0.58299123        0.00147238
     1.5500000        0.60534496        0.00139101
     1.6000000        0.63063542        0.00134395
     1.6500000        0.66068622        0.00131592
     1.7000000        0.69284844        0.00123181
     1.7500000        0.72993133        0.00121400
     1.8000000        0.77129697        0.00113700
     1.8500000        0.81814218        0.00101122
     1.9000000        0.87150254        0.00075318
     1.9500000        0.93172686        0.00054955
     2.0000000        1.00000000        0.00000000
