     0.0000000        0.50000000        0.00000003
     0.1000000        0.39930754        0.00200648
     0.2000000        0.32191737        0.00204814
     0.3000000        0.26225879        0.00204501
     0.4000000        0.21564732        0.00164607
     0.5000000        0.18073026        0.00179294
     0.6000000        0.15288424        0.00188925
     0.7000000        0.12939819        0.00182620
     0.8000000        0.11110886        0.00162362
     0.9000000        0.09689524        0.00143573
     1.0000000        0.08521932        0.00155725
     1.1000000        0.07529171        0.00143370
     1.2000000        0.06779739        0.00134722
     1.3000000        0.06067280        0.00117634
     1.4000000        0.05694536        0.00101753
     1.5000000        0.05192582        0.00097559
     1.6000000        0.04766010        0.00085132
     1.7000000        0.04363094        0.00097136
     1.8000000        0.03999440        0.00073278
     1.9000000        0.03719879        0.00082021
     2.0000000        0.03487029        0.00098905
     2.1000000        0.03291627        0.00088396
     2.2000000        0.03165471        0.00086185
     2.3000000        0.02924624        0.00086890
     2.4000000        0.02760779        0.00111654
     2.5000000        0.02621674        0.00116258
     2.6000000        0.02445974        0.00111053
     2.7000000        0.02424642        0.00111105
     2.8000000        0.02365810        0.00117865
     2.9000000        0.02295442        0.00116286
     3.0000000        0.02179724        0.00114426
     3.1000000        0.02069994        0.00107200
     3.2000000        0.02097171        0.00121005
     3.3000000        0.01950643        0.00107940
     3.4000000        0.01846409        0.00105392
     3.5000000        0.01774426        0.00095649
     3.6000000        0.01702554        0.00096017
     3.7000000        0.01610719        0.00097302
     3.8000000        0.01555555        0.00086799
     3.9000000        0.01482744        0.00096285
     4.0000000        0.01394964        0.00076164
     4.1000000        0.01416336        0.00072764
     4.2000000        0.01404114        0.00079033
     4.3000000        0.01423806        0.00075887
     4.4000000        0.01353027        0.00081279
     4.5000000        0.01313707        0.00079170
     4.6000000        0.01242073        0.00082290
     4.7000000        0.01170945        0.00080048
     4.8000000        0.01232172        0.00086472
     4.9000000        0.01135693        0.00092839
     5.0000000        0.01124332        0.00100847
     5.1000000        0.01087275        0.00099610
     5.2000000        0.01140544        0.00088320
     5.3000000        0.01124541        0.00083932
     5.4000000        0.01101777        0.00072218
     5.5000000        0.01051168        0.00064374
     5.6000000        0.01055202        0.00062193
     5.7000000        0.01039628        0.00076149
     5.8000000        0.01049450        0.00080111
     5.9000000        0.01055506        0.00099445
     6.0000000        0.01004152        0.00088232
     6.1000000        0.01018708        0.00086062
     6.2000000        0.01028189        0.00085861
     6.3000000        0.01016416        0.00087335
     6.4000000        0.01019126        0.00114740
     6.5000000        0.00956304        0.00086324
     6.6000000        0.00878548        0.00059665
     6.7000000        0.00873406        0.00051846
     6.8000000        0.00881718        0.00065663
     6.9000000        0.00838875        0.00065772
     7.0000000        0.00835179        0.00074398
     7.1000000        0.00851135        0.00076434
     7.2000000        0.00806390        0.00092331
     7.3000000        0.00773713        0.00101989
     7.4000000        0.00760382        0.00092809
     7.5000000        0.00673913        0.00092278
     7.6000000        0.00647442        0.00097438
     7.7000000        0.00640735        0.00091236
     7.8000000        0.00671232        0.00085110
     7.9000000        0.00659739        0.00083120
     8.0000000        0.00722100        0.00123914
     8.1000000        0.00720077        0.00110900
     8.2000000        0.00692955        0.00095185
     8.3000000        0.00796036        0.00146729
     8.4000000        0.00757813        0.00115964
     8.5000000        0.00726095        0.00086320
     8.6000000        0.00613172        0.00058730
     8.7000000        0.00586048        0.00088739
     8.8000000        0.00651904        0.00144475
     8.9000000        0.00749055        0.00222041
     9.0000000        0.00724882        0.00169723
     9.1000000        0.00769360        0.00179413
     9.2000000        0.00718468        0.00162112
     9.3000000        0.00753850        0.00152906
     9.4000000        0.00777555        0.00160730
     9.5000000        0.00722741        0.00138202
     9.6000000        0.00604770        0.00103322
     9.7000000        0.00742435        0.00173048
     9.8000000        0.00748108        0.00204010
     9.9000000        0.00661297        0.00164984
    10.0000000        0.00633695        0.00146809
    10.1000000        0.00612161        0.00102291
    10.2000000        0.00592297        0.00110370
    10.3000000        0.00591486        0.00110634
    10.4000000        0.00587550        0.00105973
    10.5000000        0.00553587        0.00101377
    10.6000000        0.00617898        0.00131479
    10.7000000        0.00688371        0.00123621
    10.8000000        0.00718365        0.00136498
    10.9000000        0.00668741        0.00115542
    11.0000000        0.00708603        0.00097907
    11.1000000        0.00715586        0.00094618
    11.2000000        0.00729532        0.00097609
    11.3000000        0.00692673        0.00086422
    11.4000000        0.00676681        0.00097146
    11.5000000        0.00724181        0.00097627
    11.6000000        0.00724055        0.00110667
    11.7000000        0.00752037        0.00092895
    11.8000000        0.00714797        0.00110223
    11.9000000        0.00710481        0.00119204
    12.0000000        0.00671623        0.00122342
    12.1000000        0.00708655        0.00128886
    12.2000000        0.00709314        0.00111977
    12.3000000        0.00767026        0.00088079
    12.4000000        0.00795555        0.00060806
    12.5000000        0.00753445        0.00056883
    12.6000000        0.00802438        0.00055844
    12.7000000        0.00801212        0.00062269
    12.8000000        0.00816894        0.00087247
    12.9000000        0.00792703        0.00087011
    13.0000000        0.00801249        0.00077737
    13.1000000        0.00892075        0.00086464
    13.2000000        0.00857608        0.00083024
    13.3000000        0.00849533        0.00095639
    13.4000000        0.00957243        0.00128379
    13.5000000        0.00952616        0.00121646
    13.6000000        0.01025523        0.00145618
    13.7000000        0.00992753        0.00124971
    13.8000000        0.01049630        0.00136911
    13.9000000        0.00985614        0.00120943
    14.0000000        0.01005985        0.00135439
    14.1000000        0.01049021        0.00120919
    14.2000000        0.01034802        0.00110206
    14.3000000        0.00989028        0.00105815
    14.4000000        0.00934080        0.00088303
    14.5000000        0.00923998        0.00096580
    14.6000000        0.01017103        0.00077587
    14.7000000        0.01027181        0.00058944
    14.8000000        0.01077364        0.00087378
    14.9000000        0.01091235        0.00084376
    15.0000000        0.01110534        0.00087799
    15.1000000        0.01152399        0.00092313
    15.2000000        0.01200977        0.00098017
    15.3000000        0.01302993        0.00099746
    15.4000000        0.01383082        0.00107780
    15.5000000        0.01435671        0.00104790
    15.6000000        0.01449828        0.00097656
    15.7000000        0.01511469        0.00097529
    15.8000000        0.01578845        0.00104134
    15.9000000        0.01624380        0.00094266
    16.0000000        0.01635489        0.00089601
    16.1000000        0.01659963        0.00089450
    16.2000000        0.01764694        0.00090674
    16.3000000        0.01779787        0.00090729
    16.4000000        0.01777705        0.00100541
    16.5000000        0.01831018        0.00113796
    16.6000000        0.01953976        0.00118812
    16.7000000        0.02123818        0.00112733
    16.8000000        0.02234628        0.00099676
    16.9000000        0.02411389        0.00123843
    17.0000000        0.02498617        0.00113619
    17.1000000        0.02544105        0.00105795
    17.2000000        0.02521095        0.00084647
    17.3000000        0.02595329        0.00108633
    17.4000000        0.02677701        0.00132306
    17.5000000        0.02851480        0.00115220
    17.6000000        0.02903852        0.00109232
    17.7000000        0.03084994        0.00102483
    17.8000000        0.03151079        0.00092798
    17.9000000        0.03323436        0.00097859
    18.0000000        0.03553931        0.00093074
    18.1000000        0.03828989        0.00097506
    18.2000000        0.04150131        0.00104542
    18.3000000        0.04425375        0.00097177
    18.4000000        0.04772355        0.00087354
    18.5000000        0.05210274        0.00104182
    18.6000000        0.05630217        0.00112954
    18.7000000        0.06140751        0.00093274
    18.8000000        0.06806387        0.00094187
    18.9000000        0.07629472        0.00132776
    19.0000000        0.08547953        0.00141866
    19.1000000        0.09615752        0.00132317
    19.2000000        0.11046588        0.00138075
    19.3000000        0.12927662        0.00173680
    19.4000000        0.15041603        0.00146984
    19.5000000        0.17771533        0.00180923
    19.6000000        0.21246267        0.00182779
    19.7000000        0.25813372        0.00188062
    19.8000000        0.31654998        0.00178995
    19.9000000        0.39426805        0.00130523
    20.0000000        0.50000000        0.00000003
