         101           4   20.000000000000000                1
     0.0000000        0.05447215        0.00132959
     0.1000000        0.04888530        0.00128299
     0.2000000        0.04350947        0.00128131
     0.3000000        0.03893262        0.00102061
     0.4000000        0.03472979        0.00089917
     0.5000000        0.03082995        0.00081492
     0.6000000        0.02727093        0.00082102
     0.7000000        0.02439256        0.00068971
     0.8000000        0.02186980        0.00060177
     0.9000000        0.01956035        0.00065817
     1.0000000        0.01727521        0.00068892
     1.1000000        0.01543804        0.00076754
     1.2000000        0.01396098        0.00074610
     1.3000000        0.01250752        0.00054616
     1.4000000        0.01112890        0.00050937
     1.5000000        0.00988225        0.00048212
     1.6000000        0.00882137        0.00045986
     1.7000000        0.00777634        0.00035345
     1.8000000        0.00689779        0.00029103
     1.9000000        0.00600310        0.00018762
     2.0000000        0.00550746        0.00017066
     2.1000000        0.00499114        0.00017591
     2.2000000        0.00451968        0.00022541
     2.3000000        0.00396667        0.00026069
     2.4000000        0.00330035        0.00016056
     2.5000000        0.00280734        0.00020435
     2.6000000        0.00248310        0.00024793
     2.7000000        0.00222426        0.00030891
     2.8000000        0.00190277        0.00027394
     2.9000000        0.00168671        0.00013605
     3.0000000        0.00140177        0.00009234
     3.1000000        0.00114938        0.00015680
     3.2000000        0.00096309        0.00024535
     3.3000000        0.00083311        0.00023592
     3.4000000        0.00062827        0.00033789
     3.5000000        0.00056287        0.00033206
     3.6000000        0.00057207        0.00031899
     3.7000000        0.00052205        0.00049389
     3.8000000        0.00056458        0.00051588
     3.9000000        0.00056636        0.00047025
     4.0000000        0.00047716        0.00042213
     4.1000000        0.00052020        0.00052663
     4.2000000        0.00020283        0.00064283
     4.3000000        0.00009329        0.00067813
     4.4000000        0.00024959        0.00060553
     4.5000000        0.00042192        0.00050570
     4.6000000        0.00043264        0.00052185
     4.7000000        0.00026822        0.00049353
     4.8000000        0.00043508        0.00048254
     4.9000000        0.00053334        0.00052446
     5.0000000        0.00026729        0.00054522
     5.1000000        0.00015594        0.00052036
     5.2000000        0.00034095        0.00073925
     5.3000000        0.00018385        0.00075678
     5.4000000        0.00038371        0.00078869
     5.5000000        0.00036015        0.00063494
     5.6000000        0.00044739        0.00061073
     5.7000000        0.00038499        0.00042183
     5.8000000        0.00031052        0.00027945
     5.9000000        0.00061674        0.00040029
     6.0000000        0.00075418        0.00041749
     6.1000000        0.00091848        0.00058316
     6.2000000        0.00086973        0.00044476
     6.3000000        0.00096755        0.00050336
     6.4000000        0.00083530        0.00046532
     6.5000000        0.00062742        0.00047362
     6.6000000        0.00064234        0.00067001
     6.7000000        0.00067844        0.00053583
     6.8000000        0.00079262        0.00060006
     6.9000000        0.00057670        0.00056320
     7.0000000        0.00016910        0.00049998
     7.1000000        0.00001581        0.00034566
     7.2000000       -0.00001105        0.00043752
     7.3000000       -0.00003970        0.00052204
     7.4000000       -0.00033647        0.00050744
     7.5000000       -0.00040777        0.00034522
     7.6000000       -0.00034894        0.00024078
     7.7000000       -0.00045272        0.00033090
     7.8000000       -0.00024845        0.00036663
     7.9000000       -0.00009564        0.00034230
     8.0000000       -0.00002986        0.00050462
     8.1000000       -0.00007242        0.00031469
     8.2000000       -0.00011499        0.00034574
     8.3000000       -0.00000784        0.00033320
     8.4000000        0.00025164        0.00054137
     8.5000000        0.00006619        0.00036868
     8.6000000        0.00032202        0.00055000
     8.7000000        0.00030912        0.00036688
     8.8000000        0.00050901        0.00059488
     8.9000000        0.00037250        0.00063631
     9.0000000        0.00071102        0.00086556
     9.1000000        0.00107491        0.00093973
     9.2000000        0.00130136        0.00127417
     9.3000000        0.00139327        0.00134030
     9.4000000        0.00138685        0.00116906
     9.5000000        0.00152878        0.00136265
     9.6000000        0.00163611        0.00138524
     9.7000000        0.00185441        0.00181415
     9.8000000        0.00141548        0.00135421
     9.9000000        0.00164772        0.00150025
    10.0000000        0.00194113        0.00178532
