     0.0000000        1.77224059        0.00786957
     0.1000000        1.53651260        0.00676086
     0.2000000        1.34029392        0.00865071
     0.3000000        1.16380849        0.00883207
     0.4000000        1.01624641        0.01058334
     0.5000000        0.88571742        0.01187785
     0.6000000        0.77262648        0.01175088
     0.7000000        0.67297524        0.01013635
     0.8000000        0.59208363        0.00657118
     0.9000000        0.51771907        0.00565557
     1.0000000        0.44961209        0.00773852
     1.1000000        0.39721856        0.00971146
     1.2000000        0.34103439        0.00702085
     1.3000000        0.29852852        0.00977733
     1.4000000        0.26637030        0.01530938
     1.5000000        0.22664787        0.01124690
     1.6000000        0.19941136        0.00937591
     1.7000000        0.18034544        0.00923973
     1.8000000        0.15569426        0.00824594
     1.9000000        0.13802546        0.00796055
     2.0000000        0.11969839        0.00835242
     2.1000000        0.10345610        0.00519759
     2.2000000        0.09221548        0.00325090
     2.3000000        0.07715566        0.00369256
     2.4000000        0.06980375        0.00535090
     2.5000000        0.06127838        0.00698423
     2.6000000        0.05357873        0.00617132
     2.7000000        0.04742130        0.00646251
     2.8000000        0.04227958        0.00789284
     2.9000000        0.03871445        0.00790807
     3.0000000        0.03475183        0.00704236
     3.1000000        0.02893997        0.00497630
     3.2000000        0.02617042        0.00410947
     3.3000000        0.02235310        0.00286177
     3.4000000        0.01826345        0.00199132
     3.5000000        0.01557487        0.00200743
     3.6000000        0.01419538        0.00176553
     3.7000000        0.01131561        0.00187626
     3.8000000        0.01075839        0.00196034
     3.9000000        0.00975694        0.00219215
     4.0000000        0.00775914        0.00134065
     4.1000000        0.00633211        0.00141526
     4.2000000        0.00627220        0.00165627
     4.3000000        0.00644513        0.00164333
     4.4000000        0.00575230        0.00160818
     4.5000000        0.00563202        0.00154610
     4.6000000        0.00408109        0.00129305
     4.7000000        0.00288465        0.00132027
     4.8000000        0.00187173        0.00112649
     4.9000000        0.00201736        0.00087917
     5.0000000        0.00293202        0.00082594
     5.1000000        0.00293308        0.00090811
     5.2000000        0.00125238        0.00116069
     5.3000000        0.00072562        0.00133907
     5.4000000        0.00050802        0.00105605
     5.5000000        0.00024601        0.00109159
     5.6000000        0.00007719        0.00083343
     5.7000000        0.00038533        0.00100823
     5.8000000        0.00018425        0.00068123
     5.9000000       -0.00080079        0.00086437
     6.0000000       -0.00094864        0.00083845
     6.1000000       -0.00071729        0.00056672
     6.2000000       -0.00003856        0.00088664
     6.3000000       -0.00032929        0.00090719
     6.4000000       -0.00018752        0.00117506
     6.5000000        0.00052586        0.00153107
     6.6000000        0.00107112        0.00132623
     6.7000000        0.00053830        0.00081215
     6.8000000        0.00162737        0.00102243
     6.9000000        0.00142820        0.00133981
     7.0000000        0.00259852        0.00125385
     7.1000000        0.00409133        0.00079756
     7.2000000        0.00561630        0.00176142
     7.3000000        0.00440088        0.00167508
     7.4000000        0.00398185        0.00153326
     7.5000000        0.00332606        0.00141062
     7.6000000        0.00509992        0.00248522
     7.7000000        0.00503289        0.00205141
     7.8000000        0.00444201        0.00260482
     7.9000000        0.00463893        0.00214794
     8.0000000        0.00829882        0.00286308
     8.1000000        0.00757319        0.00245516
     8.2000000        0.00798453        0.00265416
     8.3000000        0.01052202        0.00229483
     8.4000000        0.01202717        0.00232206
     8.5000000        0.01347346        0.00239786
     8.6000000        0.01546084        0.00248321
     8.7000000        0.01841946        0.00266772
     8.8000000        0.01918951        0.00354027
     8.9000000        0.01824846        0.00354583
     9.0000000        0.01855620        0.00268710
     9.1000000        0.02133520        0.00327244
     9.2000000        0.02967479        0.00295015
     9.3000000        0.03995734        0.00340209
     9.4000000        0.04759563        0.00418629
     9.5000000        0.05461591        0.00667970
     9.6000000        0.06601641        0.00473031
     9.7000000        0.08369402        0.00684502
     9.8000000        0.11328171        0.00736486
     9.9000000        0.15503641        0.00755374
    10.0000000        0.22775941        0.00786957
