     0.0000000        1.83608931        0.00664190
     0.1000000        1.42466103        0.00831171
     0.2000000        1.09905565        0.00920708
     0.3000000        0.85407440        0.01354651
     0.4000000        0.66658159        0.01352355
     0.5000000        0.52463913        0.01213319
     0.6000000        0.40723286        0.00651540
     0.7000000        0.32411013        0.00793849
     0.8000000        0.24787443        0.01015123
     0.9000000        0.19638948        0.01272368
     1.0000000        0.16652695        0.01629326
     1.1000000        0.13653243        0.01044624
     1.2000000        0.11301586        0.01314867
     1.3000000        0.09962010        0.01314917
     1.4000000        0.08165902        0.00875761
     1.5000000        0.05691164        0.00793455
     1.6000000        0.04603533        0.00594756
     1.7000000        0.03527961        0.00796984
     1.8000000        0.02980168        0.00415215
     1.9000000        0.02483583        0.00550632
     2.0000000        0.02324011        0.00782363
     2.1000000        0.01751576        0.00598448
     2.2000000        0.01909782        0.00531809
     2.3000000        0.02466251        0.01126679
     2.4000000        0.02409124        0.01596540
     2.5000000        0.01120511        0.00904839
     2.6000000        0.00819581        0.00476912
     2.7000000        0.00472260        0.00445921
     2.8000000       -0.00001110        0.00457562
     2.9000000       -0.00095065        0.00441600
     3.0000000       -0.00278335        0.00345389
     3.1000000       -0.00200077        0.00181320
     3.2000000       -0.00212966        0.00248961
     3.3000000       -0.00107366        0.00234715
     3.4000000       -0.00122446        0.00368416
     3.5000000       -0.00134081        0.00220666
     3.6000000       -0.00134160        0.00304444
     3.7000000       -0.00121629        0.00298693
     3.8000000        0.00060371        0.00266409
     3.9000000        0.00156766        0.00242293
     4.0000000        0.00064318        0.00233872
     4.1000000       -0.00046454        0.00228268
     4.2000000       -0.00060912        0.00196165
     4.3000000        0.00150263        0.00120358
     4.4000000        0.00236893        0.00147947
     4.5000000        0.00396621        0.00191512
     4.6000000        0.00449398        0.00363790
     4.7000000        0.00332977        0.00269437
     4.8000000        0.00424157        0.00263207
     4.9000000        0.00416746        0.00346283
     5.0000000        0.00336965        0.00143005
     5.1000000        0.00126943        0.00091019
     5.2000000        0.00147583        0.00075921
     5.3000000        0.00075309        0.00183635
     5.4000000        0.00149592        0.00140012
     5.5000000        0.00212598        0.00074822
     5.6000000        0.00165368        0.00085291
     5.7000000        0.00217353        0.00154228
     5.8000000        0.00038802        0.00102672
     5.9000000        0.00093980        0.00150599
     6.0000000       -0.00067259        0.00207196
     6.1000000       -0.00006856        0.00140094
     6.2000000       -0.00079413        0.00220631
     6.3000000       -0.00176794        0.00277242
     6.4000000        0.00015114        0.00202884
     6.5000000       -0.00173799        0.00254456
     6.6000000       -0.00186775        0.00266835
     6.7000000       -0.00229555        0.00300001
     6.8000000        0.00117567        0.00393897
     6.9000000       -0.00043431        0.00261199
     7.0000000        0.00054740        0.00206167
     7.1000000        0.00091933        0.00184949
     7.2000000       -0.00032170        0.00238027
     7.3000000        0.00043625        0.00222801
     7.4000000       -0.00043575        0.00249493
     7.5000000       -0.00129306        0.00173113
     7.6000000       -0.00267858        0.00388767
     7.7000000       -0.00146092        0.00354312
     7.8000000       -0.00265230        0.00466037
     7.9000000       -0.00576554        0.00540102
     8.0000000       -0.00471849        0.00582698
     8.1000000        0.00278620        0.00850589
     8.2000000        0.01198121        0.01134442
     8.3000000        0.00919455        0.00861755
     8.4000000       -0.00337181        0.00452206
     8.5000000       -0.00034051        0.00352738
     8.6000000       -0.00529570        0.00821280
     8.7000000       -0.00470666        0.01153443
     8.8000000       -0.00403516        0.00787234
     8.9000000       -0.00697907        0.00679738
     9.0000000       -0.00162193        0.00513241
     9.1000000        0.00079636        0.00551537
     9.2000000        0.01053496        0.00736904
     9.3000000        0.01458534        0.00757181
     9.4000000        0.01947818        0.00948209
     9.5000000        0.02598148        0.00765193
     9.6000000        0.03374491        0.00699535
     9.7000000        0.04692777        0.00977689
     9.8000000        0.07470006        0.00693726
     9.9000000        0.11216731        0.00827695
    10.0000000        0.16391069        0.00664190
