     0.0000000        0.03408517        0.00080125
     0.1000000        0.02607391        0.00066270
     0.2000000        0.02017513        0.00053517
     0.3000000        0.01589103        0.00045364
     0.4000000        0.01257275        0.00039586
     0.5000000        0.00997100        0.00035046
     0.6000000        0.00789819        0.00029741
     0.7000000        0.00631210        0.00027735
     0.8000000        0.00507370        0.00025807
     0.9000000        0.00404617        0.00021693
     1.0000000        0.00326386        0.00019656
     1.1000000        0.00264691        0.00017654
     1.2000000        0.00213883        0.00015565
     1.3000000        0.00173010        0.00013676
     1.4000000        0.00139917        0.00011627
     1.5000000        0.00113096        0.00009514
     1.6000000        0.00092562        0.00007848
     1.7000000        0.00075244        0.00006349
     1.8000000        0.00062240        0.00005376
     1.9000000        0.00051535        0.00004420
     2.0000000        0.00042947        0.00003703
     2.1000000        0.00036066        0.00003188
     2.2000000        0.00030174        0.00002818
     2.3000000        0.00024674        0.00002481
     2.4000000        0.00020161        0.00002473
     2.5000000        0.00016867        0.00002462
     2.6000000        0.00014124        0.00002379
     2.7000000        0.00012063        0.00002344
     2.8000000        0.00010551        0.00002268
     2.9000000        0.00009288        0.00002171
     3.0000000        0.00008215        0.00002145
     3.1000000        0.00007389        0.00002191
     3.2000000        0.00006569        0.00002185
     3.3000000        0.00005996        0.00002223
     3.4000000        0.00005619        0.00002304
     3.5000000        0.00004943        0.00002158
     3.6000000        0.00004429        0.00002016
     3.7000000        0.00004006        0.00001917
     3.8000000        0.00003530        0.00001785
     3.9000000        0.00003101        0.00001661
     4.0000000        0.00002766        0.00001489
     4.1000000        0.00002571        0.00001427
     4.2000000        0.00002397        0.00001379
     4.3000000        0.00002389        0.00001465
     4.4000000        0.00002402        0.00001505
     4.5000000        0.00002443        0.00001530
     4.6000000        0.00002499        0.00001543
     4.7000000        0.00002506        0.00001497
     4.8000000        0.00002514        0.00001463
     4.9000000        0.00002482        0.00001459
     5.0000000        0.00002514        0.00001493
     5.1000000        0.00002514        0.00001462
     5.2000000        0.00002560        0.00001457
     5.3000000        0.00002635        0.00001473
     5.4000000        0.00002673        0.00001443
     5.5000000        0.00002576        0.00001318
     5.6000000        0.00002655        0.00001293
     5.7000000        0.00002625        0.00001216
     5.8000000        0.00002698        0.00001154
     5.9000000        0.00002768        0.00001113
     6.0000000        0.00002806        0.00001073
     6.1000000        0.00002931        0.00001047
     6.2000000        0.00003133        0.00001083
     6.3000000        0.00003376        0.00001124
     6.4000000        0.00003750        0.00001203
     6.5000000        0.00004118        0.00001249
     6.6000000        0.00004689        0.00001295
     6.7000000        0.00005457        0.00001368
     6.8000000        0.00006352        0.00001526
     6.9000000        0.00007508        0.00001793
     7.0000000        0.00008687        0.00002013
     7.1000000        0.00010067        0.00002249
     7.2000000        0.00011664        0.00002490
     7.3000000        0.00013422        0.00002713
     7.4000000        0.00015363        0.00002980
     7.5000000        0.00017716        0.00003156
     7.6000000        0.00020370        0.00003476
     7.7000000        0.00023755        0.00003730
     7.8000000        0.00028535        0.00003939
     7.9000000        0.00034376        0.00004293
     8.0000000        0.00041384        0.00004814
     8.1000000        0.00050767        0.00005562
     8.2000000        0.00062689        0.00006711
     8.3000000        0.00076833        0.00008133
     8.4000000        0.00094165        0.00009425
     8.5000000        0.00116619        0.00011056
     8.6000000        0.00144824        0.00012594
     8.7000000        0.00179506        0.00014706
     8.8000000        0.00220397        0.00017258
     8.9000000        0.00273926        0.00020080
     9.0000000        0.00339102        0.00023289
     9.1000000        0.00417253        0.00025895
     9.2000000        0.00516081        0.00029582
     9.3000000        0.00638056        0.00032500
     9.4000000        0.00787584        0.00035214
     9.5000000        0.00985885        0.00040069
     9.6000000        0.01231915        0.00047088
     9.7000000        0.01564229        0.00058532
     9.8000000        0.02002896        0.00067841
     9.9000000        0.02597969        0.00074640
    10.0000000        0.03408517        0.00080125
