     0.0000000        0.92879496        0.00482751
     0.1000000        0.72329754        0.00647520
     0.2000000        0.56475706        0.00567678
     0.3000000        0.44632544        0.00551485
     0.4000000        0.34952570        0.00554780
     0.5000000        0.27465665        0.00494963
     0.6000000        0.21655094        0.00477576
     0.7000000        0.16997046        0.00440298
     0.8000000        0.13215262        0.00216332
     0.9000000        0.10672829        0.00288985
     1.0000000        0.08547698        0.00267650
     1.1000000        0.07019633        0.00322413
     1.2000000        0.05687169        0.00292432
     1.3000000        0.04532754        0.00341044
     1.4000000        0.03421488        0.00281644
     1.5000000        0.02635533        0.00339296
     1.6000000        0.01988860        0.00275620
     1.7000000        0.01610373        0.00276848
     1.8000000        0.01352589        0.00367167
     1.9000000        0.00883926        0.00480259
     2.0000000        0.00180235        0.00592265
     2.1000000        0.00161317        0.00442858
     2.2000000       -0.00091348        0.00582323
     2.3000000       -0.00546319        0.00807000
     2.4000000       -0.00603832        0.00802275
     2.5000000       -0.00281552        0.00704725
     2.6000000       -0.00400093        0.00808996
     2.7000000        0.00152904        0.00432276
     2.8000000        0.00065022        0.00357480
     2.9000000        0.00083600        0.00360307
     3.0000000       -0.00287563        0.00317090
     3.1000000       -0.00196453        0.00259568
     3.2000000        0.00144735        0.00308134
     3.3000000        0.00017105        0.00305822
     3.4000000        0.00143436        0.00291286
     3.5000000       -0.00136411        0.00222648
     3.6000000       -0.00219164        0.00208640
     3.7000000        0.00070251        0.00194928
     3.8000000        0.00029213        0.00226903
     3.9000000       -0.00024924        0.00174768
     4.0000000       -0.00103984        0.00194202
     4.1000000       -0.00194725        0.00197801
     4.2000000       -0.00033171        0.00177544
     4.3000000        0.00145207        0.00187089
     4.4000000        0.00018431        0.00245306
     4.5000000        0.00185813        0.00249995
     4.6000000        0.00077955        0.00231716
     4.7000000        0.00258220        0.00273435
     4.8000000        0.00577812        0.00326648
     4.9000000        0.00588171        0.00265530
     5.0000000        0.00529286        0.00276599
     5.1000000        0.00504283        0.00336069
     5.2000000        0.00476117        0.00333701
     5.3000000        0.00160237        0.00242727
     5.4000000       -0.00042393        0.00200159
     5.5000000        0.00145655        0.00201317
     5.6000000        0.00124118        0.00100530
     5.7000000        0.00157534        0.00150798
     5.8000000        0.00005019        0.00179307
     5.9000000       -0.00097742        0.00159487
     6.0000000       -0.00198286        0.00280489
     6.1000000       -0.00352423        0.00258279
     6.2000000       -0.00398333        0.00236718
     6.3000000       -0.00466922        0.00277446
     6.4000000       -0.00571665        0.00301453
     6.5000000       -0.00391242        0.00198461
     6.6000000       -0.00368532        0.00146557
     6.7000000       -0.00259242        0.00185192
     6.8000000       -0.00245501        0.00271297
     6.9000000       -0.00272159        0.00377797
     7.0000000       -0.00146917        0.00322764
     7.1000000       -0.00037984        0.00302463
     7.2000000       -0.00055630        0.00261344
     7.3000000       -0.00088200        0.00263652
     7.4000000        0.00153154        0.00265099
     7.5000000        0.00022326        0.00250923
     7.6000000       -0.00345373        0.00321754
     7.7000000       -0.00725477        0.00565422
     7.8000000       -0.00308923        0.00409909
     7.9000000       -0.00215621        0.00431109
     8.0000000       -0.00362832        0.00488515
     8.1000000       -0.00113557        0.00364101
     8.2000000       -0.00039107        0.00229592
     8.3000000        0.00076105        0.00148394
     8.4000000       -0.00106908        0.00152990
     8.5000000       -0.00141938        0.00146998
     8.6000000       -0.00170033        0.00162149
     8.7000000       -0.00066456        0.00114738
     8.8000000        0.00187867        0.00163202
     8.9000000        0.00044402        0.00138749
     9.0000000        0.00271742        0.00124078
     9.1000000        0.00408631        0.00219174
     9.2000000        0.00219207        0.00186216
     9.3000000        0.00222660        0.00205427
     9.4000000        0.00161769        0.00190232
     9.5000000        0.00090372        0.00135899
     9.6000000        0.00153779        0.00147419
     9.7000000        0.00112724        0.00166394
     9.8000000        0.00065426        0.00196236
     9.9000000       -0.00059615        0.00195959
    10.0000000       -0.00119568        0.00339881
    10.1000000       -0.00106422        0.00248616
    10.2000000       -0.00023103        0.00209081
    10.3000000       -0.00046288        0.00242431
    10.4000000        0.00045409        0.00225155
    10.5000000        0.00009008        0.00173005
    10.6000000       -0.00083706        0.00132112
    10.7000000       -0.00051190        0.00156515
    10.8000000        0.00033095        0.00199430
    10.9000000       -0.00013290        0.00209655
    11.0000000       -0.00228364        0.00216442
    11.1000000       -0.00185411        0.00166432
    11.2000000       -0.00234681        0.00119559
    11.3000000       -0.00005497        0.00133543
    11.4000000       -0.00125474        0.00156740
    11.5000000       -0.00035771        0.00140217
    11.6000000        0.00196253        0.00234494
    11.7000000        0.00048861        0.00246696
    11.8000000        0.00071127        0.00237957
    11.9000000        0.00101077        0.00278579
    12.0000000        0.00136006        0.00230939
    12.1000000        0.00283854        0.00248449
    12.2000000        0.00256389        0.00314518
    12.3000000        0.00322394        0.00311597
    12.4000000       -0.00002746        0.00140563
    12.5000000       -0.00171534        0.00153009
    12.6000000       -0.00150487        0.00136508
    12.7000000       -0.00191368        0.00195594
    12.8000000       -0.00259421        0.00170161
    12.9000000       -0.00081014        0.00191406
    13.0000000       -0.00305392        0.00188238
    13.1000000       -0.00005687        0.00263131
    13.2000000       -0.00194366        0.00192949
    13.3000000       -0.00079789        0.00185859
    13.4000000       -0.00090787        0.00155298
    13.5000000       -0.00514916        0.00188482
    13.6000000       -0.00567865        0.00232963
    13.7000000       -0.00125476        0.00208496
    13.8000000       -0.00122524        0.00204275
    13.9000000       -0.00307956        0.00442350
    14.0000000       -0.00520952        0.00563422
    14.1000000       -0.00585133        0.00487974
    14.2000000       -0.00396767        0.00366438
    14.3000000       -0.00565821        0.00389905
    14.4000000       -0.00186543        0.00235132
    14.5000000        0.00395618        0.00364438
    14.6000000        0.00424261        0.00401464
    14.7000000        0.00355256        0.00626054
    14.8000000        0.00511170        0.00728384
    14.9000000        0.00339040        0.00512990
    15.0000000        0.01000856        0.01084686
    15.1000000        0.01279309        0.01073808
    15.2000000       -0.00212788        0.00464660
    15.3000000       -0.00214786        0.00555007
    15.4000000        0.00638790        0.00358899
    15.5000000        0.00089001        0.00404254
    15.6000000        0.00107675        0.00315108
    15.7000000       -0.00194291        0.00289018
    15.8000000       -0.00225099        0.00286922
    15.9000000       -0.00117426        0.00294847
    16.0000000       -0.00367336        0.00326733
    16.1000000       -0.00502917        0.00385037
    16.2000000       -0.00339808        0.00356374
    16.3000000       -0.00862712        0.00416625
    16.4000000       -0.00960619        0.00498422
    16.5000000       -0.00444074        0.00365162
    16.6000000       -0.00205727        0.00264625
    16.7000000       -0.00412193        0.00404374
    16.8000000       -0.00195643        0.00233326
    16.9000000        0.00014502        0.00281107
    17.0000000        0.00123603        0.00227714
    17.1000000        0.00255286        0.00268246
    17.2000000       -0.00005789        0.00309573
    17.3000000       -0.00002270        0.00433297
    17.4000000       -0.00209784        0.00304635
    17.5000000       -0.00002894        0.00317528
    17.6000000       -0.00208205        0.00353335
    17.7000000       -0.00129938        0.00294507
    17.8000000        0.00230111        0.00300119
    17.9000000       -0.00029971        0.00300737
    18.0000000       -0.00029478        0.00415172
    18.1000000        0.00142445        0.00262737
    18.2000000       -0.00149684        0.00213762
    18.3000000        0.00115826        0.00248444
    18.4000000        0.00084186        0.00348255
    18.5000000        0.00377794        0.00371584
    18.6000000        0.00545707        0.00381907
    18.7000000        0.00493633        0.00336301
    18.8000000        0.00498585        0.00333168
    18.9000000        0.00723180        0.00262754
    19.0000000        0.00631015        0.00287852
    19.1000000        0.00481292        0.00252998
    19.2000000        0.00552771        0.00308463
    19.3000000        0.00891495        0.00383061
    19.4000000        0.01482789        0.00424491
    19.5000000        0.01706184        0.00359877
    19.6000000        0.02266516        0.00431896
    19.7000000        0.03012848        0.00359712
    19.8000000        0.03737303        0.00354146
    19.9000000        0.05220667        0.00352095
    20.0000000        0.07120504        0.00482751
