     0.0000000        0.10017059        0.00766242
     0.1000000        0.06131496        0.00576426
     0.2000000        0.03818387        0.00499945
     0.3000000        0.03242067        0.00664884
     0.4000000        0.01232477        0.00593038
     0.5000000        0.00970400        0.00388138
     0.6000000        0.00431747        0.00547470
     0.7000000        0.00854364        0.00412920
     0.8000000        0.01321524        0.00607583
     0.9000000        0.00500561        0.00415233
     1.0000000        0.00212621        0.00393476
     1.1000000       -0.00270063        0.00549034
     1.2000000       -0.00365889        0.00652125
     1.3000000       -0.00992524        0.00619931
     1.4000000       -0.00368819        0.00528823
     1.5000000       -0.00121671        0.00429157
     1.6000000        0.00314557        0.00505040
     1.7000000        0.00737972        0.00754862
     1.8000000        0.00609715        0.00467670
     1.9000000        0.00824300        0.00228246
     2.0000000        0.00581425        0.00365450
     2.1000000        0.00469193        0.00242275
     2.2000000        0.00140612        0.00319500
     2.3000000        0.00139274        0.00322729
     2.4000000        0.00374108        0.00361624
     2.5000000        0.00422218        0.00271926
     2.6000000        0.00125623        0.00211160
     2.7000000        0.00126632        0.00159621
     2.8000000        0.00035707        0.00183862
     2.9000000        0.00081132        0.00212883
     3.0000000       -0.00031448        0.00235712
     3.1000000        0.00039712        0.00212380
     3.2000000        0.00165869        0.00245550
     3.3000000        0.00280934        0.00218311
     3.4000000        0.00022021        0.00106198
     3.5000000        0.00312551        0.00182172
     3.6000000        0.00218376        0.00207648
     3.7000000        0.00351899        0.00127626
     3.8000000        0.00341522        0.00109734
     3.9000000        0.00410911        0.00184535
     4.0000000        0.00372609        0.00137735
     4.1000000        0.00231936        0.00137348
     4.2000000        0.00390510        0.00367544
     4.3000000        0.00082256        0.00216654
     4.4000000        0.00663606        0.00528043
     4.5000000        0.00149797        0.00303618
     4.6000000        0.00151065        0.00242646
     4.7000000        0.00294731        0.00358660
     4.8000000       -0.00074624        0.00480576
     4.9000000       -0.00032470        0.00327805
     5.0000000       -0.00509059        0.00371998
     5.1000000       -0.00517768        0.00388307
     5.2000000       -0.00237727        0.00200411
     5.3000000       -0.00315308        0.00386069
     5.4000000       -0.00014373        0.00431584
     5.5000000        0.00066999        0.00252167
     5.6000000       -0.00103606        0.00162874
     5.7000000       -0.00110706        0.00241472
     5.8000000       -0.00269550        0.00218921
     5.9000000       -0.00109875        0.00173770
     6.0000000       -0.00213493        0.00194081
     6.1000000       -0.00664795        0.00200029
     6.2000000       -0.00111881        0.00285680
     6.3000000        0.00014370        0.00136058
     6.4000000        0.00420464        0.00309339
     6.5000000        0.00775260        0.00289236
     6.6000000        0.00891025        0.00616330
     6.7000000        0.00685067        0.00471146
     6.8000000        0.00300547        0.00411056
     6.9000000        0.00008514        0.00327889
     7.0000000        0.00407741        0.00346089
     7.1000000        0.00037661        0.00710859
     7.2000000       -0.00063418        0.00443627
     7.3000000        0.00115476        0.00319459
     7.4000000       -0.00278667        0.00427605
     7.5000000        0.00241891        0.00329385
     7.6000000       -0.00062283        0.00452756
     7.7000000       -0.00997480        0.01050363
     7.8000000        0.00042757        0.00753171
     7.9000000        0.01187090        0.00532562
     8.0000000        0.01206552        0.00730261
     8.1000000        0.00918559        0.00508340
     8.2000000        0.00727811        0.00470341
     8.3000000        0.01168902        0.00639098
     8.4000000        0.02146561        0.00607026
     8.5000000        0.02895610        0.00836033
     8.6000000        0.02988086        0.00514685
     8.7000000        0.03350542        0.00434713
     8.8000000        0.04628762        0.00256253
     8.9000000        0.06633412        0.00415802
     9.0000000        0.08571650        0.00317830
     9.1000000        0.12307995        0.00226454
     9.2000000        0.14896826        0.00271015
     9.3000000        0.20606447        0.00700350
     9.4000000        0.26950644        0.00653400
     9.5000000        0.36205840        0.00444316
     9.6000000        0.50858604        0.00525167
     9.7000000        0.70786935        0.00552889
     9.8000000        0.97888357        0.00593240
     9.9000000        1.36265789        0.00842439
    10.0000000        1.89982941        0.00766242
