     0.0000000        0.11037595        0.00059126
     0.1000000        0.08982767        0.00065811
     0.2000000        0.07313527        0.00070092
     0.3000000        0.05895701        0.00058477
     0.4000000        0.04779276        0.00043770
     0.5000000        0.03884342        0.00051707
     0.6000000        0.03139434        0.00049517
     0.7000000        0.02580211        0.00049665
     0.8000000        0.02073013        0.00046129
     0.9000000        0.01685547        0.00041122
     1.0000000        0.01375544        0.00036939
     1.1000000        0.01145999        0.00039374
     1.2000000        0.00922810        0.00032765
     1.3000000        0.00725102        0.00033412
     1.4000000        0.00613470        0.00043092
     1.5000000        0.00509618        0.00038162
     1.6000000        0.00421125        0.00030631
     1.7000000        0.00331229        0.00031448
     1.8000000        0.00273123        0.00030162
     1.9000000        0.00220267        0.00026393
     2.0000000        0.00199126        0.00029797
     2.1000000        0.00166579        0.00028515
     2.2000000        0.00128329        0.00034283
     2.3000000        0.00063561        0.00026171
     2.4000000        0.00053249        0.00026389
     2.5000000        0.00006097        0.00018114
     2.6000000       -0.00001031        0.00022481
     2.7000000       -0.00008472        0.00024403
     2.8000000       -0.00013280        0.00021260
     2.9000000       -0.00024660        0.00023618
     3.0000000       -0.00009535        0.00017384
     3.1000000        0.00009602        0.00019773
     3.2000000       -0.00008465        0.00024826
     3.3000000       -0.00019815        0.00025292
     3.4000000       -0.00018129        0.00026776
     3.5000000       -0.00026442        0.00028622
     3.6000000       -0.00038590        0.00036403
     3.7000000       -0.00031008        0.00029499
     3.8000000       -0.00029906        0.00029983
     3.9000000       -0.00028460        0.00032648
     4.0000000        0.00007859        0.00032853
     4.1000000        0.00007250        0.00050666
     4.2000000       -0.00001949        0.00041429
     4.3000000        0.00001959        0.00040716
     4.4000000        0.00015196        0.00043904
     4.5000000       -0.00045353        0.00037078
     4.6000000       -0.00023552        0.00034722
     4.7000000       -0.00025640        0.00028541
     4.8000000       -0.00028216        0.00027705
     4.9000000        0.00005353        0.00024314
     5.0000000        0.00025321        0.00031858
     5.1000000        0.00009583        0.00023580
     5.2000000        0.00032200        0.00029860
     5.3000000        0.00054112        0.00029060
     5.4000000        0.00051663        0.00031086
     5.5000000        0.00036228        0.00027544
     5.6000000        0.00048581        0.00031643
     5.7000000        0.00029358        0.00030574
     5.8000000        0.00004924        0.00033265
     5.9000000       -0.00005274        0.00032813
     6.0000000       -0.00004941        0.00027652
     6.1000000       -0.00004163        0.00035108
     6.2000000       -0.00007344        0.00033009
     6.3000000       -0.00026743        0.00029434
     6.4000000        0.00001220        0.00028256
     6.5000000        0.00027834        0.00028311
     6.6000000       -0.00001050        0.00022150
     6.7000000        0.00000597        0.00019190
     6.8000000        0.00025680        0.00022148
     6.9000000        0.00019488        0.00025577
     7.0000000        0.00024843        0.00026654
     7.1000000        0.00028972        0.00028604
     7.2000000        0.00014008        0.00023230
     7.3000000        0.00011945        0.00026534
     7.4000000        0.00032970        0.00025073
     7.5000000        0.00011272        0.00018595
     7.6000000        0.00006150        0.00025006
     7.7000000       -0.00018880        0.00032432
     7.8000000        0.00000145        0.00023639
     7.9000000       -0.00009779        0.00030538
     8.0000000       -0.00059773        0.00055363
     8.1000000       -0.00044234        0.00060860
     8.2000000        0.00034191        0.00018140
     8.3000000        0.00034992        0.00038452
     8.4000000        0.00007481        0.00023464
     8.5000000        0.00010273        0.00026102
     8.6000000        0.00001837        0.00023597
     8.7000000        0.00017007        0.00031005
     8.8000000        0.00003937        0.00038819
     8.9000000       -0.00018262        0.00032188
     9.0000000       -0.00044812        0.00023713
     9.1000000       -0.00054649        0.00027870
     9.2000000       -0.00050806        0.00028022
     9.3000000       -0.00030188        0.00031051
     9.4000000       -0.00019175        0.00045501
     9.5000000        0.00014282        0.00050255
     9.6000000        0.00032408        0.00049329
     9.7000000        0.00018741        0.00046500
     9.8000000        0.00003606        0.00046256
     9.9000000       -0.00028859        0.00048135
    10.0000000       -0.00036086        0.00040826
    10.1000000       -0.00031694        0.00038764
    10.2000000       -0.00046560        0.00040160
    10.3000000       -0.00116825        0.00110811
    10.4000000       -0.00078559        0.00055977
    10.5000000       -0.00090160        0.00052687
    10.6000000       -0.00059155        0.00045267
    10.7000000       -0.00053294        0.00056599
    10.8000000        0.00015023        0.00042406
    10.9000000        0.00008293        0.00041124
    11.0000000        0.00001881        0.00045495
    11.1000000        0.00025490        0.00037791
    11.2000000       -0.00000669        0.00029744
    11.3000000       -0.00030284        0.00021698
    11.4000000       -0.00035104        0.00019050
    11.5000000       -0.00008152        0.00023192
    11.6000000        0.00024492        0.00019247
    11.7000000        0.00001268        0.00026475
    11.8000000        0.00031364        0.00034518
    11.9000000        0.00015295        0.00028379
    12.0000000       -0.00004890        0.00018439
    12.1000000       -0.00010101        0.00017360
    12.2000000        0.00004926        0.00014669
    12.3000000       -0.00008855        0.00020072
    12.4000000       -0.00010925        0.00028140
    12.5000000       -0.00020479        0.00023005
    12.6000000       -0.00030056        0.00021684
    12.7000000       -0.00012328        0.00021210
    12.8000000       -0.00006134        0.00021056
    12.9000000       -0.00019396        0.00030332
    13.0000000       -0.00008677        0.00025498
    13.1000000       -0.00001280        0.00020099
    13.2000000       -0.00019455        0.00019521
    13.3000000       -0.00010345        0.00026685
    13.4000000       -0.00018721        0.00023389
    13.5000000        0.00002006        0.00028441
    13.6000000       -0.00004942        0.00027347
    13.7000000       -0.00001721        0.00031606
    13.8000000       -0.00012466        0.00024224
    13.9000000       -0.00032085        0.00024196
    14.0000000       -0.00027594        0.00025961
    14.1000000       -0.00027835        0.00034600
    14.2000000       -0.00049810        0.00024216
    14.3000000       -0.00038195        0.00026309
    14.4000000       -0.00007318        0.00022122
    14.5000000       -0.00019907        0.00033745
    14.6000000       -0.00020364        0.00037203
    14.7000000       -0.00004206        0.00043261
    14.8000000       -0.00037545        0.00038103
    14.9000000       -0.00028521        0.00030966
    15.0000000       -0.00012495        0.00024180
    15.1000000       -0.00004497        0.00026491
    15.2000000       -0.00000951        0.00029460
    15.3000000        0.00015684        0.00026579
    15.4000000        0.00018966        0.00018925
    15.5000000        0.00034753        0.00017814
    15.6000000        0.00012920        0.00032435
    15.7000000       -0.00014006        0.00046450
    15.8000000       -0.00035121        0.00028431
    15.9000000       -0.00051505        0.00033621
    16.0000000       -0.00044053        0.00038704
    16.1000000       -0.00000386        0.00046918
    16.2000000        0.00024178        0.00071927
    16.3000000        0.00017495        0.00069837
    16.4000000       -0.00004122        0.00037401
    16.5000000       -0.00010754        0.00047428
    16.6000000       -0.00034522        0.00047331
    16.7000000       -0.00038140        0.00068025
    16.8000000       -0.00008887        0.00041747
    16.9000000        0.00143048        0.00132232
    17.0000000        0.00169826        0.00151312
    17.1000000        0.00138591        0.00105995
    17.2000000        0.00101797        0.00064942
    17.3000000        0.00115317        0.00061460
    17.4000000        0.00117116        0.00052347
    17.5000000        0.00125346        0.00052241
    17.6000000        0.00154482        0.00044534
    17.7000000        0.00160878        0.00030005
    17.8000000        0.00168538        0.00037533
    17.9000000        0.00175048        0.00026754
    18.0000000        0.00181807        0.00022717
    18.1000000        0.00222599        0.00027463
    18.2000000        0.00289099        0.00039753
    18.3000000        0.00372450        0.00057686
    18.4000000        0.00396437        0.00080232
    18.5000000        0.00486895        0.00068592
    18.6000000        0.00564722        0.00042917
    18.7000000        0.00700008        0.00043560
    18.8000000        0.00851398        0.00033702
    18.9000000        0.01042998        0.00029474
    19.0000000        0.01292816        0.00031973
    19.1000000        0.01632815        0.00040720
    19.2000000        0.02035109        0.00029086
    19.3000000        0.02499881        0.00035108
    19.4000000        0.03128482        0.00036364
    19.5000000        0.03855662        0.00035335
    19.6000000        0.04703201        0.00039356
    19.7000000        0.05802369        0.00049592
    19.8000000        0.07167104        0.00046780
    19.9000000        0.08873670        0.00059703
    20.0000000        0.11037595        0.00059126
