     0.0000000        1.03485960        0.03825882
     0.1000000        0.86036367        0.03921096
     0.2000000        0.73480802        0.04022274
     0.3000000        0.64224632        0.04046021
     0.4000000        0.56927998        0.03929166
     0.5000000        0.51156504        0.03950057
     0.6000000        0.46205246        0.03562383
     0.7000000        0.42647666        0.03268463
     0.8000000        0.39005309        0.03036432
     0.9000000        0.36043233        0.02788393
     1.0000000        0.32656516        0.02797355
     1.1000000        0.29388926        0.02543968
     1.2000000        0.26565092        0.02303036
     1.3000000        0.23334665        0.02173365
     1.4000000        0.20153149        0.02143473
     1.5000000        0.18109412        0.02157843
     1.6000000        0.16124134        0.02311876
     1.7000000        0.15661732        0.02376341
     1.8000000        0.15362704        0.02704778
     1.9000000        0.14801437        0.03072529
     2.0000000        0.14376080        0.03556839
     2.1000000        0.12805165        0.03742128
     2.2000000        0.11477796        0.03414604
     2.3000000        0.10668467        0.03089658
     2.4000000        0.09672491        0.02896307
     2.5000000        0.08414487        0.02686572
     2.6000000        0.07022887        0.02618005
     2.7000000        0.06241248        0.02504276
     2.8000000        0.06199558        0.02372756
     2.9000000        0.05171783        0.02461174
     3.0000000        0.04258131        0.02598694
     3.1000000        0.03899648        0.02456188
     3.2000000        0.04813910        0.02426229
     3.3000000        0.04750426        0.02209287
     3.4000000        0.05122933        0.01770470
     3.5000000        0.05519501        0.01073936
     3.6000000        0.05529445        0.01034652
     3.7000000        0.05350214        0.01441652
     3.8000000        0.04870023        0.01993279
     3.9000000        0.04303366        0.02282508
     4.0000000        0.03787650        0.02753328
     4.1000000        0.03536925        0.03227696
     4.2000000        0.03204017        0.03457821
     4.3000000        0.02431382        0.03450318
     4.4000000        0.01767282        0.03624096
     4.5000000        0.01782978        0.04141366
     4.6000000        0.01561322        0.04203150
     4.7000000        0.02070451        0.04156448
     4.8000000        0.02554510        0.03491818
     4.9000000        0.02494849        0.03158954
     5.0000000        0.02480389        0.03025430
     5.1000000        0.02408488        0.02949945
     5.2000000        0.01746590        0.03155570
     5.3000000        0.00689276        0.03296654
     5.4000000        0.00569345        0.03418607
     5.5000000        0.00388508        0.03155118
     5.6000000        0.00331641        0.02841354
     5.7000000        0.00743353        0.02782977
     5.8000000        0.00968795        0.02623298
     5.9000000        0.02267927        0.02430283
     6.0000000        0.02823400        0.02287772
     6.1000000        0.04134644        0.02507733
     6.2000000        0.04057690        0.02584071
     6.3000000        0.05389958        0.02874299
     6.4000000        0.06418984        0.02904929
     6.5000000        0.07757613        0.02812281
     6.6000000        0.08754916        0.02587915
     6.7000000        0.09463856        0.02175994
     6.8000000        0.10909961        0.02270575
     6.9000000        0.11017163        0.02336283
     7.0000000        0.10301115        0.02379925
     7.1000000        0.10668482        0.02749960
     7.2000000        0.11336663        0.02934884
     7.3000000        0.11754615        0.03017037
     7.4000000        0.11986165        0.03290804
     7.5000000        0.11610151        0.03510437
     7.6000000        0.11744774        0.03577880
     7.7000000        0.11848312        0.03525212
     7.8000000        0.12353013        0.03347743
     7.9000000        0.12061598        0.03377367
     8.0000000        0.12573853        0.03383430
     8.1000000        0.13320993        0.03699584
     8.2000000        0.14424697        0.03573652
     8.3000000        0.15850229        0.03620154
     8.4000000        0.17622662        0.03441875
     8.5000000        0.19489697        0.03476389
     8.6000000        0.20914814        0.03674735
     8.7000000        0.22654592        0.03776820
     8.8000000        0.24614650        0.03524993
     8.9000000        0.26631225        0.03330692
     9.0000000        0.29022049        0.02981838
     9.1000000        0.32118910        0.02886380
     9.2000000        0.35308181        0.02770537
     9.3000000        0.38888431        0.02760572
     9.4000000        0.43050226        0.03088506
     9.5000000        0.48236685        0.03303897
     9.6000000        0.55225728        0.03567326
     9.7000000        0.63701029        0.03620571
     9.8000000        0.73745082        0.03546226
     9.9000000        0.86418925        0.03917952
    10.0000000        1.03485960        0.03825882
