     0.0000000        0.33279354        0.01144229
     0.1000000        0.23906875        0.01283649
     0.2000000        0.18720627        0.01175729
     0.3000000        0.14954740        0.01068570
     0.4000000        0.12335878        0.01128414
     0.5000000        0.10375184        0.00895286
     0.6000000        0.09064891        0.00821332
     0.7000000        0.08006408        0.00666172
     0.8000000        0.07436456        0.00830482
     0.9000000        0.06183447        0.00434833
     1.0000000        0.05533147        0.00601681
     1.1000000        0.04389661        0.00681925
     1.2000000        0.03489711        0.00594854
     1.3000000        0.03227964        0.00615797
     1.4000000        0.02545405        0.00627745
     1.5000000        0.02191822        0.00576955
     1.6000000        0.01679316        0.00528391
     1.7000000        0.01170338        0.00456137
     1.8000000        0.01154754        0.00630776
     1.9000000        0.01516694        0.00757958
     2.0000000        0.01313786        0.00801898
     2.1000000        0.00603182        0.00560068
     2.2000000        0.00890126        0.00466172
     2.3000000        0.00687303        0.00360510
     2.4000000        0.00574999        0.00394537
     2.5000000        0.00468429        0.00357991
     2.6000000        0.00624430        0.00391035
     2.7000000        0.00510209        0.00365448
     2.8000000        0.00379106        0.00336035
     2.9000000        0.00303079        0.00305000
     3.0000000        0.00446165        0.00282798
     3.1000000        0.00611037        0.00190436
     3.2000000        0.00585010        0.00139225
     3.3000000        0.00616596        0.00162547
     3.4000000        0.00725613        0.00176228
     3.5000000        0.00898380        0.00207365
     3.6000000        0.00731187        0.00194781
     3.7000000        0.00586214        0.00218990
     3.8000000        0.00589488        0.00176303
     3.9000000        0.00541962        0.00128791
     4.0000000        0.00648732        0.00167244
     4.1000000        0.00572728        0.00197800
     4.2000000        0.00758922        0.00208750
     4.3000000        0.00832625        0.00176125
     4.4000000        0.00912775        0.00193255
     4.5000000        0.00959349        0.00198133
     4.6000000        0.01062733        0.00167229
     4.7000000        0.01163240        0.00181079
     4.8000000        0.01304859        0.00189624
     4.9000000        0.01522522        0.00183286
     5.0000000        0.01701428        0.00224983
     5.1000000        0.01783160        0.00236874
     5.2000000        0.01929891        0.00232891
     5.3000000        0.02173610        0.00259921
     5.4000000        0.02566902        0.00380448
     5.5000000        0.02772576        0.00410275
     5.6000000        0.03052213        0.00447117
     5.7000000        0.03342717        0.00468890
     5.8000000        0.03530487        0.00402674
     5.9000000        0.03703014        0.00379382
     6.0000000        0.03858940        0.00396205
     6.1000000        0.04445338        0.00501342
     6.2000000        0.05014564        0.00572064
     6.3000000        0.05608016        0.00617459
     6.4000000        0.06338752        0.00680486
     6.5000000        0.06838588        0.00712534
     6.6000000        0.07750171        0.00752541
     6.7000000        0.08395128        0.00995048
     6.8000000        0.08841308        0.00941259
     6.9000000        0.09762562        0.00988071
     7.0000000        0.10710698        0.01053473
     7.1000000        0.11679273        0.00964717
     7.2000000        0.12369826        0.00804019
     7.3000000        0.13772516        0.01052310
     7.4000000        0.14919130        0.00968141
     7.5000000        0.16497288        0.01063424
     7.6000000        0.18598831        0.01232530
     7.7000000        0.20180088        0.00833689
     7.8000000        0.22395980        0.00971338
     7.9000000        0.24172495        0.01126820
     8.0000000        0.26633826        0.01061732
     8.1000000        0.28685028        0.01133771
     8.2000000        0.31370641        0.01204097
     8.3000000        0.33915066        0.01185801
     8.4000000        0.36802527        0.01411959
     8.5000000        0.40182228        0.01258369
     8.6000000        0.43787022        0.01488524
     8.7000000        0.47673434        0.01498870
     8.8000000        0.52942924        0.01704789
     8.9000000        0.58781029        0.01969147
     9.0000000        0.64114970        0.02158689
     9.1000000        0.70135908        0.01859669
     9.2000000        0.77438813        0.01928443
     9.3000000        0.85950733        0.01613990
     9.4000000        0.94792921        0.01563706
     9.5000000        1.04908641        0.01705278
     9.6000000        1.14571506        0.01147325
     9.7000000        1.25501132        0.01040140
     9.8000000        1.38230521        0.01526619
     9.9000000        1.52311514        0.01603539
    10.0000000        1.66720646        0.01144229
