         201           5   20.000000000000000                1
     0.0000000        0.95818738        0.00645304
     0.1000000        0.65985601        0.01265241
     0.2000000        0.45978736        0.00653012
     0.3000000        0.33017143        0.01119017
     0.4000000        0.22907782        0.00617558
     0.5000000        0.15727985        0.00984631
     0.6000000        0.11042632        0.00634007
     0.7000000        0.07568434        0.00610490
     0.8000000        0.05319096        0.00310756
     0.9000000        0.04103646        0.00418619
     1.0000000        0.03160870        0.00447626
     1.1000000        0.02804992        0.00613390
     1.2000000        0.01928752        0.00390605
     1.3000000        0.01380890        0.00455429
     1.4000000        0.00978051        0.00539916
     1.5000000        0.00955694        0.00715866
     1.6000000        0.00548597        0.00661241
     1.7000000        0.00483164        0.01020458
     1.8000000        0.00284564        0.01014537
     1.9000000        0.00375123        0.01043258
     2.0000000       -0.00090898        0.00485305
     2.1000000        0.00039039        0.00651746
     2.2000000        0.00071716        0.00456381
     2.3000000        0.00132604        0.00181155
     2.4000000        0.00102635        0.00376883
     2.5000000        0.00585065        0.00388911
     2.6000000        0.00547151        0.00518574
     2.7000000       -0.00162854        0.00431718
     2.8000000       -0.00341707        0.00417483
     2.9000000       -0.00112302        0.00303351
     3.0000000        0.00032616        0.00264565
     3.1000000        0.00224973        0.00374223
     3.2000000        0.00187866        0.00324571
     3.3000000        0.00168707        0.00298419
     3.4000000        0.00199375        0.00341650
     3.5000000       -0.00189969        0.00385921
     3.6000000        0.00000171        0.00152280
     3.7000000       -0.00418694        0.00304946
     3.8000000       -0.00184281        0.00246676
     3.9000000        0.00058926        0.00132895
     4.0000000        0.00019992        0.00149133
     4.1000000        0.00093790        0.00201801
     4.2000000        0.00055221        0.00276538
     4.3000000        0.00447423        0.00374224
     4.4000000       -0.00024668        0.00297623
     4.5000000        0.00111576        0.00231097
     4.6000000        0.00291910        0.00156132
     4.7000000        0.00023490        0.00252217
     4.8000000        0.00215943        0.00388149
     4.9000000        0.00469718        0.00488293
     5.0000000        0.00036384        0.00440327
     5.1000000       -0.00094299        0.00244475
     5.2000000       -0.00059005        0.00273979
     5.3000000        0.00088287        0.00512751
     5.4000000        0.00531942        0.00555305
     5.5000000        0.00139211        0.00616021
     5.6000000        0.00243500        0.00945175
     5.7000000        0.00281105        0.00848374
     5.8000000        0.01154144        0.01152867
     5.9000000        0.00279923        0.01053204
     6.0000000        0.00708337        0.00792099
     6.1000000        0.00643129        0.00677628
     6.2000000        0.01172400        0.00951390
     6.3000000        0.00677410        0.00376800
     6.4000000        0.00249990        0.00799836
     6.5000000       -0.00049455        0.00523368
     6.6000000        0.00181468        0.00433450
     6.7000000        0.00678134        0.00436615
     6.8000000        0.00418718        0.00329275
     6.9000000        0.00295788        0.00160546
     7.0000000       -0.00302753        0.00454999
     7.1000000       -0.00161365        0.00491177
     7.2000000       -0.00042053        0.00369941
     7.3000000       -0.00161212        0.00322147
     7.4000000       -0.00072256        0.00105631
     7.5000000       -0.00045930        0.00087955
     7.6000000        0.00042525        0.00256491
     7.7000000        0.00120493        0.00243393
     7.8000000        0.00025795        0.00134272
     7.9000000       -0.00340813        0.00179065
     8.0000000       -0.00100227        0.00588698
     8.1000000       -0.00400633        0.00559229
     8.2000000       -0.00324032        0.00584608
     8.3000000       -0.00539517        0.00737611
     8.4000000       -0.00549538        0.00530576
     8.5000000       -0.00612565        0.00248043
     8.6000000       -0.00464058        0.00363508
     8.7000000       -0.00298220        0.00139158
     8.8000000       -0.00201813        0.00165811
     8.9000000       -0.00281037        0.00136345
     9.0000000       -0.00147244        0.00134732
     9.1000000       -0.00270883        0.00139869
     9.2000000       -0.00319787        0.00130524
     9.3000000       -0.00126212        0.00050651
     9.4000000       -0.00346159        0.00185170
     9.5000000       -0.00229974        0.00238300
     9.6000000        0.00033416        0.00311110
     9.7000000       -0.00211757        0.00136842
     9.8000000       -0.00276069        0.00182872
     9.9000000       -0.00016498        0.00088514
    10.0000000       -0.00344093        0.00175869
    10.1000000       -0.00447347        0.00123479
    10.2000000       -0.00314809        0.00204347
    10.3000000       -0.00072154        0.00267646
    10.4000000       -0.00110448        0.00331895
    10.5000000       -0.00024173        0.00421871
    10.6000000       -0.00060402        0.00089717
    10.7000000        0.00182060        0.00231527
    10.8000000        0.00012695        0.00143823
    10.9000000       -0.00135534        0.00101470
    11.0000000       -0.00154056        0.00123832
    11.1000000        0.00002146        0.00143745
    11.2000000       -0.00279385        0.00185083
    11.3000000        0.00018427        0.00103228
    11.4000000       -0.00009091        0.00210062
    11.5000000       -0.00102283        0.00229257
    11.6000000       -0.00171932        0.00183791
    11.7000000       -0.00116190        0.00151519
    11.8000000       -0.00106408        0.00200316
    11.9000000       -0.00358978        0.00257440
    12.0000000       -0.00303277        0.00347941
    12.1000000       -0.00196632        0.00277337
    12.2000000       -0.00166236        0.00124860
    12.3000000        0.00098616        0.00084870
    12.4000000        0.00204647        0.00153852
    12.5000000        0.00314707        0.00195975
    12.6000000        0.00193392        0.00290300
    12.7000000        0.00415081        0.00261495
    12.8000000        0.00552782        0.00347206
    12.9000000        0.00673699        0.00361924
    13.0000000        0.00445550        0.00367515
    13.1000000        0.00126209        0.00258904
    13.2000000       -0.00878898        0.00862688
    13.3000000       -0.00287338        0.00414555
    13.4000000       -0.00204367        0.00129546
    13.5000000       -0.00041418        0.00144981
    13.6000000        0.00077924        0.00093461
    13.7000000        0.00139198        0.00236210
    13.8000000        0.00345010        0.00128489
    13.9000000        0.00102573        0.00158442
    14.0000000        0.00015318        0.00340180
    14.1000000       -0.00089501        0.00232648
    14.2000000        0.00038364        0.00230689
    14.3000000       -0.00227421        0.00221322
    14.4000000       -0.00239077        0.00166182
    14.5000000       -0.00486720        0.00225593
    14.6000000       -0.00068130        0.00097499
    14.7000000       -0.00315345        0.00208109
    14.8000000       -0.00245038        0.00221863
    14.9000000       -0.00359374        0.00207124
    15.0000000       -0.00178876        0.00250529
    15.1000000       -0.00369815        0.00230409
    15.2000000       -0.00511284        0.00356406
    15.3000000       -0.00788126        0.00466374
    15.4000000       -0.00478205        0.00136762
    15.5000000       -0.00406013        0.00194747
    15.6000000        0.00058434        0.00141858
    15.7000000       -0.00188872        0.00073603
    15.8000000        0.00013695        0.00253707
    15.9000000       -0.00101090        0.00324333
    16.0000000        0.00045437        0.00361187
    16.1000000       -0.00236703        0.00183425
    16.2000000       -0.00029948        0.00276703
    16.3000000        0.00133179        0.00479727
    16.4000000       -0.00051283        0.00455089
    16.5000000       -0.00100935        0.00345191
    16.6000000        0.00186942        0.00448215
    16.7000000       -0.00234268        0.00465630
    16.8000000       -0.00100945        0.00233744
    16.9000000        0.00355218        0.00312733
    17.0000000        0.00107355        0.00229769
    17.1000000        0.00142641        0.00195353
    17.2000000        0.00117871        0.00502397
    17.3000000        0.00076233        0.00437714
    17.4000000        0.00654571        0.00699544
    17.5000000        0.00393034        0.00457786
    17.6000000        0.00357067        0.00317939
    17.7000000        0.00015352        0.00210550
    17.8000000        0.00025331        0.00469051
    17.9000000       -0.00069538        0.00075507
    18.0000000       -0.00146670        0.00281264
    18.1000000       -0.00351811        0.00365014
    18.2000000       -0.00342422        0.00150552
    18.3000000       -0.00400736        0.00141723
    18.4000000       -0.00334135        0.00250086
    18.5000000       -0.00723851        0.00318975
    18.6000000       -0.00520927        0.00417578
    18.7000000       -0.00438611        0.00141146
    18.8000000       -0.00398741        0.00129028
    18.9000000       -0.00184092        0.00462146
    19.0000000       -0.00073956        0.00216306
    19.1000000        0.00272905        0.00252402
    19.2000000        0.00132607        0.00345168
    19.3000000        0.00669191        0.00403856
    19.4000000        0.00339124        0.00361339
    19.5000000        0.00958410        0.00264337
    19.6000000        0.00476955        0.00282789
    19.7000000        0.01197722        0.00495867
    19.8000000        0.01150368        0.00370211
    19.9000000        0.02311005        0.00415546
    20.0000000        0.04181262        0.00645304
