         101         161   20.000000000000000                1
     0.0000000        0.25000000        0.00000000
     0.1000000        0.19407715        0.00000000
     0.2000000        0.15077686        0.00000000
     0.3000000        0.11722700        0.00000000
     0.4000000        0.09121368        0.00000000
     0.5000000        0.07102940        0.00000000
     0.6000000        0.05535647        0.00000000
     0.7000000        0.04317743        0.00000000
     0.8000000        0.03370614        0.00000000
     0.9000000        0.02633483        0.00000000
     1.0000000        0.02059332        0.00000000
     1.1000000        0.01611763        0.00000000
     1.2000000        0.01262582        0.00000000
     1.3000000        0.00989932        0.00000000
     1.4000000        0.00776859        0.00000000
     1.5000000        0.00610201        0.00000000
     1.6000000        0.00479734        0.00000000
     1.7000000        0.00377508        0.00000000
     1.8000000        0.00297339        0.00000000
     1.9000000        0.00234412        0.00000000
     2.0000000        0.00184973        0.00000000
     2.1000000        0.00146097        0.00000000
     2.2000000        0.00115498        0.00000000
     2.3000000        0.00091392        0.00000000
     2.4000000        0.00072383        0.00000000
     2.5000000        0.00057381        0.00000000
     2.6000000        0.00045529        0.00000000
     2.7000000        0.00036158        0.00000000
     2.8000000        0.00028741        0.00000000
     2.9000000        0.00022866        0.00000000
     3.0000000        0.00018208        0.00000000
     3.1000000        0.00014511        0.00000000
     3.2000000        0.00011575        0.00000000
     3.3000000        0.00009240        0.00000000
     3.4000000        0.00007383        0.00000000
     3.5000000        0.00005903        0.00000000
     3.6000000        0.00004724        0.00000000
     3.7000000        0.00003783        0.00000000
     3.8000000        0.00003032        0.00000000
     3.9000000        0.00002432        0.00000000
     4.0000000        0.00001952        0.00000000
     4.1000000        0.00001568        0.00000000
     4.2000000        0.00001260        0.00000000
     4.3000000        0.00001014        0.00000000
     4.4000000        0.00000816        0.00000000
     4.5000000        0.00000657        0.00000000
     4.6000000        0.00000530        0.00000000
     4.7000000        0.00000427        0.00000000
     4.8000000        0.00000345        0.00000000
     4.9000000        0.00000278        0.00000000
     5.0000000        0.00000225        0.00000000
     5.1000000        0.00000182        0.00000000
     5.2000000        0.00000147        0.00000000
     5.3000000        0.00000119        0.00000000
     5.4000000        0.00000096        0.00000000
     5.5000000        0.00000078        0.00000000
     5.6000000        0.00000063        0.00000000
     5.7000000        0.00000051        0.00000000
     5.8000000        0.00000041        0.00000000
     5.9000000        0.00000034        0.00000000
     6.0000000        0.00000027        0.00000000
     6.1000000        0.00000022        0.00000000
     6.2000000        0.00000018        0.00000000
     6.3000000        0.00000015        0.00000000
     6.4000000        0.00000012        0.00000000
     6.5000000        0.00000010        0.00000000
     6.6000000        0.00000008        0.00000000
     6.7000000        0.00000006        0.00000000
     6.8000000        0.00000005        0.00000000
     6.9000000        0.00000004        0.00000000
     7.0000000        0.00000003        0.00000000
     7.1000000        0.00000003        0.00000000
     7.2000000        0.00000002        0.00000000
     7.3000000        0.00000002        0.00000000
     7.4000000        0.00000002        0.00000000
     7.5000000        0.00000001        0.00000000
     7.6000000        0.00000001        0.00000000
     7.7000000        0.00000001        0.00000000
     7.8000000        0.00000001        0.00000000
     7.9000000        0.00000001        0.00000000
     8.0000000        0.00000000        0.00000000
     8.1000000        0.00000000        0.00000000
     8.2000000        0.00000000        0.00000000
     8.3000000        0.00000000        0.00000000
     8.4000000        0.00000000        0.00000000
     8.5000000        0.00000000        0.00000000
     8.6000000        0.00000000        0.00000000
     8.7000000        0.00000000        0.00000000
     8.8000000        0.00000000        0.00000000
     8.9000000        0.00000000        0.00000000
     9.0000000        0.00000000        0.00000000
     9.1000000        0.00000000        0.00000000
     9.2000000        0.00000000        0.00000000
     9.3000000        0.00000000        0.00000000
     9.4000000        0.00000000        0.00000000
     9.5000000        0.00000000        0.00000000
     9.6000000        0.00000000        0.00000000
     9.7000000        0.00000000        0.00000000
     9.8000000        0.00000000        0.00000000
     9.9000000        0.00000000        0.00000000
    10.0000000        0.00000000        0.00000000
