     0.0000000        1.80113525        0.00086961
     0.1250000        1.30096086        0.00091805
     0.2500000        0.94603478        0.00092791
     0.3750000        0.69115698        0.00097139
     0.5000000        0.50821531        0.00092657
     0.6250000        0.37643514        0.00088612
     0.7500000        0.28114501        0.00088418
     0.8750000        0.21306058        0.00090510
     1.0000000        0.16150317        0.00081420
     1.1250000        0.12516874        0.00083101
     1.2500000        0.09721363        0.00082130
     1.3750000        0.07677146        0.00081457
     1.5000000        0.05970348        0.00061856
     1.6250000        0.04749244        0.00055908
     1.7500000        0.03910981        0.00059620
     1.8750000        0.03298659        0.00063364
     2.0000000        0.02817669        0.00075279
     2.1250000        0.02362110        0.00050184
     2.2500000        0.02131651        0.00053834
     2.3750000        0.02019654        0.00067976
     2.5000000        0.01806439        0.00065149
     2.6250000        0.01767725        0.00057101
     2.7500000        0.01841128        0.00047810
     2.8750000        0.01984595        0.00053104
     3.0000000        0.02118656        0.00051366
     3.1250000        0.02585187        0.00060169
     3.2500000        0.03115188        0.00055052
     3.3750000        0.03836397        0.00060826
     3.5000000        0.04934143        0.00067523
     3.6250000        0.06544380        0.00071849
     3.7500000        0.09139866        0.00068097
     3.8750000        0.13170957        0.00078070
     4.0000000        0.19886475        0.00086961
