     0.0000000        2.80009131        0.18774915
     0.1000000        2.65173792        0.27598270
     0.2000000        2.24370382        0.15553818
     0.3000000        2.18327707        0.16825834
     0.4000000        2.06464853        0.13179580
     0.5000000        1.96875335        0.12568286
     0.6000000        1.76626006        0.14944225
     0.7000000        2.67329118        0.79935188
     0.8000000        1.61705887        0.07490021
     0.9000000        1.47041162        0.10736733
     1.0000000        1.52447477        0.29090649
     1.1000000        1.27044922        0.24243559
     1.2000000        1.27111993        0.24812823
     1.3000000        3.11180653        1.77802866
     1.4000000        2.03009820        0.80514447
     1.5000000        1.29750545        0.36699674
     1.6000000        1.22788179        0.24825753
     1.7000000        1.08859709        0.39994756
     1.8000000        0.84231665        0.24788742
     1.9000000        0.59894666        0.15699073
     2.0000000        0.74994672        0.24696285
     2.1000000        0.56577259        0.10934033
     2.2000000        0.59855326        0.10013982
     2.3000000        1.29762973        0.77578625
     2.4000000        2.01444107        1.74235759
     2.5000000        0.87162026        0.62494036
     2.6000000        0.50939920        0.21269635
     2.7000000        0.37377882        0.09949305
     2.8000000        0.31930790        0.07977679
     2.9000000        0.40242985        0.11970649
     3.0000000        0.46284849        0.19331651
     3.1000000        0.21071340        0.04816550
     3.2000000        0.19652503        0.07815679
     3.3000000        0.23401673        0.11717517
     3.4000000        0.28782829        0.20171977
     3.5000000        0.19419783        0.08169371
     3.6000000        0.18929924        0.09384440
     3.7000000        0.13628219        0.04739966
     3.8000000        0.11132062        0.03052313
     3.9000000        0.12303447        0.02910240
     4.0000000        0.12473819        0.03150304
     4.1000000        0.11641665        0.05295924
     4.2000000        0.09935457        0.03451252
     4.3000000        0.05381935        0.01905930
     4.4000000        0.07606492        0.03226641
     4.5000000        0.15171102        0.07964685
     4.6000000        0.18690870        0.13109947
     4.7000000        0.11363528        0.07888079
     4.8000000        0.11506102        0.08710324
     4.9000000        0.18406500        0.15811781
     5.0000000        0.09008969        0.05979966
     5.1000000        0.05037196        0.01753217
     5.2000000        0.06729960        0.02250639
     5.3000000        0.13433972        0.06998872
     5.4000000        0.10354828        0.03384854
     5.5000000        0.14687823        0.06648516
     5.6000000        0.10673615        0.04075756
     5.7000000        0.12234323        0.05628530
     5.8000000        0.08012123        0.03750495
     5.9000000        0.05431076        0.01698566
     6.0000000        0.05979643        0.01875217
     6.1000000        0.06595563        0.02827886
     6.2000000        0.08465911        0.03405322
     6.3000000        0.11806608        0.06794728
     6.4000000        0.10041972        0.04701314
     6.5000000        0.15346471        0.07391101
     6.6000000        0.24840905        0.15070602
     6.7000000        0.25263669        0.14482204
     6.8000000        0.56158415        0.34124847
     6.9000000        0.30675222        0.13826099
     7.0000000        0.25628941        0.09203521
     7.1000000        0.20637537        0.05435390
     7.2000000        0.18900103        0.03027343
     7.3000000        0.28313313        0.04632992
     7.4000000        0.21093503        0.03524649
     7.5000000        0.23787794        0.03152174
     7.6000000        0.26723911        0.04151576
     7.7000000        0.42425887        0.11146472
     7.8000000        0.35997044        0.08012616
     7.9000000        0.43042857        0.07094328
     8.0000000        0.56154330        0.11922976
     8.1000000        1.04412086        0.51189702
     8.2000000        1.83879589        1.38169586
     8.3000000        1.30750603        0.56719615
     8.4000000        1.09686937        0.25421124
     8.5000000        1.02827542        0.15610765
     8.6000000        1.10668989        0.17584039
     8.7000000        1.41124778        0.39709809
     8.8000000        1.27028513        0.18960440
     8.9000000        1.64429966        0.28129836
     9.0000000        1.63605631        0.27664196
     9.1000000        1.50977651        0.11965473
     9.2000000        1.42719849        0.16204712
     9.3000000        1.42202519        0.12928272
     9.4000000        1.63482655        0.16208215
     9.5000000        1.69732204        0.13542644
     9.6000000        1.92542576        0.22523595
     9.7000000        2.13487375        0.22103306
     9.8000000        2.33284450        0.21144024
     9.9000000        2.51790014        0.19812162
    10.0000000        2.80009131        0.18774915
