     0.0000000        0.00662930        0.00105315
     0.1000000        0.00634350        0.00098200
     0.2000000        0.00448957        0.00089415
     0.3000000        0.00324840        0.00093488
     0.4000000        0.00245343        0.00078321
     0.5000000        0.00204819        0.00061643
     0.6000000        0.00202774        0.00048772
     0.7000000        0.00199885        0.00043304
     0.8000000        0.00178263        0.00052192
     0.9000000        0.00067754        0.00072643
     1.0000000        0.00051074        0.00054379
     1.1000000        0.00063212        0.00048968
     1.2000000        0.00025001        0.00064380
     1.3000000        0.00015473        0.00067450
     1.4000000        0.00018390        0.00053750
     1.5000000       -0.00006105        0.00062093
     1.6000000        0.00065179        0.00061855
     1.7000000       -0.00006123        0.00058758
     1.8000000        0.00014122        0.00051449
     1.9000000       -0.00012726        0.00058785
     2.0000000       -0.00053911        0.00047026
     2.1000000       -0.00033709        0.00052824
     2.2000000        0.00028283        0.00052411
     2.3000000        0.00032734        0.00048406
     2.4000000        0.00049725        0.00044729
     2.5000000        0.00083038        0.00041960
     2.6000000        0.00071780        0.00052340
     2.7000000        0.00043505        0.00050117
     2.8000000        0.00003233        0.00055111
     2.9000000        0.00005307        0.00059637
     3.0000000        0.00036259        0.00056873
     3.1000000        0.00019240        0.00061522
     3.2000000       -0.00012687        0.00058529
     3.3000000       -0.00017994        0.00052602
     3.4000000       -0.00038749        0.00060752
     3.5000000        0.00012602        0.00052851
     3.6000000       -0.00004687        0.00051869
     3.7000000       -0.00023565        0.00049625
     3.8000000       -0.00023139        0.00050255
     3.9000000       -0.00015729        0.00054475
     4.0000000       -0.00015164        0.00057625
     4.1000000       -0.00056728        0.00048473
     4.2000000       -0.00043004        0.00043463
     4.3000000       -0.00003615        0.00034355
     4.4000000       -0.00060358        0.00048493
     4.5000000        0.00027042        0.00045972
     4.6000000        0.00051283        0.00058124
     4.7000000       -0.00027080        0.00055810
     4.8000000       -0.00009579        0.00060293
     4.9000000        0.00017244        0.00054174
     5.0000000        0.00022582        0.00037213
     5.1000000        0.00016778        0.00043059
     5.2000000        0.00025024        0.00052439
     5.3000000        0.00008043        0.00060231
     5.4000000        0.00000678        0.00060036
     5.5000000       -0.00007760        0.00050637
     5.6000000        0.00016474        0.00050232
     5.7000000       -0.00022365        0.00046742
     5.8000000        0.00026208        0.00042598
     5.9000000        0.00019343        0.00049073
     6.0000000        0.00063149        0.00056845
     6.1000000        0.00076007        0.00046290
     6.2000000        0.00032400        0.00036704
     6.3000000        0.00084627        0.00036496
     6.4000000        0.00070304        0.00039040
     6.5000000        0.00084277        0.00058495
     6.6000000        0.00054958        0.00046026
     6.7000000        0.00025586        0.00051542
     6.8000000        0.00018865        0.00044850
     6.9000000        0.00012573        0.00047189
     7.0000000        0.00015774        0.00047465
     7.1000000       -0.00005032        0.00041748
     7.2000000        0.00042039        0.00042289
     7.3000000        0.00031944        0.00043151
     7.4000000        0.00023178        0.00051097
     7.5000000        0.00066845        0.00049980
     7.6000000        0.00053706        0.00046526
     7.7000000        0.00024321        0.00042111
     7.8000000       -0.00053514        0.00038637
     7.9000000       -0.00028139        0.00028619
     8.0000000       -0.00052534        0.00036304
     8.1000000       -0.00067691        0.00041238
     8.2000000       -0.00019424        0.00035331
     8.3000000       -0.00006193        0.00032587
     8.4000000        0.00031312        0.00049833
     8.5000000        0.00033312        0.00043192
     8.6000000        0.00046310        0.00035737
     8.7000000        0.00033505        0.00032976
     8.8000000        0.00032078        0.00034541
     8.9000000        0.00052724        0.00039801
     9.0000000        0.00015622        0.00038968
     9.1000000        0.00023327        0.00043962
     9.2000000        0.00020868        0.00031522
     9.3000000        0.00008027        0.00035439
     9.4000000       -0.00034264        0.00043557
     9.5000000       -0.00005364        0.00052076
     9.6000000        0.00003457        0.00052186
     9.7000000        0.00022347        0.00043950
     9.8000000        0.00000407        0.00042441
     9.9000000       -0.00033494        0.00042833
    10.0000000        0.00022258        0.00051040
    10.1000000        0.00023993        0.00049347
    10.2000000        0.00011418        0.00043425
    10.3000000        0.00041151        0.00037020
    10.4000000        0.00070983        0.00034838
    10.5000000        0.00018954        0.00035583
    10.6000000        0.00040118        0.00036372
    10.7000000        0.00009735        0.00045722
    10.8000000        0.00035081        0.00049456
    10.9000000        0.00047266        0.00036715
    11.0000000        0.00021212        0.00037923
    11.1000000       -0.00009559        0.00021564
    11.2000000       -0.00031210        0.00037312
    11.3000000       -0.00077301        0.00031890
    11.4000000       -0.00037467        0.00033773
    11.5000000       -0.00021355        0.00041960
    11.6000000        0.00044621        0.00045349
    11.7000000        0.00091804        0.00041129
    11.8000000        0.00092647        0.00032373
    11.9000000        0.00032761        0.00038040
    12.0000000        0.00071793        0.00040474
    12.1000000        0.00145235        0.00052808
    12.2000000        0.00106439        0.00037351
    12.3000000        0.00056293        0.00034922
    12.4000000        0.00060840        0.00035717
    12.5000000        0.00033970        0.00025487
    12.6000000        0.00024835        0.00040143
    12.7000000        0.00024474        0.00044591
    12.8000000        0.00052165        0.00041772
    12.9000000        0.00056043        0.00053373
    13.0000000        0.00002709        0.00045957
    13.1000000       -0.00003360        0.00050058
    13.2000000        0.00014045        0.00047021
    13.3000000        0.00005816        0.00043558
    13.4000000       -0.00013976        0.00044912
    13.5000000       -0.00016818        0.00055583
    13.6000000        0.00005420        0.00055308
    13.7000000       -0.00025181        0.00049292
    13.8000000       -0.00023747        0.00044590
    13.9000000       -0.00022479        0.00048056
    14.0000000        0.00012021        0.00037069
    14.1000000        0.00016467        0.00047079
    14.2000000        0.00017642        0.00044208
    14.3000000       -0.00008358        0.00038167
    14.4000000        0.00003885        0.00044669
    14.5000000       -0.00011943        0.00043979
    14.6000000        0.00011707        0.00038733
    14.7000000        0.00002586        0.00031318
    14.8000000        0.00009225        0.00037702
    14.9000000        0.00035000        0.00045036
    15.0000000        0.00030513        0.00034678
    15.1000000        0.00067899        0.00040716
    15.2000000        0.00041180        0.00046966
    15.3000000       -0.00039526        0.00038086
    15.4000000       -0.00051051        0.00051196
    15.5000000       -0.00034522        0.00049413
    15.6000000       -0.00021892        0.00049888
    15.7000000       -0.00036424        0.00049346
    15.8000000       -0.00013236        0.00047359
    15.9000000        0.00009983        0.00057668
    16.0000000        0.00046770        0.00062657
    16.1000000        0.00014787        0.00060207
    16.2000000       -0.00000051        0.00055648
    16.3000000       -0.00019602        0.00058529
    16.4000000       -0.00039405        0.00055228
    16.5000000       -0.00020161        0.00047969
    16.6000000       -0.00020052        0.00054406
    16.7000000       -0.00020356        0.00058308
    16.8000000        0.00025303        0.00053860
    16.9000000        0.00100765        0.00058676
    17.0000000        0.00114023        0.00058386
    17.1000000        0.00139210        0.00057876
    17.2000000        0.00150910        0.00053266
    17.3000000        0.00145804        0.00064439
    17.4000000        0.00236820        0.00065635
    17.5000000        0.00342410        0.00079273
    17.6000000        0.00340048        0.00067620
    17.7000000        0.00486380        0.00066218
    17.8000000        0.00531615        0.00057447
    17.9000000        0.00743213        0.00067482
    18.0000000        0.00932220        0.00073198
    18.1000000        0.01141240        0.00068164
    18.2000000        0.01482106        0.00078561
    18.3000000        0.01840261        0.00095804
    18.4000000        0.02295368        0.00092708
    18.5000000        0.02857618        0.00100997
    18.6000000        0.03608179        0.00082680
    18.7000000        0.04594483        0.00102412
    18.8000000        0.05801804        0.00100219
    18.9000000        0.07320778        0.00109947
    19.0000000        0.09277043        0.00091241
    19.1000000        0.11794990        0.00102870
    19.2000000        0.14913933        0.00133786
    19.3000000        0.18629909        0.00148885
    19.4000000        0.23585119        0.00181626
    19.5000000        0.29869115        0.00198805
    19.6000000        0.37930459        0.00262793
    19.7000000        0.48112619        0.00263763
    19.8000000        0.61377222        0.00249416
    19.9000000        0.78092107        0.00217442
    20.0000000        0.99337070        0.00105315
