         201           5   20.000000000000000                1
     0.0000000        0.03960093        0.00344870
     0.1000000        0.02882973        0.00357665
     0.2000000        0.01844978        0.00351833
     0.3000000        0.01110967        0.00635895
     0.4000000        0.00921599        0.00668245
     0.5000000        0.00566923        0.00703014
     0.6000000        0.00342926        0.00548903
     0.7000000        0.00207234        0.00472971
     0.8000000        0.00153634        0.00405383
     0.9000000       -0.00053530        0.00303639
     1.0000000       -0.00110870        0.00307104
     1.1000000       -0.00425067        0.00396507
     1.2000000       -0.00506338        0.00420937
     1.3000000       -0.00641039        0.00428744
     1.4000000       -0.00942228        0.00612875
     1.5000000       -0.00927400        0.00625414
     1.6000000       -0.00587688        0.00632365
     1.7000000       -0.00526703        0.00417519
     1.8000000       -0.00198697        0.00293336
     1.9000000       -0.00336284        0.00309940
     2.0000000       -0.00040064        0.00293958
     2.1000000        0.00278155        0.00336557
     2.2000000        0.00058809        0.00121119
     2.3000000       -0.00168786        0.00162805
     2.4000000       -0.00107462        0.00085361
     2.5000000       -0.00205012        0.00165175
     2.6000000       -0.00166753        0.00212492
     2.7000000       -0.00324150        0.00339707
     2.8000000       -0.00256281        0.00197487
     2.9000000       -0.00338589        0.00125576
     3.0000000       -0.00227700        0.00234457
     3.1000000        0.00085223        0.00322902
     3.2000000        0.00333273        0.00224717
     3.3000000        0.00198596        0.00221791
     3.4000000        0.00173778        0.00202722
     3.5000000        0.00301486        0.00306036
     3.6000000        0.00125135        0.00265327
     3.7000000        0.00524862        0.00339930
     3.8000000        0.00362610        0.00224025
     3.9000000        0.00323481        0.00300376
     4.0000000        0.00204477        0.00118727
     4.1000000        0.00112313        0.00305385
     4.2000000        0.00108855        0.00241461
     4.3000000        0.00149322        0.00234532
     4.4000000        0.00146406        0.00287624
     4.5000000        0.00351240        0.00531567
     4.6000000        0.00143986        0.00301968
     4.7000000        0.00197363        0.00371911
     4.8000000        0.00026604        0.00256173
     4.9000000       -0.00466781        0.00323093
     5.0000000       -0.00382077        0.00341761
     5.1000000       -0.00199615        0.00215210
     5.2000000        0.00024604        0.00212035
     5.3000000       -0.00067282        0.00100768
     5.4000000       -0.00018399        0.00197244
     5.5000000       -0.00092377        0.00314675
     5.6000000       -0.00068472        0.00239411
     5.7000000       -0.00072463        0.00131548
     5.8000000        0.00084665        0.00069277
     5.9000000        0.00178087        0.00172311
     6.0000000        0.00326738        0.00210528
     6.1000000        0.00307098        0.00164241
     6.2000000        0.00227500        0.00164255
     6.3000000        0.00203814        0.00081192
     6.4000000        0.00141301        0.00099080
     6.5000000        0.00253722        0.00285924
     6.6000000       -0.00006111        0.00284752
     6.7000000        0.00209261        0.00239952
     6.8000000        0.00162245        0.00256832
     6.9000000        0.00255373        0.00190739
     7.0000000       -0.00049891        0.00214346
     7.1000000       -0.00101895        0.00199636
     7.2000000        0.00013149        0.00134457
     7.3000000        0.00001857        0.00148639
     7.4000000        0.00159380        0.00158208
     7.5000000        0.00113912        0.00259723
     7.6000000        0.00111280        0.00273338
     7.7000000       -0.00184484        0.00255091
     7.8000000       -0.00146659        0.00218676
     7.9000000       -0.00373069        0.00341207
     8.0000000       -0.00646324        0.00353624
     8.1000000       -0.00588312        0.00278681
     8.2000000       -0.00283490        0.00230397
     8.3000000       -0.00349129        0.00177318
     8.4000000       -0.00102346        0.00167907
     8.5000000       -0.00191400        0.00125339
     8.6000000       -0.00104175        0.00092096
     8.7000000        0.00018966        0.00292281
     8.8000000       -0.00081494        0.00267883
     8.9000000        0.00071496        0.00247489
     9.0000000        0.00147622        0.00327789
     9.1000000        0.00183078        0.00314720
     9.2000000        0.00320029        0.00319283
     9.3000000        0.00583378        0.00383671
     9.4000000        0.00401779        0.00558085
     9.5000000        0.00572252        0.00591611
     9.6000000        0.00482993        0.00575068
     9.7000000        0.00126139        0.00459781
     9.8000000        0.00205759        0.00399630
     9.9000000        0.00172707        0.00280628
    10.0000000        0.00136152        0.00216358
    10.1000000        0.00052501        0.00263523
    10.2000000       -0.00023370        0.00270986
    10.3000000        0.00087311        0.00161445
    10.4000000        0.00206033        0.00141715
    10.5000000        0.00332906        0.00228878
    10.6000000        0.00435443        0.00354180
    10.7000000        0.00308252        0.00199896
    10.8000000        0.00118882        0.00132384
    10.9000000        0.00135747        0.00236495
    11.0000000       -0.00256767        0.00295032
    11.1000000       -0.00331103        0.00280525
    11.2000000       -0.00436976        0.00460631
    11.3000000       -0.00307170        0.00317644
    11.4000000       -0.00096500        0.00130206
    11.5000000       -0.00085288        0.00151844
    11.6000000       -0.00107487        0.00209233
    11.7000000       -0.00139850        0.00097515
    11.8000000       -0.00059353        0.00108048
    11.9000000       -0.00229628        0.00151183
    12.0000000       -0.00075358        0.00216948
    12.1000000        0.00053610        0.00163091
    12.2000000        0.00129420        0.00136939
    12.3000000        0.00305642        0.00142843
    12.4000000        0.00458577        0.00286458
    12.5000000        0.00232103        0.00269356
    12.6000000        0.00202381        0.00195824
    12.7000000        0.00157575        0.00166466
    12.8000000        0.00141531        0.00155189
    12.9000000        0.00255174        0.00193413
    13.0000000        0.00268396        0.00313079
    13.1000000        0.00586387        0.00569015
    13.2000000        0.00370158        0.00449745
    13.3000000        0.00133766        0.00129243
    13.4000000        0.00331692        0.00103381
    13.5000000        0.00265017        0.00170713
    13.6000000        0.00522915        0.00372004
    13.7000000        0.00298920        0.00126496
    13.8000000       -0.00087505        0.00351395
    13.9000000       -0.00031553        0.00364468
    14.0000000       -0.00071497        0.00192896
    14.1000000       -0.00005169        0.00187714
    14.2000000       -0.00169316        0.00219830
    14.3000000        0.00071710        0.00298433
    14.4000000        0.00511156        0.00455949
    14.5000000        0.00736732        0.00634164
    14.6000000        0.00751401        0.00705009
    14.7000000        0.00675472        0.00498355
    14.8000000        0.00508498        0.00565590
    14.9000000        0.00202485        0.00267169
    15.0000000        0.00307860        0.00154453
    15.1000000        0.00480170        0.00228733
    15.2000000        0.00060904        0.00271151
    15.3000000       -0.00175488        0.00199920
    15.4000000       -0.00301899        0.00259821
    15.5000000        0.00148895        0.00257816
    15.6000000        0.00303975        0.00239113
    15.7000000        0.00188894        0.00048537
    15.8000000        0.00366287        0.00151158
    15.9000000        0.00007555        0.00196917
    16.0000000        0.00532568        0.00379651
    16.1000000        0.00639709        0.00431042
    16.2000000        0.00290850        0.00476174
    16.3000000        0.00383717        0.00806378
    16.4000000        0.00354780        0.00842676
    16.5000000        0.00830415        0.00944469
    16.6000000        0.00509927        0.00716207
    16.7000000        0.00082802        0.00631664
    16.8000000       -0.00156361        0.00435761
    16.9000000       -0.00216347        0.00363599
    17.0000000       -0.00723330        0.00235249
    17.1000000       -0.00854266        0.00340436
    17.2000000       -0.01094219        0.00473325
    17.3000000       -0.00795027        0.00590318
    17.4000000       -0.00739497        0.00460507
    17.5000000       -0.00588450        0.00495637
    17.6000000       -0.00875128        0.00442840
    17.7000000       -0.01258208        0.00651558
    17.8000000       -0.01004177        0.00591512
    17.9000000       -0.00373303        0.00501086
    18.0000000       -0.00259306        0.00478407
    18.1000000       -0.00298120        0.00477317
    18.2000000       -0.00019443        0.00464866
    18.3000000        0.00585282        0.00454872
    18.4000000        0.01105562        0.00539539
    18.5000000        0.01837820        0.00496844
    18.6000000        0.02440311        0.00657376
    18.7000000        0.03138517        0.00536031
    18.8000000        0.03879400        0.00516156
    18.9000000        0.05678372        0.00566483
    19.0000000        0.07555288        0.00554313
    19.1000000        0.09812299        0.00451595
    19.2000000        0.12517488        0.00318363
    19.3000000        0.15795166        0.00390267
    19.4000000        0.20807257        0.00403287
    19.5000000        0.26685644        0.00538975
    19.6000000        0.34299347        0.00713854
    19.7000000        0.43434173        0.00526920
    19.8000000        0.56481605        0.00511131
    19.9000000        0.74067243        0.00889618
    20.0000000        0.96039907        0.00344870
