         101           5   20.000000000000000                1
     0.0000000       -0.10717781        0.26122956
     0.1000000       -0.03589234        0.14547874
     0.2000000        0.05428274        0.04071675
     0.3000000        0.04000988        0.02774210
     0.4000000        0.06035841        0.02647327
     0.5000000       -0.05985347        0.08555370
     0.6000000       -0.05494340        0.06966918
     0.7000000       -0.04538325        0.04495804
     0.8000000        0.01578995        0.03431816
     0.9000000        0.00358050        0.01751074
     1.0000000       -0.01283843        0.01487988
     1.1000000        0.00062166        0.00592515
     1.2000000        0.01261751        0.01076180
     1.3000000        0.01873399        0.01025474
     1.4000000        0.00276980        0.00563871
     1.5000000        0.02932315        0.02073504
     1.6000000        0.01401042        0.00996179
     1.7000000        0.05556391        0.03987144
     1.8000000        0.02073114        0.01572079
     1.9000000        0.00166355        0.00814702
     2.0000000       -0.00516193        0.00708007
     2.1000000       -0.02425634        0.02268464
     2.2000000       -0.02386290        0.01687729
     2.3000000       -0.01274611        0.01318741
     2.4000000       -0.02202171        0.01840517
     2.5000000       -0.03959074        0.04430151
     2.6000000       -0.07583837        0.05360015
     2.7000000       -0.05696215        0.03590272
     2.8000000       -0.02142676        0.01299992
     2.9000000       -0.01845923        0.01191834
     3.0000000       -0.00968994        0.01745500
     3.1000000       -0.01740357        0.00957493
     3.2000000       -0.01371509        0.00721863
     3.3000000       -0.00762709        0.00441810
     3.4000000       -0.00664337        0.00374388
     3.5000000       -0.00812997        0.00387857
     3.6000000       -0.01060239        0.00606385
     3.7000000        0.00199753        0.00640121
     3.8000000       -0.00978417        0.01219921
     3.9000000       -0.00611994        0.00607099
     4.0000000       -0.00628621        0.00525505
     4.1000000       -0.00113973        0.00291468
     4.2000000        0.01229374        0.00549858
     4.3000000        0.00380733        0.00163347
     4.4000000       -0.00099271        0.00337746
     4.5000000        0.00122453        0.00213206
     4.6000000        0.00212768        0.00512145
     4.7000000        0.00515328        0.00858838
     4.8000000       -0.01199981        0.01349253
     4.9000000       -0.00870164        0.01065102
     5.0000000       -0.00754558        0.01016865
     5.1000000       -0.01405083        0.01195271
     5.2000000       -0.00250287        0.01105991
     5.3000000        0.00366572        0.00780520
     5.4000000        0.00448388        0.00352909
     5.5000000        0.01548256        0.01177022
     5.6000000        0.02216551        0.01041294
     5.7000000        0.01352608        0.01499480
     5.8000000        0.01367028        0.04510509
     5.9000000        0.00713372        0.03262838
     6.0000000        0.01549913        0.02167917
     6.1000000        0.00542190        0.00453246
     6.2000000        0.00693474        0.00516230
     6.3000000        0.00825958        0.01012599
     6.4000000        0.00367573        0.00875503
     6.5000000        0.00250914        0.00447037
     6.6000000        0.00794126        0.00732682
     6.7000000        0.01314817        0.00505890
     6.8000000       -0.03170359        0.03673974
     6.9000000        0.01615745        0.01459094
     7.0000000        0.00765644        0.00469983
     7.1000000        0.01396150        0.01036899
     7.2000000        0.01435489        0.01635232
     7.3000000        0.02980529        0.03562862
     7.4000000        0.00498959        0.01763310
     7.5000000        0.00143622        0.00604141
     7.6000000        0.00447761        0.01157140
     7.7000000        0.01194285        0.01894400
     7.8000000        0.00382232        0.00490996
     7.9000000        0.00108465        0.00704394
     8.0000000        0.00442121        0.01129178
     8.1000000       -0.00414362        0.00394361
     8.2000000        0.00408321        0.00563085
     8.3000000        0.00491444        0.00621523
     8.4000000       -0.00391662        0.00405290
     8.5000000       -0.00439507        0.00185646
     8.6000000       -0.00294773        0.00309265
     8.7000000       -0.00150775        0.00285527
     8.8000000        0.00008003        0.00262172
     8.9000000        0.00246176        0.00175908
     9.0000000       -0.00101631        0.00177965
     9.1000000       -0.00079553        0.00100579
     9.2000000       -0.00048372        0.00153520
     9.3000000        0.00126578        0.00177076
     9.4000000       -0.00002907        0.00246274
     9.5000000        0.00165870        0.00372346
     9.6000000        0.00058077        0.00162924
     9.7000000       -0.00216903        0.00398938
     9.8000000        0.00482212        0.00635234
     9.9000000        0.01363555        0.01288688
    10.0000000        0.00532553        0.01479713
