         201           5   20.000000000000000                1
     0.0000000        0.92257436        0.01964699
     0.1000000        0.67231815        0.01869463
     0.2000000        0.50758406        0.01185920
     0.3000000        0.37588315        0.01831160
     0.4000000        0.28097240        0.00935549
     0.5000000        0.20604955        0.00878004
     0.6000000        0.15517261        0.00893963
     0.7000000        0.11639584        0.01111579
     0.8000000        0.07787899        0.00984160
     0.9000000        0.06300841        0.00614729
     1.0000000        0.04216379        0.00929903
     1.1000000        0.03470385        0.00472803
     1.2000000        0.02554357        0.00396107
     1.3000000        0.01881376        0.00341738
     1.4000000        0.01347684        0.00808615
     1.5000000        0.01323685        0.00742128
     1.6000000        0.00772158        0.00790006
     1.7000000        0.01055232        0.00941541
     1.8000000        0.00711604        0.00418261
     1.9000000        0.00371770        0.00308065
     2.0000000        0.00536784        0.00662337
     2.1000000        0.00384379        0.00439939
     2.2000000        0.00515687        0.00483028
     2.3000000        0.00445681        0.00680303
     2.4000000        0.00486402        0.00516033
     2.5000000        0.01224943        0.00391410
     2.6000000        0.01534469        0.00615067
     2.7000000        0.00789137        0.00402724
     2.8000000        0.00558120        0.00357039
     2.9000000        0.00420644        0.00341457
     3.0000000       -0.00162325        0.00363447
     3.1000000       -0.00550416        0.00323526
     3.2000000        0.00018303        0.00409113
     3.3000000        0.00041553        0.00396228
     3.4000000       -0.00105252        0.00423395
     3.5000000        0.00023340        0.00506954
     3.6000000        0.00087947        0.00597430
     3.7000000        0.00436915        0.00651973
     3.8000000        0.00140733        0.00447732
     3.9000000        0.00571738        0.00338186
     4.0000000        0.00531467        0.00385235
     4.1000000        0.00228867        0.00389603
     4.2000000        0.00700788        0.00451423
     4.3000000        0.00157929        0.00413831
     4.4000000        0.00320385        0.00685011
     4.5000000        0.00230413        0.00549837
     4.6000000        0.00250734        0.00342922
     4.7000000       -0.00122104        0.00312616
     4.8000000       -0.00145130        0.00268744
     4.9000000        0.00049581        0.00451079
     5.0000000        0.00129722        0.00455538
     5.1000000       -0.00097050        0.00250403
     5.2000000       -0.00675161        0.00395190
     5.3000000       -0.00493642        0.00249201
     5.4000000       -0.00922990        0.00376119
     5.5000000       -0.01487238        0.00517621
     5.6000000       -0.01445106        0.00616060
     5.7000000       -0.01511007        0.00714465
     5.8000000       -0.02237330        0.01153664
     5.9000000       -0.01485193        0.00517006
     6.0000000       -0.00498204        0.00321952
     6.1000000       -0.00305619        0.00286642
     6.2000000       -0.00658571        0.00290131
     6.3000000       -0.00408029        0.00221108
     6.4000000        0.00196358        0.00693650
     6.5000000        0.00302146        0.00493854
     6.6000000        0.00602443        0.00309306
     6.7000000        0.00444607        0.00334752
     6.8000000        0.00151025        0.00197035
     6.9000000        0.00082739        0.00108577
     7.0000000        0.00200085        0.00129964
     7.1000000        0.00330006        0.00222849
     7.2000000        0.00125173        0.00243976
     7.3000000        0.00061893        0.00299704
     7.4000000       -0.00108148        0.00200510
     7.5000000       -0.00091692        0.00236074
     7.6000000       -0.00118938        0.00396682
     7.7000000       -0.00270183        0.00293656
     7.8000000       -0.00374602        0.00498702
     7.9000000       -0.00117405        0.00379400
     8.0000000       -0.00080124        0.00229001
     8.1000000       -0.00036720        0.00277327
     8.2000000        0.00215414        0.00200394
     8.3000000       -0.00221084        0.00244661
     8.4000000       -0.00379135        0.00317596
     8.5000000       -0.00116289        0.00135836
     8.6000000       -0.00288746        0.00295179
     8.7000000       -0.00129505        0.00390181
     8.8000000       -0.00153150        0.00379061
     8.9000000       -0.00289996        0.00136044
     9.0000000       -0.00062703        0.00107483
     9.1000000       -0.00027851        0.00129520
     9.2000000       -0.00118199        0.00220595
     9.3000000        0.00106472        0.00136329
     9.4000000        0.00156429        0.00175421
     9.5000000        0.00280163        0.00366123
     9.6000000        0.00281893        0.00443738
     9.7000000        0.00210684        0.00103508
     9.8000000        0.00417715        0.00262817
     9.9000000        0.00210213        0.00182974
    10.0000000       -0.00065790        0.00146604
    10.1000000        0.00289647        0.00272753
    10.2000000        0.00336409        0.00290096
    10.3000000        0.00494009        0.00307298
    10.4000000        0.00849971        0.00443896
    10.5000000        0.01001429        0.00752738
    10.6000000        0.00816810        0.00453014
    10.7000000        0.00759908        0.00462065
    10.8000000        0.00364869        0.00224322
    10.9000000        0.00203466        0.00171558
    11.0000000        0.00081812        0.00170335
    11.1000000        0.00056088        0.00204017
    11.2000000        0.00154468        0.00178572
    11.3000000        0.00085889        0.00103003
    11.4000000       -0.00065012        0.00107919
    11.5000000       -0.00476092        0.00346714
    11.6000000       -0.00497042        0.00204593
    11.7000000       -0.00237471        0.00213510
    11.8000000        0.00052159        0.00224065
    11.9000000        0.00089594        0.00403153
    12.0000000        0.00182699        0.00408036
    12.1000000       -0.00141566        0.00293243
    12.2000000        0.00035288        0.00180230
    12.3000000        0.00025386        0.00211251
    12.4000000        0.00392057        0.00234969
    12.5000000        0.00387694        0.00200601
    12.6000000        0.00466547        0.00211465
    12.7000000        0.00230233        0.00113170
    12.8000000        0.00156516        0.00269116
    12.9000000        0.00104259        0.00206989
    13.0000000       -0.00152930        0.00267110
    13.1000000       -0.00061061        0.00207270
    13.2000000       -0.00057281        0.00299817
    13.3000000        0.00384674        0.00360297
    13.4000000        0.00533490        0.00479923
    13.5000000        0.00244706        0.00350548
    13.6000000        0.00231671        0.00522650
    13.7000000        0.00046858        0.00436724
    13.8000000        0.00195441        0.00697006
    13.9000000        0.00349790        0.00461876
    14.0000000        0.00351187        0.00345658
    14.1000000        0.00216566        0.00329562
    14.2000000        0.00402422        0.00626570
    14.3000000        0.00343217        0.00309562
    14.4000000        0.00381626        0.00398156
    14.5000000        0.00261361        0.00231154
    14.6000000       -0.00002907        0.00307831
    14.7000000        0.00232562        0.00533996
    14.8000000        0.00301655        0.00672949
    14.9000000        0.00154547        0.00382183
    15.0000000       -0.00032672        0.00541163
    15.1000000       -0.00271495        0.00356511
    15.2000000       -0.00243508        0.00168071
    15.3000000       -0.00553192        0.00248702
    15.4000000       -0.00240783        0.00297354
    15.5000000        0.00277281        0.00461039
    15.6000000        0.00201216        0.00378266
    15.7000000        0.00042181        0.00334244
    15.8000000        0.00012703        0.00215903
    15.9000000       -0.00182621        0.00272941
    16.0000000        0.00249370        0.00174009
    16.1000000        0.00287746        0.00191458
    16.2000000       -0.00082066        0.00409124
    16.3000000        0.00043129        0.00416120
    16.4000000        0.00063167        0.00536995
    16.5000000        0.00223987        0.00307457
    16.6000000       -0.00259213        0.00437522
    16.7000000       -0.00131434        0.00408216
    16.8000000       -0.00308809        0.00346095
    16.9000000        0.00095224        0.00693382
    17.0000000        0.00004066        0.00577088
    17.1000000       -0.00098661        0.00528748
    17.2000000        0.00109925        0.00572406
    17.3000000        0.00704970        0.00498968
    17.4000000        0.00135756        0.00404794
    17.5000000        0.00469207        0.00374044
    17.6000000        0.00588505        0.00432770
    17.7000000        0.00559103        0.00364590
    17.8000000        0.00269261        0.00701643
    17.9000000       -0.00077491        0.00582424
    18.0000000       -0.00105888        0.00298934
    18.1000000        0.00048792        0.00582783
    18.2000000       -0.00017941        0.00522417
    18.3000000        0.00479735        0.00552638
    18.4000000        0.00220389        0.00471814
    18.5000000       -0.00173798        0.00436816
    18.6000000        0.00143813        0.00606884
    18.7000000       -0.00428216        0.00421426
    18.8000000        0.00008113        0.00576858
    18.9000000        0.00227561        0.00588588
    19.0000000        0.00157082        0.00469586
    19.1000000       -0.00151915        0.00392446
    19.2000000        0.00812688        0.00851415
    19.3000000        0.00316733        0.00676795
    19.4000000        0.01371584        0.00896332
    19.5000000        0.01137254        0.00635365
    19.6000000        0.01304377        0.00615496
    19.7000000        0.01771816        0.00579388
    19.8000000        0.03644752        0.00506856
    19.9000000        0.05062644        0.01012882
    20.0000000        0.07742564        0.01964699
