     0.0000000        0.07120504        0.00482751
     0.1000000        0.05083625        0.00482142
     0.2000000        0.03880178        0.00440386
     0.3000000        0.02984388        0.00336103
     0.4000000        0.02247041        0.00314772
     0.5000000        0.02007536        0.00353381
     0.6000000        0.01895346        0.00371959
     0.7000000        0.01519336        0.00351584
     0.8000000        0.01474230        0.00379262
     0.9000000        0.00987735        0.00354624
     1.0000000        0.00730229        0.00336320
     1.1000000        0.00371889        0.00312834
     1.2000000        0.00284409        0.00293040
     1.3000000        0.00020199        0.00234782
     1.4000000        0.00159319        0.00266583
     1.5000000       -0.00062056        0.00338095
     1.6000000       -0.00474966        0.00440333
     1.7000000       -0.01060451        0.00513336
     1.8000000       -0.00385430        0.00257640
     1.9000000       -0.00327765        0.00407067
     2.0000000       -0.00186795        0.00404110
     2.1000000        0.00249095        0.00356362
     2.2000000        0.00274746        0.00388696
     2.3000000        0.00052158        0.00274678
     2.4000000       -0.00256590        0.00284003
     2.5000000        0.00211220        0.00218892
     2.6000000        0.00477843        0.00187369
     2.7000000       -0.00186899        0.00169387
     2.8000000       -0.00096463        0.00171308
     2.9000000        0.00146174        0.00207582
     3.0000000        0.00171621        0.00270847
     3.1000000        0.00139186        0.00280495
     3.2000000        0.00088034        0.00266215
     3.3000000       -0.00018508        0.00280169
     3.4000000       -0.00044293        0.00274433
     3.5000000        0.00486829        0.00289168
     3.6000000        0.00596079        0.00283606
     3.7000000        0.00287841        0.00279413
     3.8000000        0.00096728        0.00230220
     3.9000000       -0.00294751        0.00212198
     4.0000000       -0.00503586        0.00179856
     4.1000000       -0.00350909        0.00149553
     4.2000000       -0.00029630        0.00196304
     4.3000000        0.00216986        0.00263012
     4.4000000        0.00328255        0.00301777
     4.5000000        0.00089751        0.00293939
     4.6000000        0.00010601        0.00249775
     4.7000000       -0.00040238        0.00279363
     4.8000000       -0.00033066        0.00281646
     4.9000000        0.00056506        0.00355200
     5.0000000       -0.00143918        0.00314034
     5.1000000        0.00118141        0.00230941
     5.2000000        0.00123964        0.00220540
     5.3000000        0.00084038        0.00229759
     5.4000000        0.00024459        0.00252909
     5.5000000       -0.00274089        0.00264903
     5.6000000       -0.00103888        0.00275046
     5.7000000       -0.00001418        0.00289224
     5.8000000        0.00197084        0.00259347
     5.9000000        0.00199378        0.00212681
     6.0000000        0.00152652        0.00234902
     6.1000000        0.00380904        0.00261055
     6.2000000        0.00227614        0.00233160
     6.3000000       -0.00009322        0.00188562
     6.4000000       -0.00035432        0.00149516
     6.5000000        0.00064809        0.00204359
     6.6000000       -0.00255318        0.00279037
     6.7000000       -0.00462404        0.00293317
     6.8000000       -0.00132784        0.00157460
     6.9000000        0.00090013        0.00206530
     7.0000000        0.00001476        0.00264580
     7.1000000       -0.00163390        0.00277969
     7.2000000       -0.00109026        0.00230425
     7.3000000       -0.00085611        0.00239647
     7.4000000        0.00054816        0.00218935
     7.5000000       -0.00196396        0.00202182
     7.6000000       -0.00097354        0.00170393
     7.7000000       -0.00148283        0.00277194
     7.8000000       -0.00102922        0.00176308
     7.9000000        0.00156334        0.00315455
     8.0000000       -0.00045307        0.00224775
     8.1000000       -0.00093262        0.00203521
     8.2000000        0.00114071        0.00197013
     8.3000000        0.00104193        0.00232345
     8.4000000       -0.00071202        0.00191653
     8.5000000       -0.00133856        0.00146042
     8.6000000        0.00048661        0.00167049
     8.7000000        0.00204319        0.00160092
     8.8000000        0.00130083        0.00188575
     8.9000000        0.00129625        0.00154260
     9.0000000        0.00166017        0.00151107
     9.1000000        0.00071894        0.00123609
     9.2000000        0.00277350        0.00130895
     9.3000000        0.00154877        0.00116523
     9.4000000        0.00179140        0.00154979
     9.5000000        0.00058310        0.00163787
     9.6000000        0.00065331        0.00142068
     9.7000000       -0.00165588        0.00129235
     9.8000000       -0.00022812        0.00118247
     9.9000000       -0.00161601        0.00158258
    10.0000000       -0.00027521        0.00105936
    10.1000000       -0.00009969        0.00099750
    10.2000000       -0.00056405        0.00132853
    10.3000000       -0.00160064        0.00157783
    10.4000000       -0.00173978        0.00140620
    10.5000000       -0.00186188        0.00122628
    10.6000000       -0.00250740        0.00186556
    10.7000000       -0.00033647        0.00173471
    10.8000000       -0.00042308        0.00151817
    10.9000000       -0.00173853        0.00126576
    11.0000000       -0.00073165        0.00125715
    11.1000000        0.00034408        0.00101558
    11.2000000       -0.00214115        0.00123332
    11.3000000       -0.00151180        0.00131605
    11.4000000       -0.00052587        0.00148779
    11.5000000       -0.00006111        0.00188061
    11.6000000       -0.00107986        0.00181778
    11.7000000       -0.00074670        0.00246487
    11.8000000        0.00067142        0.00171426
    11.9000000       -0.00051694        0.00165058
    12.0000000       -0.00143967        0.00152731
    12.1000000       -0.00204610        0.00215369
    12.2000000       -0.00013703        0.00206043
    12.3000000        0.00122168        0.00185603
    12.4000000        0.00041506        0.00119923
    12.5000000       -0.00028142        0.00155519
    12.6000000        0.00051569        0.00176257
    12.7000000        0.00148700        0.00193488
    12.8000000       -0.00006511        0.00159604
    12.9000000        0.00023027        0.00132882
    13.0000000        0.00082899        0.00179103
    13.1000000        0.00006222        0.00231250
    13.2000000        0.00213429        0.00290577
    13.3000000        0.00080869        0.00315277
    13.4000000        0.00110011        0.00343319
    13.5000000        0.00053069        0.00212020
    13.6000000        0.00174250        0.00259187
    13.7000000       -0.00346106        0.00461773
    13.8000000       -0.00526132        0.00543193
    13.9000000       -0.00075224        0.00440883
    14.0000000       -0.00207077        0.00469358
    14.1000000       -0.00226192        0.00419427
    14.2000000       -0.00159118        0.00166279
    14.3000000        0.00050787        0.00246454
    14.4000000       -0.00024845        0.00149199
    14.5000000        0.00240710        0.00130509
    14.6000000        0.00511180        0.00278827
    14.7000000        0.00866466        0.00559764
    14.8000000        0.00429613        0.00264443
    14.9000000        0.00392747        0.00422978
    15.0000000        0.00095224        0.00303747
    15.1000000       -0.00647231        0.00600889
    15.2000000       -0.00485325        0.00442236
    15.3000000        0.01248699        0.01253136
    15.4000000       -0.00311602        0.00625651
    15.5000000        0.00019898        0.00473077
    15.6000000       -0.00403679        0.00856499
    15.7000000       -0.00164839        0.00852514
    15.8000000       -0.00667178        0.01162552
    15.9000000       -0.00352668        0.00667422
    16.0000000       -0.01341888        0.01565319
    16.1000000       -0.01604232        0.01740623
    16.2000000       -0.00291163        0.00699110
    16.3000000       -0.00151464        0.00621783
    16.4000000       -0.00522391        0.00916623
    16.5000000       -0.00291566        0.00700182
    16.6000000       -0.00158897        0.00685355
    16.7000000        0.00647562        0.00253750
    16.8000000        0.00565684        0.00282628
    16.9000000        0.00392892        0.00358190
    17.0000000        0.00849691        0.00354462
    17.1000000        0.00885107        0.00278098
    17.2000000        0.00945687        0.00348962
    17.3000000        0.00615280        0.00256571
    17.4000000        0.00484917        0.00241610
    17.5000000        0.00634317        0.00199787
    17.6000000        0.00407177        0.00223035
    17.7000000        0.00288625        0.00233499
    17.8000000        0.00515713        0.00189358
    17.9000000        0.00756900        0.00188956
    18.0000000        0.01108500        0.00229973
    18.1000000        0.01407791        0.00222631
    18.2000000        0.01980584        0.00313564
    18.3000000        0.02336417        0.00296686
    18.4000000        0.02491149        0.00389676
    18.5000000        0.03093370        0.00460147
    18.6000000        0.04106430        0.00594324
    18.7000000        0.04552611        0.00572702
    18.8000000        0.05516149        0.00463138
    18.9000000        0.07160466        0.00509461
    19.0000000        0.09443010        0.00517780
    19.1000000        0.11438996        0.00622735
    19.2000000        0.14252807        0.00616949
    19.3000000        0.17442802        0.00622835
    19.4000000        0.21941351        0.00525539
    19.5000000        0.27480733        0.00604320
    19.6000000        0.34768384        0.00825025
    19.7000000        0.44053773        0.00795553
    19.8000000        0.56466333        0.00771708
    19.9000000        0.71654382        0.00583582
    20.0000000        0.92879496        0.00482751
