     0.0000000        0.03660515        0.00295977
     0.1000000        0.03009943        0.00348154
     0.2000000        0.02575125        0.00286514
     0.3000000        0.02137252        0.00241705
     0.4000000        0.01822901        0.00185318
     0.5000000        0.01690218        0.00141501
     0.6000000        0.01520823        0.00169093
     0.7000000        0.01396021        0.00166572
     0.8000000        0.01324614        0.00154680
     0.9000000        0.01325603        0.00132209
     1.0000000        0.01247298        0.00122794
     1.1000000        0.01164486        0.00138074
     1.2000000        0.01177933        0.00112441
     1.3000000        0.01117703        0.00111465
     1.4000000        0.01004809        0.00113229
     1.5000000        0.00882440        0.00100810
     1.6000000        0.00741749        0.00105813
     1.7000000        0.00724007        0.00106684
     1.8000000        0.00738259        0.00122215
     1.9000000        0.00652860        0.00125065
     2.0000000        0.00569153        0.00114031
     2.1000000        0.00541576        0.00114745
     2.2000000        0.00511863        0.00121360
     2.3000000        0.00334902        0.00110376
     2.4000000        0.00340796        0.00123716
     2.5000000        0.00354866        0.00139153
     2.6000000        0.00270387        0.00156827
     2.7000000        0.00238236        0.00173107
     2.8000000        0.00176775        0.00145508
     2.9000000        0.00344741        0.00115171
     3.0000000        0.00216944        0.00108091
     3.1000000        0.00141784        0.00115795
     3.2000000        0.00152253        0.00137743
     3.3000000        0.00209201        0.00129987
     3.4000000        0.00281794        0.00150582
     3.5000000        0.00183786        0.00148870
     3.6000000        0.00165842        0.00145095
     3.7000000        0.00143628        0.00174138
     3.8000000        0.00169400        0.00148537
     3.9000000        0.00151987        0.00155392
     4.0000000        0.00219520        0.00156760
     4.1000000        0.00232327        0.00167827
     4.2000000        0.00289187        0.00153664
     4.3000000        0.00325238        0.00145417
     4.4000000        0.00262075        0.00164022
     4.5000000        0.00235950        0.00192273
     4.6000000        0.00212032        0.00209329
     4.7000000        0.00143711        0.00215756
     4.8000000        0.00105453        0.00198334
     4.9000000        0.00102835        0.00190901
     5.0000000        0.00038432        0.00174265
     5.1000000        0.00036611        0.00180707
     5.2000000        0.00028626        0.00163968
     5.3000000        0.00066475        0.00160797
     5.4000000        0.00037835        0.00162025
     5.5000000       -0.00062223        0.00148648
     5.6000000       -0.00073929        0.00131216
     5.7000000       -0.00079796        0.00121968
     5.8000000       -0.00058124        0.00130590
     5.9000000       -0.00126984        0.00135902
     6.0000000       -0.00163158        0.00111834
     6.1000000       -0.00167126        0.00120900
     6.2000000       -0.00038308        0.00115487
     6.3000000        0.00010375        0.00112324
     6.4000000       -0.00056980        0.00121134
     6.5000000       -0.00046944        0.00134291
     6.6000000        0.00011598        0.00120362
     6.7000000       -0.00116006        0.00115017
     6.8000000       -0.00119702        0.00131235
     6.9000000       -0.00104674        0.00126441
     7.0000000       -0.00109511        0.00119783
     7.1000000       -0.00036780        0.00112496
     7.2000000       -0.00084879        0.00119699
     7.3000000       -0.00106649        0.00116259
     7.4000000       -0.00100834        0.00117688
     7.5000000       -0.00129793        0.00127162
     7.6000000       -0.00027584        0.00132217
     7.7000000       -0.00003379        0.00136929
     7.8000000       -0.00021766        0.00114116
     7.9000000       -0.00084921        0.00143536
     8.0000000       -0.00089529        0.00151567
     8.1000000       -0.00039911        0.00167704
     8.2000000        0.00018425        0.00159687
     8.3000000        0.00053744        0.00139711
     8.4000000        0.00055458        0.00130179
     8.5000000        0.00063188        0.00136518
     8.6000000        0.00266852        0.00140099
     8.7000000        0.00243263        0.00142039
     8.8000000        0.00257882        0.00161889
     8.9000000        0.00251129        0.00149360
     9.0000000        0.00227774        0.00142832
     9.1000000        0.00283520        0.00125289
     9.2000000        0.00368866        0.00112697
     9.3000000        0.00384011        0.00119375
     9.4000000        0.00404626        0.00128969
     9.5000000        0.00333632        0.00141954
     9.6000000        0.00305189        0.00127275
     9.7000000        0.00363529        0.00109003
     9.8000000        0.00360309        0.00117554
     9.9000000        0.00405175        0.00102063
    10.0000000        0.00373425        0.00105947
    10.1000000        0.00372668        0.00125973
    10.2000000        0.00414829        0.00121887
    10.3000000        0.00381316        0.00113155
    10.4000000        0.00468403        0.00132719
    10.5000000        0.00432427        0.00128981
    10.6000000        0.00455805        0.00125636
    10.7000000        0.00439766        0.00135501
    10.8000000        0.00461411        0.00114540
    10.9000000        0.00541379        0.00113022
    11.0000000        0.00658445        0.00100238
    11.1000000        0.00690054        0.00090187
    11.2000000        0.00676479        0.00100990
    11.3000000        0.00733308        0.00127377
    11.4000000        0.00728595        0.00139111
    11.5000000        0.00777988        0.00115120
    11.6000000        0.00765800        0.00114712
    11.7000000        0.00789574        0.00134519
    11.8000000        0.00912008        0.00114655
    11.9000000        0.00940477        0.00128122
    12.0000000        0.00920828        0.00130134
    12.1000000        0.00983959        0.00138821
    12.2000000        0.01095100        0.00117068
    12.3000000        0.01124410        0.00115771
    12.4000000        0.01211690        0.00110053
    12.5000000        0.01305525        0.00122477
    12.6000000        0.01469415        0.00106365
    12.7000000        0.01488520        0.00142607
    12.8000000        0.01539200        0.00148317
    12.9000000        0.01653704        0.00155165
    13.0000000        0.01739771        0.00140407
    13.1000000        0.01804919        0.00144497
    13.2000000        0.01963825        0.00144121
    13.3000000        0.02061787        0.00127562
    13.4000000        0.02226465        0.00136453
    13.5000000        0.02334290        0.00161886
    13.6000000        0.02517448        0.00173015
    13.7000000        0.02650250        0.00155635
    13.8000000        0.02806273        0.00164600
    13.9000000        0.03077557        0.00205105
    14.0000000        0.03245588        0.00195375
    14.1000000        0.03444915        0.00192868
    14.2000000        0.03687374        0.00183200
    14.3000000        0.03825310        0.00153791
    14.4000000        0.03960167        0.00181205
    14.5000000        0.04226335        0.00155278
    14.6000000        0.04406482        0.00131023
    14.7000000        0.04709257        0.00132261
    14.8000000        0.05040434        0.00149225
    14.9000000        0.05311557        0.00167412
    15.0000000        0.05509998        0.00172525
    15.1000000        0.05861450        0.00161601
    15.2000000        0.06201358        0.00153554
    15.3000000        0.06607480        0.00160719
    15.4000000        0.06859420        0.00176491
    15.5000000        0.07182569        0.00167623
    15.6000000        0.07695122        0.00180030
    15.7000000        0.08062047        0.00169212
    15.8000000        0.08498162        0.00142738
    15.9000000        0.08976305        0.00127204
    16.0000000        0.09556325        0.00153847
    16.1000000        0.10121612        0.00160502
    16.2000000        0.10696393        0.00167454
    16.3000000        0.11297887        0.00187923
    16.4000000        0.11989439        0.00222569
    16.5000000        0.12628795        0.00207717
    16.6000000        0.13313039        0.00209636
    16.7000000        0.14056357        0.00238098
    16.8000000        0.14870655        0.00253211
    16.9000000        0.15726174        0.00243245
    17.0000000        0.16531135        0.00243790
    17.1000000        0.17407311        0.00255910
    17.2000000        0.18341193        0.00238997
    17.3000000        0.19338890        0.00226707
    17.4000000        0.20495263        0.00218442
    17.5000000        0.21571476        0.00221434
    17.6000000        0.22856960        0.00228535
    17.7000000        0.24168509        0.00264076
    17.8000000        0.25636352        0.00278968
    17.9000000        0.27156606        0.00280318
    18.0000000        0.28709535        0.00278582
    18.1000000        0.30504141        0.00244847
    18.2000000        0.32247814        0.00319211
    18.3000000        0.34169893        0.00316045
    18.4000000        0.36236363        0.00341813
    18.5000000        0.38518323        0.00289682
    18.6000000        0.40829931        0.00284750
    18.7000000        0.43182417        0.00270705
    18.8000000        0.46083477        0.00256433
    18.9000000        0.49010154        0.00253575
    19.0000000        0.51954975        0.00245208
    19.1000000        0.55095372        0.00242114
    19.2000000        0.58434088        0.00242620
    19.3000000        0.61861704        0.00255043
    19.4000000        0.65729359        0.00236438
    19.5000000        0.69899405        0.00253774
    19.6000000        0.74312936        0.00303139
    19.7000000        0.78821189        0.00270741
    19.8000000        0.84185325        0.00305410
    19.9000000        0.89898752        0.00241004
    20.0000000        0.96339485        0.00295977
