     0.0000000        1.74667249        0.08104976
     0.1000000        1.46516737        0.07601514
     0.2000000        1.25514971        0.07679022
     0.3000000        1.11839769        0.07943842
     0.4000000        1.01611300        0.07377491
     0.5000000        0.93653070        0.07753174
     0.6000000        0.85752998        0.07518779
     0.7000000        0.79827018        0.07348761
     0.8000000        0.75187589        0.07926355
     0.9000000        0.70372751        0.07674498
     1.0000000        0.67546048        0.08156908
     1.1000000        0.64121618        0.08206720
     1.2000000        0.61275485        0.07995394
     1.3000000        0.56690093        0.07850477
     1.4000000        0.53607036        0.07328882
     1.5000000        0.49512833        0.07369068
     1.6000000        0.45595567        0.07418374
     1.7000000        0.42225262        0.07314766
     1.8000000        0.38571327        0.07261054
     1.9000000        0.35294963        0.06661882
     2.0000000        0.33115457        0.07242983
     2.1000000        0.31611236        0.07997838
     2.2000000        0.29664565        0.08259729
     2.3000000        0.27277268        0.08867978
     2.4000000        0.24575478        0.08901358
     2.5000000        0.21068222        0.08920088
     2.6000000        0.18526673        0.09181575
     2.7000000        0.16995766        0.09315006
     2.8000000        0.16350643        0.09691583
     2.9000000        0.13857700        0.10490124
     3.0000000        0.11603981        0.10713163
     3.1000000        0.10036554        0.10371870
     3.2000000        0.10084634        0.09967400
     3.3000000        0.08943421        0.09691587
     3.4000000        0.09713900        0.09617383
     3.5000000        0.10109441        0.09757049
     3.6000000        0.07828435        0.08928028
     3.7000000        0.06939588        0.08267702
     3.8000000        0.06639450        0.08328480
     3.9000000        0.07147002        0.08148048
     4.0000000        0.06802130        0.08099668
     4.1000000        0.06855663        0.07636710
     4.2000000        0.04394188        0.07382227
     4.3000000        0.01264337        0.07437417
     4.4000000        0.01290787        0.07520415
     4.5000000        0.01622110        0.07219192
     4.6000000        0.02824436        0.07037470
     4.7000000        0.02899807        0.06717763
     4.8000000        0.02074796        0.05926965
     4.9000000        0.02914292        0.05228027
     5.0000000        0.01596217        0.05570751
     5.1000000        0.01255178        0.05295677
     5.2000000        0.01335778        0.05647715
     5.3000000        0.00604899        0.06137665
     5.4000000        0.01581513        0.06741903
     5.5000000        0.02838842        0.07546552
     5.6000000        0.04317880        0.07680314
     5.7000000        0.05705928        0.07558660
     5.8000000        0.07159860        0.07702404
     5.9000000        0.08253342        0.07983769
     6.0000000        0.08757417        0.07912264
     6.1000000        0.08123636        0.07694700
     6.2000000        0.08632450        0.07740854
     6.3000000        0.08205455        0.08079927
     6.4000000        0.09800021        0.07998458
     6.5000000        0.12156526        0.07333700
     6.6000000        0.12615330        0.07411079
     6.7000000        0.13059989        0.07127335
     6.8000000        0.15177981        0.05950055
     6.9000000        0.15811454        0.05956148
     7.0000000        0.15366039        0.05584116
     7.1000000        0.16642171        0.05273115
     7.2000000        0.18341392        0.05140136
     7.3000000        0.20950898        0.04436295
     7.4000000        0.21094883        0.04517634
     7.5000000        0.22359368        0.04507979
     7.6000000        0.23314399        0.04449032
     7.7000000        0.24800526        0.04201984
     7.8000000        0.26632029        0.04092694
     7.9000000        0.28616281        0.04331232
     8.0000000        0.31902174        0.04212623
     8.1000000        0.34336323        0.04224446
     8.2000000        0.37653486        0.03768022
     8.3000000        0.39389173        0.04127806
     8.4000000        0.42768136        0.04813530
     8.5000000        0.45049958        0.05401535
     8.6000000        0.49613761        0.05798367
     8.7000000        0.52416162        0.06162114
     8.8000000        0.54868826        0.06780250
     8.9000000        0.59389325        0.07171648
     9.0000000        0.64791494        0.07529834
     9.1000000        0.70609370        0.08031096
     9.2000000        0.77447479        0.07840745
     9.3000000        0.83540653        0.07586937
     9.4000000        0.89410437        0.07548212
     9.5000000        0.94500072        0.07310773
     9.6000000        1.01882504        0.07121485
     9.7000000        1.11762124        0.07225750
     9.8000000        1.25329612        0.08040609
     9.9000000        1.45333569        0.08138077
    10.0000000        1.74667249        0.08104976
