     0.0000000        0.83987596        0.03284467
     0.1000000        0.70531950        0.03168774
     0.2000000        0.59343872        0.02990108
     0.3000000        0.49260249        0.03044156
     0.4000000        0.41346495        0.03183269
     0.5000000        0.35425697        0.03288130
     0.6000000        0.30400543        0.03287562
     0.7000000        0.26399858        0.03261198
     0.8000000        0.22942173        0.02918869
     0.9000000        0.19837104        0.02757806
     1.0000000        0.17122231        0.02850208
     1.1000000        0.14607803        0.02771024
     1.2000000        0.12439574        0.02767392
     1.3000000        0.10724798        0.02585857
     1.4000000        0.09111720        0.02425570
     1.5000000        0.07382766        0.02103339
     1.6000000        0.05644674        0.01800158
     1.7000000        0.05058047        0.01728533
     1.8000000        0.04458962        0.01927146
     1.9000000        0.04501024        0.02032526
     2.0000000        0.04283714        0.01845488
     2.1000000        0.03796349        0.01711705
     2.2000000        0.03986399        0.01951271
     2.3000000        0.04268752        0.02027030
     2.4000000        0.03348792        0.02113131
     2.5000000        0.03170675        0.02354476
     2.6000000        0.02230353        0.02439194
     2.7000000        0.02181224        0.02511686
     2.8000000        0.02368593        0.02357635
     2.9000000        0.02735074        0.02388726
     3.0000000        0.02700370        0.02597243
     3.1000000        0.02989802        0.02865460
     3.2000000        0.03486813        0.02956904
     3.3000000        0.03185641        0.03266438
     3.4000000        0.03010903        0.03260211
     3.5000000        0.02675707        0.03321578
     3.6000000        0.02845564        0.03103960
     3.7000000        0.03306405        0.02677437
     3.8000000        0.02867250        0.02212989
     3.9000000        0.02543939        0.02035650
     4.0000000        0.02699121        0.01729250
     4.1000000        0.02936271        0.01366894
     4.2000000        0.03143496        0.01378350
     4.3000000        0.03546113        0.01231575
     4.4000000        0.03493758        0.01350771
     4.5000000        0.02964648        0.01573474
     4.6000000        0.02382721        0.01859245
     4.7000000        0.01926050        0.02029280
     4.8000000        0.01672348        0.02157408
     4.9000000        0.01921150        0.02303626
     5.0000000        0.02499834        0.02600152
     5.1000000        0.02916794        0.02647214
     5.2000000        0.03466874        0.02539686
     5.3000000        0.03108273        0.02440709
     5.4000000        0.02576957        0.02463742
     5.5000000        0.02854319        0.02584174
     5.6000000        0.03452104        0.02540930
     5.7000000        0.03432666        0.02470596
     5.8000000        0.02911430        0.02339651
     5.9000000        0.02497817        0.02271895
     6.0000000        0.02450194        0.02230481
     6.1000000        0.02346673        0.02235518
     6.2000000        0.01499646        0.02121586
     6.3000000        0.01204778        0.01944096
     6.4000000        0.00549745        0.02225685
     6.5000000        0.00014068        0.02368648
     6.6000000       -0.00382123        0.02437798
     6.7000000       -0.00191407        0.02421164
     6.8000000       -0.00080029        0.02569908
     6.9000000       -0.00407088        0.02724820
     7.0000000       -0.00873173        0.02627310
     7.1000000       -0.01617857        0.02515446
     7.2000000       -0.02153246        0.02415325
     7.3000000       -0.02673824        0.02372229
     7.4000000       -0.02465210        0.02187081
     7.5000000       -0.01545484        0.02010630
     7.6000000       -0.00385968        0.02105703
     7.7000000        0.00570763        0.02194794
     7.8000000        0.01604100        0.02385041
     7.9000000        0.01960541        0.02327304
     8.0000000        0.02977481        0.02585411
     8.1000000        0.04297856        0.02275575
     8.2000000        0.04960136        0.02034689
     8.3000000        0.05708409        0.02144380
     8.4000000        0.06636535        0.02387176
     8.5000000        0.07940999        0.02483457
     8.6000000        0.09394324        0.02609745
     8.7000000        0.10858394        0.02630220
     8.8000000        0.12045474        0.02669865
     8.9000000        0.13562870        0.02801161
     9.0000000        0.14814123        0.03203777
     9.1000000        0.16459402        0.03352678
     9.2000000        0.19043371        0.03154824
     9.3000000        0.22346799        0.03313469
     9.4000000        0.26740801        0.03153154
     9.5000000        0.32340426        0.03112339
     9.6000000        0.38930449        0.02822300
     9.7000000        0.46406071        0.02621810
     9.8000000        0.55955930        0.02782342
     9.9000000        0.68227770        0.02992117
    10.0000000        0.83987596        0.03284467
