     0.0000000        0.46530271        0.00309757
     0.1000000        0.22802251        0.00162911
     0.2000000        0.11866974        0.00113112
     0.3000000        0.06676353        0.00054893
     0.4000000        0.03983689        0.00048707
     0.5000000        0.02519555        0.00038432
     0.6000000        0.01724980        0.00037599
     0.7000000        0.01223471        0.00067661
     0.8000000        0.00893816        0.00054380
     0.9000000        0.00679139        0.00038821
     1.0000000        0.00502379        0.00025793
     1.1000000        0.00376977        0.00017903
     1.2000000        0.00282950        0.00015140
     1.3000000        0.00214993        0.00018586
     1.4000000        0.00163126        0.00019540
     1.5000000        0.00120296        0.00021401
     1.6000000        0.00094443        0.00016957
     1.7000000        0.00077002        0.00014192
     1.8000000        0.00056972        0.00015032
     1.9000000        0.00037655        0.00020765
     2.0000000        0.00031193        0.00016126
     2.1000000        0.00027059        0.00009654
     2.2000000        0.00020779        0.00007537
     2.3000000        0.00022878        0.00003880
     2.4000000        0.00018242        0.00002726
     2.5000000        0.00014841        0.00002148
     2.6000000        0.00011852        0.00001819
     2.7000000        0.00008859        0.00001614
     2.8000000        0.00006832        0.00001589
     2.9000000        0.00005434        0.00001477
     3.0000000        0.00004637        0.00001625
     3.1000000        0.00003767        0.00001473
     3.2000000        0.00003411        0.00001271
     3.3000000        0.00002847        0.00001274
     3.4000000        0.00002388        0.00001214
     3.5000000        0.00002043        0.00001232
     3.6000000        0.00001570        0.00001019
     3.7000000        0.00001304        0.00001010
     3.8000000        0.00001168        0.00000900
     3.9000000        0.00000947        0.00000890
     4.0000000        0.00000588        0.00000761
     4.1000000        0.00000542        0.00000527
     4.2000000        0.00000359        0.00000384
     4.3000000        0.00000250        0.00000395
     4.4000000        0.00000121        0.00000445
     4.5000000        0.00000117        0.00000430
     4.6000000        0.00000021        0.00000424
     4.7000000       -0.00000081        0.00000507
     4.8000000       -0.00000042        0.00000484
     4.9000000       -0.00000125        0.00000457
     5.0000000       -0.00000165        0.00000484
     5.1000000       -0.00000149        0.00000593
     5.2000000        0.00000043        0.00000494
     5.3000000        0.00000080        0.00000364
     5.4000000       -0.00000157        0.00000481
     5.5000000       -0.00000055        0.00000425
     5.6000000       -0.00000013        0.00000411
     5.7000000        0.00000294        0.00000328
     5.8000000        0.00000662        0.00000274
     5.9000000        0.00000790        0.00000205
     6.0000000        0.00001029        0.00000227
     6.1000000        0.00001221        0.00000500
     6.2000000        0.00001454        0.00000576
     6.3000000        0.00001784        0.00000706
     6.4000000        0.00001777        0.00000853
     6.5000000        0.00002158        0.00001014
     6.6000000        0.00002950        0.00001097
     6.7000000        0.00003349        0.00000985
     6.8000000        0.00003982        0.00000960
     6.9000000        0.00004731        0.00001008
     7.0000000        0.00006601        0.00001414
     7.1000000        0.00008013        0.00001707
     7.2000000        0.00009338        0.00002327
     7.3000000        0.00011156        0.00002585
     7.4000000        0.00013943        0.00003172
     7.5000000        0.00017817        0.00004399
     7.6000000        0.00022167        0.00005434
     7.7000000        0.00029628        0.00007764
     7.8000000        0.00036597        0.00008217
     7.9000000        0.00047128        0.00009349
     8.0000000        0.00058544        0.00009759
     8.1000000        0.00072832        0.00011555
     8.2000000        0.00090488        0.00013372
     8.3000000        0.00108662        0.00016941
     8.4000000        0.00132975        0.00017353
     8.5000000        0.00157571        0.00015144
     8.6000000        0.00185988        0.00014845
     8.7000000        0.00237238        0.00017458
     8.8000000        0.00304638        0.00020220
     8.9000000        0.00396300        0.00025932
     9.0000000        0.00495324        0.00026972
     9.1000000        0.00627352        0.00033064
     9.2000000        0.00832416        0.00036668
     9.3000000        0.01142500        0.00044541
     9.4000000        0.01616173        0.00063705
     9.5000000        0.02343983        0.00153980
     9.6000000        0.03760616        0.00193981
     9.7000000        0.06393354        0.00229274
     9.8000000        0.11640855        0.00291627
     9.9000000        0.22630983        0.00275956
    10.0000000        0.46530271        0.00309757
