     0.0000000        1.72024692        0.00112598
     0.0500000        1.50705557        0.00119172
     0.1000000        1.32344773        0.00126164
     0.1500000        1.16612499        0.00128534
     0.2000000        1.03031387        0.00136196
     0.2500000        0.91214906        0.00129502
     0.3000000        0.81019651        0.00135466
     0.3500000        0.72071742        0.00135471
     0.4000000        0.64293987        0.00119037
     0.4500000        0.57600381        0.00111831
     0.5000000        0.51723333        0.00111075
     0.5500000        0.46654034        0.00114360
     0.6000000        0.42238919        0.00113704
     0.6500000        0.38429982        0.00115220
     0.7000000        0.35007045        0.00107167
     0.7500000        0.32074085        0.00108620
     0.8000000        0.29478337        0.00109582
     0.8500000        0.27302829        0.00104693
     0.9000000        0.25324664        0.00104661
     0.9500000        0.23617179        0.00106019
     1.0000000        0.22151452        0.00095634
     1.0500000        0.21033777        0.00096543
     1.1000000        0.20001249        0.00098096
     1.1500000        0.19122658        0.00099428
     1.2000000        0.18338736        0.00100017
     1.2500000        0.17735625        0.00101714
     1.3000000        0.17323644        0.00099045
     1.3500000        0.16984582        0.00100152
     1.4000000        0.16781368        0.00096471
     1.4500000        0.16686920        0.00102726
     1.5000000        0.16715187        0.00102178
     1.5500000        0.16888654        0.00103514
     1.6000000        0.17215097        0.00103668
     1.6500000        0.17723599        0.00105610
     1.7000000        0.18412631        0.00099960
     1.7500000        0.19193205        0.00101149
     1.8000000        0.20272341        0.00104003
     1.8500000        0.21641031        0.00103332
     1.9000000        0.23367514        0.00107780
     1.9500000        0.25482057        0.00111675
     2.0000000        0.27975308        0.00112598
