     0.0000000        0.98746927        0.00133168
     0.1000000        0.83546920        0.00233972
     0.2000000        0.70567871        0.00307585
     0.3000000        0.59746089        0.00256891
     0.4000000        0.50744978        0.00218101
     0.5000000        0.43026210        0.00243018
     0.6000000        0.36459156        0.00248215
     0.7000000        0.31071031        0.00219740
     0.8000000        0.26262743        0.00226726
     0.9000000        0.22309867        0.00214991
     1.0000000        0.19023629        0.00218004
     1.1000000        0.16267653        0.00220123
     1.2000000        0.13816597        0.00214999
     1.3000000        0.11731609        0.00230012
     1.4000000        0.10113589        0.00236120
     1.5000000        0.08551891        0.00178461
     1.6000000        0.07274843        0.00165514
     1.7000000        0.06162953        0.00158847
     1.8000000        0.05235540        0.00140858
     1.9000000        0.04475650        0.00127949
     2.0000000        0.03831634        0.00121039
     2.1000000        0.03278895        0.00109557
     2.2000000        0.02742741        0.00092262
     2.3000000        0.02272492        0.00090029
     2.4000000        0.01908762        0.00079924
     2.5000000        0.01517246        0.00073835
     2.6000000        0.01351886        0.00059344
     2.7000000        0.01141324        0.00060555
     2.8000000        0.00974325        0.00084515
     2.9000000        0.00795010        0.00090215
     3.0000000        0.00692637        0.00085101
     3.1000000        0.00602592        0.00080242
     3.2000000        0.00579876        0.00068626
     3.3000000        0.00433052        0.00076823
     3.4000000        0.00382826        0.00089647
     3.5000000        0.00306446        0.00072709
     3.6000000        0.00215619        0.00068409
     3.7000000        0.00185730        0.00073236
     3.8000000        0.00168465        0.00072734
     3.9000000        0.00097535        0.00058832
     4.0000000        0.00093518        0.00057331
     4.1000000        0.00093020        0.00065452
     4.2000000        0.00081244        0.00049918
     4.3000000        0.00071361        0.00045836
     4.4000000        0.00048191        0.00046725
     4.5000000        0.00041015        0.00041511
     4.6000000        0.00004932        0.00037751
     4.7000000        0.00041113        0.00046414
     4.8000000        0.00084456        0.00041287
     4.9000000        0.00117022        0.00057976
     5.0000000        0.00060432        0.00069910
     5.1000000        0.00019932        0.00076758
     5.2000000        0.00035632        0.00077367
     5.3000000       -0.00009465        0.00076847
     5.4000000        0.00044579        0.00067236
     5.5000000        0.00053414        0.00058816
     5.6000000        0.00064230        0.00053914
     5.7000000        0.00081741        0.00059408
     5.8000000        0.00071750        0.00061428
     5.9000000        0.00018544        0.00060088
     6.0000000        0.00024580        0.00064208
     6.1000000        0.00073956        0.00069070
     6.2000000        0.00106987        0.00059250
     6.3000000        0.00068032        0.00074659
     6.4000000        0.00035792        0.00076267
     6.5000000        0.00043775        0.00082057
     6.6000000        0.00052592        0.00067392
     6.7000000        0.00113516        0.00073133
     6.8000000        0.00046063        0.00063098
     6.9000000       -0.00022039        0.00058904
     7.0000000       -0.00038490        0.00055766
     7.1000000       -0.00050005        0.00070260
     7.2000000       -0.00122979        0.00071086
     7.3000000       -0.00083073        0.00065758
     7.4000000       -0.00059940        0.00057188
     7.5000000       -0.00074996        0.00050487
     7.6000000       -0.00095660        0.00064502
     7.7000000       -0.00047769        0.00065436
     7.8000000       -0.00079295        0.00042294
     7.9000000       -0.00105839        0.00051339
     8.0000000       -0.00049506        0.00067290
     8.1000000        0.00000448        0.00063423
     8.2000000        0.00004534        0.00071567
     8.3000000        0.00001478        0.00073083
     8.4000000       -0.00005590        0.00071349
     8.5000000       -0.00000568        0.00068283
     8.6000000        0.00007907        0.00068987
     8.7000000        0.00020437        0.00072443
     8.8000000        0.00034099        0.00064512
     8.9000000        0.00055082        0.00058863
     9.0000000       -0.00014682        0.00062550
     9.1000000       -0.00044660        0.00069645
     9.2000000       -0.00019490        0.00060479
     9.3000000       -0.00017607        0.00067039
     9.4000000       -0.00014691        0.00051765
     9.5000000       -0.00065412        0.00078115
     9.6000000       -0.00158383        0.00066640
     9.7000000       -0.00153945        0.00064278
     9.8000000       -0.00151740        0.00069298
     9.9000000       -0.00092073        0.00068190
    10.0000000       -0.00036094        0.00056954
    10.1000000       -0.00049651        0.00051475
    10.2000000        0.00018216        0.00064759
    10.3000000        0.00076608        0.00072636
    10.4000000        0.00027560        0.00060360
    10.5000000        0.00052386        0.00064473
    10.6000000        0.00017924        0.00060395
    10.7000000        0.00013686        0.00061491
    10.8000000       -0.00051793        0.00056603
    10.9000000       -0.00044706        0.00063664
    11.0000000       -0.00029443        0.00060933
    11.1000000        0.00013669        0.00049261
    11.2000000        0.00012253        0.00064409
    11.3000000        0.00016436        0.00047801
    11.4000000        0.00041832        0.00048973
    11.5000000        0.00025669        0.00048781
    11.6000000        0.00038010        0.00052703
    11.7000000        0.00028116        0.00067951
    11.8000000        0.00064952        0.00058793
    11.9000000        0.00045938        0.00066249
    12.0000000        0.00024158        0.00067337
    12.1000000        0.00019939        0.00054981
    12.2000000        0.00078847        0.00047596
    12.3000000        0.00115385        0.00051657
    12.4000000        0.00100195        0.00056364
    12.5000000        0.00031773        0.00056246
    12.6000000        0.00012478        0.00067182
    12.7000000       -0.00004487        0.00063593
    12.8000000       -0.00019940        0.00052711
    12.9000000       -0.00025289        0.00055536
    13.0000000       -0.00032335        0.00063751
    13.1000000       -0.00032684        0.00056063
    13.2000000       -0.00079588        0.00063005
    13.3000000       -0.00065395        0.00066515
    13.4000000       -0.00029626        0.00065102
    13.5000000       -0.00031443        0.00059651
    13.6000000       -0.00049773        0.00074001
    13.7000000       -0.00046069        0.00062850
    13.8000000       -0.00053816        0.00058847
    13.9000000       -0.00032707        0.00032598
    14.0000000       -0.00004406        0.00036588
    14.1000000        0.00004896        0.00058583
    14.2000000        0.00033006        0.00051745
    14.3000000        0.00018831        0.00058072
    14.4000000       -0.00006948        0.00058257
    14.5000000       -0.00008992        0.00051849
    14.6000000       -0.00041228        0.00055099
    14.7000000       -0.00021803        0.00065827
    14.8000000       -0.00026206        0.00052422
    14.9000000       -0.00064829        0.00066034
    15.0000000       -0.00058617        0.00069224
    15.1000000        0.00000658        0.00058844
    15.2000000        0.00006161        0.00066079
    15.3000000        0.00016123        0.00063926
    15.4000000       -0.00023641        0.00071647
    15.5000000       -0.00040484        0.00080290
    15.6000000       -0.00084557        0.00086532
    15.7000000       -0.00100695        0.00078038
    15.8000000       -0.00117583        0.00070670
    15.9000000       -0.00031862        0.00076229
    16.0000000       -0.00094562        0.00090086
    16.1000000       -0.00040579        0.00083541
    16.2000000       -0.00103304        0.00092790
    16.3000000       -0.00062983        0.00079018
    16.4000000       -0.00018973        0.00073944
    16.5000000       -0.00022705        0.00077880
    16.6000000       -0.00008308        0.00079970
    16.7000000       -0.00028448        0.00077680
    16.8000000        0.00015587        0.00068696
    16.9000000        0.00042862        0.00077100
    17.0000000        0.00092851        0.00083887
    17.1000000        0.00073301        0.00083292
    17.2000000        0.00046094        0.00064580
    17.3000000        0.00033411        0.00048262
    17.4000000        0.00056854        0.00041573
    17.5000000        0.00076628        0.00055740
    17.6000000        0.00065365        0.00067796
    17.7000000        0.00030126        0.00079914
    17.8000000        0.00057837        0.00076579
    17.9000000        0.00061321        0.00083799
    18.0000000        0.00121210        0.00078920
    18.1000000        0.00134300        0.00064031
    18.2000000        0.00137825        0.00065603
    18.3000000        0.00022074        0.00074045
    18.4000000        0.00041950        0.00078832
    18.5000000        0.00060032        0.00058388
    18.6000000       -0.00005503        0.00055788
    18.7000000        0.00044186        0.00059176
    18.8000000        0.00052719        0.00062518
    18.9000000        0.00056389        0.00056757
    19.0000000        0.00120687        0.00071716
    19.1000000        0.00129352        0.00082146
    19.2000000        0.00092422        0.00089517
    19.3000000        0.00189265        0.00090641
    19.4000000        0.00186348        0.00100741
    19.5000000        0.00197260        0.00098606
    19.6000000        0.00332427        0.00064040
    19.7000000        0.00514833        0.00068665
    19.8000000        0.00519089        0.00086105
    19.9000000        0.00933475        0.00093799
    20.0000000        0.01253073        0.00133168
