     0.0000000        0.30103359        0.00844305
     0.1000000        0.23007883        0.01353161
     0.2000000        0.16421872        0.00924400
     0.3000000        0.12212789        0.00948827
     0.4000000        0.07742779        0.00785468
     0.5000000        0.06477053        0.01401787
     0.6000000        0.02679067        0.01747513
     0.7000000        0.01535199        0.01150933
     0.8000000        0.01759715        0.01069192
     0.9000000        0.03217180        0.02686299
     1.0000000        0.01882224        0.01763094
     1.1000000        0.01226701        0.01040168
     1.2000000        0.00581967        0.00484713
     1.3000000       -0.00018812        0.00833960
     1.4000000       -0.01045064        0.00664366
     1.5000000       -0.00744323        0.00854279
     1.6000000        0.00231616        0.00793048
     1.7000000        0.00155967        0.01288794
     1.8000000       -0.00012352        0.01344510
     1.9000000        0.01028385        0.01343143
     2.0000000        0.00281058        0.01271680
     2.1000000       -0.02391427        0.01309743
     2.2000000       -0.01588215        0.01775585
     2.3000000       -0.02246323        0.02289614
     2.4000000       -0.01307647        0.01107547
     2.5000000       -0.04345111        0.03293709
     2.6000000       -0.00640177        0.01136060
     2.7000000       -0.00849348        0.01853416
     2.8000000        0.00515176        0.00925817
     2.9000000       -0.00894521        0.02106458
     3.0000000       -0.01359198        0.01600973
     3.1000000       -0.01283172        0.00993304
     3.2000000       -0.00486769        0.00753665
     3.3000000       -0.00501554        0.00816464
     3.4000000       -0.00834634        0.01142011
     3.5000000        0.00498435        0.00953246
     3.6000000        0.00185099        0.00629527
     3.7000000        0.01157150        0.00656223
     3.8000000        0.00127972        0.00551955
     3.9000000       -0.01177213        0.01409898
     4.0000000        0.00801437        0.00669735
     4.1000000        0.00812949        0.00961706
     4.2000000        0.00410179        0.00451473
     4.3000000        0.00496470        0.00337695
     4.4000000       -0.00952086        0.00827763
     4.5000000       -0.00279093        0.00635746
     4.6000000       -0.00058469        0.00506923
     4.7000000        0.00394790        0.00803151
     4.8000000        0.01194123        0.01536010
     4.9000000        0.00855561        0.00754748
     5.0000000        0.01077382        0.00675040
     5.1000000        0.00683675        0.00605742
     5.2000000       -0.00193049        0.00611530
     5.3000000       -0.00115524        0.00931587
     5.4000000        0.00058613        0.01195928
     5.5000000       -0.00291882        0.00556854
     5.6000000        0.00107301        0.00717542
     5.7000000       -0.00105837        0.00425503
     5.8000000        0.00084359        0.00615167
     5.9000000        0.00162611        0.00412095
     6.0000000       -0.01251984        0.00921044
     6.1000000        0.00855623        0.01089100
     6.2000000       -0.02351089        0.01783866
     6.3000000       -0.01670169        0.01127428
     6.4000000        0.01702887        0.02022771
     6.5000000        0.00023003        0.00648182
     6.6000000       -0.01083905        0.02385240
     6.7000000       -0.00440116        0.00558173
     6.8000000        0.03627356        0.03191475
     6.9000000       -0.02042165        0.02368412
     7.0000000       -0.00513344        0.00485159
     7.1000000       -0.02444574        0.02300492
     7.2000000       -0.07713676        0.07947558
     7.3000000       -0.04101010        0.02724082
     7.4000000       -0.02566506        0.02085283
     7.5000000       -0.03741960        0.04189437
     7.6000000       -0.07093645        0.08783353
     7.7000000       -0.09788584        0.11124625
     7.8000000       -0.05993702        0.07494366
     7.9000000       -0.01892726        0.02700776
     8.0000000       -0.07075182        0.08545259
     8.1000000       -0.04149581        0.03935717
     8.2000000       -0.16627969        0.16582127
     8.3000000        0.07290131        0.07658570
     8.4000000        0.00294113        0.01584124
     8.5000000       -0.01630693        0.01542547
     8.6000000       -0.04580183        0.04084029
     8.7000000        0.06609140        0.07767756
     8.8000000       -0.04510108        0.04977796
     8.9000000        0.05364615        0.05240292
     9.0000000       -0.02634974        0.02545582
     9.1000000       -0.17547929        0.19647622
     9.2000000       -0.00618987        0.01844776
     9.3000000        0.03232646        0.03908103
     9.4000000       -0.01719413        0.01671173
     9.5000000       -0.11257142        0.10094564
     9.6000000        0.00153188        0.01684279
     9.7000000        0.11445270        0.11143179
     9.8000000        1.33442078        1.36672137
     9.9000000        1.00144740        1.01337786
    10.0000000        0.64964291        0.65500604
    10.1000000        0.35155016        0.32510830
    10.2000000        0.48380962        0.47109593
    10.3000000        0.26917756        0.29747824
    10.4000000        0.11262851        0.12599032
    10.5000000        0.05840859        0.07994239
    10.6000000        0.00645811        0.04044070
    10.7000000        0.01513881        0.04308157
    10.8000000       -0.00646101        0.01501048
    10.9000000        0.01456533        0.03514398
    11.0000000        0.00090086        0.00740934
    11.1000000        0.03267373        0.03068616
    11.2000000        0.09756171        0.11336185
    11.3000000        0.03182772        0.03383753
    11.4000000        0.01856625        0.01901958
    11.5000000        0.00018385        0.01675212
    11.6000000       -0.01684163        0.01183815
    11.7000000       -0.03508362        0.02317032
    11.8000000       -0.04605833        0.02754551
    11.9000000       -0.04219046        0.02409748
    12.0000000       -0.09327894        0.04908321
    12.1000000       -0.07422082        0.04305947
    12.2000000       -0.09667925        0.06328158
    12.3000000       -0.03961198        0.02763105
    12.4000000       -0.04763199        0.02349720
    12.5000000       -0.03333182        0.02212572
    12.6000000       -0.03298612        0.03330981
    12.7000000       -0.04181738        0.03804225
    12.8000000       -0.02749037        0.02225428
    12.9000000       -0.02485691        0.00974654
    13.0000000       -0.00010401        0.00986037
    13.1000000        0.00155201        0.00928154
    13.2000000       -0.00350185        0.00909876
    13.3000000       -0.00030124        0.00776200
    13.4000000       -0.00076910        0.01867468
    13.5000000       -0.01555650        0.01553176
    13.6000000       -0.01152538        0.01105818
    13.7000000       -0.03337933        0.02106864
    13.8000000       -0.03179647        0.02008414
    13.9000000       -0.00847489        0.01026000
    14.0000000       -0.00517095        0.00785550
    14.1000000       -0.02925149        0.02122581
    14.2000000       -0.05740727        0.02712751
    14.3000000       -0.03976140        0.02699723
    14.4000000       -0.04295202        0.03927492
    14.5000000       -0.02153213        0.02232337
    14.6000000       -0.02108496        0.00880302
    14.7000000       -0.02364460        0.01679950
    14.8000000       -0.02494058        0.02445514
    14.9000000        0.00516890        0.00779539
    15.0000000       -0.00362779        0.01080428
    15.1000000        0.00449773        0.00765523
    15.2000000        0.01025340        0.01618731
    15.3000000        0.02875814        0.02897916
    15.4000000        0.00464205        0.01360708
    15.5000000        0.00924566        0.01945593
    15.6000000       -0.00289002        0.00809715
    15.7000000       -0.00248733        0.01034783
    15.8000000       -0.00979675        0.00804020
    15.9000000       -0.01377117        0.00794578
    16.0000000        0.00229721        0.00637707
    16.1000000       -0.01757262        0.01673745
    16.2000000       -0.02677868        0.02893419
    16.3000000        0.00302886        0.00908630
    16.4000000       -0.04074243        0.04143101
    16.5000000       -0.03007056        0.05810758
    16.6000000       -0.05461682        0.06600726
    16.7000000       -0.02498706        0.03053904
    16.8000000        0.01787043        0.01578803
    16.9000000        0.00733276        0.01352131
    17.0000000       -0.00582300        0.01031846
    17.1000000       -0.00120553        0.00471655
    17.2000000       -0.00215777        0.00744036
    17.3000000        0.01619277        0.00586359
    17.4000000       -0.00044601        0.00586904
    17.5000000       -0.01668135        0.01448872
    17.6000000        0.00964765        0.01322768
    17.7000000        0.00237515        0.01374852
    17.8000000        0.01570871        0.01805292
    17.9000000       -0.03444990        0.01668373
    18.0000000       -0.04950428        0.03868958
    18.1000000       -0.03027843        0.02295787
    18.2000000       -0.00133301        0.00847394
    18.3000000        0.00643209        0.01251091
    18.4000000        0.02901525        0.01485896
    18.5000000        0.01418354        0.00674881
    18.6000000        0.00601954        0.00667094
    18.7000000        0.01773613        0.01672841
    18.8000000        0.01436980        0.01167055
    18.9000000        0.01097072        0.00863140
    19.0000000        0.00844635        0.00659637
    19.1000000        0.00918223        0.01067007
    19.2000000        0.01621697        0.01004769
    19.3000000        0.04054631        0.01265995
    19.4000000        0.04954397        0.00709093
    19.5000000        0.05512703        0.01042860
    19.6000000        0.06926620        0.01366842
    19.7000000        0.11675993        0.00619724
    19.8000000        0.16672484        0.00810856
    19.9000000        0.20877959        0.00832142
    20.0000000        0.30103359        0.00844305
