     0.0000000        1.66720646        0.01144229
     0.1000000        1.51649655        0.01315443
     0.2000000        1.38278545        0.01263182
     0.3000000        1.25503830        0.01181001
     0.4000000        1.14879148        0.01263770
     0.5000000        1.04773459        0.01548133
     0.6000000        0.95817068        0.01583110
     0.7000000        0.86939687        0.01439101
     0.8000000        0.80008918        0.00698799
     0.9000000        0.73106026        0.01022791
     1.0000000        0.66341634        0.01089433
     1.1000000        0.60705532        0.00913812
     1.2000000        0.54976663        0.00769663
     1.3000000        0.50459563        0.01139314
     1.4000000        0.46028881        0.01248658
     1.5000000        0.42012885        0.01440609
     1.6000000        0.38782957        0.01426779
     1.7000000        0.35672571        0.01108419
     1.8000000        0.32308691        0.01004341
     1.9000000        0.30033470        0.01181993
     2.0000000        0.27539360        0.01306237
     2.1000000        0.24742469        0.00983009
     2.2000000        0.22531187        0.00838597
     2.3000000        0.20141779        0.00790214
     2.4000000        0.18681906        0.00924087
     2.5000000        0.17000578        0.01067422
     2.6000000        0.15346475        0.01020325
     2.7000000        0.14150032        0.01053853
     2.8000000        0.13049122        0.01153631
     2.9000000        0.11874313        0.01112332
     3.0000000        0.11200001        0.01154438
     3.1000000        0.10095394        0.01038164
     3.2000000        0.09422252        0.00908044
     3.3000000        0.08419688        0.00673573
     3.4000000        0.07432926        0.00442018
     3.5000000        0.06874682        0.00450859
     3.6000000        0.06121244        0.00364737
     3.7000000        0.05286750        0.00293614
     3.8000000        0.04930053        0.00270764
     3.9000000        0.04480612        0.00243252
     4.0000000        0.04260412        0.00266853
     4.1000000        0.03929146        0.00317389
     4.2000000        0.03627319        0.00275475
     4.3000000        0.03372176        0.00299172
     4.4000000        0.03117937        0.00305309
     4.5000000        0.02825156        0.00319082
     4.6000000        0.02539943        0.00292995
     4.7000000        0.02379145        0.00285983
     4.8000000        0.02083214        0.00262432
     4.9000000        0.02010835        0.00229609
     5.0000000        0.01968541        0.00282657
     5.1000000        0.01942433        0.00342537
     5.2000000        0.01623638        0.00216940
     5.3000000        0.01408824        0.00133656
     5.4000000        0.01357649        0.00143392
     5.5000000        0.01228369        0.00144538
     5.6000000        0.01061074        0.00111873
     5.7000000        0.00972378        0.00128739
     5.8000000        0.00946882        0.00113446
     5.9000000        0.00751347        0.00122492
     6.0000000        0.00672545        0.00104439
     6.1000000        0.00607954        0.00083353
     6.2000000        0.00580252        0.00081600
     6.3000000        0.00555020        0.00124627
     6.4000000        0.00591226        0.00128961
     6.5000000        0.00662990        0.00114117
     6.6000000        0.00639715        0.00138823
     6.7000000        0.00476825        0.00218305
     6.8000000        0.00393807        0.00179625
     6.9000000        0.00371316        0.00223343
     7.0000000        0.00460528        0.00232633
     7.1000000        0.00662179        0.00231112
     7.2000000        0.00872120        0.00323177
     7.3000000        0.00777713        0.00274021
     7.4000000        0.00725201        0.00297481
     7.5000000        0.00436465        0.00276947
     7.6000000        0.00697605        0.00292684
     7.7000000        0.00882241        0.00343784
     7.8000000        0.00921830        0.00411452
     7.9000000        0.00828028        0.00394061
     8.0000000        0.01231265        0.00518995
     8.1000000        0.01102535        0.00527335
     8.2000000        0.01321354        0.00546976
     8.3000000        0.01780320        0.00505582
     8.4000000        0.02061487        0.00444522
     8.5000000        0.02625038        0.00387815
     8.6000000        0.02960900        0.00484135
     8.7000000        0.03469414        0.00437847
     8.8000000        0.03496335        0.00643336
     8.9000000        0.03784858        0.00641162
     9.0000000        0.03912047        0.00487848
     9.1000000        0.04469567        0.00726412
     9.2000000        0.05764867        0.00808053
     9.3000000        0.07386257        0.00889329
     9.4000000        0.08764408        0.00882309
     9.5000000        0.09930398        0.01152634
     9.6000000        0.11458753        0.01119378
     9.7000000        0.13966577        0.01260673
     9.8000000        0.18000499        0.01084998
     9.9000000        0.24041337        0.00987823
    10.0000000        0.33279354        0.01144229
