     0.0000000        0.21069575        0.01960880
     0.1000000        0.21031495        0.02717956
     0.2000000        0.11018660        0.02535982
     0.3000000        0.11384108        0.01808972
     0.4000000        0.09139871        0.03510861
     0.5000000        0.04300645        0.01588967
     0.6000000        0.07480571        0.05114243
     0.7000000        0.07024666        0.03004523
     0.8000000        0.02221407        0.01001825
     0.9000000       -0.01901815        0.01579105
     1.0000000       -0.00911108        0.01484276
     1.1000000       -0.00205731        0.00661143
     1.2000000        0.00264771        0.01656828
     1.3000000       -0.01952060        0.02349111
     1.4000000       -0.00476896        0.00890197
     1.5000000       -0.01508671        0.03221233
     1.6000000       -0.01170133        0.02941399
     1.7000000       -0.06250805        0.06107771
     1.8000000       -0.06576179        0.04603608
     1.9000000       -0.25220423        0.29087650
     2.0000000       -0.10045695        0.11504582
     2.1000000       -0.03505941        0.05652820
     2.2000000        0.00743923        0.00899031
     2.3000000       -0.00024548        0.01373813
     2.4000000       -0.01137100        0.02079444
     2.5000000       -0.01291580        0.01473730
     2.6000000       -0.02416467        0.01387788
     2.7000000       -0.01019246        0.01858492
     2.8000000        0.00595961        0.00592404
     2.9000000       -0.00220829        0.01095862
     3.0000000        0.01532112        0.01654557
     3.1000000        0.00473688        0.02131226
     3.2000000       -0.00345430        0.01320476
     3.3000000        0.00202897        0.01084318
     3.4000000       -0.00404934        0.01627276
     3.5000000       -0.01886938        0.01477522
     3.6000000       -0.00335073        0.01315044
     3.7000000        0.03910938        0.02446589
     3.8000000        0.00874401        0.01061456
     3.9000000        0.00830712        0.00893000
     4.0000000        0.01245787        0.01297705
     4.1000000        0.00446146        0.00879345
     4.2000000        0.00412626        0.00706558
     4.3000000        0.00918868        0.00906750
     4.4000000        0.00443661        0.00579963
     4.5000000        0.01245998        0.01173759
     4.6000000        0.02502353        0.02240810
     4.7000000        0.01069814        0.01318838
     4.8000000        0.03005822        0.02745099
     4.9000000        0.03394521        0.02216039
     5.0000000        0.03337678        0.02454675
     5.1000000        0.00725341        0.01891547
     5.2000000       -0.00925929        0.02097440
     5.3000000        0.00771398        0.01147763
     5.4000000        0.01060816        0.00687387
     5.5000000        0.01265664        0.00932352
     5.6000000        0.00433303        0.01127484
     5.7000000       -0.00089318        0.00853056
     5.8000000       -0.00395367        0.00943393
     5.9000000        0.00739066        0.01617267
     6.0000000       -0.00017495        0.01192161
     6.1000000        0.02090801        0.01401908
     6.2000000        0.00816443        0.02036847
     6.3000000       -0.00041477        0.00519760
     6.4000000       -0.00565846        0.01183225
     6.5000000        0.01903054        0.02209978
     6.6000000       -0.00519046        0.00779259
     6.7000000        0.00399915        0.01698634
     6.8000000        0.00880538        0.00889351
     6.9000000        0.00631666        0.00566233
     7.0000000        0.00738031        0.00877537
     7.1000000       -0.00060286        0.01043544
     7.2000000        0.01001556        0.01001796
     7.3000000        0.00750244        0.01088145
     7.4000000        0.03191811        0.02331643
     7.5000000        0.03642980        0.02956739
     7.6000000       -0.00273169        0.03121150
     7.7000000       -0.01168531        0.02443351
     7.8000000        0.01114073        0.01250122
     7.9000000       -0.01746710        0.01078340
     8.0000000       -0.00361559        0.03194583
     8.1000000        0.02591820        0.03976103
     8.2000000        0.01500889        0.02346613
     8.3000000        0.00377519        0.01184669
     8.4000000        0.01278036        0.00885732
     8.5000000        0.00449558        0.00399527
     8.6000000        0.00516973        0.00877308
     8.7000000       -0.01021259        0.01124705
     8.8000000       -0.01062195        0.00683583
     8.9000000       -0.00340004        0.00482508
     9.0000000       -0.00212963        0.00442253
     9.1000000       -0.00861767        0.00860483
     9.2000000       -0.00026276        0.00574782
     9.3000000       -0.00977564        0.01192034
     9.4000000       -0.00996340        0.00990352
     9.5000000       -0.01570654        0.01321377
     9.6000000       -0.00360405        0.00583452
     9.7000000       -0.00275726        0.00979755
     9.8000000        0.00051030        0.00574864
     9.9000000       -0.00259769        0.00463816
    10.0000000       -0.00242682        0.00946849
    10.1000000        0.00242693        0.00670518
    10.2000000       -0.00101738        0.00666301
    10.3000000       -0.01779729        0.01026907
    10.4000000       -0.00770440        0.01027919
    10.5000000       -0.01493498        0.00993958
    10.6000000       -0.00794845        0.01395424
    10.7000000       -0.01563331        0.01186117
    10.8000000        0.00198829        0.00435698
    10.9000000       -0.00005142        0.00561514
    11.0000000        0.00313678        0.00514202
    11.1000000       -0.00110338        0.00812060
    11.2000000        0.00136044        0.00858771
    11.3000000        0.00303977        0.00718400
    11.4000000        0.00509368        0.00724935
    11.5000000        0.00109767        0.00730052
    11.6000000        0.00376797        0.00331245
    11.7000000       -0.00112964        0.00523107
    11.8000000        0.01532311        0.00964923
    11.9000000        0.00283512        0.00335221
    12.0000000        0.00388583        0.00845810
    12.1000000        0.01559462        0.01231337
    12.2000000        0.00836215        0.00776711
    12.3000000        0.01303552        0.00823112
    12.4000000        0.01357525        0.01120758
    12.5000000        0.01452794        0.01350436
    12.6000000        0.00762223        0.00658083
    12.7000000       -0.00287372        0.00579664
    12.8000000       -0.00000101        0.00310589
    12.9000000        0.00023442        0.00580984
    13.0000000       -0.00735051        0.00709803
    13.1000000       -0.01303029        0.01215077
    13.2000000       -0.00193620        0.00640585
    13.3000000       -0.00481431        0.00910700
    13.4000000        0.00170478        0.00672809
    13.5000000        0.01270873        0.01041029
    13.6000000        0.00328625        0.00913229
    13.7000000       -0.00279495        0.00727830
    13.8000000       -0.00801485        0.00817420
    13.9000000        0.06507226        0.07045538
    14.0000000       -0.06911092        0.06615918
    14.1000000       -0.10046321        0.10765772
    14.2000000       -0.00761131        0.01690839
    14.3000000       -0.05846684        0.06791731
    14.4000000       -0.43245941        0.44450616
    14.5000000       -0.15143038        0.14796700
    14.6000000        0.03950195        0.06144161
    14.7000000       -0.12822415        0.11782172
    14.8000000        0.10719788        0.09879276
    14.9000000        0.11045520        0.11835045
    15.0000000       -0.24830200        0.25519740
    15.1000000       -0.92122221        0.95225882
    15.2000000        0.39582628        0.41758161
    15.3000000        0.05696378        0.05556182
    15.4000000       -1.52723801        1.57432017
    15.5000000        0.21937960        0.21643046
    15.6000000       -0.05214678        0.05856886
    15.7000000       -0.03929525        0.02058196
    15.8000000        0.27086792        0.28555987
    15.9000000        0.00271821        0.01769705
    16.0000000        0.10819743        0.13213003
    16.1000000       -0.04178385        0.04370151
    16.2000000       -0.28824395        0.28799931
    16.3000000       -0.16864061        0.16517202
    16.4000000       -0.02449652        0.02374795
    16.5000000       -0.00175112        0.01448308
    16.6000000       -0.00044050        0.01333114
    16.7000000        0.11900499        0.11223289
    16.8000000       -0.04284109        0.04234773
    16.9000000        0.00090567        0.00726702
    17.0000000        0.00940210        0.01215899
    17.1000000        0.00887849        0.00731606
    17.2000000       -0.03541214        0.05507522
    17.3000000       -0.01960922        0.02867805
    17.4000000       -0.00176688        0.01355247
    17.5000000       -0.00029469        0.01124563
    17.6000000        0.00832331        0.00895054
    17.7000000        0.00568575        0.01228060
    17.8000000        0.01285251        0.01238798
    17.9000000        0.01700888        0.01487123
    18.0000000       -0.00150267        0.03399263
    18.1000000       -0.04834268        0.07267062
    18.2000000       -0.08098324        0.10425772
    18.3000000       -0.01926933        0.02566453
    18.4000000       -0.01181514        0.00776400
    18.5000000       -0.00822555        0.01170849
    18.6000000       -0.02912661        0.03353525
    18.7000000        0.00081150        0.01636536
    18.8000000        0.00190935        0.01100189
    18.9000000        0.01335362        0.01381990
    19.0000000        0.01132204        0.00965801
    19.1000000        0.00195939        0.03185115
    19.2000000       -0.00590299        0.02158408
    19.3000000        0.03559146        0.01472267
    19.4000000        0.03370126        0.03360670
    19.5000000        0.00081370        0.02705515
    19.6000000        0.08601198        0.02830154
    19.7000000        0.15993203        0.04984517
    19.8000000        0.09296317        0.02084496
    19.9000000        0.12649908        0.01860579
    20.0000000        0.21069575        0.01960880
