     0.0000000        0.10328879        0.00416697
     0.1000000        0.06214111        0.00483170
     0.2000000        0.03988253        0.00381437
     0.3000000        0.02775502        0.00202404
     0.4000000        0.02091459        0.00259978
     0.5000000        0.01520079        0.00192286
     0.6000000        0.00953200        0.00290107
     0.7000000        0.00828399        0.00241773
     0.8000000        0.00762911        0.00206463
     0.9000000        0.00878325        0.00254437
     1.0000000        0.01059791        0.00203274
     1.1000000        0.00699359        0.00163312
     1.2000000        0.00540809        0.00245376
     1.3000000        0.00399712        0.00237128
     1.4000000        0.00014696        0.00208897
     1.5000000        0.00194077        0.00244094
     1.6000000        0.00211739        0.00338655
     1.7000000        0.00160626        0.00324828
     1.8000000        0.00206224        0.00269394
     1.9000000        0.00139388        0.00157210
     2.0000000        0.00026617        0.00099697
     2.1000000        0.00090704        0.00067777
     2.2000000        0.00052833        0.00082356
     2.3000000        0.00189297        0.00055266
     2.4000000        0.00120893        0.00095302
     2.5000000        0.00046386        0.00043177
     2.6000000       -0.00019678        0.00052767
     2.7000000        0.00065815        0.00068135
     2.8000000       -0.00068064        0.00116917
     2.9000000       -0.00003352        0.00082723
     3.0000000       -0.00020254        0.00071268
     3.1000000       -0.00086051        0.00044267
     3.2000000        0.00038328        0.00104735
     3.3000000        0.00032143        0.00093197
     3.4000000       -0.00026141        0.00065303
     3.5000000       -0.00037390        0.00116904
     3.6000000       -0.00017758        0.00093361
     3.7000000       -0.00004759        0.00073704
     3.8000000        0.00007169        0.00087141
     3.9000000       -0.00045559        0.00140155
     4.0000000       -0.00020440        0.00077193
     4.1000000        0.00029144        0.00054148
     4.2000000        0.00000740        0.00056444
     4.3000000        0.00009564        0.00063139
     4.4000000       -0.00007185        0.00071461
     4.5000000        0.00023782        0.00044701
     4.6000000        0.00026493        0.00042642
     4.7000000       -0.00019210        0.00033394
     4.8000000       -0.00041019        0.00038972
     4.9000000       -0.00021991        0.00041504
     5.0000000       -0.00011446        0.00033488
     5.1000000       -0.00005423        0.00036289
     5.2000000       -0.00013780        0.00036651
     5.3000000        0.00038544        0.00029560
     5.4000000       -0.00017294        0.00045481
     5.5000000       -0.00025738        0.00056737
     5.6000000       -0.00053494        0.00067968
     5.7000000        0.00052146        0.00076089
     5.8000000       -0.00001443        0.00046863
     5.9000000        0.00021260        0.00060262
     6.0000000        0.00033479        0.00108232
     6.1000000        0.00052581        0.00115240
     6.2000000        0.00056970        0.00110367
     6.3000000        0.00041614        0.00083552
     6.4000000       -0.00030973        0.00132222
     6.5000000       -0.00013783        0.00086926
     6.6000000        0.00018028        0.00096681
     6.7000000       -0.00098345        0.00143275
     6.8000000       -0.00031332        0.00138617
     6.9000000        0.00004004        0.00152944
     7.0000000       -0.00096168        0.00164782
     7.1000000       -0.00066626        0.00166511
     7.2000000       -0.00141626        0.00129022
     7.3000000       -0.00133709        0.00183630
     7.4000000       -0.00034219        0.00205687
     7.5000000        0.00099354        0.00148905
     7.6000000        0.00319731        0.00140279
     7.7000000        0.00250424        0.00111823
     7.8000000        0.00574441        0.00187101
     7.9000000        0.00749459        0.00171527
     8.0000000        0.00851883        0.00190111
     8.1000000        0.01010527        0.00163201
     8.2000000        0.01157315        0.00218326
     8.3000000        0.01595426        0.00163313
     8.4000000        0.01749209        0.00178318
     8.5000000        0.02340734        0.00255286
     8.6000000        0.02967020        0.00192467
     8.7000000        0.04065623        0.00274688
     8.8000000        0.05177376        0.00182693
     8.9000000        0.07260681        0.00201754
     9.0000000        0.09763325        0.00367717
     9.1000000        0.13310349        0.00371080
     9.2000000        0.17975262        0.00361653
     9.3000000        0.24335389        0.00286031
     9.4000000        0.32509392        0.00333847
     9.5000000        0.43932545        0.00394668
     9.6000000        0.58715506        0.00328169
     9.7000000        0.78444730        0.00358205
     9.8000000        1.05438022        0.00585338
     9.9000000        1.41870118        0.00692655
    10.0000000        1.89671121        0.00416697
