     0.0000000        0.21973346        0.07118701
     0.1000000        0.17802526        0.03732172
     0.2000000        0.17283267        0.02271036
     0.3000000        0.11829367        0.02525428
     0.4000000        0.08942765        0.01918637
     0.5000000        0.07281808        0.01313726
     0.6000000        0.05008370        0.02455000
     0.7000000       -0.05943032        0.11757703
     0.8000000       -0.05499877        0.09240364
     0.9000000       -0.03032934        0.04076091
     1.0000000       -0.00421110        0.02224329
     1.1000000        0.02459697        0.01405249
     1.2000000        0.00710665        0.01640815
     1.3000000       -0.01496134        0.02772939
     1.4000000       -0.00345312        0.01688747
     1.5000000       -0.02245751        0.04001197
     1.6000000       -0.07486062        0.10121478
     1.7000000       -0.27049786        0.28514494
     1.8000000       -0.04199307        0.04772086
     1.9000000       -0.12697057        0.13178938
     2.0000000       -0.04528214        0.04996269
     2.1000000       -0.00102100        0.01792373
     2.2000000        0.00138208        0.01830987
     2.3000000        0.01620683        0.02905943
     2.4000000        0.01762438        0.02941773
     2.5000000        0.00462163        0.01159425
     2.6000000        0.01785392        0.01137322
     2.7000000       -0.02698102        0.01842555
     2.8000000       -0.00070485        0.00882213
     2.9000000       -0.01211554        0.01034841
     3.0000000       -0.00626266        0.00725585
     3.1000000       -0.00313583        0.01363080
     3.2000000       -0.03856024        0.02601067
     3.3000000       -0.01922085        0.01799934
     3.4000000        0.00024503        0.02496537
     3.5000000       -0.00327078        0.02313422
     3.6000000        0.00206177        0.01661907
     3.7000000        0.00490713        0.03319680
     3.8000000       -0.00057552        0.01920188
     3.9000000       -0.00711051        0.01305854
     4.0000000       -0.00972043        0.02060710
     4.1000000       -0.01391558        0.01057859
     4.2000000       -0.00583872        0.01621199
     4.3000000       -0.00553988        0.01618490
     4.4000000       -0.00413302        0.01045452
     4.5000000        0.01000999        0.02099954
     4.6000000        0.01481098        0.02619836
     4.7000000        0.01889763        0.02013279
     4.8000000        0.01577443        0.03109037
     4.9000000        0.02236762        0.02717732
     5.0000000        0.04611941        0.03573593
     5.1000000        0.02844996        0.02398609
     5.2000000        0.02847343        0.01788946
     5.3000000        0.05601798        0.03923803
     5.4000000        0.01932480        0.01245401
     5.5000000        0.01495249        0.01389588
     5.6000000        0.03824238        0.03077914
     5.7000000        0.01148902        0.01520721
     5.8000000       -0.00438405        0.01728478
     5.9000000        0.00256377        0.01231030
     6.0000000        0.03235206        0.02634360
     6.1000000        0.01422710        0.01419956
     6.2000000       -0.03859695        0.03895669
     6.3000000       -0.00309530        0.00957487
     6.4000000        0.00927632        0.01793156
     6.5000000       -0.00394395        0.01509162
     6.6000000       -0.03347844        0.03166854
     6.7000000       -0.00665748        0.03570033
     6.8000000       -0.03634151        0.04558049
     6.9000000        0.01465516        0.01514581
     7.0000000       -0.01804989        0.01072781
     7.1000000       -0.02629966        0.01066352
     7.2000000       -0.02270526        0.01000710
     7.3000000       -0.02268719        0.01583788
     7.4000000        0.00384964        0.03861055
     7.5000000       -0.01969388        0.01824432
     7.6000000       -0.05992523        0.06498806
     7.7000000       -0.09941023        0.10377334
     7.8000000       -0.01457720        0.01222855
     7.9000000       -0.02569593        0.03919216
     8.0000000        0.02012459        0.02116004
     8.1000000       -0.00283497        0.02731172
     8.2000000        0.02077402        0.02104210
     8.3000000       -0.00213803        0.02477195
     8.4000000        0.00497788        0.01311985
     8.5000000        0.01145672        0.00963832
     8.6000000        0.00861425        0.01282653
     8.7000000        0.00276344        0.00788781
     8.8000000        0.01004463        0.01144568
     8.9000000       -0.00091968        0.01007293
     9.0000000        0.00721971        0.01104082
     9.1000000        0.00167367        0.00651039
     9.2000000        0.00175284        0.00856622
     9.3000000        0.01903429        0.01323977
     9.4000000        0.00443681        0.00569154
     9.5000000        0.01280949        0.01064862
     9.6000000        0.00537783        0.00495754
     9.7000000        0.00455056        0.00574478
     9.8000000        0.00814494        0.00702317
     9.9000000       -0.00254368        0.00522307
    10.0000000        0.01830363        0.01261314
    10.1000000        0.00478099        0.00685403
    10.2000000        0.00279036        0.00528733
    10.3000000        0.01296211        0.02194792
    10.4000000        0.00567922        0.01386252
    10.5000000       -0.01378870        0.01309870
    10.6000000       -0.00786065        0.02515141
    10.7000000       -0.00651083        0.01109643
    10.8000000        0.00205198        0.01709902
    10.9000000        0.00596652        0.01295353
    11.0000000        0.00451202        0.00950525
    11.1000000        0.00451880        0.00780458
    11.2000000        0.01093744        0.00979374
    11.3000000       -0.00162289        0.00892464
    11.4000000       -0.00198729        0.00637250
    11.5000000       -0.01791685        0.01629274
    11.6000000        0.00500904        0.00499770
    11.7000000       -0.00419504        0.00677454
    11.8000000        0.00638116        0.00755993
    11.9000000        0.01142929        0.01215000
    12.0000000        0.01490595        0.01170095
    12.1000000        0.00609450        0.01825714
    12.2000000       -0.00800359        0.00849500
    12.3000000        0.00833032        0.00623978
    12.4000000        0.00928570        0.00746942
    12.5000000       -0.01651325        0.01559999
    12.6000000       -0.00936692        0.00902923
    12.7000000       -0.01047406        0.01517181
    12.8000000       -0.00241482        0.01067165
    12.9000000       -0.00310154        0.00495037
    13.0000000        0.00194953        0.01101859
    13.1000000       -0.00467544        0.01159576
    13.2000000       -0.00843216        0.01028413
    13.3000000       -0.00436127        0.01608565
    13.4000000        0.01273438        0.01218642
    13.5000000       -0.03119270        0.01687686
    13.6000000       -0.04393862        0.02397349
    13.7000000       -0.02382578        0.01389868
    13.8000000       -0.02957293        0.01756713
    13.9000000       -0.14556684        0.13336793
    14.0000000       -0.08571772        0.07355313
    14.1000000       -0.00411692        0.01233780
    14.2000000        0.03670440        0.03216234
    14.3000000       -0.01327429        0.01663400
    14.4000000        0.31390071        0.32837444
    14.5000000        0.18798103        0.19265146
    14.6000000        0.78279844        0.80362068
    14.7000000       -0.03657125        0.02370683
    14.8000000        0.07074128        0.06983576
    14.9000000       -0.12686338        0.13584334
    15.0000000       -0.16217027        0.18165430
    15.1000000        0.07545458        0.07045541
    15.2000000       -1.96731735        2.03458145
    15.3000000        0.00825776        0.01336371
    15.4000000        0.07574761        0.07113046
    15.5000000       -0.35955387        0.36238086
    15.6000000       -0.15199847        0.12917518
    15.7000000        0.33170622        0.29666317
    15.8000000        0.69717975        0.70949248
    15.9000000        0.17433615        0.18464921
    16.0000000        0.52402249        0.53848038
    16.1000000        0.26150267        0.27090207
    16.2000000        0.05072120        0.06411142
    16.3000000        0.04195087        0.04061289
    16.4000000        0.04857302        0.05069951
    16.5000000        0.05920981        0.06409267
    16.6000000        0.14254617        0.16029085
    16.7000000        0.23457814        0.24693526
    16.8000000        0.05775326        0.07790992
    16.9000000        0.00743390        0.02657173
    17.0000000        0.00358281        0.01559322
    17.1000000        0.00412167        0.01834820
    17.2000000       -0.05253040        0.03076550
    17.3000000       -0.00977014        0.01992597
    17.4000000       -0.00587490        0.01351229
    17.5000000        0.00950151        0.01464806
    17.6000000        0.01744208        0.01443403
    17.7000000        0.03034880        0.01842120
    17.8000000        0.01932669        0.01762357
    17.9000000        0.04148030        0.01350052
    18.0000000        0.07395646        0.05602117
    18.1000000        0.10027148        0.13657713
    18.2000000        0.18287837        0.19777425
    18.3000000        0.11037129        0.11414987
    18.4000000       -0.00048435        0.01656200
    18.5000000       -0.00452406        0.01638311
    18.6000000       -0.02037333        0.02033428
    18.7000000       -0.01720485        0.03230488
    18.8000000       -0.01792496        0.03381093
    18.9000000       -0.00364504        0.01869536
    19.0000000        0.01333142        0.01534388
    19.1000000        0.00613283        0.01837134
    19.2000000        0.00595882        0.02146594
    19.3000000        0.02674691        0.02949298
    19.4000000        0.01384802        0.04099941
    19.5000000        0.09825551        0.03383358
    19.6000000        0.11423160        0.05886445
    19.7000000        0.03893272        0.10712891
    19.8000000        0.13619265        0.05439269
    19.9000000        0.17223941        0.08161947
    20.0000000        0.21973347        0.07118700
