     0.0000000        0.15327952        0.00263413
     0.1000000        0.10424954        0.00214749
     0.2000000        0.07116640        0.00165792
     0.3000000        0.04957905        0.00118425
     0.4000000        0.03480354        0.00093824
     0.5000000        0.02483543        0.00080394
     0.6000000        0.01774206        0.00068414
     0.7000000        0.01276786        0.00058042
     0.8000000        0.00914214        0.00046460
     0.9000000        0.00679170        0.00045416
     1.0000000        0.00497903        0.00037340
     1.1000000        0.00340670        0.00035269
     1.2000000        0.00231528        0.00036647
     1.3000000        0.00148115        0.00050739
     1.4000000        0.00092714        0.00043875
     1.5000000        0.00064013        0.00030846
     1.6000000        0.00057832        0.00019408
     1.7000000        0.00046701        0.00013238
     1.8000000        0.00034481        0.00014046
     1.9000000        0.00025737        0.00014078
     2.0000000        0.00009128        0.00016182
     2.1000000       -0.00005987        0.00025358
     2.2000000       -0.00008545        0.00021452
     2.3000000       -0.00003158        0.00010697
     2.4000000       -0.00008205        0.00010206
     2.5000000       -0.00004334        0.00006130
     2.6000000       -0.00002207        0.00007323
     2.7000000        0.00000836        0.00009632
     2.8000000       -0.00000743        0.00008668
     2.9000000       -0.00001764        0.00010219
     3.0000000        0.00000768        0.00007782
     3.1000000        0.00000374        0.00005272
     3.2000000       -0.00000645        0.00004607
     3.3000000        0.00000362        0.00006220
     3.4000000       -0.00002916        0.00007449
     3.5000000       -0.00006699        0.00008969
     3.6000000       -0.00010566        0.00007998
     3.7000000       -0.00010573        0.00007060
     3.8000000       -0.00013836        0.00008876
     3.9000000       -0.00019692        0.00012139
     4.0000000       -0.00020285        0.00011582
     4.1000000       -0.00014619        0.00007452
     4.2000000       -0.00001936        0.00007757
     4.3000000        0.00015969        0.00023788
     4.4000000        0.00028438        0.00034925
     4.5000000        0.00030134        0.00034497
     4.6000000        0.00017826        0.00020683
     4.7000000        0.00012856        0.00015554
     4.8000000        0.00010889        0.00013305
     4.9000000        0.00006996        0.00007876
     5.0000000        0.00008713        0.00008822
     5.1000000        0.00009034        0.00008670
     5.2000000        0.00008982        0.00010215
     5.3000000        0.00009375        0.00009870
     5.4000000        0.00011802        0.00010528
     5.5000000        0.00011407        0.00009722
     5.6000000        0.00006884        0.00006518
     5.7000000        0.00004077        0.00002560
     5.8000000        0.00004193        0.00004743
     5.9000000        0.00001476        0.00004977
     6.0000000        0.00001855        0.00003661
     6.1000000       -0.00000612        0.00002429
     6.2000000       -0.00002021        0.00003897
     6.3000000       -0.00003791        0.00004746
     6.4000000       -0.00002774        0.00004350
     6.5000000       -0.00000046        0.00003733
     6.6000000        0.00002686        0.00003187
     6.7000000        0.00003439        0.00003861
     6.8000000        0.00001215        0.00004293
     6.9000000        0.00000619        0.00004616
     7.0000000       -0.00001553        0.00008249
     7.1000000       -0.00000685        0.00010145
     7.2000000        0.00006688        0.00009004
     7.3000000        0.00010652        0.00008830
     7.4000000        0.00013900        0.00006884
     7.5000000        0.00021850        0.00006395
     7.6000000        0.00027145        0.00009835
     7.7000000        0.00029024        0.00013414
     7.8000000        0.00030696        0.00021692
     7.9000000        0.00026383        0.00029791
     8.0000000        0.00025841        0.00039939
     8.1000000        0.00026681        0.00054707
     8.2000000        0.00050477        0.00056305
     8.3000000        0.00091324        0.00040954
     8.4000000        0.00137861        0.00026504
     8.5000000        0.00173757        0.00026538
     8.6000000        0.00217297        0.00027172
     8.7000000        0.00264897        0.00027369
     8.8000000        0.00322811        0.00019360
     8.9000000        0.00411964        0.00013115
     9.0000000        0.00535685        0.00016014
     9.1000000        0.00723984        0.00025707
     9.2000000        0.00994776        0.00035456
     9.3000000        0.01369375        0.00050531
     9.4000000        0.01852222        0.00054224
     9.5000000        0.02535924        0.00052196
     9.6000000        0.03479547        0.00034254
     9.7000000        0.04953792        0.00063450
     9.8000000        0.07115504        0.00096193
     9.9000000        0.10349099        0.00183807
    10.0000000        0.15327952        0.00263413
