     0.0000000        1.72508209        0.00080041
     0.1000000        1.32658317        0.00088617
     0.2000000        1.03034508        0.00090282
     0.3000000        0.80930696        0.00093913
     0.4000000        0.64293153        0.00088921
     0.5000000        0.51757854        0.00087476
     0.6000000        0.42190158        0.00081372
     0.7000000        0.34956024        0.00080762
     0.8000000        0.29434553        0.00074691
     0.9000000        0.25269066        0.00074083
     1.0000000        0.22095290        0.00071652
     1.1000000        0.19782174        0.00072481
     1.2000000        0.18175601        0.00065061
     1.3000000        0.17138448        0.00065165
     1.4000000        0.16601240        0.00070502
     1.5000000        0.16540259        0.00068791
     1.6000000        0.17060127        0.00069718
     1.7000000        0.18248569        0.00072032
     1.8000000        0.20118316        0.00070805
     1.9000000        0.23027334        0.00074129
     2.0000000        0.27491791        0.00080041
