     0.0000000        1.76834463        0.01155458
     0.0500000        1.69278432        0.00937571
     0.1000000        1.62269141        0.00827891
     0.1500000        1.56815429        0.00931708
     0.2000000        1.51028811        0.00967735
     0.2500000        1.46620990        0.01105740
     0.3000000        1.42214218        0.01176048
     0.3500000        1.36488738        0.01227172
     0.4000000        1.33472296        0.01581381
     0.4500000        1.32202343        0.02240883
     0.5000000        1.26874260        0.01901504
     0.5500000        1.25184380        0.02411795
     0.6000000        1.21291409        0.02035855
     0.6500000        1.17412115        0.01944505
     0.7000000        1.15849761        0.02405989
     0.7500000        1.16741745        0.02747997
     0.8000000        1.23790860        0.05577343
     0.8500000        1.19986994        0.04768738
     0.9000000        1.14876410        0.05092941
     0.9500000        1.07154983        0.03494230
     1.0000000        1.07212667        0.03621700
     1.0500000        1.10457819        0.06242697
     1.1000000        1.02848992        0.04837193
     1.1500000        0.98369040        0.03986456
     1.2000000        0.98197665        0.04735313
     1.2500000        0.99400692        0.05555470
     1.3000000        1.00233337        0.05739901
     1.3500000        0.98508365        0.06048803
     1.4000000        1.03073987        0.08445871
     1.4500000        1.01269248        0.09096892
     1.5000000        1.03553404        0.09126018
     1.5500000        1.00870677        0.10107721
     1.6000000        1.09806075        0.15178149
     1.6500000        1.00351492        0.09599195
     1.7000000        0.90991071        0.06493300
     1.7500000        0.95252858        0.08880468
     1.8000000        1.00563222        0.14622767
     1.8500000        0.98424796        0.11246330
     1.9000000        0.96545078        0.08719443
     1.9500000        0.97262694        0.08570789
     2.0000000        0.88765107        0.05991088
     2.0500000        0.87775871        0.06652328
     2.1000000        0.94635681        0.10238860
     2.1500000        0.97883955        0.14410786
     2.2000000        1.00059292        0.15985635
     2.2500000        1.12405503        0.29523213
     2.3000000        1.01565631        0.15947310
     2.3500000        1.03451253        0.23804638
     2.4000000        0.92273748        0.13720007
     2.4500000        1.04796718        0.21727607
     2.5000000        0.91390373        0.08623865
     2.5500000        0.90907134        0.06874390
     2.6000000        0.91211515        0.06269540
     2.6500000        0.99398441        0.09698418
     2.7000000        1.21788015        0.27361348
     2.7500000        1.44760330        0.48162315
     2.8000000        1.22901026        0.25879059
     2.8500000        1.10005594        0.13856470
     2.9000000        1.05221499        0.06785458
     2.9500000        1.04376244        0.04231257
     3.0000000        1.05589569        0.03850982
     3.0500000        1.06230389        0.05055577
     3.1000000        1.06329816        0.02845943
     3.1500000        1.14012732        0.03681221
     3.2000000        1.17293268        0.03936530
     3.2500000        1.20102578        0.02872832
     3.3000000        1.23206141        0.03103434
     3.3500000        1.25599834        0.02741378
     3.4000000        1.28663591        0.02566257
     3.4500000        1.32448039        0.02670719
     3.5000000        1.31935030        0.01950975
     3.5500000        1.35582069        0.02403814
     3.6000000        1.38109038        0.01732746
     3.6500000        1.40739727        0.01425469
     3.7000000        1.45127388        0.01143393
     3.7500000        1.49049626        0.01076178
     3.8000000        1.53328939        0.01050872
     3.8500000        1.57402211        0.01021551
     3.9000000        1.63117407        0.00890233
     3.9500000        1.69410131        0.00905128
     4.0000000        1.76834463        0.01155458
