         201           5   20.000000000000000                1
     0.0000000        0.83200538        0.01466152
     0.1000000        0.72418620        0.01266708
     0.2000000        0.64865302        0.00779452
     0.3000000        0.57765037        0.01357181
     0.4000000        0.50655076        0.01525378
     0.5000000        0.45413230        0.01391016
     0.6000000        0.39795849        0.02278796
     0.7000000        0.35755023        0.02495088
     0.8000000        0.32104758        0.02484128
     0.9000000        0.29660012        0.02117248
     1.0000000        0.26788089        0.02008826
     1.1000000        0.24820949        0.01912308
     1.2000000        0.23597345        0.01737760
     1.3000000        0.20672065        0.01683721
     1.4000000        0.18264085        0.02106488
     1.5000000        0.16814001        0.01839035
     1.6000000        0.15177593        0.01726903
     1.7000000        0.14439256        0.01914853
     1.8000000        0.12348089        0.01974313
     1.9000000        0.11445058        0.02023383
     2.0000000        0.10857849        0.01300097
     2.1000000        0.09595587        0.00875169
     2.2000000        0.09095212        0.01225937
     2.3000000        0.08644355        0.00899353
     2.4000000        0.07745038        0.00745510
     2.5000000        0.07237041        0.00703600
     2.6000000        0.06177467        0.01158298
     2.7000000        0.05357098        0.01867245
     2.8000000        0.04828856        0.01558794
     2.9000000        0.04654120        0.01073774
     3.0000000        0.04838145        0.01116387
     3.1000000        0.04386354        0.00574384
     3.2000000        0.04046864        0.00790720
     3.3000000        0.03399469        0.00880346
     3.4000000        0.03214347        0.00974106
     3.5000000        0.02239331        0.01022610
     3.6000000        0.02229455        0.01015675
     3.7000000        0.01640196        0.00810052
     3.8000000        0.01629962        0.00907515
     3.9000000        0.01778975        0.00835333
     4.0000000        0.01812492        0.01058758
     4.1000000        0.01724621        0.00842150
     4.2000000        0.01995685        0.00644062
     4.3000000        0.01614633        0.00923151
     4.4000000        0.01233103        0.00474668
     4.5000000        0.01226816        0.00435217
     4.6000000        0.00935814        0.00425807
     4.7000000        0.00781627        0.00683229
     4.8000000        0.00733089        0.00316646
     4.9000000        0.01179173        0.00908173
     5.0000000        0.00628474        0.00580712
     5.1000000        0.00117766        0.00264164
     5.2000000        0.00111219        0.00344605
     5.3000000        0.00127446        0.00428738
     5.4000000        0.00053074        0.00298998
     5.5000000        0.00624658        0.00710117
     5.6000000        0.00966128        0.00938393
     5.7000000        0.00734335        0.00961164
     5.8000000        0.00284671        0.00917525
     5.9000000        0.00455091        0.00657827
     6.0000000        0.00295341        0.00389135
     6.1000000        0.00480552        0.00722435
     6.2000000        0.00871540        0.00969727
     6.3000000        0.00807820        0.00813243
     6.4000000        0.00666802        0.00866529
     6.5000000        0.00622867        0.01003368
     6.6000000        0.00636028        0.01517392
     6.7000000        0.00524307        0.01329706
     6.8000000        0.00343246        0.00666475
     6.9000000       -0.00193930        0.00255861
     7.0000000       -0.00277762        0.00361199
     7.1000000        0.00191273        0.00500001
     7.2000000        0.00121150        0.00515706
     7.3000000        0.00339374        0.00563302
     7.4000000        0.00235428        0.00402560
     7.5000000        0.00604146        0.00344879
     7.6000000        0.00683899        0.00473044
     7.7000000        0.00375797        0.00485533
     7.8000000        0.00445625        0.00518074
     7.9000000        0.00480918        0.00563125
     8.0000000        0.00739537        0.00660487
     8.1000000        0.01066346        0.00490066
     8.2000000        0.00839020        0.00621974
     8.3000000        0.00969713        0.00649920
     8.4000000        0.00671241        0.00398500
     8.5000000        0.00621472        0.00476818
     8.6000000        0.00013067        0.00237802
     8.7000000       -0.00258092        0.00384107
     8.8000000       -0.00230496        0.00425640
     8.9000000       -0.00442881        0.00309590
     9.0000000       -0.00156786        0.00336625
     9.1000000       -0.00117636        0.00248703
     9.2000000       -0.00262353        0.00293789
     9.3000000       -0.00489209        0.00199813
     9.4000000       -0.00217205        0.00115055
     9.5000000       -0.00152711        0.00226462
     9.6000000       -0.00374747        0.00232225
     9.7000000       -0.00626629        0.00345718
     9.8000000       -0.00900363        0.00360287
     9.9000000       -0.00967132        0.00406296
    10.0000000       -0.00819111        0.00428289
    10.1000000       -0.00672549        0.00504075
    10.2000000       -0.00620865        0.00524742
    10.3000000       -0.00497829        0.00391634
    10.4000000       -0.00259603        0.00549968
    10.5000000       -0.00244682        0.00450928
    10.6000000       -0.00042412        0.00444618
    10.7000000       -0.00659135        0.00643245
    10.8000000       -0.00711199        0.00663440
    10.9000000       -0.00573785        0.00609590
    11.0000000       -0.00312602        0.00439259
    11.1000000       -0.00395071        0.00436890
    11.2000000       -0.00366277        0.00384222
    11.3000000       -0.00580684        0.00446330
    11.4000000       -0.00421874        0.00317965
    11.5000000       -0.00337995        0.00292351
    11.6000000       -0.00338228        0.00150287
    11.7000000        0.00223583        0.00259370
    11.8000000        0.00557320        0.00323024
    11.9000000        0.00770373        0.00431901
    12.0000000        0.00337025        0.00451783
    12.1000000        0.00197726        0.00424857
    12.2000000        0.00103200        0.00209784
    12.3000000        0.00182989        0.00225545
    12.4000000       -0.00122001        0.00366603
    12.5000000        0.00082874        0.00175329
    12.6000000        0.00118579        0.00271288
    12.7000000        0.00201196        0.00411162
    12.8000000        0.00145104        0.00315892
    12.9000000        0.00100939        0.00390060
    13.0000000       -0.00006513        0.00450577
    13.1000000        0.00436249        0.00675832
    13.2000000        0.00933614        0.00972129
    13.3000000        0.00226491        0.00563621
    13.4000000        0.00269078        0.00400346
    13.5000000        0.00188884        0.00214711
    13.6000000        0.00141119        0.00274256
    13.7000000        0.00076091        0.00216671
    13.8000000       -0.00075539        0.00273016
    13.9000000        0.00026159        0.00242419
    14.0000000        0.00038832        0.00180521
    14.1000000        0.00125333        0.00239432
    14.2000000        0.00389370        0.00280496
    14.3000000        0.00431309        0.00356130
    14.4000000        0.00414679        0.00372600
    14.5000000        0.00643292        0.00328903
    14.6000000        0.00300167        0.00572733
    14.7000000        0.00095317        0.00488561
    14.8000000       -0.00094104        0.00398976
    14.9000000        0.00005720        0.00510997
    15.0000000        0.00110457        0.00499313
    15.1000000        0.00181558        0.00463978
    15.2000000        0.00224001        0.00235118
    15.3000000        0.00037685        0.00321665
    15.4000000        0.00133122        0.00295749
    15.5000000       -0.00324096        0.00468498
    15.6000000       -0.00123775        0.00467526
    15.7000000       -0.00447432        0.00524696
    15.8000000       -0.00221036        0.00716499
    15.9000000       -0.00120750        0.00203481
    16.0000000       -0.00149559        0.00342551
    16.1000000       -0.00214647        0.00497337
    16.2000000        0.00102949        0.00622860
    16.3000000        0.00130368        0.00740937
    16.4000000       -0.00517917        0.00818722
    16.5000000        0.00183873        0.00562776
    16.6000000        0.00015793        0.00456367
    16.7000000        0.00249045        0.00633135
    16.8000000       -0.00172669        0.00434189
    16.9000000        0.00586986        0.00356799
    17.0000000        0.00476585        0.00754653
    17.1000000        0.00376076        0.00773136
    17.2000000       -0.00051651        0.00631656
    17.3000000       -0.00655834        0.00911430
    17.4000000       -0.00377601        0.00595420
    17.5000000       -0.00577039        0.00849350
    17.6000000       -0.01359653        0.00918994
    17.7000000       -0.01438607        0.00724109
    17.8000000       -0.00379946        0.00584498
    17.9000000       -0.00427371        0.00545865
    18.0000000       -0.00668295        0.00869595
    18.1000000       -0.00076498        0.00677292
    18.2000000        0.00365033        0.00660514
    18.3000000        0.00607276        0.00416110
    18.4000000        0.01311383        0.00471422
    18.5000000        0.00845336        0.00261604
    18.6000000        0.01703028        0.00229188
    18.7000000        0.01710158        0.00362055
    18.8000000        0.02079892        0.00528908
    18.9000000        0.01315566        0.00920980
    19.0000000        0.01692675        0.00816971
    19.1000000        0.02349624        0.00882481
    19.2000000        0.02605774        0.00874811
    19.3000000        0.02888298        0.01346956
    19.4000000        0.02517896        0.01690494
    19.5000000        0.03541688        0.01382337
    19.6000000        0.04450437        0.01321957
    19.7000000        0.06047519        0.00876654
    19.8000000        0.09141687        0.00347278
    19.9000000        0.12333509        0.00684437
    20.0000000        0.16799462        0.01466152
