     0.0000000        1.79779134        0.00085719
     0.1000000        1.38457087        0.00093821
     0.2000000        1.07106020        0.00102902
     0.3000000        0.83488339        0.00101898
     0.4000000        0.65168688        0.00106864
     0.5000000        0.51115360        0.00102384
     0.6000000        0.40349583        0.00104536
     0.7000000        0.31933548        0.00105938
     0.8000000        0.25374721        0.00117405
     0.9000000        0.20413704        0.00107246
     1.0000000        0.16367532        0.00108645
     1.1000000        0.13337799        0.00085252
     1.2000000        0.10735643        0.00076398
     1.3000000        0.08763549        0.00077465
     1.4000000        0.07282178        0.00086157
     1.5000000        0.05939617        0.00078039
     1.6000000        0.04862041        0.00075837
     1.7000000        0.04115492        0.00071735
     1.8000000        0.03556887        0.00061355
     1.9000000        0.03163223        0.00062728
     2.0000000        0.02768231        0.00058063
     2.1000000        0.02518983        0.00059498
     2.2000000        0.02281350        0.00058842
     2.3000000        0.02083296        0.00053864
     2.4000000        0.01979392        0.00058906
     2.5000000        0.01922123        0.00063001
     2.6000000        0.01907568        0.00059231
     2.7000000        0.01840073        0.00051011
     2.8000000        0.01843384        0.00055798
     2.9000000        0.01946993        0.00066034
     3.0000000        0.02172996        0.00070387
     3.1000000        0.02446418        0.00069595
     3.2000000        0.02784656        0.00075397
     3.3000000        0.03209050        0.00069695
     3.4000000        0.03880731        0.00065734
     3.5000000        0.04734435        0.00067344
     3.6000000        0.06171693        0.00071473
     3.7000000        0.08025713        0.00076714
     3.8000000        0.10720085        0.00081213
     3.9000000        0.14586932        0.00081199
     4.0000000        0.20220866        0.00085719
