     0.0000000        0.72683368        0.00207328
     0.0500000        0.69255435        0.00191862
     0.1000000        0.66365858        0.00221238
     0.1500000        0.63872180        0.00259963
     0.2000000        0.61284351        0.00297923
     0.2500000        0.58824023        0.00394892
     0.3000000        0.56488604        0.00543770
     0.3500000        0.53824883        0.00606785
     0.4000000        0.52551886        0.00594341
     0.4500000        0.50726150        0.00781132
     0.5000000        0.48820319        0.00709963
     0.5500000        0.47457853        0.00698064
     0.6000000        0.47139095        0.00781085
     0.6500000        0.47284734        0.01037490
     0.7000000        0.46528894        0.01060538
     0.7500000        0.47697605        0.02045253
     0.8000000        0.45068455        0.01067769
     0.8500000        0.44331543        0.01047549
     0.9000000        0.44002991        0.01122147
     0.9500000        0.42834620        0.01020473
     1.0000000        0.43921991        0.01196757
     1.0500000        0.45055112        0.01277699
     1.1000000        0.45398213        0.01547892
     1.1500000        0.44665677        0.01307437
     1.2000000        0.43879259        0.00997299
     1.2500000        0.45299657        0.01486333
     1.3000000        0.46433892        0.01185620
     1.3500000        0.47553992        0.01089001
     1.4000000        0.48713635        0.00947507
     1.4500000        0.49517370        0.00941430
     1.5000000        0.51621512        0.01184008
     1.5500000        0.51978694        0.00867608
     1.6000000        0.52364938        0.00519749
     1.6500000        0.54445866        0.00619598
     1.7000000        0.56447904        0.00559503
     1.7500000        0.58152211        0.00433411
     1.8000000        0.60348801        0.00464834
     1.8500000        0.62973785        0.00348037
     1.9000000        0.66036522        0.00254627
     1.9500000        0.69112009        0.00250843
     2.0000000        0.72683368        0.00207328
