     0.0000000        0.26512502        0.00026612
     0.1250000        0.14089471        0.00016684
     0.2500000        0.07945033        0.00011171
     0.3750000        0.04839067        0.00007943
     0.5000000        0.03237874        0.00006401
     0.6250000        0.02397454        0.00005527
     0.7500000        0.01960455        0.00005063
     0.8750000        0.01749396        0.00004761
     1.0000000        0.01686976        0.00004735
     1.1250000        0.01750260        0.00004790
     1.2500000        0.01963219        0.00004934
     1.3750000        0.02398783        0.00005326
     1.5000000        0.03237616        0.00006190
     1.6250000        0.04839866        0.00008248
     1.7500000        0.07945730        0.00011543
     1.8750000        0.14085266        0.00016629
     2.0000000        0.26512502        0.00026612
