     0.0000000        0.75344364        0.00157716
     0.1000000        0.59480896        0.00723063
     0.2000000        0.51390515        0.01775693
     0.3000000        0.41707756        0.01972910
     0.4000000        0.35411303        0.01718495
     0.5000000        0.30804899        0.02248867
     0.6000000        0.27515535        0.02182377
     0.7000000        0.29160992        0.06074936
     0.8000000        0.36531246        0.16652151
     0.9000000        0.23358954        0.03823606
     1.0000000        0.21467742        0.04622954
     1.1000000        0.22716080        0.08301768
     1.2000000        0.12909352        0.02563046
     1.3000000        0.16022016        0.05424233
     1.4000000        0.15080992        0.07061760
     1.5000000        0.08835002        0.01960858
     1.6000000        0.07897403        0.01872814
     1.7000000        0.08805109        0.02104916
     1.8000000        0.07219533        0.01526276
     1.9000000        0.08452447        0.02931662
     2.0000000        0.11558651        0.07589907
     2.1000000        0.06131579        0.02760088
     2.2000000        0.05542279        0.01104828
     2.3000000        0.05856538        0.01862345
     2.4000000        0.04616453        0.01145455
     2.5000000        0.03287899        0.00976482
     2.6000000        0.03347806        0.01289074
     2.7000000        0.04243498        0.02809012
     2.8000000        0.03733673        0.01814521
     2.9000000        0.02467029        0.01206560
     3.0000000        0.02932079        0.01453606
     3.1000000        0.03211263        0.02468476
     3.2000000        0.02074009        0.01309730
     3.3000000        0.01198575        0.00488535
     3.4000000        0.00694117        0.00189173
     3.5000000        0.01008913        0.00470536
     3.6000000        0.00871765        0.00288666
     3.7000000        0.00341431        0.00098467
     3.8000000        0.00515830        0.00216766
     3.9000000        0.00326006        0.00086582
     4.0000000        0.00299885        0.00074400
     4.1000000        0.00283254        0.00095012
     4.2000000        0.00219959        0.00053930
     4.3000000        0.00304041        0.00094743
     4.4000000        0.00232815        0.00076885
     4.5000000        0.00256316        0.00107317
     4.6000000        0.00209833        0.00087497
     4.7000000        0.00204851        0.00067928
     4.8000000        0.00193197        0.00052772
     4.9000000        0.00221796        0.00059281
     5.0000000        0.00372634        0.00134765
     5.1000000        0.00472718        0.00223189
     5.2000000        0.00290838        0.00096526
     5.3000000        0.00333855        0.00166415
     5.4000000        0.00464371        0.00280765
     5.5000000        0.00550021        0.00355761
     5.6000000        0.00842542        0.00691957
     5.7000000        0.01609025        0.01231034
     5.8000000        0.00708606        0.00479340
     5.9000000        0.00360046        0.00202480
     6.0000000        0.00270100        0.00136799
     6.1000000        0.00537945        0.00349154
     6.2000000        0.00581291        0.00261578
     6.3000000        0.00737691        0.00346369
     6.4000000        0.00670333        0.00233770
     6.5000000        0.01492669        0.00776672
     6.6000000        0.03043332        0.02051802
     6.7000000        0.01293016        0.00378551
     6.8000000        0.01525269        0.00657542
     6.9000000        0.01519826        0.00484893
     7.0000000        0.02007990        0.01085552
     7.1000000        0.02811544        0.01259291
     7.2000000        0.02411334        0.01035571
     7.3000000        0.02140050        0.00719583
     7.4000000        0.02147190        0.00722504
     7.5000000        0.02564078        0.00670230
     7.6000000        0.03720938        0.01156602
     7.7000000        0.02964740        0.00424945
     7.8000000        0.04431371        0.01128228
     7.9000000        0.04549881        0.01052037
     8.0000000        0.06120769        0.01587839
     8.1000000        0.07693284        0.03791455
     8.2000000        0.05937473        0.00989269
     8.3000000        0.07124414        0.01897847
     8.4000000        0.06664054        0.01102453
     8.5000000        0.06346044        0.00775060
     8.6000000        0.06823245        0.00522789
     8.7000000        0.08122945        0.00709712
     8.8000000        0.08887914        0.00854932
     8.9000000        0.10945793        0.01363244
     9.0000000        0.11550790        0.01162932
     9.1000000        0.13228365        0.01075496
     9.2000000        0.16657958        0.01079536
     9.3000000        0.25066577        0.02099771
     9.4000000        0.25043350        0.01250370
     9.5000000        0.31297029        0.02106351
     9.6000000        0.35653654        0.01073779
     9.7000000        0.41155720        0.00988911
     9.8000000        0.49408639        0.00925148
     9.9000000        0.60348117        0.00822112
    10.0000000        0.75344364        0.00157716
