     0.0000000        0.02098433        0.00203125
     0.1000000        0.01671793        0.00221588
     0.2000000        0.01334369        0.00178727
     0.3000000        0.00999375        0.00142870
     0.4000000        0.00757827        0.00118115
     0.5000000        0.00650680        0.00102286
     0.6000000        0.00536960        0.00060655
     0.7000000        0.00493992        0.00066824
     0.8000000        0.00492742        0.00061101
     0.9000000        0.00378827        0.00084360
     1.0000000        0.00295401        0.00089395
     1.1000000        0.00276064        0.00112302
     1.2000000        0.00232338        0.00097002
     1.3000000        0.00197547        0.00110478
     1.4000000        0.00144848        0.00097321
     1.5000000        0.00078998        0.00092703
     1.6000000        0.00092882        0.00100809
     1.7000000        0.00104860        0.00093563
     1.8000000        0.00062126        0.00080455
     1.9000000        0.00028527        0.00093412
     2.0000000       -0.00081027        0.00090219
     2.1000000       -0.00097094        0.00093352
     2.2000000       -0.00052631        0.00082169
     2.3000000       -0.00076918        0.00097030
     2.4000000       -0.00036482        0.00098666
     2.5000000        0.00018236        0.00086473
     2.6000000       -0.00013124        0.00069650
     2.7000000       -0.00040616        0.00058455
     2.8000000       -0.00080886        0.00070556
     2.9000000       -0.00004616        0.00054805
     3.0000000        0.00009626        0.00068848
     3.1000000        0.00025636        0.00056914
     3.2000000        0.00007303        0.00062639
     3.3000000        0.00022450        0.00069701
     3.4000000        0.00035954        0.00069063
     3.5000000        0.00007446        0.00081998
     3.6000000       -0.00021702        0.00073400
     3.7000000       -0.00019023        0.00076475
     3.8000000       -0.00029966        0.00077743
     3.9000000       -0.00086508        0.00066641
     4.0000000       -0.00118605        0.00068070
     4.1000000       -0.00155723        0.00069005
     4.2000000       -0.00023944        0.00056333
     4.3000000        0.00044553        0.00059378
     4.4000000       -0.00013431        0.00074367
     4.5000000        0.00060363        0.00078087
     4.6000000        0.00033826        0.00068420
     4.7000000        0.00032084        0.00076278
     4.8000000        0.00008229        0.00076609
     4.9000000       -0.00014246        0.00070086
     5.0000000        0.00026992        0.00069352
     5.1000000       -0.00050421        0.00069122
     5.2000000        0.00016500        0.00074348
     5.3000000       -0.00043722        0.00078227
     5.4000000        0.00023412        0.00076464
     5.5000000        0.00058956        0.00070696
     5.6000000        0.00061402        0.00079233
     5.7000000        0.00087668        0.00085874
     5.8000000        0.00060474        0.00083958
     5.9000000       -0.00013316        0.00082154
     6.0000000        0.00000899        0.00107211
     6.1000000       -0.00037167        0.00122070
     6.2000000       -0.00078951        0.00105350
     6.3000000       -0.00138686        0.00080529
     6.4000000       -0.00131721        0.00072882
     6.5000000       -0.00144862        0.00077440
     6.6000000       -0.00117515        0.00087864
     6.7000000       -0.00126107        0.00082470
     6.8000000       -0.00061753        0.00079628
     6.9000000       -0.00008705        0.00062725
     7.0000000       -0.00043262        0.00075386
     7.1000000       -0.00059535        0.00079357
     7.2000000       -0.00025263        0.00081279
     7.3000000        0.00011876        0.00072639
     7.4000000        0.00036571        0.00076065
     7.5000000        0.00042752        0.00076924
     7.6000000       -0.00030430        0.00061392
     7.7000000       -0.00133623        0.00066147
     7.8000000       -0.00071673        0.00073216
     7.9000000       -0.00040949        0.00068913
     8.0000000       -0.00079269        0.00077537
     8.1000000       -0.00163337        0.00076933
     8.2000000       -0.00173136        0.00074390
     8.3000000       -0.00134372        0.00063462
     8.4000000       -0.00096404        0.00065655
     8.5000000       -0.00057615        0.00071998
     8.6000000       -0.00048909        0.00060897
     8.7000000       -0.00061469        0.00066889
     8.8000000       -0.00027774        0.00085061
     8.9000000       -0.00028175        0.00083950
     9.0000000       -0.00007840        0.00083455
     9.1000000        0.00015920        0.00087914
     9.2000000        0.00040255        0.00088514
     9.3000000       -0.00007122        0.00087939
     9.4000000        0.00042924        0.00079164
     9.5000000       -0.00015980        0.00062912
     9.6000000       -0.00021053        0.00072953
     9.7000000        0.00011424        0.00093131
     9.8000000        0.00043826        0.00092492
     9.9000000        0.00051192        0.00091409
    10.0000000       -0.00012382        0.00114356
    10.1000000        0.00033728        0.00107389
    10.2000000       -0.00020729        0.00100930
    10.3000000       -0.00040854        0.00105038
    10.4000000       -0.00092463        0.00079076
    10.5000000       -0.00166729        0.00089912
    10.6000000       -0.00169794        0.00068625
    10.7000000       -0.00186141        0.00074629
    10.8000000       -0.00095559        0.00081593
    10.9000000       -0.00078248        0.00064033
    11.0000000       -0.00047803        0.00077572
    11.1000000       -0.00017955        0.00086504
    11.2000000        0.00039767        0.00097765
    11.3000000       -0.00016509        0.00085504
    11.4000000        0.00031280        0.00085455
    11.5000000        0.00070904        0.00088265
    11.6000000        0.00082809        0.00072149
    11.7000000        0.00041148        0.00100960
    11.8000000        0.00044657        0.00076417
    11.9000000        0.00045871        0.00071656
    12.0000000        0.00065425        0.00077965
    12.1000000        0.00039631        0.00078510
    12.2000000        0.00048170        0.00070062
    12.3000000        0.00070886        0.00070902
    12.4000000        0.00104853        0.00062689
    12.5000000        0.00115856        0.00044758
    12.6000000        0.00130511        0.00048518
    12.7000000        0.00144520        0.00081519
    12.8000000        0.00110350        0.00084936
    12.9000000        0.00126822        0.00088854
    13.0000000        0.00098869        0.00088101
    13.1000000        0.00153553        0.00087083
    13.2000000        0.00097471        0.00091634
    13.3000000        0.00120269        0.00086351
    13.4000000        0.00118579        0.00084769
    13.5000000        0.00151600        0.00085561
    13.6000000        0.00109696        0.00091476
    13.7000000        0.00136007        0.00095458
    13.8000000        0.00164381        0.00082880
    13.9000000        0.00229774        0.00086188
    14.0000000        0.00186380        0.00101193
    14.1000000        0.00189523        0.00088792
    14.2000000        0.00211864        0.00075606
    14.3000000        0.00224795        0.00078767
    14.4000000        0.00214319        0.00071397
    14.5000000        0.00319313        0.00078662
    14.6000000        0.00213923        0.00080328
    14.7000000        0.00206775        0.00092610
    14.8000000        0.00209406        0.00103897
    14.9000000        0.00309641        0.00096485
    15.0000000        0.00418677        0.00107237
    15.1000000        0.00398225        0.00093792
    15.2000000        0.00459107        0.00095385
    15.3000000        0.00523979        0.00086577
    15.4000000        0.00542506        0.00091267
    15.5000000        0.00666728        0.00089501
    15.6000000        0.00743606        0.00105077
    15.7000000        0.00790396        0.00094267
    15.8000000        0.00806175        0.00093790
    15.9000000        0.00891624        0.00085154
    16.0000000        0.01024284        0.00077899
    16.1000000        0.01119972        0.00076237
    16.2000000        0.01241864        0.00078528
    16.3000000        0.01394499        0.00085871
    16.4000000        0.01628832        0.00071965
    16.5000000        0.01895701        0.00055311
    16.6000000        0.02079826        0.00055478
    16.7000000        0.02338810        0.00068917
    16.8000000        0.02568411        0.00069702
    16.9000000        0.02841826        0.00068453
    17.0000000        0.03148124        0.00091366
    17.1000000        0.03589377        0.00109403
    17.2000000        0.03992292        0.00099216
    17.3000000        0.04486088        0.00102493
    17.4000000        0.05033066        0.00092520
    17.5000000        0.05637325        0.00110108
    17.6000000        0.06336653        0.00138367
    17.7000000        0.07026913        0.00146637
    17.8000000        0.07859324        0.00138153
    17.9000000        0.08788127        0.00166558
    18.0000000        0.09773610        0.00175998
    18.1000000        0.10933162        0.00173407
    18.2000000        0.12207088        0.00208829
    18.3000000        0.13584750        0.00208914
    18.4000000        0.15253010        0.00235236
    18.5000000        0.17165618        0.00215113
    18.6000000        0.19203084        0.00193865
    18.7000000        0.21421045        0.00183938
    18.8000000        0.24074704        0.00179699
    18.9000000        0.27040203        0.00175374
    19.0000000        0.30224658        0.00210931
    19.1000000        0.33971916        0.00181711
    19.2000000        0.38054031        0.00198303
    19.3000000        0.42801769        0.00222599
    19.4000000        0.48103294        0.00234191
    19.5000000        0.54073204        0.00248382
    19.6000000        0.60677291        0.00279393
    19.7000000        0.68079745        0.00209190
    19.8000000        0.76772988        0.00249602
    19.9000000        0.86578821        0.00191511
    20.0000000        0.97901567        0.00203125
