     0.0000000        0.14740940        0.00553288
     0.1000000        0.09410129        0.00705098
     0.2000000        0.06544975        0.00587072
     0.3000000        0.04723624        0.00308464
     0.4000000        0.03574069        0.00431221
     0.5000000        0.02859163        0.00282617
     0.6000000        0.02147740        0.00414577
     0.7000000        0.02208024        0.00356850
     0.8000000        0.02076414        0.00278108
     0.9000000        0.02083716        0.00261936
     1.0000000        0.02058620        0.00322851
     1.1000000        0.01617531        0.00255990
     1.2000000        0.01307056        0.00341936
     1.3000000        0.01162768        0.00328134
     1.4000000        0.00660677        0.00344631
     1.5000000        0.00714211        0.00415589
     1.6000000        0.00568929        0.00548091
     1.7000000        0.00673262        0.00530421
     1.8000000        0.00639361        0.00398749
     1.9000000        0.00568529        0.00282619
     2.0000000        0.00267649        0.00216206
     2.1000000        0.00078433        0.00170822
     2.2000000        0.00249644        0.00092691
     2.3000000        0.00269258        0.00116335
     2.4000000        0.00175750        0.00139559
     2.5000000        0.00023700        0.00091894
     2.6000000        0.00009597        0.00103466
     2.7000000        0.00050125        0.00166821
     2.8000000       -0.00049545        0.00163343
     2.9000000       -0.00079062        0.00147705
     3.0000000        0.00008469        0.00078591
     3.1000000       -0.00044753        0.00085895
     3.2000000       -0.00022786        0.00153035
     3.3000000       -0.00031939        0.00126494
     3.4000000       -0.00056578        0.00088166
     3.5000000       -0.00006343        0.00153033
     3.6000000        0.00056594        0.00110054
     3.7000000        0.00096500        0.00115667
     3.8000000        0.00124788        0.00164968
     3.9000000        0.00166137        0.00197697
     4.0000000        0.00080747        0.00115186
     4.1000000        0.00143973        0.00115862
     4.2000000        0.00067093        0.00073215
     4.3000000        0.00105513        0.00080538
     4.4000000        0.00037157        0.00092393
     4.5000000        0.00065862        0.00060837
     4.6000000        0.00022194        0.00060849
     4.7000000       -0.00019323        0.00059489
     4.8000000       -0.00122369        0.00063250
     4.9000000       -0.00092094        0.00077775
     5.0000000       -0.00068285        0.00055142
     5.1000000       -0.00047313        0.00049240
     5.2000000       -0.00059009        0.00069047
     5.3000000        0.00022790        0.00064380
     5.4000000        0.00029598        0.00059972
     5.5000000        0.00053266        0.00066165
     5.6000000        0.00025620        0.00079207
     5.7000000        0.00109176        0.00086585
     5.8000000        0.00088359        0.00065879
     5.9000000        0.00085004        0.00090262
     6.0000000        0.00156594        0.00142417
     6.1000000        0.00177344        0.00114888
     6.2000000        0.00158266        0.00081988
     6.3000000        0.00154313        0.00067351
     6.4000000        0.00090013        0.00113077
     6.5000000        0.00146103        0.00114236
     6.6000000        0.00302568        0.00160485
     6.7000000        0.00196323        0.00094718
     6.8000000        0.00200455        0.00144856
     6.9000000        0.00349761        0.00098929
     7.0000000        0.00289134        0.00134194
     7.1000000        0.00467152        0.00078717
     7.2000000        0.00437768        0.00055386
     7.3000000        0.00568064        0.00162697
     7.4000000        0.00785091        0.00165691
     7.5000000        0.01045295        0.00206851
     7.6000000        0.01356226        0.00183763
     7.7000000        0.01577186        0.00163555
     7.8000000        0.02179983        0.00223926
     7.9000000        0.02587846        0.00300538
     8.0000000        0.03081245        0.00341740
     8.1000000        0.03714738        0.00368848
     8.2000000        0.04480799        0.00384134
     8.3000000        0.05571008        0.00335509
     8.4000000        0.06633746        0.00377676
     8.5000000        0.07956804        0.00344665
     8.6000000        0.09516674        0.00317742
     8.7000000        0.11659626        0.00420513
     8.8000000        0.14441060        0.00366260
     8.9000000        0.18092199        0.00527528
     9.0000000        0.22189741        0.00758220
     9.1000000        0.27264849        0.00668437
     9.2000000        0.33964444        0.00767338
     9.3000000        0.42441620        0.00555106
     9.4000000        0.52262038        0.00630852
     9.5000000        0.64952603        0.00733005
     9.6000000        0.79742708        0.00649855
     9.7000000        0.98155938        0.00590540
     9.8000000        1.21560233        0.00826339
     9.9000000        1.50648634        0.00954231
    10.0000000        1.85259060        0.00553288
