     0.0000000        1.72734697        0.00069857
     0.1250000        1.24473991        0.00075485
     0.2500000        0.91153269        0.00078742
     0.3750000        0.67960498        0.00081875
     0.5000000        0.51598467        0.00076379
     0.6250000        0.40120205        0.00076003
     0.7500000        0.31906831        0.00071210
     0.8750000        0.26169127        0.00071947
     1.0000000        0.22057340        0.00067796
     1.1250000        0.19234202        0.00064630
     1.2500000        0.17565330        0.00063175
     1.3750000        0.16556484        0.00057451
     1.5000000        0.16464819        0.00059482
     1.6250000        0.17104553        0.00063204
     1.7500000        0.18794822        0.00063369
     1.8750000        0.22004882        0.00067535
     2.0000000        0.27265303        0.00069857
