         201           5   20.000000000000000                1
     0.0000000        0.04181262        0.00645304
     0.1000000        0.02601205        0.00384583
     0.2000000        0.02110718        0.00286061
     0.3000000        0.01238885        0.00641900
     0.4000000        0.00561262        0.00731116
     0.5000000        0.00621809        0.00976129
     0.6000000        0.00164621        0.01009539
     0.7000000        0.00654712        0.00604049
     0.8000000        0.00194024        0.00670201
     0.9000000        0.00725246        0.00372290
     1.0000000       -0.00147065        0.01154133
     1.1000000       -0.00516792        0.01385538
     1.2000000       -0.00544333        0.01398647
     1.3000000       -0.00604073        0.00942951
     1.4000000        0.00204013        0.00838839
     1.5000000        0.00227975        0.00347866
     1.6000000        0.00380631        0.00305457
     1.7000000       -0.00104143        0.00339919
     1.8000000       -0.00268562        0.00450753
     1.9000000       -0.00060183        0.00510788
     2.0000000       -0.00202027        0.00255126
     2.1000000       -0.00081597        0.00413951
     2.2000000        0.00496443        0.00288512
     2.3000000        0.00323737        0.00400380
     2.4000000        0.00278658        0.00315159
     2.5000000       -0.00119295        0.00271500
     2.6000000        0.00267076        0.00359427
     2.7000000        0.00319570        0.00228322
     2.8000000        0.00482529        0.00142086
     2.9000000        0.00631687        0.00192406
     3.0000000        0.00912253        0.00257500
     3.1000000       -0.00059197        0.00210097
     3.2000000       -0.00128502        0.00334780
     3.3000000       -0.00034826        0.00233775
     3.4000000       -0.00296930        0.00276143
     3.5000000       -0.00835767        0.00668720
     3.6000000        0.00409799        0.00570218
     3.7000000        0.00367559        0.00616818
     3.8000000        0.00193748        0.00272755
     3.9000000        0.00041857        0.00164019
     4.0000000        0.00096351        0.00284515
     4.1000000        0.00180810        0.00299683
     4.2000000        0.00239365        0.00309111
     4.3000000        0.00458055        0.00270298
     4.4000000        0.00092188        0.00159369
     4.5000000       -0.00044411        0.00280143
     4.6000000        0.00099888        0.00169884
     4.7000000        0.00262289        0.00157657
     4.8000000        0.00237536        0.00145167
     4.9000000        0.00282970        0.00259495
     5.0000000        0.00686633        0.00240930
     5.1000000        0.00564227        0.00180314
     5.2000000        0.00387559        0.00160448
     5.3000000        0.00471033        0.00261650
     5.4000000        0.00783180        0.00115602
     5.5000000        0.00243152        0.00148435
     5.6000000        0.00129876        0.00389827
     5.7000000        0.00580374        0.00579870
     5.8000000        0.00848572        0.00757962
     5.9000000        0.00803058        0.00603445
     6.0000000        0.00624330        0.00502800
     6.1000000        0.00404587        0.00284322
     6.2000000        0.00209723        0.00211802
     6.3000000        0.00413047        0.00375858
     6.4000000        0.00577286        0.00314922
     6.5000000        0.00412905        0.00294079
     6.6000000        0.00516210        0.00176236
     6.7000000        0.00338654        0.00196342
     6.8000000        0.00701352        0.00422693
     6.9000000        0.00429293        0.00370871
     7.0000000        0.00252391        0.00432718
     7.1000000       -0.00012066        0.00248385
     7.2000000       -0.00058225        0.00259368
     7.3000000       -0.00104753        0.00200519
     7.4000000       -0.00200947        0.00315666
     7.5000000       -0.00301457        0.00254359
     7.6000000       -0.00349971        0.00197638
     7.7000000       -0.00117848        0.00095063
     7.8000000       -0.00119199        0.00203935
     7.9000000        0.00136216        0.00158645
     8.0000000        0.00124674        0.00194369
     8.1000000       -0.00105904        0.00198742
     8.2000000       -0.00406927        0.00189895
     8.3000000       -0.00096072        0.00187222
     8.4000000        0.00046471        0.00295407
     8.5000000       -0.00089913        0.00139481
     8.6000000       -0.00057999        0.00129928
     8.7000000       -0.00202372        0.00087816
     8.8000000        0.00032514        0.00289292
     8.9000000        0.00219064        0.00219002
     9.0000000        0.00070247        0.00100195
     9.1000000        0.00138976        0.00185146
     9.2000000        0.00064773        0.00220555
     9.3000000       -0.00050693        0.00079277
     9.4000000       -0.00074279        0.00171654
     9.5000000       -0.00214494        0.00148150
     9.6000000        0.00028087        0.00123695
     9.7000000        0.00167916        0.00230409
     9.8000000       -0.00082438        0.00241098
     9.9000000       -0.00211538        0.00228055
    10.0000000        0.00016334        0.00304064
    10.1000000        0.00177763        0.00131619
    10.2000000        0.00347586        0.00314213
    10.3000000        0.00313808        0.00180326
    10.4000000        0.00226477        0.00253338
    10.5000000        0.00216535        0.00226889
    10.6000000        0.00287677        0.00107752
    10.7000000        0.00152837        0.00144154
    10.8000000        0.00213026        0.00159812
    10.9000000        0.00207208        0.00195124
    11.0000000       -0.00045514        0.00186353
    11.1000000       -0.00005029        0.00107372
    11.2000000       -0.00016252        0.00110544
    11.3000000       -0.00006860        0.00187009
    11.4000000        0.00166803        0.00268959
    11.5000000        0.00220424        0.00172001
    11.6000000        0.00086279        0.00268018
    11.7000000        0.00069040        0.00189649
    11.8000000        0.00197374        0.00199877
    11.9000000        0.00181646        0.00161026
    12.0000000        0.00085708        0.00192689
    12.1000000        0.00179418        0.00350564
    12.2000000        0.00175518        0.00400204
    12.3000000       -0.00051511        0.00388628
    12.4000000        0.00166979        0.00298360
    12.5000000        0.00233203        0.00292053
    12.6000000       -0.00041518        0.00149579
    12.7000000       -0.00337932        0.00410973
    12.8000000       -0.00172619        0.00296618
    12.9000000       -0.00277532        0.00239485
    13.0000000       -0.00184526        0.00060462
    13.1000000       -0.00271086        0.00209518
    13.2000000        0.00073609        0.00125774
    13.3000000       -0.00024560        0.00257438
    13.4000000       -0.00144190        0.00270749
    13.5000000       -0.00162952        0.00193561
    13.6000000       -0.00013462        0.00234124
    13.7000000       -0.00027761        0.00195523
    13.8000000        0.00124854        0.00255582
    13.9000000        0.00123278        0.00113465
    14.0000000        0.00123066        0.00150379
    14.1000000        0.00342703        0.00230165
    14.2000000        0.00134495        0.00124256
    14.3000000        0.00141418        0.00236913
    14.4000000        0.00054046        0.00406223
    14.5000000       -0.00181010        0.00298823
    14.6000000       -0.00244355        0.00360706
    14.7000000       -0.00360120        0.00176214
    14.8000000       -0.00153812        0.00220222
    14.9000000       -0.00073860        0.00298330
    15.0000000       -0.00070296        0.00351406
    15.1000000       -0.00311495        0.00476469
    15.2000000        0.00016271        0.00287083
    15.3000000        0.00099210        0.00289587
    15.4000000        0.00021997        0.00283358
    15.5000000       -0.00030615        0.00132368
    15.6000000        0.00001998        0.00321081
    15.7000000       -0.00242551        0.00364072
    15.8000000        0.00023575        0.00551658
    15.9000000       -0.00097267        0.00314725
    16.0000000        0.00103020        0.00237453
    16.1000000        0.00038832        0.00200748
    16.2000000        0.00306309        0.00218081
    16.3000000        0.00233886        0.00333088
    16.4000000       -0.00243341        0.00242361
    16.5000000       -0.00374192        0.00293007
    16.6000000       -0.00175122        0.00245396
    16.7000000       -0.00061755        0.00316165
    16.8000000        0.00266076        0.00426621
    16.9000000       -0.00002369        0.00166623
    17.0000000        0.00024269        0.00369275
    17.1000000       -0.00314281        0.00183151
    17.2000000       -0.00661392        0.00533988
    17.3000000       -0.00632990        0.01200365
    17.4000000       -0.00922541        0.00703660
    17.5000000       -0.00646889        0.00313909
    17.6000000       -0.00378608        0.00308667
    17.7000000       -0.00421164        0.00201823
    17.8000000       -0.00448912        0.00402633
    17.9000000        0.00339373        0.00160813
    18.0000000        0.00148069        0.00359897
    18.1000000        0.00531269        0.00317651
    18.2000000        0.00401441        0.00039537
    18.3000000        0.00267000        0.00530114
    18.4000000       -0.00069192        0.00624115
    18.5000000        0.00192867        0.00676046
    18.6000000        0.00478450        0.00544243
    18.7000000        0.00486576        0.00413947
    18.8000000        0.00749446        0.00435743
    18.9000000        0.01745169        0.00751944
    19.0000000        0.02948768        0.00706317
    19.1000000        0.04393686        0.00522358
    19.2000000        0.06104422        0.00749772
    19.3000000        0.08445174        0.01727793
    19.4000000        0.11580843        0.01707206
    19.5000000        0.15002553        0.01032451
    19.6000000        0.21485879        0.01675070
    19.7000000        0.32076466        0.01204199
    19.8000000        0.46177952        0.01028075
    19.9000000        0.66397397        0.01322071
    20.0000000        0.95818738        0.00645304
