     0.0000000        0.10234785        0.00195677
     0.1000000        0.07257622        0.00143460
     0.2000000        0.05186272        0.00101323
     0.3000000        0.03767822        0.00083474
     0.4000000        0.02752769        0.00072443
     0.5000000        0.02009934        0.00063174
     0.6000000        0.01460088        0.00054019
     0.7000000        0.01071243        0.00048137
     0.8000000        0.00791196        0.00042572
     0.9000000        0.00577045        0.00032684
     1.0000000        0.00424872        0.00027174
     1.1000000        0.00316535        0.00022379
     1.2000000        0.00234218        0.00016538
     1.3000000        0.00170363        0.00013737
     1.4000000        0.00126026        0.00011640
     1.5000000        0.00095637        0.00009801
     1.6000000        0.00072283        0.00007882
     1.7000000        0.00056788        0.00006728
     1.8000000        0.00043154        0.00005305
     1.9000000        0.00032305        0.00004147
     2.0000000        0.00024328        0.00003420
     2.1000000        0.00018519        0.00002526
     2.2000000        0.00013836        0.00002057
     2.3000000        0.00009526        0.00001724
     2.4000000        0.00006218        0.00001142
     2.5000000        0.00004579        0.00001023
     2.6000000        0.00003245        0.00001013
     2.7000000        0.00002146        0.00000796
     2.8000000        0.00001320        0.00000707
     2.9000000        0.00000666        0.00000587
     3.0000000        0.00000190        0.00000551
     3.1000000        0.00000282        0.00000590
     3.2000000        0.00000481        0.00000646
     3.3000000        0.00000789        0.00000721
     3.4000000        0.00001404        0.00001187
     3.5000000        0.00001840        0.00001637
     3.6000000        0.00001389        0.00001217
     3.7000000        0.00000989        0.00001010
     3.8000000        0.00000616        0.00000837
     3.9000000        0.00000340        0.00000743
     4.0000000       -0.00000006        0.00000605
     4.1000000       -0.00000109        0.00000573
     4.2000000       -0.00000259        0.00000511
     4.3000000       -0.00000226        0.00000427
     4.4000000       -0.00000171        0.00000418
     4.5000000       -0.00000051        0.00000449
     4.6000000        0.00000040        0.00000454
     4.7000000        0.00000055        0.00000445
     4.8000000       -0.00000005        0.00000479
     4.9000000        0.00000099        0.00000553
     5.0000000        0.00000239        0.00000646
     5.1000000        0.00000161        0.00000625
     5.2000000        0.00000161        0.00000608
     5.3000000        0.00000176        0.00000667
     5.4000000        0.00000122        0.00000703
     5.5000000       -0.00000100        0.00000745
     5.6000000       -0.00000018        0.00000741
     5.7000000       -0.00000115        0.00000696
     5.8000000       -0.00000150        0.00000690
     5.9000000       -0.00000171        0.00000711
     6.0000000       -0.00000208        0.00000734
     6.1000000       -0.00000148        0.00000706
     6.2000000       -0.00000026        0.00000643
     6.3000000        0.00000065        0.00000623
     6.4000000        0.00000278        0.00000564
     6.5000000        0.00000561        0.00000646
     6.6000000        0.00000879        0.00000654
     6.7000000        0.00000942        0.00000629
     6.8000000        0.00001284        0.00000710
     6.9000000        0.00002178        0.00000946
     7.0000000        0.00002943        0.00001085
     7.1000000        0.00003445        0.00000984
     7.2000000        0.00004034        0.00000630
     7.3000000        0.00004837        0.00000491
     7.4000000        0.00006513        0.00000766
     7.5000000        0.00008251        0.00001001
     7.6000000        0.00009902        0.00000959
     7.7000000        0.00011537        0.00001251
     7.8000000        0.00014219        0.00002134
     7.9000000        0.00017020        0.00002856
     8.0000000        0.00022056        0.00003453
     8.1000000        0.00028335        0.00004540
     8.2000000        0.00037319        0.00005166
     8.3000000        0.00050759        0.00005827
     8.4000000        0.00068899        0.00006647
     8.5000000        0.00094977        0.00007442
     8.6000000        0.00128463        0.00009118
     8.7000000        0.00171434        0.00010762
     8.8000000        0.00226134        0.00013499
     8.9000000        0.00308837        0.00017046
     9.0000000        0.00420440        0.00021996
     9.1000000        0.00567477        0.00027240
     9.2000000        0.00772379        0.00035355
     9.3000000        0.01048686        0.00043955
     9.4000000        0.01421036        0.00055139
     9.5000000        0.01952222        0.00071755
     9.6000000        0.02663165        0.00093334
     9.7000000        0.03688154        0.00124495
     9.8000000        0.05138042        0.00152506
     9.9000000        0.07229541        0.00175268
    10.0000000        0.10234785        0.00195677
