     0.0000000        0.19906071        0.85496260
     0.1000000        0.41561756        0.41024990
     0.2000000        0.01770332        0.69971637
     0.3000000       -1.04494109        1.74090802
     0.4000000        0.31088870        0.20746069
     0.5000000       -1.03899024        1.50680434
     0.6000000       -0.25178305        0.50279664
     0.7000000       -1.21480751        1.40380408
     0.8000000        0.11789638        0.10447790
     0.9000000        0.14897738        0.10380805
     1.0000000        0.47517465        0.36234999
     1.1000000        0.23035458        0.20405298
     1.2000000        0.15947020        0.07176381
     1.3000000        0.08904022        0.15479436
     1.4000000       -0.08729232        0.15970333
     1.5000000        0.12385405        0.05565785
     1.6000000        0.11897763        0.03288559
     1.7000000        0.13822690        0.06111847
     1.8000000        0.12058789        0.10458392
     1.9000000        0.09392806        0.07661498
     2.0000000        0.09171645        0.04501158
     2.1000000        0.04316550        0.02575455
     2.2000000        0.01526195        0.08454964
     2.3000000        0.00369735        0.02290445
     2.4000000       -0.00651052        0.06959300
     2.5000000        0.00067113        0.04381672
     2.6000000        0.05792591        0.06282905
     2.7000000        0.04493600        0.02785493
     2.8000000        0.09374055        0.06522008
     2.9000000        0.03187327        0.02980389
     3.0000000        0.03387299        0.04304606
     3.1000000       -0.02082781        0.04039519
     3.2000000       -0.00482395        0.03384411
     3.3000000        0.00983902        0.01183370
     3.4000000       -0.03814776        0.03319743
     3.5000000       -0.03243106        0.02776169
     3.6000000       -0.02928563        0.03125236
     3.7000000        0.00177113        0.02770641
     3.8000000        0.02377511        0.03192068
     3.9000000       -0.00608123        0.02615214
     4.0000000       -0.02587136        0.05425199
     4.1000000        0.02403458        0.02967510
     4.2000000       -0.07514799        0.10321284
     4.3000000        0.06664690        0.25352239
     4.4000000       -0.17014153        0.16602774
     4.5000000        0.80575427        0.83421278
     4.6000000        0.29999723        0.29939359
     4.7000000        0.14764076        0.15042734
     4.8000000        0.29368153        0.27918019
     4.9000000        0.10654931        0.08214420
     5.0000000        0.05526900        0.03618382
     5.1000000        0.08720785        0.04887408
     5.2000000        0.02509221        0.02013616
     5.3000000        0.01050998        0.04964353
     5.4000000       -0.20158149        0.21909615
     5.5000000       -0.02194869        0.07017092
     5.6000000        0.02572428        0.02088463
     5.7000000       -0.05419490        0.04769831
     5.8000000        0.03067298        0.04281812
     5.9000000        0.09087731        0.04444398
     6.0000000        0.01941772        0.03269610
     6.1000000        0.01095476        0.04033998
     6.2000000       -0.01944383        0.07829392
     6.3000000        0.02016900        0.05463269
     6.4000000       -0.01352750        0.09240896
     6.5000000       -0.00317632        0.06583924
     6.6000000       -0.12181959        0.20834135
     6.7000000       -0.00394747        0.10764171
     6.8000000       -0.31747932        0.37608530
     6.9000000       -0.08767560        0.19898258
     7.0000000       -0.15682013        0.41978775
     7.1000000        0.59514681        0.44228308
     7.2000000       -0.15331713        0.45163921
     7.3000000        0.03874207        0.10992080
     7.4000000        0.11682921        0.07747451
     7.5000000       -0.37657320        0.43108155
     7.6000000       -0.92370051        1.04386193
     7.7000000       -2.28328076        2.53769363
     7.8000000       -1.07256188        1.23525540
     7.9000000       -0.40132653        0.48858526
     8.0000000       -0.36940845        0.28858292
     8.1000000       -0.55058758        0.49190239
     8.2000000       -0.06177111        0.15169156
     8.3000000        0.27040997        0.10365070
     8.4000000        0.50786821        0.33427927
     8.5000000        0.39190349        0.22005084
     8.6000000        0.10541553        0.07041742
     8.7000000        0.22361006        0.05738592
     8.8000000        0.05007163        0.10023182
     8.9000000        0.12470572        0.07971988
     9.0000000        0.08839816        0.08948762
     9.1000000        0.14663005        0.05024257
     9.2000000        0.12971183        0.06475594
     9.3000000        0.12095682        0.07501864
     9.4000000        0.21689669        0.03936820
     9.5000000        0.51501449        0.08755678
     9.6000000        0.51410180        0.20591697
     9.7000000        0.85963443        0.23311715
     9.8000000        2.10977959        1.45302525
     9.9000000        0.94757126        0.07306521
    10.0000000        0.19906071        0.85496260
