     0.0000000        1.40933409        0.00358363
     0.1250000        1.26078722        0.00354653
     0.2500000        1.16125636        0.00355380
     0.3750000        1.09125680        0.00357027
     0.5000000        1.04279795        0.00356562
     0.6250000        1.00956471        0.00356529
     0.7500000        0.98773596        0.00362596
     0.8750000        0.97534839        0.00365171
     1.0000000        0.97088423        0.00364704
     1.1250000        0.97413442        0.00362398
     1.2500000        0.98585876        0.00360589
     1.3750000        1.00804475        0.00361134
     1.5000000        1.04239612        0.00361338
     1.6250000        1.09124254        0.00358563
     1.7500000        1.16057152        0.00357362
     1.8750000        1.26079707        0.00357098
     2.0000000        1.40933409        0.00358363
