     0.0000000        0.99633222        0.00090577
     0.1000000        0.77079892        0.00318142
     0.2000000        0.59391093        0.00342525
     0.3000000        0.45919737        0.00294188
     0.4000000        0.35696911        0.00235069
     0.5000000        0.27619409        0.00199089
     0.6000000        0.21374143        0.00229582
     0.7000000        0.16686401        0.00184399
     0.8000000        0.12792570        0.00133798
     0.9000000        0.09847487        0.00107156
     1.0000000        0.07631311        0.00124280
     1.1000000        0.05924217        0.00123735
     1.2000000        0.04581972        0.00117939
     1.3000000        0.03471039        0.00108059
     1.4000000        0.02674416        0.00106997
     1.5000000        0.02034202        0.00094807
     1.6000000        0.01570429        0.00096102
     1.7000000        0.01149653        0.00056476
     1.8000000        0.00921132        0.00082190
     1.9000000        0.00723879        0.00065302
     2.0000000        0.00524960        0.00049306
     2.1000000        0.00370284        0.00049347
     2.2000000        0.00291243        0.00053741
     2.3000000        0.00268548        0.00077246
     2.4000000        0.00203877        0.00068918
     2.5000000        0.00197653        0.00054270
     2.6000000        0.00142085        0.00047697
     2.7000000        0.00135237        0.00050998
     2.8000000        0.00143039        0.00064625
     2.9000000        0.00089774        0.00061569
     3.0000000        0.00086128        0.00046151
     3.1000000        0.00035239        0.00060694
     3.2000000        0.00086218        0.00056836
     3.3000000        0.00099703        0.00045255
     3.4000000        0.00082945        0.00042169
     3.5000000        0.00091357        0.00045160
     3.6000000        0.00124778        0.00053031
     3.7000000        0.00099083        0.00063685
     3.8000000        0.00139722        0.00060849
     3.9000000        0.00087646        0.00054033
     4.0000000        0.00099440        0.00050236
     4.1000000        0.00060821        0.00044160
     4.2000000        0.00040180        0.00036688
     4.3000000       -0.00006622        0.00055445
     4.4000000        0.00046144        0.00045526
     4.5000000       -0.00013689        0.00048198
     4.6000000       -0.00035516        0.00050502
     4.7000000       -0.00041555        0.00044299
     4.8000000       -0.00059107        0.00045327
     4.9000000       -0.00078868        0.00038612
     5.0000000       -0.00071739        0.00040054
     5.1000000       -0.00085152        0.00040267
     5.2000000       -0.00087603        0.00037288
     5.3000000       -0.00030441        0.00040551
     5.4000000       -0.00011003        0.00052506
     5.5000000        0.00003059        0.00050265
     5.6000000       -0.00042125        0.00039460
     5.7000000       -0.00041096        0.00051539
     5.8000000       -0.00012668        0.00040740
     5.9000000        0.00020333        0.00033854
     6.0000000        0.00006476        0.00051683
     6.1000000        0.00039580        0.00034914
     6.2000000        0.00032136        0.00048972
     6.3000000        0.00045127        0.00050236
     6.4000000        0.00025646        0.00036198
     6.5000000        0.00038530        0.00040537
     6.6000000       -0.00000527        0.00041909
     6.7000000        0.00042782        0.00027160
     6.8000000        0.00026418        0.00032843
     6.9000000        0.00020078        0.00033574
     7.0000000       -0.00005723        0.00024409
     7.1000000       -0.00037402        0.00030653
     7.2000000        0.00002411        0.00042511
     7.3000000        0.00029942        0.00036899
     7.4000000       -0.00032750        0.00035011
     7.5000000       -0.00062596        0.00044190
     7.6000000       -0.00045536        0.00040742
     7.7000000       -0.00060656        0.00044517
     7.8000000       -0.00072564        0.00041941
     7.9000000       -0.00058785        0.00051256
     8.0000000       -0.00029754        0.00030810
     8.1000000       -0.00029415        0.00042059
     8.2000000        0.00018615        0.00036937
     8.3000000        0.00049702        0.00040916
     8.4000000        0.00019713        0.00038825
     8.5000000        0.00040118        0.00033393
     8.6000000        0.00029514        0.00028956
     8.7000000        0.00049010        0.00037575
     8.8000000        0.00084036        0.00045981
     8.9000000        0.00045997        0.00040062
     9.0000000        0.00075169        0.00045651
     9.1000000        0.00035432        0.00046490
     9.2000000        0.00034913        0.00049837
     9.3000000        0.00009104        0.00056141
     9.4000000        0.00053320        0.00052514
     9.5000000        0.00106458        0.00044166
     9.6000000        0.00041097        0.00037646
     9.7000000        0.00062842        0.00030379
     9.8000000       -0.00019287        0.00042043
     9.9000000       -0.00010114        0.00039951
    10.0000000       -0.00061446        0.00045737
    10.1000000       -0.00050131        0.00046743
    10.2000000       -0.00052703        0.00051632
    10.3000000       -0.00031810        0.00066034
    10.4000000       -0.00038048        0.00056607
    10.5000000       -0.00062070        0.00050888
    10.6000000       -0.00053122        0.00049825
    10.7000000       -0.00045397        0.00045797
    10.8000000       -0.00073848        0.00050658
    10.9000000       -0.00035184        0.00046126
    11.0000000       -0.00000646        0.00044739
    11.1000000       -0.00012038        0.00030310
    11.2000000       -0.00036664        0.00041657
    11.3000000       -0.00057804        0.00029993
    11.4000000       -0.00054448        0.00028818
    11.5000000       -0.00016664        0.00040171
    11.6000000       -0.00035708        0.00040188
    11.7000000       -0.00043448        0.00027356
    11.8000000       -0.00063997        0.00027304
    11.9000000       -0.00000201        0.00027887
    12.0000000        0.00014519        0.00043691
    12.1000000        0.00023594        0.00049833
    12.2000000        0.00030647        0.00057477
    12.3000000        0.00041186        0.00046579
    12.4000000        0.00034707        0.00038734
    12.5000000        0.00001029        0.00033516
    12.6000000        0.00000862        0.00033585
    12.7000000        0.00038228        0.00040646
    12.8000000        0.00042030        0.00040600
    12.9000000        0.00006921        0.00050145
    13.0000000        0.00012503        0.00047022
    13.1000000        0.00013640        0.00048115
    13.2000000        0.00018369        0.00044625
    13.3000000        0.00039695        0.00041170
    13.4000000       -0.00011960        0.00048095
    13.5000000       -0.00062267        0.00054559
    13.6000000       -0.00051048        0.00047923
    13.7000000       -0.00094049        0.00058223
    13.8000000       -0.00115057        0.00053694
    13.9000000       -0.00086075        0.00049054
    14.0000000       -0.00040912        0.00046406
    14.1000000       -0.00045970        0.00055185
    14.2000000       -0.00057605        0.00051534
    14.3000000       -0.00044015        0.00047971
    14.4000000       -0.00004759        0.00046239
    14.5000000       -0.00056790        0.00041805
    14.6000000       -0.00043222        0.00053224
    14.7000000       -0.00045602        0.00046208
    14.8000000       -0.00028731        0.00045861
    14.9000000       -0.00020829        0.00065923
    15.0000000       -0.00008642        0.00054760
    15.1000000       -0.00001847        0.00051720
    15.2000000        0.00030076        0.00051351
    15.3000000        0.00025738        0.00060427
    15.4000000        0.00006160        0.00054147
    15.5000000       -0.00036461        0.00054030
    15.6000000       -0.00014994        0.00045613
    15.7000000       -0.00018157        0.00049350
    15.8000000       -0.00045813        0.00055758
    15.9000000       -0.00052250        0.00061082
    16.0000000       -0.00058090        0.00059027
    16.1000000       -0.00050511        0.00047846
    16.2000000       -0.00023009        0.00057300
    16.3000000       -0.00027789        0.00061122
    16.4000000       -0.00053873        0.00064471
    16.5000000       -0.00071520        0.00072397
    16.6000000       -0.00026227        0.00074341
    16.7000000       -0.00019574        0.00079877
    16.8000000        0.00003865        0.00066510
    16.9000000        0.00048046        0.00043916
    17.0000000        0.00032208        0.00040389
    17.1000000        0.00021694        0.00037186
    17.2000000        0.00041933        0.00039165
    17.3000000        0.00008538        0.00048432
    17.4000000        0.00009672        0.00056991
    17.5000000       -0.00038498        0.00054293
    17.6000000        0.00007672        0.00041742
    17.7000000       -0.00030950        0.00037035
    17.8000000       -0.00045801        0.00048735
    17.9000000       -0.00081182        0.00052956
    18.0000000       -0.00089723        0.00053269
    18.1000000       -0.00042785        0.00048620
    18.2000000        0.00010516        0.00050087
    18.3000000        0.00019200        0.00051405
    18.4000000       -0.00006555        0.00071881
    18.5000000       -0.00068687        0.00066262
    18.6000000       -0.00050048        0.00057554
    18.7000000        0.00015761        0.00047839
    18.8000000        0.00025239        0.00053179
    18.9000000        0.00008572        0.00051814
    19.0000000        0.00040835        0.00061299
    19.1000000        0.00049817        0.00057064
    19.2000000        0.00040086        0.00065594
    19.3000000        0.00079263        0.00074246
    19.4000000        0.00078141        0.00081285
    19.5000000        0.00160136        0.00064212
    19.6000000        0.00149185        0.00074900
    19.7000000        0.00122422        0.00075562
    19.8000000        0.00152086        0.00075808
    19.9000000        0.00266274        0.00076448
    20.0000000        0.00366778        0.00090577
