     0.0000000        0.58591323        0.08117277
     0.1000000        0.35520367        0.18164368
     0.2000000        0.31759006        0.08948265
     0.3000000        0.25146957        0.10593309
     0.4000000        0.31681960        0.06673968
     0.5000000        0.28961116        0.10898478
     0.6000000        0.29291211        0.03785783
     0.7000000        0.57902551        0.25718634
     0.8000000        0.24872063        0.03715392
     0.9000000        0.18413555        0.03256812
     1.0000000        0.32263960        0.20812363
     1.1000000        0.23006335        0.09771533
     1.2000000        0.16214242        0.07514108
     1.3000000        1.28463520        1.08126876
     1.4000000        0.54813568        0.44173654
     1.5000000        0.27087959        0.15378352
     1.6000000        0.20955705        0.14247629
     1.7000000       -0.10133466        0.19942417
     1.8000000        0.04184591        0.04884809
     1.9000000        0.02397746        0.02300391
     2.0000000        0.02855375        0.03767878
     2.1000000       -0.01013972        0.03881789
     2.2000000        0.02437009        0.07469760
     2.3000000       -0.49080569        0.59189251
     2.4000000       -1.26894401        1.36422212
     2.5000000       -0.47331260        0.47930579
     2.6000000       -0.17025765        0.18336080
     2.7000000       -0.02841590        0.07638661
     2.8000000        0.03479417        0.02076486
     2.9000000        0.06031791        0.05875591
     3.0000000        0.10696108        0.06072179
     3.1000000        0.03202238        0.01402932
     3.2000000        0.03237723        0.01980793
     3.3000000        0.04397309        0.03667264
     3.4000000        0.12031567        0.12154568
     3.5000000        0.05257408        0.04449562
     3.6000000        0.01827591        0.01546713
     3.7000000        0.00077030        0.00558863
     3.8000000        0.00004618        0.00791679
     3.9000000        0.01169365        0.01409475
     4.0000000        0.01821724        0.02346075
     4.1000000        0.01822115        0.02585276
     4.2000000        0.00195502        0.01508352
     4.3000000        0.00321018        0.00284035
     4.4000000       -0.00070291        0.00234629
     4.5000000        0.00838533        0.00633861
     4.6000000        0.06628705        0.06640711
     4.7000000        0.01956654        0.01907032
     4.8000000        0.04287007        0.04506380
     4.9000000        0.10042290        0.10116444
     5.0000000        0.03913988        0.03842669
     5.1000000        0.00387101        0.00141088
     5.2000000        0.00769333        0.00373905
     5.3000000       -0.01563946        0.03005199
     5.4000000        0.00081573        0.01385059
     5.5000000        0.02694970        0.01924485
     5.6000000        0.02625872        0.01794370
     5.7000000        0.03384565        0.03986780
     5.8000000       -0.01132327        0.01981106
     5.9000000        0.00916162        0.00419198
     6.0000000       -0.00545997        0.00789684
     6.1000000        0.00740685        0.00531925
     6.2000000        0.01164231        0.00604604
     6.3000000        0.01020040        0.00542242
     6.4000000       -0.00364536        0.00810534
     6.5000000       -0.00002280        0.00821814
     6.6000000       -0.00809510        0.01123537
     6.7000000        0.01660517        0.04521210
     6.8000000        0.06170853        0.14772938
     6.9000000        0.03229176        0.06074342
     7.0000000        0.00590734        0.04502661
     7.1000000       -0.00181056        0.02367016
     7.2000000       -0.00211574        0.01838826
     7.3000000        0.01411536        0.03669050
     7.4000000        0.00256016        0.00935236
     7.5000000        0.00547393        0.01103576
     7.6000000       -0.00873633        0.01474134
     7.7000000        0.02284822        0.02868088
     7.8000000        0.01847028        0.02161910
     7.9000000       -0.01589568        0.02956989
     8.0000000       -0.01150381        0.04707919
     8.1000000        0.29540167        0.30654845
     8.2000000        0.78040469        0.77061501
     8.3000000        0.39675942        0.29123041
     8.4000000        0.07634024        0.11677371
     8.5000000        0.00660431        0.08771806
     8.6000000        0.00098479        0.10182940
     8.7000000       -0.11429399        0.18663362
     8.8000000       -0.01618412        0.07926473
     8.9000000       -0.11422501        0.14535486
     9.0000000       -0.04784552        0.08592006
     9.1000000        0.04219928        0.05460533
     9.2000000        0.14421761        0.06136176
     9.3000000        0.17226440        0.04502225
     9.4000000        0.22450674        0.04923075
     9.5000000        0.26635729        0.05752452
     9.6000000        0.28966437        0.04497257
     9.7000000        0.38457061        0.07524618
     9.8000000        0.37801583        0.05450407
     9.9000000        0.46250857        0.08586503
    10.0000000        0.58591323        0.08117277
