     0.0000000        0.47108122        0.00319453
     0.1000000        0.23550757        0.00179076
     0.2000000        0.12265180        0.00134334
     0.3000000        0.06714323        0.00061936
     0.4000000        0.03872674        0.00037789
     0.5000000        0.02330178        0.00026479
     0.6000000        0.01490114        0.00028090
     0.7000000        0.00944061        0.00028332
     0.8000000        0.00644750        0.00014921
     0.9000000        0.00448878        0.00020837
     1.0000000        0.00305743        0.00024100
     1.1000000        0.00208728        0.00026180
     1.2000000        0.00147225        0.00022595
     1.3000000        0.00102509        0.00019235
     1.4000000        0.00075063        0.00011904
     1.5000000        0.00064200        0.00008484
     1.6000000        0.00049244        0.00009139
     1.7000000        0.00041124        0.00012172
     1.8000000        0.00030205        0.00009246
     1.9000000        0.00013409        0.00005995
     2.0000000        0.00007276        0.00004907
     2.1000000        0.00003719        0.00004940
     2.2000000        0.00004347        0.00003044
     2.3000000        0.00000423        0.00005501
     2.4000000        0.00002201        0.00002595
     2.5000000        0.00002142        0.00001627
     2.6000000        0.00001568        0.00001398
     2.7000000        0.00001830        0.00000892
     2.8000000        0.00001185        0.00000601
     2.9000000        0.00000668        0.00000480
     3.0000000        0.00000371        0.00000497
     3.1000000        0.00000134        0.00000420
     3.2000000        0.00000042        0.00000310
     3.3000000       -0.00000051        0.00000294
     3.4000000       -0.00000309        0.00000194
     3.5000000       -0.00000407        0.00000195
     3.6000000       -0.00000340        0.00000218
     3.7000000       -0.00000190        0.00000240
     3.8000000        0.00000011        0.00000264
     3.9000000       -0.00000088        0.00000299
     4.0000000       -0.00000146        0.00000351
     4.1000000       -0.00000304        0.00000252
     4.2000000       -0.00000275        0.00000296
     4.3000000       -0.00000077        0.00000382
     4.4000000        0.00000201        0.00000600
     4.5000000        0.00000004        0.00000357
     4.6000000       -0.00000104        0.00000308
     4.7000000       -0.00000158        0.00000313
     4.8000000       -0.00000122        0.00000341
     4.9000000       -0.00000105        0.00000323
     5.0000000        0.00000011        0.00000307
     5.1000000       -0.00000065        0.00000244
     5.2000000        0.00000012        0.00000232
     5.3000000        0.00000022        0.00000243
     5.4000000       -0.00000021        0.00000270
     5.5000000       -0.00000197        0.00000188
     5.6000000       -0.00000192        0.00000206
     5.7000000       -0.00000089        0.00000201
     5.8000000       -0.00000076        0.00000242
     5.9000000       -0.00000246        0.00000210
     6.0000000       -0.00000241        0.00000262
     6.1000000       -0.00000073        0.00000306
     6.2000000       -0.00000028        0.00000256
     6.3000000        0.00000137        0.00000217
     6.4000000        0.00000103        0.00000261
     6.5000000        0.00000241        0.00000227
     6.6000000        0.00000338        0.00000246
     6.7000000        0.00000323        0.00000358
     6.8000000        0.00000336        0.00000369
     6.9000000        0.00000757        0.00000451
     7.0000000        0.00000675        0.00000332
     7.1000000        0.00000327        0.00000724
     7.2000000       -0.00000044        0.00001028
     7.3000000        0.00000385        0.00001109
     7.4000000        0.00001358        0.00000734
     7.5000000        0.00003044        0.00000581
     7.6000000        0.00005628        0.00000561
     7.7000000        0.00011783        0.00003755
     7.8000000        0.00015742        0.00004642
     7.9000000        0.00019652        0.00004531
     8.0000000        0.00023863        0.00004277
     8.1000000        0.00031187        0.00005927
     8.2000000        0.00037636        0.00006135
     8.3000000        0.00048912        0.00010007
     8.4000000        0.00062753        0.00010803
     8.5000000        0.00075351        0.00008926
     8.6000000        0.00096097        0.00009595
     8.7000000        0.00127108        0.00009947
     8.8000000        0.00167994        0.00010425
     8.9000000        0.00238909        0.00015883
     9.0000000        0.00330478        0.00024878
     9.1000000        0.00449374        0.00028389
     9.2000000        0.00636294        0.00030957
     9.3000000        0.00936547        0.00034956
     9.4000000        0.01418867        0.00043589
     9.5000000        0.02204102        0.00094401
     9.6000000        0.03708705        0.00129722
     9.7000000        0.06539621        0.00146322
     9.8000000        0.12098903        0.00184911
     9.9000000        0.23414514        0.00217700
    10.0000000        0.47108122        0.00319453
