         201           5   20.000000000000000                1
     0.0000000        0.04477346        0.00293833
     0.1000000        0.03458807        0.00376772
     0.2000000        0.01641567        0.00171279
     0.3000000        0.00967454        0.00272705
     0.4000000        0.00809834        0.00422070
     0.5000000        0.00897752        0.00544652
     0.6000000        0.00963338        0.00355400
     0.7000000        0.00407047        0.00464827
     0.8000000        0.00357146        0.00351235
     0.9000000        0.00355062        0.00601165
     1.0000000        0.00189640        0.00687001
     1.1000000        0.00412437        0.00652496
     1.2000000        0.00423718        0.00365311
     1.3000000        0.00647504        0.00368315
     1.4000000        0.00318029        0.00402844
     1.5000000       -0.00409519        0.00565076
     1.6000000       -0.00027089        0.00341611
     1.7000000        0.00224196        0.00277490
     1.8000000        0.00199054        0.00419356
     1.9000000       -0.00141269        0.00479743
     2.0000000        0.00205669        0.00416540
     2.1000000        0.00305314        0.00463653
     2.2000000        0.00605430        0.00199211
     2.3000000        0.00499859        0.00287458
     2.4000000        0.00468605        0.00418438
     2.5000000        0.00219411        0.00230032
     2.6000000        0.00276212        0.00254853
     2.7000000        0.00414388        0.00111608
     2.8000000       -0.00043707        0.00261095
     2.9000000       -0.00424320        0.00387237
     3.0000000       -0.00598672        0.00411619
     3.1000000       -0.00295326        0.00325806
     3.2000000       -0.00135809        0.00244549
     3.3000000        0.00043166        0.00153649
     3.4000000        0.00026157        0.00162130
     3.5000000        0.00054666        0.00357569
     3.6000000        0.00150563        0.00260690
     3.7000000        0.00322660        0.00155992
     3.8000000        0.00081443        0.00467377
     3.9000000        0.00021746        0.00362683
     4.0000000        0.00001107        0.00329264
     4.1000000        0.00078980        0.00433906
     4.2000000       -0.00037441        0.00178896
     4.3000000       -0.00124921        0.00172045
     4.4000000       -0.00137358        0.00297979
     4.5000000       -0.00198292        0.00231232
     4.6000000       -0.00035387        0.00284316
     4.7000000        0.00278095        0.00195469
     4.8000000        0.00213046        0.00188094
     4.9000000        0.00062800        0.00260988
     5.0000000       -0.00024795        0.00400239
     5.1000000       -0.00124291        0.00224797
     5.2000000       -0.00229339        0.00541768
     5.3000000       -0.00076867        0.00622026
     5.4000000       -0.00488244        0.00627388
     5.5000000       -0.00496045        0.00387190
     5.6000000       -0.00223942        0.00373241
     5.7000000       -0.00082231        0.00447965
     5.8000000       -0.00108401        0.00198050
     5.9000000       -0.00063746        0.00205914
     6.0000000       -0.00103460        0.00231178
     6.1000000       -0.00107721        0.00149023
     6.2000000        0.00014544        0.00207270
     6.3000000       -0.00135406        0.00310362
     6.4000000       -0.00316752        0.00284564
     6.5000000       -0.00466141        0.00445546
     6.6000000       -0.00107403        0.00407009
     6.7000000       -0.00135269        0.00462582
     6.8000000       -0.00037116        0.00324072
     6.9000000       -0.00190425        0.00288231
     7.0000000       -0.00221324        0.00238203
     7.1000000       -0.00436406        0.00385750
     7.2000000       -0.00427105        0.00281495
     7.3000000       -0.00285276        0.00299063
     7.4000000       -0.00276676        0.00252095
     7.5000000       -0.00285826        0.00265003
     7.6000000       -0.00327151        0.00312595
     7.7000000       -0.00500654        0.00154966
     7.8000000       -0.00448307        0.00297300
     7.9000000       -0.00557534        0.00399335
     8.0000000       -0.00663382        0.00300783
     8.1000000        0.00240389        0.00231547
     8.2000000        0.00030316        0.00262536
     8.3000000        0.00197248        0.00274895
     8.4000000        0.00095847        0.00181897
     8.5000000        0.00029227        0.00280511
     8.6000000       -0.00150647        0.00316155
     8.7000000        0.00056323        0.00261300
     8.8000000        0.00042424        0.00214173
     8.9000000        0.00220531        0.00283741
     9.0000000        0.00191966        0.00319854
     9.1000000       -0.00115624        0.00255917
     9.2000000       -0.00352939        0.00054420
     9.3000000       -0.00301513        0.00184652
     9.4000000       -0.00092386        0.00313950
     9.5000000       -0.00075952        0.00305313
     9.6000000        0.00023914        0.00278007
     9.7000000        0.00001794        0.00139144
     9.8000000        0.00243866        0.00180506
     9.9000000        0.00029756        0.00172945
    10.0000000        0.00031719        0.00110740
    10.1000000        0.00077401        0.00076194
    10.2000000        0.00227823        0.00261440
    10.3000000        0.00028866        0.00191249
    10.4000000       -0.00101807        0.00275032
    10.5000000       -0.00072182        0.00395268
    10.6000000       -0.00097455        0.00329936
    10.7000000       -0.00155383        0.00402214
    10.8000000       -0.00097656        0.00428708
    10.9000000       -0.00099993        0.00366663
    11.0000000       -0.00118306        0.00321182
    11.1000000       -0.00224666        0.00202047
    11.2000000       -0.00462718        0.00230050
    11.3000000       -0.00557919        0.00229451
    11.4000000       -0.00633014        0.00152098
    11.5000000       -0.00487076        0.00155683
    11.6000000       -0.00315084        0.00170205
    11.7000000       -0.00445970        0.00094469
    11.8000000       -0.00453197        0.00152603
    11.9000000       -0.00187854        0.00035153
    12.0000000       -0.00146838        0.00133715
    12.1000000       -0.00302620        0.00200682
    12.2000000        0.00005397        0.00138126
    12.3000000       -0.00076562        0.00158182
    12.4000000        0.00009945        0.00122719
    12.5000000       -0.00028744        0.00280959
    12.6000000        0.00196188        0.00381866
    12.7000000        0.00232403        0.00433711
    12.8000000        0.00214560        0.00331325
    12.9000000        0.00251987        0.00471463
    13.0000000        0.00258303        0.00410759
    13.1000000        0.00401412        0.00521120
    13.2000000        0.00188327        0.00293104
    13.3000000        0.00484757        0.00389667
    13.4000000        0.00447105        0.00323665
    13.5000000        0.00225502        0.00211339
    13.6000000        0.00330291        0.00286684
    13.7000000       -0.00036700        0.00413175
    13.8000000        0.00132384        0.00224094
    13.9000000       -0.00091735        0.00101124
    14.0000000       -0.00168561        0.00117544
    14.1000000       -0.00081707        0.00275320
    14.2000000       -0.00106636        0.00263022
    14.3000000        0.00117780        0.00115852
    14.4000000        0.00052351        0.00224743
    14.5000000       -0.00091537        0.00312625
    14.6000000       -0.00018073        0.00203492
    14.7000000        0.00087330        0.00047843
    14.8000000        0.00162600        0.00236292
    14.9000000        0.00213811        0.00214432
    15.0000000       -0.00291838        0.00300768
    15.1000000        0.00277488        0.00408229
    15.2000000        0.00712029        0.00463371
    15.3000000        0.00613820        0.00492304
    15.4000000        0.00364912        0.00447436
    15.5000000        0.00938347        0.00933474
    15.6000000        0.00504605        0.00518588
    15.7000000        0.00416485        0.00526760
    15.8000000        0.00532923        0.00658928
    15.9000000        0.00103678        0.00378074
    16.0000000       -0.00268016        0.00425330
    16.1000000       -0.00034985        0.00245424
    16.2000000        0.00185866        0.00128110
    16.3000000        0.00057635        0.00116712
    16.4000000       -0.00154173        0.00364610
    16.5000000       -0.00040850        0.00386929
    16.6000000       -0.00077151        0.00378536
    16.7000000       -0.00218141        0.00758145
    16.8000000       -0.00447700        0.00433908
    16.9000000       -0.00848779        0.00220604
    17.0000000       -0.00506899        0.00404610
    17.1000000       -0.00238271        0.00285057
    17.2000000        0.00055223        0.00341593
    17.3000000       -0.00268937        0.00269611
    17.4000000        0.00175032        0.00475938
    17.5000000        0.00084212        0.00507823
    17.6000000        0.00049605        0.01085787
    17.7000000        0.00193616        0.00959481
    17.8000000        0.00301788        0.00739777
    17.9000000        0.00873196        0.00671242
    18.0000000        0.01308991        0.00308134
    18.1000000        0.01712344        0.00820748
    18.2000000        0.02088661        0.00464208
    18.3000000        0.02764117        0.00468961
    18.4000000        0.03544644        0.00474151
    18.5000000        0.04304343        0.00445943
    18.6000000        0.05387451        0.00444041
    18.7000000        0.06228653        0.00928626
    18.8000000        0.06970074        0.00472610
    18.9000000        0.08996103        0.00566404
    19.0000000        0.10796788        0.00892329
    19.1000000        0.13787922        0.00703067
    19.2000000        0.16926488        0.00901899
    19.3000000        0.20805843        0.00871843
    19.4000000        0.26534599        0.00795158
    19.5000000        0.33573256        0.00650044
    19.6000000        0.41243948        0.01074983
    19.7000000        0.49882779        0.00780720
    19.8000000        0.61775856        0.00377274
    19.9000000        0.77235012        0.00494049
    20.0000000        0.95522654        0.00293833
