     0.0000000        1.26836469        0.01847728
     0.1000000        0.96991517        0.02175658
     0.2000000        0.74988054        0.01828441
     0.3000000        0.58765448        0.01980996
     0.4000000        0.46345864        0.02275764
     0.5000000        0.37686238        0.02298830
     0.6000000        0.31369607        0.02683601
     0.7000000        0.26539400        0.02345158
     0.8000000        0.22321801        0.02160138
     0.9000000        0.17711890        0.02530534
     1.0000000        0.15219412        0.02339367
     1.1000000        0.12469626        0.02322236
     1.2000000        0.10384318        0.02475101
     1.3000000        0.09168132        0.02852199
     1.4000000        0.06772817        0.03050604
     1.5000000        0.04813389        0.02671491
     1.6000000        0.04246976        0.02483864
     1.7000000        0.03913551        0.02779171
     1.8000000        0.03516868        0.03499349
     1.9000000        0.02794732        0.03483835
     2.0000000        0.02314407        0.02534595
     2.1000000        0.01984477        0.02602948
     2.2000000        0.00593437        0.02869516
     2.3000000        0.00614430        0.03186725
     2.4000000        0.01495396        0.02606342
     2.5000000        0.01012890        0.02001527
     2.6000000        0.00095265        0.02389499
     2.7000000       -0.01118125        0.02471327
     2.8000000       -0.02231102        0.02574495
     2.9000000       -0.02867259        0.03025454
     3.0000000       -0.03410499        0.03469539
     3.1000000       -0.01240692        0.03618205
     3.2000000       -0.00714006        0.03872620
     3.3000000       -0.00561129        0.03538251
     3.4000000       -0.01495592        0.03151411
     3.5000000       -0.01877923        0.03221620
     3.6000000       -0.01630668        0.03958921
     3.7000000       -0.00576183        0.03476237
     3.8000000        0.00210381        0.03207311
     3.9000000        0.00809010        0.03590101
     4.0000000        0.00190515        0.03845659
     4.1000000        0.00187347        0.03466605
     4.2000000        0.00165887        0.02916986
     4.3000000       -0.00590972        0.02869331
     4.4000000       -0.00687497        0.02814140
     4.5000000       -0.00204997        0.02916878
     4.6000000       -0.01900941        0.03140822
     4.7000000       -0.02460343        0.03327355
     4.8000000       -0.02600609        0.03121359
     4.9000000       -0.00752589        0.03067560
     5.0000000        0.00101441        0.03251472
     5.1000000        0.00457303        0.03023349
     5.2000000        0.01214979        0.02263665
     5.3000000        0.00916874        0.02029265
     5.4000000        0.01298785        0.01661997
     5.5000000        0.01535649        0.02641148
     5.6000000        0.01408183        0.03011516
     5.7000000        0.00953419        0.02928304
     5.8000000        0.01495483        0.03130211
     5.9000000        0.01722957        0.02632826
     6.0000000        0.02450532        0.02292185
     6.1000000        0.01702538        0.02014258
     6.2000000        0.00238667        0.02045136
     6.3000000        0.00122825        0.02330768
     6.4000000        0.00183175        0.02765270
     6.5000000       -0.00643027        0.02884929
     6.6000000       -0.01865503        0.03164604
     6.7000000       -0.02161200        0.03219004
     6.8000000       -0.02987141        0.03117185
     6.9000000       -0.02187583        0.02761760
     7.0000000       -0.01526307        0.02971386
     7.1000000       -0.00273543        0.03071483
     7.2000000        0.00466449        0.02885988
     7.3000000        0.00790360        0.03132593
     7.4000000        0.01734691        0.02759016
     7.5000000        0.02163824        0.02553141
     7.6000000        0.03521035        0.02151422
     7.7000000        0.04662370        0.01885743
     7.8000000        0.04380926        0.01402912
     7.9000000        0.04550430        0.01829054
     8.0000000        0.03703742        0.02578489
     8.1000000        0.03705318        0.02844809
     8.2000000        0.03130926        0.03185761
     8.3000000        0.03249493        0.02964253
     8.4000000        0.04489577        0.02853781
     8.5000000        0.05956321        0.02911945
     8.6000000        0.05874040        0.02722650
     8.7000000        0.05702726        0.02353797
     8.8000000        0.07148886        0.02214015
     8.9000000        0.10056628        0.02444559
     9.0000000        0.13439246        0.02392798
     9.1000000        0.17042387        0.02620972
     9.2000000        0.21160058        0.03597707
     9.3000000        0.24722749        0.04220022
     9.4000000        0.28989214        0.03875306
     9.5000000        0.35846507        0.03688052
     9.6000000        0.45316963        0.03970339
     9.7000000        0.57740156        0.03487149
     9.8000000        0.75653406        0.02455356
     9.9000000        0.97640122        0.01970175
    10.0000000        1.26836469        0.01847728
