     0.0000000        0.17236079        0.00081143
     0.1000000        0.13123758        0.00093602
     0.2000000        0.09924113        0.00115965
     0.3000000        0.07494283        0.00094215
     0.4000000        0.05677377        0.00065413
     0.5000000        0.04294478        0.00077219
     0.6000000        0.03245437        0.00072049
     0.7000000        0.02521139        0.00082974
     0.8000000        0.01860979        0.00070687
     0.9000000        0.01409260        0.00067688
     1.0000000        0.01082700        0.00059908
     1.1000000        0.00875333        0.00055927
     1.2000000        0.00641752        0.00049588
     1.3000000        0.00512275        0.00041703
     1.4000000        0.00402634        0.00058130
     1.5000000        0.00303525        0.00048327
     1.6000000        0.00175404        0.00034465
     1.7000000        0.00109815        0.00036536
     1.8000000        0.00089529        0.00035383
     1.9000000        0.00106963        0.00029886
     2.0000000        0.00078187        0.00034607
     2.1000000        0.00064518        0.00035562
     2.2000000        0.00063356        0.00029555
     2.3000000        0.00019879        0.00027292
     2.4000000       -0.00002248        0.00028680
     2.5000000       -0.00001534        0.00039990
     2.6000000       -0.00016577        0.00041367
     2.7000000       -0.00036035        0.00042337
     2.8000000       -0.00011579        0.00039736
     2.9000000       -0.00014721        0.00033183
     3.0000000       -0.00024697        0.00042492
     3.1000000       -0.00005478        0.00045606
     3.2000000       -0.00001442        0.00047233
     3.3000000       -0.00012125        0.00029155
     3.4000000        0.00017030        0.00030692
     3.5000000        0.00027519        0.00024723
     3.6000000        0.00021510        0.00033455
     3.7000000        0.00039905        0.00032187
     3.8000000        0.00001386        0.00027802
     3.9000000       -0.00011109        0.00039754
     4.0000000       -0.00052806        0.00045466
     4.1000000       -0.00059208        0.00044410
     4.2000000       -0.00054697        0.00036023
     4.3000000       -0.00052695        0.00039137
     4.4000000       -0.00062140        0.00045185
     4.5000000       -0.00017991        0.00040308
     4.6000000       -0.00004119        0.00035144
     4.7000000        0.00009469        0.00043363
     4.8000000       -0.00021997        0.00047881
     4.9000000       -0.00033590        0.00032562
     5.0000000       -0.00020616        0.00034379
     5.1000000       -0.00012743        0.00034179
     5.2000000        0.00006436        0.00029602
     5.3000000        0.00037072        0.00037411
     5.4000000        0.00049714        0.00036893
     5.5000000        0.00013120        0.00035460
     5.6000000       -0.00028136        0.00030425
     5.7000000       -0.00036900        0.00031679
     5.8000000       -0.00005877        0.00037631
     5.9000000        0.00005301        0.00031471
     6.0000000       -0.00018971        0.00030674
     6.1000000        0.00044990        0.00031929
     6.2000000        0.00044076        0.00029691
     6.3000000        0.00036506        0.00032565
     6.4000000        0.00036488        0.00038345
     6.5000000        0.00032459        0.00026910
     6.6000000        0.00019689        0.00016632
     6.7000000        0.00023269        0.00028230
     6.8000000       -0.00028501        0.00035556
     6.9000000       -0.00034935        0.00033511
     7.0000000       -0.00040142        0.00026505
     7.1000000       -0.00014254        0.00027487
     7.2000000       -0.00022914        0.00018741
     7.3000000       -0.00014704        0.00030424
     7.4000000       -0.00089035        0.00055065
     7.5000000       -0.00085999        0.00038404
     7.6000000       -0.00063216        0.00039603
     7.7000000       -0.00024697        0.00042593
     7.8000000       -0.00023952        0.00046928
     7.9000000       -0.00058435        0.00056057
     8.0000000       -0.00066034        0.00123666
     8.1000000       -0.00077566        0.00124317
     8.2000000       -0.00031676        0.00047245
     8.3000000        0.00003945        0.00033012
     8.4000000        0.00002158        0.00037830
     8.5000000       -0.00015208        0.00034638
     8.6000000        0.00028782        0.00034147
     8.7000000        0.00022467        0.00022820
     8.8000000       -0.00009463        0.00016860
     8.9000000       -0.00007112        0.00023560
     9.0000000       -0.00010207        0.00023344
     9.1000000       -0.00024123        0.00022861
     9.2000000       -0.00062817        0.00034093
     9.3000000       -0.00070765        0.00043281
     9.4000000       -0.00016769        0.00046952
     9.5000000       -0.00038878        0.00035315
     9.6000000       -0.00032329        0.00041030
     9.7000000       -0.00016259        0.00044735
     9.8000000       -0.00039427        0.00035067
     9.9000000       -0.00026446        0.00029386
    10.0000000       -0.00021438        0.00038552
    10.1000000       -0.00034606        0.00042433
    10.2000000       -0.00006085        0.00049735
    10.3000000        0.00288241        0.00263624
    10.4000000        0.00142797        0.00113021
    10.5000000        0.00165728        0.00150892
    10.6000000        0.00052763        0.00100213
    10.7000000        0.00127845        0.00115405
    10.8000000        0.00017533        0.00042321
    10.9000000        0.00015761        0.00040208
    11.0000000        0.00023344        0.00024239
    11.1000000       -0.00010099        0.00020712
    11.2000000       -0.00046000        0.00039318
    11.3000000       -0.00015619        0.00038887
    11.4000000       -0.00048745        0.00036059
    11.5000000       -0.00010775        0.00040264
    11.6000000        0.00008180        0.00033746
    11.7000000        0.00003838        0.00028778
    11.8000000       -0.00005398        0.00042680
    11.9000000       -0.00038245        0.00034684
    12.0000000       -0.00011618        0.00033592
    12.1000000       -0.00031500        0.00038817
    12.2000000       -0.00016216        0.00030894
    12.3000000       -0.00013259        0.00027820
    12.4000000       -0.00039573        0.00020984
    12.5000000       -0.00026051        0.00034899
    12.6000000       -0.00021679        0.00032542
    12.7000000       -0.00018554        0.00027523
    12.8000000       -0.00000293        0.00023059
    12.9000000       -0.00008408        0.00031500
    13.0000000       -0.00009704        0.00020637
    13.1000000       -0.00010396        0.00017728
    13.2000000        0.00017219        0.00021085
    13.3000000       -0.00015977        0.00030073
    13.4000000       -0.00022830        0.00021461
    13.5000000       -0.00013429        0.00035186
    13.6000000       -0.00009947        0.00025210
    13.7000000       -0.00033276        0.00042596
    13.8000000       -0.00029880        0.00036004
    13.9000000       -0.00036318        0.00022251
    14.0000000       -0.00027085        0.00022158
    14.1000000       -0.00034576        0.00036953
    14.2000000       -0.00017753        0.00023548
    14.3000000       -0.00020685        0.00024623
    14.4000000       -0.00034894        0.00025079
    14.5000000       -0.00045275        0.00026546
    14.6000000       -0.00012023        0.00019064
    14.7000000       -0.00016359        0.00031836
    14.8000000       -0.00006901        0.00030781
    14.9000000       -0.00009252        0.00037492
    15.0000000       -0.00021294        0.00034422
    15.1000000       -0.00000362        0.00027378
    15.2000000       -0.00007767        0.00029097
    15.3000000       -0.00015040        0.00025669
    15.4000000       -0.00027738        0.00027809
    15.5000000       -0.00032374        0.00031241
    15.6000000       -0.00016840        0.00038811
    15.7000000       -0.00025806        0.00040893
    15.8000000       -0.00007312        0.00026708
    15.9000000        0.00004959        0.00043318
    16.0000000       -0.00036751        0.00065552
    16.1000000       -0.00002252        0.00045885
    16.2000000        0.00003095        0.00053488
    16.3000000       -0.00010494        0.00068958
    16.4000000        0.00007172        0.00037823
    16.5000000       -0.00054064        0.00069589
    16.6000000       -0.00068933        0.00058576
    16.7000000       -0.00083433        0.00075123
    16.8000000       -0.00024659        0.00029725
    16.9000000        0.00016794        0.00039306
    17.0000000       -0.00016605        0.00044366
    17.1000000       -0.00050891        0.00050018
    17.2000000       -0.00036759        0.00025232
    17.3000000       -0.00041857        0.00033117
    17.4000000        0.00006820        0.00026978
    17.5000000        0.00049495        0.00036045
    17.6000000        0.00033271        0.00035291
    17.7000000        0.00059997        0.00035784
    17.8000000        0.00044027        0.00026621
    17.9000000        0.00055228        0.00030972
    18.0000000        0.00073445        0.00031579
    18.1000000        0.00094038        0.00036277
    18.2000000        0.00165743        0.00044849
    18.3000000        0.00206239        0.00069107
    18.4000000        0.00261307        0.00103563
    18.5000000        0.00290173        0.00097263
    18.6000000        0.00358988        0.00061093
    18.7000000        0.00489554        0.00054138
    18.8000000        0.00647299        0.00061918
    18.9000000        0.00818387        0.00041933
    19.0000000        0.01035153        0.00035883
    19.1000000        0.01513989        0.00065980
    19.2000000        0.01947064        0.00079972
    19.3000000        0.02535418        0.00057494
    19.4000000        0.03348020        0.00060252
    19.5000000        0.04348436        0.00065747
    19.6000000        0.05659803        0.00071491
    19.7000000        0.07418081        0.00098503
    19.8000000        0.09796098        0.00086558
    19.9000000        0.12963224        0.00093652
    20.0000000        0.17236079        0.00081143
