     0.0000000        1.70862569        0.01136844
     0.1000000        1.44483258        0.00968737
     0.2000000        1.24272980        0.01157597
     0.3000000        1.08006132        0.01879107
     0.4000000        0.92485164        0.01686558
     0.5000000        0.78989562        0.01560726
     0.6000000        0.68560398        0.01600468
     0.7000000        0.58754297        0.01969285
     0.8000000        0.51719538        0.02080141
     0.9000000        0.44266589        0.01886958
     1.0000000        0.38102642        0.01996827
     1.1000000        0.32064022        0.01842055
     1.2000000        0.27637212        0.01665014
     1.3000000        0.24231620        0.01678420
     1.4000000        0.20314265        0.01234005
     1.5000000        0.18419000        0.01256149
     1.6000000        0.15643958        0.00957557
     1.7000000        0.13428655        0.01031122
     1.8000000        0.11594353        0.00993559
     1.9000000        0.09660528        0.00649239
     2.0000000        0.08802170        0.00867028
     2.1000000        0.07738917        0.00986683
     2.2000000        0.06802230        0.01167514
     2.3000000        0.05577957        0.00946222
     2.4000000        0.05906065        0.00989891
     2.5000000        0.05215374        0.00915970
     2.6000000        0.04194448        0.00766641
     2.7000000        0.03416100        0.00589564
     2.8000000        0.03040945        0.00638935
     2.9000000        0.02841787        0.00789303
     3.0000000        0.02929197        0.00730330
     3.1000000        0.02279597        0.00636269
     3.2000000        0.01916917        0.00687063
     3.3000000        0.01439932        0.00742218
     3.4000000        0.01415662        0.00617736
     3.5000000        0.01017997        0.00514922
     3.6000000        0.01193623        0.00437186
     3.7000000        0.00800823        0.00523243
     3.8000000        0.00573201        0.00468351
     3.9000000        0.00889958        0.00410368
     4.0000000        0.00896799        0.00606613
     4.1000000        0.00720927        0.00514073
     4.2000000        0.01779119        0.00866126
     4.3000000        0.02522892        0.01551580
     4.4000000        0.03558060        0.02541789
     4.5000000        0.02995372        0.02463362
     4.6000000        0.01763633        0.01192788
     4.7000000        0.00976521        0.00547479
     4.8000000        0.01862672        0.00807855
     4.9000000        0.01259137        0.00480232
     5.0000000        0.00944390        0.00289528
     5.1000000        0.00487153        0.00787431
     5.2000000        0.00422844        0.00767984
     5.3000000        0.00475667        0.00725952
     5.4000000        0.00851454        0.00634529
     5.5000000        0.00602125        0.00511535
     5.6000000        0.00554289        0.00654474
     5.7000000        0.00729430        0.00653904
     5.8000000        0.00553677        0.00658596
     5.9000000        0.00624351        0.00472866
     6.0000000        0.00458158        0.00441902
     6.1000000        0.00061114        0.00369971
     6.2000000       -0.00565805        0.00431842
     6.3000000       -0.00404075        0.00254492
     6.4000000       -0.00047810        0.00575655
     6.5000000        0.00298183        0.00650014
     6.6000000        0.00305358        0.00865946
     6.7000000       -0.00559369        0.00848403
     6.8000000       -0.00266988        0.01294757
     6.9000000       -0.00040526        0.01171432
     7.0000000        0.00044256        0.00768491
     7.1000000       -0.00508014        0.00527750
     7.2000000        0.00124956        0.00383693
     7.3000000       -0.00066441        0.00384759
     7.4000000        0.00906612        0.00919586
     7.5000000       -0.00017706        0.00969499
     7.6000000       -0.00095458        0.01143076
     7.7000000       -0.00328754        0.01239561
     7.8000000        0.00454224        0.00636835
     7.9000000        0.01479306        0.00707071
     8.0000000        0.01153761        0.00913359
     8.1000000        0.00755550        0.01276762
     8.2000000        0.01062244        0.00816071
     8.3000000        0.02098214        0.00795880
     8.4000000        0.01588008        0.01140378
     8.5000000        0.01486736        0.00902723
     8.6000000        0.01490925        0.00644427
     8.7000000        0.01600205        0.00593336
     8.8000000        0.02899823        0.01017934
     8.9000000        0.03405108        0.01399503
     9.0000000        0.03938809        0.01150037
     9.1000000        0.04616039        0.01397909
     9.2000000        0.05047716        0.01127981
     9.3000000        0.05356319        0.00476902
     9.4000000        0.06226251        0.00825647
     9.5000000        0.09206116        0.00825394
     9.6000000        0.11763396        0.00758040
     9.7000000        0.13550553        0.01109960
     9.8000000        0.17775181        0.02222114
     9.9000000        0.22389188        0.01400294
    10.0000000        0.29137431        0.01136844
