     0.0000000        1.84323228        0.02328034
     0.1000000        1.72033892        0.03233333
     0.2000000        1.67400193        0.06190642
     0.3000000        1.55648934        0.03218252
     0.4000000        1.53666977        0.06887917
     0.5000000        1.44517414        0.06138664
     0.6000000        1.45128806        0.08225007
     0.7000000        1.53493162        0.17562054
     0.8000000        1.82678189        0.38236348
     0.9000000        1.44698540        0.15664854
     1.0000000        1.69179179        0.34855460
     1.1000000        1.25433131        0.05844067
     1.2000000        1.17454398        0.07425951
     1.3000000        1.12396825        0.05261300
     1.4000000        1.24057486        0.08363250
     1.5000000        1.18641719        0.13588426
     1.6000000        1.04964709        0.06916542
     1.7000000        1.02735835        0.05443005
     1.8000000        0.93741936        0.04051857
     1.9000000        1.00588797        0.06227432
     2.0000000        0.97964988        0.05131874
     2.1000000        1.08703711        0.08698662
     2.2000000        0.98524769        0.06129319
     2.3000000        1.08029845        0.11770039
     2.4000000        0.96903938        0.05809241
     2.5000000        1.09949693        0.12263499
     2.6000000        1.02367240        0.06099673
     2.7000000        0.99229450        0.06018266
     2.8000000        0.97879053        0.03546127
     2.9000000        1.04892162        0.02955010
     3.0000000        1.15195098        0.04591926
     3.1000000        1.17577199        0.05536691
     3.2000000        1.26536891        0.04190718
     3.3000000        1.27575200        0.02897112
     3.4000000        1.28327719        0.02103106
     3.5000000        1.37522825        0.03279039
     3.6000000        1.40494602        0.01533643
     3.7000000        1.51165323        0.03241034
     3.8000000        1.63000055        0.05795326
     3.9000000        1.71508450        0.03012230
     4.0000000        1.84323228        0.02328034
