     0.0000000        0.83041988        0.00017311
     0.1250000        0.75362135        0.00025586
     0.2500000        0.69821601        0.00033254
     0.3750000        0.65720827        0.00039559
     0.5000000        0.62716206        0.00043251
     0.6250000        0.60553698        0.00045628
     0.7500000        0.59091345        0.00046860
     0.8750000        0.58246421        0.00047972
     1.0000000        0.57964979        0.00047731
     1.1250000        0.58227379        0.00046982
     1.2500000        0.59050296        0.00045856
     1.3750000        0.60503415        0.00043860
     1.5000000        0.62687621        0.00041243
     1.6250000        0.65716984        0.00035648
     1.7500000        0.69813330        0.00030528
     1.8750000        0.75364168        0.00024924
     2.0000000        0.83041988        0.00017311
