     0.0000000        0.84910139        0.00023548
     0.1250000        0.76222066        0.00032359
     0.2500000        0.69573555        0.00041463
     0.3750000        0.64262270        0.00050622
     0.5000000        0.60029355        0.00058770
     0.6250000        0.56590980        0.00067880
     0.7500000        0.53699030        0.00075518
     0.8750000        0.51285844        0.00082412
     1.0000000        0.49301709        0.00084950
     1.1250000        0.47657880        0.00090001
     1.2500000        0.46312383        0.00094892
     1.3750000        0.45219205        0.00103116
     1.5000000        0.44354227        0.00107684
     1.6250000        0.43709868        0.00113121
     1.7500000        0.43239732        0.00117300
     1.8750000        0.42914333        0.00119084
     2.0000000        0.42826968        0.00120650
     2.1250000        0.42940248        0.00120098
     2.2500000        0.43244092        0.00118091
     2.3750000        0.43757758        0.00114623
     2.5000000        0.44429886        0.00111867
     2.6250000        0.45353359        0.00106503
     2.7500000        0.46493609        0.00099955
     2.8750000        0.47879852        0.00093018
     3.0000000        0.49540241        0.00090346
     3.1250000        0.51491954        0.00084604
     3.2500000        0.53852910        0.00077258
     3.3750000        0.56725362        0.00067783
     3.5000000        0.60128678        0.00058836
     3.6250000        0.64343029        0.00049760
     3.7500000        0.69577516        0.00040774
     3.8750000        0.76227511        0.00032285
     4.0000000        0.84910139        0.00023548
