     0.0000000        0.00467904        0.00003894
     0.1000000        0.00467904        0.00003894
     0.2000000        0.00467904        0.00003894
     0.3000000        0.00467904        0.00003894
     0.4000000        0.00467904        0.00003894
     0.5000000        0.00467904        0.00003894
     0.6000000        0.00467904        0.00003894
     0.7000000        0.00467904        0.00003894
     0.8000000        0.00467904        0.00003894
     0.9000000        0.00467904        0.00003894
     1.0000000        0.00467904        0.00003894
     1.1000000        0.00467904        0.00003894
     1.2000000        0.00467904        0.00003894
     1.3000000        0.00467904        0.00003894
     1.4000000        0.00467904        0.00003894
     1.5000000        0.00467904        0.00003894
     1.6000000        0.00467904        0.00003894
     1.7000000        0.00467904        0.00003894
     1.8000000        0.00467904        0.00003894
     1.9000000        0.00467904        0.00003894
     2.0000000        0.00467904        0.00003894
     2.1000000        0.00467904        0.00003894
     2.2000000        0.00467904        0.00003894
     2.3000000        0.00467904        0.00003894
     2.4000000        0.00467904        0.00003894
     2.5000000        0.00467904        0.00003894
     2.6000000        0.00467904        0.00003894
     2.7000000        0.00467904        0.00003894
     2.8000000        0.00467904        0.00003894
     2.9000000        0.00467904        0.00003894
     3.0000000        0.00467904        0.00003894
     3.1000000        0.00467904        0.00003894
     3.2000000        0.00467904        0.00003894
     3.3000000        0.00467904        0.00003894
     3.4000000        0.00467904        0.00003894
     3.5000000        0.00467904        0.00003894
     3.6000000        0.00467904        0.00003894
     3.7000000        0.00467904        0.00003894
     3.8000000        0.00467904        0.00003894
     3.9000000        0.00467904        0.00003894
     4.0000000        0.00467904        0.00003894
