     0.0000000        1.81785072        0.00774772
     0.1000000        1.43893004        0.00790262
     0.2000000        1.13533135        0.00797724
     0.3000000        0.89690678        0.00877422
     0.4000000        0.71790208        0.00966663
     0.5000000        0.57764492        0.00867959
     0.6000000        0.45786441        0.00473844
     0.7000000        0.36272412        0.00903261
     0.8000000        0.29266193        0.00633523
     0.9000000        0.24247353        0.00764970
     1.0000000        0.20828105        0.01126885
     1.1000000        0.16785660        0.00986150
     1.2000000        0.13173735        0.00971613
     1.3000000        0.10908596        0.00947644
     1.4000000        0.09158234        0.00512160
     1.5000000        0.07628638        0.00784110
     1.6000000        0.06517599        0.00946996
     1.7000000        0.05586714        0.00701733
     1.8000000        0.04233697        0.00703446
     1.9000000        0.03551260        0.00626189
     2.0000000        0.02781773        0.00803345
     2.1000000        0.01671170        0.00697712
     2.2000000        0.01357963        0.00622636
     2.3000000        0.00600065        0.00817696
     2.4000000        0.00213297        0.00911871
     2.5000000        0.00115062        0.00544560
     2.6000000        0.00328954        0.00510180
     2.7000000        0.00239633        0.00376016
     2.8000000        0.00272143        0.00373891
     2.9000000        0.00266795        0.00296010
     3.0000000        0.00156225        0.00279582
     3.1000000        0.00129513        0.00217639
     3.2000000        0.00311531        0.00188710
     3.3000000        0.00219145        0.00256866
     3.4000000        0.00378653        0.00298522
     3.5000000        0.00220593        0.00165245
     3.6000000        0.00401572        0.00124212
     3.7000000        0.00148589        0.00170504
     3.8000000        0.00037526        0.00129243
     3.9000000        0.00162670        0.00179918
     4.0000000        0.00133896        0.00191691
     4.1000000        0.00077821        0.00140018
     4.2000000        0.00175619        0.00105103
     4.3000000        0.00124008        0.00094025
     4.4000000        0.00162581        0.00184438
     4.5000000        0.00178834        0.00227818
     4.6000000        0.00112599        0.00273598
     4.7000000        0.00103656        0.00227438
     4.8000000        0.00056944        0.00250236
     4.9000000        0.00046325        0.00300737
     5.0000000        0.00100501        0.00135491
     5.1000000        0.00098737        0.00062041
     5.2000000        0.00035186        0.00069431
     5.3000000        0.00013607        0.00092281
     5.4000000       -0.00041304        0.00067298
     5.5000000       -0.00114771        0.00147906
     5.6000000       -0.00235647        0.00182098
     5.7000000       -0.00223387        0.00216779
     5.8000000       -0.00029527        0.00121051
     5.9000000       -0.00000475        0.00095269
     6.0000000       -0.00061007        0.00128221
     6.1000000        0.00050448        0.00098037
     6.2000000       -0.00031392        0.00132985
     6.3000000       -0.00203397        0.00196141
     6.4000000       -0.00138433        0.00161949
     6.5000000       -0.00107062        0.00209792
     6.6000000       -0.00074856        0.00210779
     6.7000000       -0.00140303        0.00220807
     6.8000000       -0.00294805        0.00332773
     6.9000000       -0.00195353        0.00237979
     7.0000000        0.00003565        0.00220946
     7.1000000       -0.00124796        0.00133498
     7.2000000       -0.00036228        0.00159697
     7.3000000        0.00116173        0.00168686
     7.4000000       -0.00048411        0.00150859
     7.5000000        0.00056042        0.00172092
     7.6000000        0.00191384        0.00144092
     7.7000000        0.00165355        0.00156949
     7.8000000        0.00057739        0.00213310
     7.9000000        0.00086503        0.00355102
     8.0000000        0.00091342        0.00282127
     8.1000000        0.00075446        0.00339808
     8.2000000        0.00323785        0.00351294
     8.3000000        0.00587147        0.00413971
     8.4000000        0.00107619        0.00543387
     8.5000000       -0.00058193        0.00426349
     8.6000000       -0.00192305        0.00526590
     8.7000000        0.00411718        0.00598338
     8.8000000        0.00164486        0.00523019
     8.9000000        0.00044591        0.00452339
     9.0000000        0.00353937        0.00367954
     9.1000000        0.00814116        0.00385488
     9.2000000        0.02483573        0.00551977
     9.3000000        0.02553180        0.00755387
     9.4000000        0.03451299        0.00918454
     9.5000000        0.04162799        0.00821757
     9.6000000        0.04983171        0.00609344
     9.7000000        0.06843420        0.00823499
     9.8000000        0.08928743        0.00617986
     9.9000000        0.13293489        0.00884932
    10.0000000        0.18214928        0.00774772
