  1141203700   108909072  1439372733   209716360 -1892932112  1247406126  1697518688   883600277 -1415374004  -271917947   837892543 -1892065014 -2137168992 -1246083093     4496406 -2081767618  1246930414 -1181656992 -1266571933   623266899 -1587424709   494737166   629862549 -1912426339 -1070704079 -1052662035   -65638061  1911318418    -7101229  -664769074  1274435333  1286591458           5
           1
          -1
           1
          -1
           1
          -1
           1
          -1
          -1
          -2
           1
           1
          -1
          -1
           1
          -1
          -1
          -1
           1
           1
           1
           1
           1
           1
           1
          -1
           1
          -1
          -1
          -1
           1
          -1
           1
          -1
           1
          -1
           2
          -1
           1
           1
           1
           1
          -1
          -2
          -1
           1
          -1
          -2
           1
          -1
          -1
          -1
          -1
          -1
          -1
          -1
           1
          -1
           1
          -2
           1
           1
           1
          -1
           2
           1
           1
          -1
           1
          -1
           1
          -2
           1
          -1
           1
          -1
          -1
          -1
           2
          -1
