           2               (1.3523997248990980,0.0000000000000000)   1.0000000000000000     
           2               (1.3911310651496187,0.0000000000000000)   1.0000000000000000     
           2               (1.3759830304887748,0.0000000000000000)   1.0000000000000000     
           2               (1.3608663813420199,0.0000000000000000)   1.0000000000000000     
           2               (1.3529685964381224,0.0000000000000000)   1.0000000000000000     
           2               (1.3844205757888766,0.0000000000000000)   1.0000000000000000     
           2               (1.3598235663449199,0.0000000000000000)   1.0000000000000000     
           2               (1.3730633481378096,0.0000000000000000)   1.0000000000000000     
           2               (1.3937212214584092,0.0000000000000000)   1.0000000000000000     
           2               (1.3510213605694052,0.0000000000000000)   1.0000000000000000     
           2               (1.3874466248558368,0.0000000000000000)   1.0000000000000000     
           2               (1.3433997218167326,0.0000000000000000)   1.0000000000000000     
           2               (1.3634959650038574,0.0000000000000000)   1.0000000000000000     
           2               (1.3264662405913048,0.0000000000000000)   1.0000000000000000     
           2               (1.3953137907737065,0.0000000000000000)   1.0000000000000000     
           2               (1.3511368024320127,0.0000000000000000)   1.0000000000000000     
           2               (1.4050166266130857,0.0000000000000000)   1.0000000000000000     
           2               (1.3794252622315355,0.0000000000000000)   1.0000000000000000     
           2               (1.3604877474066310,0.0000000000000000)   1.0000000000000000     
           2               (1.3387800550078810,0.0000000000000000)   1.0000000000000000     
           2               (1.3722362495645490,0.0000000000000000)   1.0000000000000000     
           2               (1.3730970605706052,0.0000000000000000)   1.0000000000000000     
           2               (1.3758762023692466,0.0000000000000000)   1.0000000000000000     
           2               (1.3774062796866489,0.0000000000000000)   1.0000000000000000     
           2               (1.3468353822276418,0.0000000000000000)   1.0000000000000000     
           2               (1.3843235833272272,0.0000000000000000)   1.0000000000000000     
           2               (1.3663109244267839,0.0000000000000000)   1.0000000000000000     
           2               (1.4063023566657835,0.0000000000000000)   1.0000000000000000     
           2               (1.3818144532944920,0.0000000000000000)   1.0000000000000000     
           2               (1.3745476147681628,0.0000000000000000)   1.0000000000000000     
           2               (1.3374266663865517,0.0000000000000000)   1.0000000000000000     
           2               (1.4130085681950804,0.0000000000000000)   1.0000000000000000     
           2               (1.3983477665351733,0.0000000000000000)   1.0000000000000000     
           2               (1.3574946737120099,0.0000000000000000)   1.0000000000000000     
           2               (1.4384525723274943,0.0000000000000000)   1.0000000000000000     
           2               (1.3807783148862838,0.0000000000000000)   1.0000000000000000     
           2               (1.3515637904308968,0.0000000000000000)   1.0000000000000000     
           2               (1.3499092947793114,0.0000000000000000)   1.0000000000000000     
           2               (1.3695188680966686,0.0000000000000000)   1.0000000000000000     
           2               (1.3700278308500351,0.0000000000000000)   1.0000000000000000     
           2               (1.3257222276702283,0.0000000000000000)   1.0000000000000000     
           2               (1.3730778984578316,0.0000000000000000)   1.0000000000000000     
           2               (1.4006143010637018,0.0000000000000000)   1.0000000000000000     
           2               (1.3826992023046329,0.0000000000000000)   1.0000000000000000     
           2               (1.3516649750400396,0.0000000000000000)   1.0000000000000000     
           2               (1.3877737617534633,0.0000000000000000)   1.0000000000000000     
           2               (1.3999211304299826,0.0000000000000000)   1.0000000000000000     
           2               (1.3311067249468580,0.0000000000000000)   1.0000000000000000     
           2               (1.3720757496664753,0.0000000000000000)   1.0000000000000000     
           2               (1.3682077816096634,0.0000000000000000)   1.0000000000000000     
           2               (1.3731759888530755,0.0000000000000000)   1.0000000000000000     
           2               (1.3442202155922203,0.0000000000000000)   1.0000000000000000     
           2               (1.3805226769959515,0.0000000000000000)   1.0000000000000000     
           2               (1.3438154010785561,0.0000000000000000)   1.0000000000000000     
           2               (1.3713358618984590,0.0000000000000000)   1.0000000000000000     
           2               (1.4011203247815289,0.0000000000000000)   1.0000000000000000     
           2               (1.3678573228046362,0.0000000000000000)   1.0000000000000000     
           2               (1.3372809511169841,0.0000000000000000)   1.0000000000000000     
           2               (1.3478029770123030,0.0000000000000000)   1.0000000000000000     
           2               (1.3658295208968505,0.0000000000000000)   1.0000000000000000     
           2               (1.3763402240885507,0.0000000000000000)   1.0000000000000000     
           2               (1.3830456238098319,0.0000000000000000)   1.0000000000000000     
           2               (1.3571571814599046,0.0000000000000000)   1.0000000000000000     
           2               (1.3611492793886686,0.0000000000000000)   1.0000000000000000     
           2               (1.4204828657500752,0.0000000000000000)   1.0000000000000000     
           2               (1.3925294330254341,0.0000000000000000)   1.0000000000000000     
           2               (1.3897105933220444,0.0000000000000000)   1.0000000000000000     
           2               (1.3576685404230129,0.0000000000000000)   1.0000000000000000     
           2               (1.3787845057520107,0.0000000000000000)   1.0000000000000000     
           2               (1.3782059870773367,0.0000000000000000)   1.0000000000000000     
           2               (1.3853283217316943,0.0000000000000000)   1.0000000000000000     
           2               (1.3705483815382684,0.0000000000000000)   1.0000000000000000     
           2               (1.3773911319461818,0.0000000000000000)   1.0000000000000000     
           2               (1.3922290818192689,0.0000000000000000)   1.0000000000000000     
           2               (1.3795454861666354,0.0000000000000000)   1.0000000000000000     
           2               (1.3631008350579048,0.0000000000000000)   1.0000000000000000     
           2               (1.3977632993439109,0.0000000000000000)   1.0000000000000000     
           2               (1.4000154447863318,0.0000000000000000)   1.0000000000000000     
           2               (1.3771568869494131,0.0000000000000000)   1.0000000000000000     
           2               (1.3535657586587697,0.0000000000000000)   1.0000000000000000     
           2               (1.3683547980936752,0.0000000000000000)   1.0000000000000000     
           2               (1.3597024168924452,0.0000000000000000)   1.0000000000000000     
           2               (1.3591418095017995,0.0000000000000000)   1.0000000000000000     
           2               (1.3977067492565034,0.0000000000000000)   1.0000000000000000     
           2               (1.3766456931091697,0.0000000000000000)   1.0000000000000000     
           2               (1.3309130777501728,0.0000000000000000)   1.0000000000000000     
           2               (1.3577907543358894,0.0000000000000000)   1.0000000000000000     
           2               (1.3707850665772487,0.0000000000000000)   1.0000000000000000     
           2               (1.3592380255317988,0.0000000000000000)   1.0000000000000000     
           2               (1.3726315144417158,0.0000000000000000)   1.0000000000000000     
           2               (1.3556237305443191,0.0000000000000000)   1.0000000000000000     
           2               (1.3817994449594666,0.0000000000000000)   1.0000000000000000     
           2               (1.4056149630447194,0.0000000000000000)   1.0000000000000000     
           2               (1.3875521583952786,0.0000000000000000)   1.0000000000000000     
           2               (1.3776785343922304,0.0000000000000000)   1.0000000000000000     
           2               (1.3862856218809025,0.0000000000000000)   1.0000000000000000     
           2               (1.3648703845366477,0.0000000000000000)   1.0000000000000000     
           2               (1.4002586388131526,0.0000000000000000)   1.0000000000000000     
           2               (1.3816855519931757,0.0000000000000000)   1.0000000000000000     
           2               (1.3686424369349128,0.0000000000000000)   1.0000000000000000     
           2               (1.3334937693986413,0.0000000000000000)   1.0000000000000000     
           2               (1.3967914657096210,0.0000000000000000)   1.0000000000000000     
           2               (1.4144113124083475,0.0000000000000000)   1.0000000000000000     
           2               (1.3856127846037227,0.0000000000000000)   1.0000000000000000     
           2               (1.3507641297660802,0.0000000000000000)   1.0000000000000000     
           2               (1.3780489306043517,0.0000000000000000)   1.0000000000000000     
           2               (1.3557398805226260,0.0000000000000000)   1.0000000000000000     
           2               (1.3852469362913866,0.0000000000000000)   1.0000000000000000     
           2               (1.3715288599851132,0.0000000000000000)   1.0000000000000000     
           2               (1.3961148313737708,0.0000000000000000)   1.0000000000000000     
           2               (1.4022486961733998,0.0000000000000000)   1.0000000000000000     
           2               (1.3638522958782264,0.0000000000000000)   1.0000000000000000     
           2               (1.3705954201482446,0.0000000000000000)   1.0000000000000000     
           2               (1.3546140219626297,0.0000000000000000)   1.0000000000000000     
           2               (1.3775515769849611,0.0000000000000000)   1.0000000000000000     
           2               (1.3490473967812704,0.0000000000000000)   1.0000000000000000     
           2               (1.4097318082631143,0.0000000000000000)   1.0000000000000000     
           2               (1.3913678191549173,0.0000000000000000)   1.0000000000000000     
           2               (1.3323274237067670,0.0000000000000000)   1.0000000000000000     
           2               (1.3542264261875023,0.0000000000000000)   1.0000000000000000     
           2               (1.3711126364985970,0.0000000000000000)   1.0000000000000000     
           2               (1.3597985894008588,0.0000000000000000)   1.0000000000000000     
           2               (1.3853569724022625,0.0000000000000000)   1.0000000000000000     
           2               (1.3543373965225478,0.0000000000000000)   1.0000000000000000     
           2               (1.3782282912698716,0.0000000000000000)   1.0000000000000000     
           2               (1.3808549648748394,0.0000000000000000)   1.0000000000000000     
           2               (1.3868428467261131,0.0000000000000000)   1.0000000000000000     
           2               (1.3445896941980700,0.0000000000000000)   1.0000000000000000     
           2               (1.3578099556677692,0.0000000000000000)   1.0000000000000000     
           2               (1.3450258838729114,0.0000000000000000)   1.0000000000000000     
           2               (1.3159395704395145,0.0000000000000000)   1.0000000000000000     
           2               (1.3462241325461084,0.0000000000000000)   1.0000000000000000     
           2               (1.3313910040246191,0.0000000000000000)   1.0000000000000000     
           2               (1.3829157975554527,0.0000000000000000)   1.0000000000000000     
           2               (1.3457504286293342,0.0000000000000000)   1.0000000000000000     
           2               (1.3240947043394664,0.0000000000000000)   1.0000000000000000     
           2               (1.3816973785948179,0.0000000000000000)   1.0000000000000000     
           2               (1.3843084025215633,0.0000000000000000)   1.0000000000000000     
           2               (1.3913380476404273,0.0000000000000000)   1.0000000000000000     
           2               (1.3777559968119983,0.0000000000000000)   1.0000000000000000     
           2               (1.3733059645311485,0.0000000000000000)   1.0000000000000000     
           2               (1.3295693854728778,0.0000000000000000)   1.0000000000000000     
           2               (1.3642931207141875,0.0000000000000000)   1.0000000000000000     
           2               (1.3374019198261977,0.0000000000000000)   1.0000000000000000     
           2               (1.3810654820329740,0.0000000000000000)   1.0000000000000000     
           2               (1.3895754156164934,0.0000000000000000)   1.0000000000000000     
           2               (1.3916542235267426,0.0000000000000000)   1.0000000000000000     
           2               (1.3383864409578374,0.0000000000000000)   1.0000000000000000     
           2               (1.3858806995437769,0.0000000000000000)   1.0000000000000000     
           2               (1.4104787664900529,0.0000000000000000)   1.0000000000000000     
           2               (1.3980841338173555,0.0000000000000000)   1.0000000000000000     
           2               (1.3507121935235340,0.0000000000000000)   1.0000000000000000     
           2               (1.4170534558712695,0.0000000000000000)   1.0000000000000000     
           2               (1.3835935522929390,0.0000000000000000)   1.0000000000000000     
           2               (1.3667838316422527,0.0000000000000000)   1.0000000000000000     
           2               (1.3947744496655372,0.0000000000000000)   1.0000000000000000     
           2               (1.3215899816843899,0.0000000000000000)   1.0000000000000000     
           2               (1.3929670137349515,0.0000000000000000)   1.0000000000000000     
           2               (1.3486390363722358,0.0000000000000000)   1.0000000000000000     
           2               (1.4107449806201715,0.0000000000000000)   1.0000000000000000     
           2               (1.3871725920339393,0.0000000000000000)   1.0000000000000000     
           2               (1.3477844234172165,0.0000000000000000)   1.0000000000000000     
           2               (1.3675760673439106,0.0000000000000000)   1.0000000000000000     
           2               (1.3861572656082886,0.0000000000000000)   1.0000000000000000     
           2               (1.3884936864517334,0.0000000000000000)   1.0000000000000000     
           2               (1.3522138683978000,0.0000000000000000)   1.0000000000000000     
           2               (1.3646700444885775,0.0000000000000000)   1.0000000000000000     
           2               (1.3622660383985641,0.0000000000000000)   1.0000000000000000     
           2               (1.3834846938895242,0.0000000000000000)   1.0000000000000000     
           2               (1.3529560354398005,0.0000000000000000)   1.0000000000000000     
           2               (1.3458302138181748,0.0000000000000000)   1.0000000000000000     
           2               (1.3553353148731881,0.0000000000000000)   1.0000000000000000     
           2               (1.3903569353489287,0.0000000000000000)   1.0000000000000000     
           2               (1.3672761116978036,0.0000000000000000)   1.0000000000000000     
           2               (1.3638346404733459,0.0000000000000000)   1.0000000000000000     
           2               (1.3396578244870303,0.0000000000000000)   1.0000000000000000     
           2               (1.3842525733769566,0.0000000000000000)   1.0000000000000000     
           2               (1.3908606892677495,0.0000000000000000)   1.0000000000000000     
           2               (1.3304451520678509,0.0000000000000000)   1.0000000000000000     
           2               (1.3591825879604862,0.0000000000000000)   1.0000000000000000     
           2               (1.3603665850091691,0.0000000000000000)   1.0000000000000000     
           2               (1.3649002774042063,0.0000000000000000)   1.0000000000000000     
           2               (1.3754932827439488,0.0000000000000000)   1.0000000000000000     
           2               (1.3666921956828884,0.0000000000000000)   1.0000000000000000     
           2               (1.3523752028113509,0.0000000000000000)   1.0000000000000000     
           2               (1.3456785274108196,0.0000000000000000)   1.0000000000000000     
           2               (1.3842000906519381,0.0000000000000000)   1.0000000000000000     
           2               (1.3570748710921401,0.0000000000000000)   1.0000000000000000     
           2               (1.3703879459702817,0.0000000000000000)   1.0000000000000000     
           2               (1.3799671510762457,0.0000000000000000)   1.0000000000000000     
           2               (1.4005661672548593,0.0000000000000000)   1.0000000000000000     
           2               (1.3802135489263119,0.0000000000000000)   1.0000000000000000     
           2               (1.3797740221052806,0.0000000000000000)   1.0000000000000000     
           2               (1.3912616123039523,0.0000000000000000)   1.0000000000000000     
           2               (1.3631514682999333,0.0000000000000000)   1.0000000000000000     
           2               (1.3533362418912005,0.0000000000000000)   1.0000000000000000     
           2               (1.3511784469244743,0.0000000000000000)   1.0000000000000000     
           2               (1.3799187783887943,0.0000000000000000)   1.0000000000000000     
           2               (1.3596943148272511,0.0000000000000000)   1.0000000000000000     
           2               (1.4074237428042340,0.0000000000000000)   1.0000000000000000     
           2               (1.3731746565878755,0.0000000000000000)   1.0000000000000000     
           2               (1.3676658726513373,0.0000000000000000)   1.0000000000000000     
           2               (1.3653702754036139,0.0000000000000000)   1.0000000000000000     
           2               (1.3449629169274371,0.0000000000000000)   1.0000000000000000     
           2               (1.3438978128020131,0.0000000000000000)   1.0000000000000000     
           2               (1.3510958493040519,0.0000000000000000)   1.0000000000000000     
           2               (1.3538214566786582,0.0000000000000000)   1.0000000000000000     
           2               (1.3683845497410108,0.0000000000000000)   1.0000000000000000     
           2               (1.3744221807126875,0.0000000000000000)   1.0000000000000000     
           2               (1.3591644162049401,0.0000000000000000)   1.0000000000000000     
           2               (1.3574140660990091,0.0000000000000000)   1.0000000000000000     
           2               (1.4004626939061482,0.0000000000000000)   1.0000000000000000     
           2               (1.4010373764262882,0.0000000000000000)   1.0000000000000000     
           2               (1.3712345260101342,0.0000000000000000)   1.0000000000000000     
           2               (1.3715009632529629,0.0000000000000000)   1.0000000000000000     
           2               (1.3405419511844932,0.0000000000000000)   1.0000000000000000     
           2               (1.3939442311317081,0.0000000000000000)   1.0000000000000000     
           2               (1.3768150976295506,0.0000000000000000)   1.0000000000000000     
           2               (1.3378564083236206,0.0000000000000000)   1.0000000000000000     
           2               (1.3543210014707081,0.0000000000000000)   1.0000000000000000     
           2               (1.4007404300596598,0.0000000000000000)   1.0000000000000000     
           2               (1.3631409371480168,0.0000000000000000)   1.0000000000000000     
           2               (1.3709330149086245,0.0000000000000000)   1.0000000000000000     
           2               (1.3869017442735636,0.0000000000000000)   1.0000000000000000     
           2               (1.3701673424601062,0.0000000000000000)   1.0000000000000000     
           2               (1.3737464968438742,0.0000000000000000)   1.0000000000000000     
           2               (1.3737256829627660,0.0000000000000000)   1.0000000000000000     
           2               (1.3657272678285555,0.0000000000000000)   1.0000000000000000     
           2               (1.3399557365412569,0.0000000000000000)   1.0000000000000000     
           2               (1.3767449893969890,0.0000000000000000)   1.0000000000000000     
           2               (1.3819249607826722,0.0000000000000000)   1.0000000000000000     
           2               (1.3869539087944798,0.0000000000000000)   1.0000000000000000     
           2               (1.3632909487359923,0.0000000000000000)   1.0000000000000000     
           2               (1.3924383257674429,0.0000000000000000)   1.0000000000000000     
           2               (1.3713196901864406,0.0000000000000000)   1.0000000000000000     
           2               (1.3657629936740046,0.0000000000000000)   1.0000000000000000     
           2               (1.3858457529247978,0.0000000000000000)   1.0000000000000000     
           2               (1.3702236951240228,0.0000000000000000)   1.0000000000000000     
           2               (1.3730441247085183,0.0000000000000000)   1.0000000000000000     
           2               (1.4054801716508909,0.0000000000000000)   1.0000000000000000     
           2               (1.3693923213576136,0.0000000000000000)   1.0000000000000000     
           2               (1.4031688539335527,0.0000000000000000)   1.0000000000000000     
           2               (1.3762985912797814,0.0000000000000000)   1.0000000000000000     
           2               (1.4012144885571154,0.0000000000000000)   1.0000000000000000     
           2               (1.4101446213729709,0.0000000000000000)   1.0000000000000000     
           2               (1.3915639476450570,0.0000000000000000)   1.0000000000000000     
           2               (1.3466133122903354,0.0000000000000000)   1.0000000000000000     
           2               (1.3726869640452739,0.0000000000000000)   1.0000000000000000     
           2               (1.3692156322158793,0.0000000000000000)   1.0000000000000000     
           2               (1.3646961884925586,0.0000000000000000)   1.0000000000000000     
           2               (1.3672045694578721,0.0000000000000000)   1.0000000000000000     
           2               (1.3752113090772291,0.0000000000000000)   1.0000000000000000     
           2               (1.3727202459247172,0.0000000000000000)   1.0000000000000000     
           2               (1.3481175533536889,0.0000000000000000)   1.0000000000000000     
           2               (1.3463959641723384,0.0000000000000000)   1.0000000000000000     
           2               (1.3704439605565242,0.0000000000000000)   1.0000000000000000     
           2               (1.3685970732166124,0.0000000000000000)   1.0000000000000000     
           2               (1.3312814307332583,0.0000000000000000)   1.0000000000000000     
           2               (1.3587550204021290,0.0000000000000000)   1.0000000000000000     
           2               (1.3777646623338515,0.0000000000000000)   1.0000000000000000     
           2               (1.4270117436479302,0.0000000000000000)   1.0000000000000000     
           2               (1.3667498552375532,0.0000000000000000)   1.0000000000000000     
           2               (1.3613970540346876,0.0000000000000000)   1.0000000000000000     
           2               (1.4008773416737397,0.0000000000000000)   1.0000000000000000     
           2               (1.3672790104817243,0.0000000000000000)   1.0000000000000000     
           2               (1.3589226591386157,0.0000000000000000)   1.0000000000000000     
           2               (1.3683689978859017,0.0000000000000000)   1.0000000000000000     
           2               (1.3730671322267964,0.0000000000000000)   1.0000000000000000     
           2               (1.3783001173757250,0.0000000000000000)   1.0000000000000000     
           2               (1.3807203299450521,0.0000000000000000)   1.0000000000000000     
           2               (1.3693459504722418,0.0000000000000000)   1.0000000000000000     
           2               (1.3912763230429062,0.0000000000000000)   1.0000000000000000     
           2               (1.3729169944474073,0.0000000000000000)   1.0000000000000000     
           2               (1.3423006575575434,0.0000000000000000)   1.0000000000000000     
           2               (1.3837969574757154,0.0000000000000000)   1.0000000000000000     
           2               (1.3887854144972789,0.0000000000000000)   1.0000000000000000     
           2               (1.3701096640456005,0.0000000000000000)   1.0000000000000000     
           2               (1.3780355124152455,0.0000000000000000)   1.0000000000000000     
           2               (1.3819053894839728,0.0000000000000000)   1.0000000000000000     
           2               (1.3879968681334993,0.0000000000000000)   1.0000000000000000     
           2               (1.3886298037635783,0.0000000000000000)   1.0000000000000000     
           2               (1.3973335338025328,0.0000000000000000)   1.0000000000000000     
           2               (1.3615903655987329,0.0000000000000000)   1.0000000000000000     
           2               (1.3809923833379152,0.0000000000000000)   1.0000000000000000     
           2               (1.3726090408102589,0.0000000000000000)   1.0000000000000000     
           2               (1.3529238301360615,0.0000000000000000)   1.0000000000000000     
           2               (1.3895675875119342,0.0000000000000000)   1.0000000000000000     
           2               (1.3807791427776235,0.0000000000000000)   1.0000000000000000     
