     0.0000000       -0.38179323        1.26934457
     0.1000000        0.39109645        0.32696244
     0.2000000       -0.62269061        1.29338258
     0.3000000       -0.60995378        1.14876797
     0.4000000       -0.31299892        0.83346781
     0.5000000       -0.53637448        0.95978385
     0.6000000       -0.60212318        1.08500629
     0.7000000       -0.62403705        1.03114552
     0.8000000       -0.48185125        0.72106904
     0.9000000       -0.01973140        0.25046747
     1.0000000       -0.25889471        0.50292975
     1.1000000        0.18566300        0.28670885
     1.2000000        0.34929793        0.30816738
     1.3000000       -0.13466508        0.20654808
     1.4000000       -0.15128798        0.25566229
     1.5000000        0.01838879        0.10444078
     1.6000000        0.05974752        0.05937446
     1.7000000       -0.03182893        0.05480129
     1.8000000       -0.02911136        0.04174845
     1.9000000       -0.16720766        0.17395102
     2.0000000       -0.11201440        0.13470414
     2.1000000        0.00319310        0.09671499
     2.2000000        0.13548000        0.12645683
     2.3000000       -0.03664044        0.07673794
     2.4000000        0.00745535        0.13518272
     2.5000000       -0.01737805        0.06999127
     2.6000000       -0.03869913        0.07997566
     2.7000000        0.03867196        0.06668105
     2.8000000       -0.01344751        0.07691384
     2.9000000        0.01984439        0.02644429
     3.0000000        0.03969267        0.03436846
     3.1000000        0.03682459        0.02840734
     3.2000000        0.07535434        0.04425693
     3.3000000        0.06023498        0.03505842
     3.4000000        0.02374335        0.07666504
     3.5000000        0.00733535        0.03600301
     3.6000000        0.03572930        0.04113670
     3.7000000        0.03054374        0.02668023
     3.8000000        0.03012057        0.02768471
     3.9000000       -0.01494341        0.03595478
     4.0000000        0.03961209        0.02601101
     4.1000000        0.05024429        0.03013159
     4.2000000       -0.12904038        0.16134577
     4.3000000       -0.43316668        0.38226057
     4.4000000       -1.11458214        1.17133427
     4.5000000       -0.65607208        0.58172036
     4.6000000       -0.23665400        0.20825715
     4.7000000       -0.09268596        0.07093177
     4.8000000       -0.08801788        0.10967058
     4.9000000        0.00551412        0.04310425
     5.0000000       -0.00215483        0.02041063
     5.1000000        0.00060454        0.02516166
     5.2000000        0.03519722        0.04144806
     5.3000000        0.10652445        0.10736655
     5.4000000        0.28220850        0.22233410
     5.5000000        0.04919801        0.05698209
     5.6000000        0.03307529        0.02339252
     5.7000000        0.00045063        0.03014565
     5.8000000       -0.03635126        0.07277029
     5.9000000        0.03484884        0.07666126
     6.0000000        0.04808153        0.05629262
     6.1000000       -0.02647113        0.05271568
     6.2000000       -0.05185424        0.04536847
     6.3000000        0.04368633        0.02822034
     6.4000000        0.15313884        0.06459526
     6.5000000        0.25619805        0.19065031
     6.6000000        0.40644531        0.42845812
     6.7000000        0.19560515        0.20845371
     6.8000000        0.51960616        0.55992180
     6.9000000        0.20905654        0.18844700
     7.0000000        0.12113238        0.31971513
     7.1000000        0.45806155        0.75956101
     7.2000000        0.17770345        0.39304457
     7.3000000        0.09205785        0.24917010
     7.4000000        0.06863757        0.28815933
     7.5000000       -0.09374324        0.22977962
     7.6000000       -0.23442982        0.32027027
     7.7000000       -0.39257399        0.53670636
     7.8000000        0.17570431        0.17799092
     7.9000000        0.19360902        0.09522663
     8.0000000        0.17033822        0.15509973
     8.1000000       -0.11873550        0.14461131
     8.2000000       -0.05805042        0.11118464
     8.3000000       -0.09132655        0.19585068
     8.4000000       -0.26034484        0.33678764
     8.5000000        0.10003096        0.13674925
     8.6000000        0.14936299        0.06009890
     8.7000000        0.19248750        0.10907903
     8.8000000        0.24353654        0.14233107
     8.9000000        0.14609845        0.18801127
     9.0000000        0.26763052        0.13101210
     9.1000000        0.35319504        0.08247576
     9.2000000        0.34634499        0.05986656
     9.3000000        0.32301565        0.15814397
     9.4000000        0.43200821        0.14486743
     9.5000000        0.41438255        0.05744206
     9.6000000        0.84265495        0.24983779
     9.7000000        0.44744260        0.22964109
     9.8000000       -0.59578189        1.51492549
     9.9000000       -0.14822492        1.02526272
    10.0000000       -0.38179323        1.26934457
