         201           5   20.000000000000000                1
     0.0000000        0.96780359        0.00469365
     0.1000000        0.71379454        0.00632764
     0.2000000        0.52570182        0.00999375
     0.3000000        0.39695294        0.00788993
     0.4000000        0.29344309        0.00633045
     0.5000000        0.22120378        0.00513001
     0.6000000        0.16485688        0.00705549
     0.7000000        0.11953279        0.00510533
     0.8000000        0.08666073        0.00398291
     0.9000000        0.06463963        0.00343709
     1.0000000        0.04655065        0.00227196
     1.1000000        0.03328305        0.00290751
     1.2000000        0.02464995        0.00604914
     1.3000000        0.01673983        0.00291551
     1.4000000        0.01198071        0.00452794
     1.5000000        0.00760986        0.00611807
     1.6000000        0.00485908        0.00441344
     1.7000000        0.00200043        0.00363713
     1.8000000       -0.00153812        0.00318724
     1.9000000       -0.00346037        0.00264398
     2.0000000       -0.00407175        0.00373735
     2.1000000       -0.00158916        0.00091224
     2.2000000       -0.00153980        0.00168032
     2.3000000       -0.00100310        0.00256836
     2.4000000       -0.00100810        0.00202456
     2.5000000       -0.00089304        0.00219160
     2.6000000        0.00247053        0.00275756
     2.7000000        0.00256643        0.00387568
     2.8000000        0.00103582        0.00374938
     2.9000000        0.00043708        0.00371267
     3.0000000        0.00001517        0.00235248
     3.1000000        0.00233356        0.00270794
     3.2000000        0.00196526        0.00317718
     3.3000000       -0.00059937        0.00437900
     3.4000000        0.00010103        0.00333996
     3.5000000       -0.00130585        0.00337380
     3.6000000       -0.00111118        0.00265074
     3.7000000       -0.00135988        0.00231129
     3.8000000       -0.00290226        0.00145123
     3.9000000       -0.00126237        0.00095857
     4.0000000       -0.00067380        0.00141402
     4.1000000       -0.00095758        0.00228713
     4.2000000       -0.00111838        0.00176263
     4.3000000       -0.00176396        0.00467248
     4.4000000        0.00033580        0.00417043
     4.5000000       -0.00082181        0.00351442
     4.6000000        0.00157883        0.00337615
     4.7000000       -0.00063715        0.00192854
     4.8000000        0.00082288        0.00173907
     4.9000000        0.00027212        0.00105987
     5.0000000        0.00132860        0.00125641
     5.1000000       -0.00149935        0.00227600
     5.2000000       -0.00244029        0.00295375
     5.3000000       -0.00323237        0.00338137
     5.4000000       -0.00419420        0.00318364
     5.5000000       -0.00144925        0.00308014
     5.6000000        0.00058061        0.00313041
     5.7000000       -0.00345968        0.00217732
     5.8000000       -0.00353963        0.00121119
     5.9000000       -0.00360882        0.00148115
     6.0000000       -0.00286435        0.00190447
     6.1000000       -0.00232178        0.00135935
     6.2000000       -0.00289262        0.00103874
     6.3000000       -0.00225036        0.00110949
     6.4000000       -0.00290182        0.00164676
     6.5000000       -0.00211296        0.00215522
     6.6000000       -0.00291667        0.00185117
     6.7000000       -0.00213298        0.00213420
     6.8000000       -0.00172927        0.00248982
     6.9000000        0.00181285        0.00195597
     7.0000000        0.00068092        0.00233443
     7.1000000        0.00064174        0.00182874
     7.2000000       -0.00000250        0.00132961
     7.3000000        0.00038143        0.00249761
     7.4000000        0.00319570        0.00270160
     7.5000000        0.00408845        0.00224600
     7.6000000        0.00246035        0.00099084
     7.7000000        0.00018757        0.00142497
     7.8000000        0.00022373        0.00254213
     7.9000000        0.00242321        0.00295782
     8.0000000        0.00577025        0.00689240
     8.1000000        0.00356074        0.00582116
     8.2000000        0.00278587        0.00209607
     8.3000000        0.00211265        0.00232387
     8.4000000        0.00066269        0.00177581
     8.5000000        0.00040290        0.00177413
     8.6000000        0.00072384        0.00193388
     8.7000000       -0.00077601        0.00150067
     8.8000000       -0.00244043        0.00105146
     8.9000000       -0.00004367        0.00190676
     9.0000000        0.00033385        0.00112699
     9.1000000        0.00096902        0.00179439
     9.2000000        0.00126145        0.00160941
     9.3000000        0.00068103        0.00281940
     9.4000000       -0.00032759        0.00186197
     9.5000000       -0.00105485        0.00189627
     9.6000000        0.00141544        0.00182978
     9.7000000        0.00115896        0.00095893
     9.8000000       -0.00257165        0.00123530
     9.9000000       -0.00010791        0.00127906
    10.0000000       -0.00034487        0.00185958
    10.1000000       -0.00118258        0.00150324
    10.2000000       -0.00136899        0.00185242
    10.3000000        0.00134010        0.00185437
    10.4000000        0.00190275        0.00142099
    10.5000000        0.00126072        0.00183386
    10.6000000        0.00043587        0.00326002
    10.7000000       -0.00132696        0.00253975
    10.8000000       -0.00139275        0.00170189
    10.9000000        0.00026502        0.00119014
    11.0000000       -0.00211017        0.00189284
    11.1000000       -0.00328780        0.00288966
    11.2000000       -0.00239504        0.00317234
    11.3000000       -0.00101183        0.00176901
    11.4000000       -0.00004185        0.00091166
    11.5000000        0.00057833        0.00139161
    11.6000000        0.00074487        0.00149415
    11.7000000        0.00045451        0.00161622
    11.8000000        0.00073874        0.00056667
    11.9000000        0.00034243        0.00057794
    12.0000000       -0.00084144        0.00103492
    12.1000000       -0.00130060        0.00054986
    12.2000000       -0.00197656        0.00092139
    12.3000000        0.00010759        0.00137910
    12.4000000        0.00069257        0.00130380
    12.5000000        0.00001258        0.00142171
    12.6000000       -0.00073729        0.00223723
    12.7000000        0.00176028        0.00153974
    12.8000000        0.00177920        0.00199619
    12.9000000        0.00305930        0.00256953
    13.0000000        0.00106848        0.00138540
    13.1000000        0.00159875        0.00177237
    13.2000000        0.00130371        0.00114054
    13.3000000       -0.00170307        0.00209788
    13.4000000        0.00043613        0.00195253
    13.5000000       -0.00163527        0.00360366
    13.6000000       -0.00162714        0.00342579
    13.7000000       -0.00191163        0.00319146
    13.8000000       -0.00491836        0.00382348
    13.9000000       -0.00393910        0.00280764
    14.0000000       -0.00326113        0.00245616
    14.1000000       -0.00436344        0.00197496
    14.2000000       -0.00143813        0.00198668
    14.3000000       -0.00094383        0.00193114
    14.4000000       -0.00208295        0.00221350
    14.5000000       -0.00087212        0.00200488
    14.6000000       -0.00030384        0.00352075
    14.7000000       -0.00211035        0.00175432
    14.8000000       -0.00048224        0.00231785
    14.9000000       -0.00065617        0.00206361
    15.0000000       -0.00006260        0.00159054
    15.1000000       -0.00307217        0.00069517
    15.2000000       -0.00184217        0.00172550
    15.3000000       -0.00047658        0.00113988
    15.4000000        0.00074773        0.00235099
    15.5000000        0.00242384        0.00347635
    15.6000000        0.00127076        0.00227471
    15.7000000        0.00139556        0.00141868
    15.8000000       -0.00163930        0.00272284
    15.9000000       -0.00063544        0.00211544
    16.0000000        0.00199568        0.00214292
    16.1000000        0.00229696        0.00380577
    16.2000000        0.00364010        0.00409019
    16.3000000        0.00243349        0.00405072
    16.4000000        0.00335975        0.00623203
    16.5000000        0.00529144        0.00828611
    16.6000000        0.00437352        0.00800351
    16.7000000        0.00729291        0.00968238
    16.8000000        0.00534671        0.00789515
    16.9000000        0.00425574        0.00699738
    17.0000000        0.00449458        0.00782723
    17.1000000       -0.00379130        0.00267799
    17.2000000       -0.00461787        0.00568769
    17.3000000        0.00011349        0.00257711
    17.4000000        0.00221724        0.00204050
    17.5000000        0.00098349        0.00191524
    17.6000000        0.00094280        0.00214471
    17.7000000        0.00065413        0.00291040
    17.8000000        0.00025087        0.00487714
    17.9000000        0.00119310        0.00353602
    18.0000000        0.00015584        0.00390906
    18.1000000        0.00534252        0.00485252
    18.2000000        0.00102277        0.00612702
    18.3000000       -0.00072829        0.00611074
    18.4000000       -0.00173435        0.00605329
    18.5000000       -0.00318438        0.00511987
    18.6000000       -0.00487758        0.00646220
    18.7000000       -0.00689140        0.00439880
    18.8000000       -0.00648175        0.00245055
    18.9000000       -0.00621963        0.00420537
    19.0000000       -0.00387796        0.00512236
    19.1000000       -0.00054778        0.00527629
    19.2000000       -0.00113143        0.00374172
    19.3000000       -0.00136858        0.00329320
    19.4000000        0.00161578        0.00298263
    19.5000000        0.00167646        0.00378580
    19.6000000        0.00620159        0.00108776
    19.7000000        0.01043026        0.00281882
    19.8000000        0.01530797        0.00191346
    19.9000000        0.02570199        0.00370209
    20.0000000        0.03219641        0.00469365
