     0.0000000        0.75658254        0.03297292
     0.1000000        0.61241196        0.03406805
     0.2000000        0.50995623        0.03327808
     0.3000000        0.42853293        0.03269276
     0.4000000        0.35913575        0.03076918
     0.5000000        0.30129171        0.02831782
     0.6000000        0.25911801        0.02482799
     0.7000000        0.22238525        0.02366927
     0.8000000        0.19858082        0.02266510
     0.9000000        0.18135319        0.02002018
     1.0000000        0.16435617        0.01780677
     1.1000000        0.14898796        0.01711367
     1.2000000        0.13200633        0.01852696
     1.3000000        0.11706689        0.02212157
     1.4000000        0.10127821        0.02170492
     1.5000000        0.08570186        0.01922080
     1.6000000        0.07789484        0.01893116
     1.7000000        0.07254293        0.01960442
     1.8000000        0.06423933        0.01790089
     1.9000000        0.05694918        0.01722758
     2.0000000        0.05016042        0.01664126
     2.1000000        0.04820739        0.01602510
     2.2000000        0.04807715        0.01590034
     2.3000000        0.04622551        0.01753823
     2.4000000        0.04523965        0.01874151
     2.5000000        0.04137396        0.02047706
     2.6000000        0.03871808        0.02021292
     2.7000000        0.03845794        0.01806630
     2.8000000        0.03630965        0.01762230
     2.9000000        0.03555017        0.01671684
     3.0000000        0.03523807        0.01754923
     3.1000000        0.03186720        0.01809963
     3.2000000        0.03031625        0.01829416
     3.3000000        0.02899029        0.01585605
     3.4000000        0.03322649        0.01411048
     3.5000000        0.03537027        0.01483823
     3.6000000        0.03580986        0.01421908
     3.7000000        0.03755997        0.01357742
     3.8000000        0.04420503        0.01468832
     3.9000000        0.04350055        0.01856060
     4.0000000        0.04137671        0.02150225
     4.1000000        0.04218378        0.02264015
     4.2000000        0.03910240        0.02306467
     4.3000000        0.03619534        0.02361415
     4.4000000        0.03372128        0.02509677
     4.5000000        0.03635369        0.02708587
     4.6000000        0.04393708        0.02950120
     4.7000000        0.05490935        0.02896248
     4.8000000        0.05667402        0.02900756
     4.9000000        0.06153923        0.02687108
     5.0000000        0.06265254        0.02544852
     5.1000000        0.06185433        0.02473476
     5.2000000        0.06437214        0.02142567
     5.3000000        0.06486337        0.02193336
     5.4000000        0.06893265        0.02039932
     5.5000000        0.07215674        0.02059831
     5.6000000        0.07345927        0.02088294
     5.7000000        0.07307773        0.02217236
     5.8000000        0.07556666        0.02287948
     5.9000000        0.07302980        0.02288927
     6.0000000        0.07265558        0.02504772
     6.1000000        0.07092703        0.02396584
     6.2000000        0.06566741        0.02313259
     6.3000000        0.06001336        0.02199481
     6.4000000        0.05798255        0.02287320
     6.5000000        0.05074758        0.02246598
     6.6000000        0.04873450        0.02096920
     6.7000000        0.05193566        0.02103494
     6.8000000        0.05268199        0.02395599
     6.9000000        0.05445901        0.02446958
     7.0000000        0.05690325        0.02314655
     7.1000000        0.05774875        0.02451733
     7.2000000        0.05495720        0.02528518
     7.3000000        0.05659783        0.02481432
     7.4000000        0.05458301        0.02370508
     7.5000000        0.05230178        0.02202739
     7.6000000        0.05251013        0.02381812
     7.7000000        0.05173186        0.02430579
     7.8000000        0.05495675        0.02481314
     7.9000000        0.05666022        0.02531810
     8.0000000        0.05993978        0.02784235
     8.1000000        0.07369717        0.03043487
     8.2000000        0.07978947        0.03253821
     8.3000000        0.08737984        0.03267160
     8.4000000        0.09667693        0.03265183
     8.5000000        0.10642001        0.03303641
     8.6000000        0.12147718        0.03162740
     8.7000000        0.13009316        0.02830312
     8.8000000        0.14126823        0.02676258
     8.9000000        0.15763878        0.02887482
     9.0000000        0.17455434        0.03061965
     9.1000000        0.19809922        0.03163113
     9.2000000        0.22276738        0.03285779
     9.3000000        0.25122415        0.03298489
     9.4000000        0.28653611        0.03093583
     9.5000000        0.32637152        0.02918739
     9.6000000        0.37669037        0.02999662
     9.7000000        0.43934144        0.03260862
     9.8000000        0.51932998        0.03339262
     9.9000000        0.61572643        0.03320607
    10.0000000        0.75658254        0.03297292
