     0.0000000        0.62796583        0.00222140
     0.1250000        0.53815103        0.00217905
     0.2500000        0.46445896        0.00211729
     0.3750000        0.40307462        0.00203890
     0.5000000        0.35267673        0.00196324
     0.6250000        0.31014645        0.00187852
     0.7500000        0.27380627        0.00177672
     0.8750000        0.24388636        0.00170156
     1.0000000        0.21855079        0.00164641
     1.1250000        0.19736168        0.00161094
     1.2500000        0.17990821        0.00158091
     1.3750000        0.16576026        0.00156632
     1.5000000        0.15422388        0.00153090
     1.6250000        0.14540229        0.00148930
     1.7500000        0.13913877        0.00145217
     1.8750000        0.13526565        0.00140720
     2.0000000        0.13440346        0.00139548
     2.1250000        0.13609979        0.00139086
     2.2500000        0.14036508        0.00139993
     2.3750000        0.14715777        0.00142160
     2.5000000        0.15629529        0.00146899
     2.6250000        0.16858635        0.00153727
     2.7500000        0.18305466        0.00160773
     2.8750000        0.20090865        0.00166727
     3.0000000        0.22186766        0.00170061
     3.1250000        0.24657735        0.00173969
     3.2500000        0.27585871        0.00178009
     3.3750000        0.31122045        0.00184063
     3.5000000        0.35330161        0.00192624
     3.6250000        0.40372861        0.00201027
     3.7500000        0.46438360        0.00213659
     3.8750000        0.53807560        0.00220728
     4.0000000        0.62796583        0.00222140
