         201           5   20.000000000000000                1
     0.0000000        0.07742564        0.01964699
     0.1000000        0.05893438        0.01783336
     0.2000000        0.04518859        0.01637359
     0.3000000        0.04324602        0.02084968
     0.4000000        0.03124021        0.01553499
     0.5000000        0.01408655        0.00864171
     0.6000000        0.01023571        0.00471681
     0.7000000        0.00392960        0.01128903
     0.8000000        0.01113721        0.00787288
     0.9000000        0.00695079        0.00343226
     1.0000000        0.01021158        0.00320962
     1.1000000        0.01035790        0.00309613
     1.2000000        0.00992798        0.00551991
     1.3000000        0.01006884        0.00542561
     1.4000000        0.01201713        0.00953677
     1.5000000        0.00639652        0.00584612
     1.6000000        0.00880789        0.00498372
     1.7000000       -0.00161754        0.00770515
     1.8000000       -0.00524390        0.00613807
     1.9000000        0.00042026        0.00542556
     2.0000000        0.00158140        0.00538248
     2.1000000        0.00204480        0.00275363
     2.2000000       -0.00126000        0.00264289
     2.3000000        0.00000863        0.00495288
     2.4000000       -0.00192782        0.00260196
     2.5000000       -0.00362768        0.00504403
     2.6000000       -0.00036505        0.00434806
     2.7000000        0.00240870        0.00462563
     2.8000000        0.00076862        0.00889446
     2.9000000       -0.00092378        0.00163225
     3.0000000        0.00333422        0.00389015
     3.1000000       -0.00118658        0.00372931
     3.2000000        0.00171291        0.00273649
     3.3000000        0.00550646        0.00475591
     3.4000000        0.00199603        0.00268220
     3.5000000       -0.00238386        0.00530814
     3.6000000       -0.00187984        0.00163762
     3.7000000       -0.00237753        0.00258592
     3.8000000        0.00049609        0.00411602
     3.9000000       -0.00105987        0.00300037
     4.0000000       -0.00095620        0.00343263
     4.1000000        0.00014696        0.00354853
     4.2000000        0.00464488        0.00360022
     4.3000000        0.00057543        0.00172752
     4.4000000        0.00165627        0.00271151
     4.5000000       -0.00143740        0.00355898
     4.6000000       -0.00062232        0.00400829
     4.7000000        0.00463751        0.00230537
     4.8000000        0.00230203        0.00463866
     4.9000000        0.00286178        0.00541762
     5.0000000        0.00560856        0.00452216
     5.1000000        0.00421333        0.00292761
     5.2000000        0.00145714        0.00378760
     5.3000000       -0.00008887        0.00235321
     5.4000000       -0.00373713        0.00261530
     5.5000000       -0.00220741        0.00224683
     5.6000000       -0.00492362        0.00296453
     5.7000000       -0.00096320        0.00339550
     5.8000000        0.00256531        0.00283538
     5.9000000        0.00257758        0.00578712
     6.0000000        0.00392249        0.00384544
     6.1000000        0.00116816        0.00589287
     6.2000000        0.00088774        0.00478082
     6.3000000        0.00122789        0.00561002
     6.4000000       -0.00084503        0.00661484
     6.5000000        0.00436531        0.00493237
     6.6000000        0.00574619        0.00427181
     6.7000000        0.00228360        0.00446533
     6.8000000       -0.00062890        0.00396242
     6.9000000       -0.00207467        0.00397614
     7.0000000        0.00018803        0.00193065
     7.1000000       -0.00332584        0.00226874
     7.2000000       -0.00342881        0.00304069
     7.3000000       -0.00145346        0.00155886
     7.4000000       -0.00313845        0.00331342
     7.5000000       -0.00123829        0.00204660
     7.6000000       -0.00134641        0.00218391
     7.7000000       -0.00079146        0.00205585
     7.8000000       -0.00030726        0.00291639
     7.9000000        0.00184488        0.00239101
     8.0000000        0.00001286        0.00227068
     8.1000000       -0.00324224        0.00277659
     8.2000000       -0.00214855        0.00243606
     8.3000000       -0.00325603        0.00080821
     8.4000000       -0.00046334        0.00194883
     8.5000000        0.00050325        0.00289885
     8.6000000        0.00265713        0.00281818
     8.7000000        0.00181233        0.00240454
     8.8000000       -0.00180431        0.00185782
     8.9000000       -0.00313831        0.00165264
     9.0000000       -0.00480537        0.00217032
     9.1000000       -0.00333834        0.00145480
     9.2000000       -0.00423114        0.00154451
     9.3000000       -0.00435553        0.00232501
     9.4000000       -0.00329901        0.00228276
     9.5000000       -0.00018227        0.00131683
     9.6000000        0.00132028        0.00134644
     9.7000000        0.00091662        0.00168679
     9.8000000        0.00270710        0.00102112
     9.9000000        0.00423011        0.00062705
    10.0000000        0.00556898        0.00260688
    10.1000000        0.00459024        0.00199714
    10.2000000        0.00325963        0.00337043
    10.3000000        0.00349653        0.00269994
    10.4000000        0.00367148        0.00134491
    10.5000000        0.00238060        0.00082122
    10.6000000        0.00155767        0.00161219
    10.7000000       -0.00035183        0.00107184
    10.8000000       -0.00002599        0.00144974
    10.9000000       -0.00033402        0.00100161
    11.0000000       -0.00038688        0.00134945
    11.1000000       -0.00090437        0.00173753
    11.2000000       -0.00089351        0.00198374
    11.3000000       -0.00210565        0.00117189
    11.4000000       -0.00102039        0.00127090
    11.5000000       -0.00060984        0.00177345
    11.6000000        0.00034187        0.00347484
    11.7000000        0.00263994        0.00308403
    11.8000000        0.00184263        0.00172289
    11.9000000        0.00021560        0.00149160
    12.0000000        0.00040294        0.00214727
    12.1000000        0.00063380        0.00144618
    12.2000000       -0.00035384        0.00143882
    12.3000000        0.00069744        0.00163284
    12.4000000       -0.00067716        0.00121054
    12.5000000       -0.00196620        0.00224829
    12.6000000        0.00050974        0.00166577
    12.7000000        0.00115454        0.00234577
    12.8000000        0.00401853        0.00251491
    12.9000000        0.00456336        0.00221571
    13.0000000        0.00385789        0.00231799
    13.1000000        0.00264498        0.00207932
    13.2000000        0.00365229        0.00264471
    13.3000000        0.00274395        0.00198660
    13.4000000        0.00390344        0.00144797
    13.5000000        0.00410041        0.00140606
    13.6000000        0.00198238        0.00131257
    13.7000000        0.00267802        0.00162654
    13.8000000        0.00259629        0.00200692
    13.9000000        0.00324615        0.00120509
    14.0000000        0.00286357        0.00125311
    14.1000000        0.00087572        0.00201861
    14.2000000        0.00104224        0.00166931
    14.3000000        0.00179753        0.00260449
    14.4000000        0.00209698        0.00341125
    14.5000000        0.00037860        0.00302712
    14.6000000       -0.00177961        0.00347027
    14.7000000        0.00058100        0.00347558
    14.8000000        0.00241059        0.00377577
    14.9000000       -0.00028178        0.00382107
    15.0000000       -0.00207036        0.00309533
    15.1000000       -0.00034416        0.00192190
    15.2000000        0.00111355        0.00130401
    15.3000000        0.00284465        0.00172147
    15.4000000        0.00302481        0.00222129
    15.5000000        0.00040733        0.00298406
    15.6000000       -0.00335391        0.00148785
    15.7000000       -0.00394313        0.00323288
    15.8000000       -0.00145287        0.00388204
    15.9000000       -0.00300109        0.00384326
    16.0000000       -0.00003302        0.00292488
    16.1000000        0.00068358        0.00427168
    16.2000000       -0.00418677        0.00312633
    16.3000000       -0.00483649        0.00477023
    16.4000000       -0.00108816        0.00448875
    16.5000000        0.00311844        0.00418871
    16.6000000        0.00234187        0.00370187
    16.7000000        0.00681358        0.00270776
    16.8000000        0.00403149        0.00296600
    16.9000000        0.00557695        0.00491978
    17.0000000        0.00183096        0.00258565
    17.1000000        0.00049910        0.00362393
    17.2000000        0.00286506        0.00316726
    17.3000000       -0.00183342        0.00643480
    17.4000000       -0.00238937        0.00494138
    17.5000000        0.00581949        0.00501777
    17.6000000        0.00891356        0.00138804
    17.7000000        0.01193934        0.00380734
    17.8000000        0.01561021        0.00517524
    17.9000000        0.01119869        0.00311273
    18.0000000        0.00842057        0.00297959
    18.1000000        0.00964317        0.00299953
    18.2000000        0.00831757        0.00583352
    18.3000000        0.00285553        0.00519958
    18.4000000        0.00676636        0.00558835
    18.5000000        0.01208627        0.00295392
    18.6000000        0.01426422        0.00282514
    18.7000000        0.01607616        0.00380586
    18.8000000        0.01524470        0.00256623
    18.9000000        0.03468138        0.00219485
    19.0000000        0.05075796        0.00459884
    19.1000000        0.06562195        0.00578034
    19.2000000        0.09049561        0.00844124
    19.3000000        0.12533897        0.00536638
    19.4000000        0.16755195        0.00962705
    19.5000000        0.20182050        0.00510653
    19.6000000        0.26766940        0.00996157
    19.7000000        0.36182648        0.00474235
    19.8000000        0.49923838        0.01074358
    19.9000000        0.66863075        0.02302128
    20.0000000        0.92257436        0.01964699
