     0.0000000        0.29137431        0.01136844
     0.1000000        0.22743666        0.01292523
     0.2000000        0.18426318        0.01534725
     0.3000000        0.15414108        0.01462168
     0.4000000        0.12249784        0.01504924
     0.5000000        0.10195755        0.01251535
     0.6000000        0.08300576        0.00997056
     0.7000000        0.06803889        0.01678275
     0.8000000        0.06347248        0.02214232
     0.9000000        0.06274550        0.01888954
     1.0000000        0.04403527        0.01503953
     1.1000000        0.03048317        0.01104552
     1.2000000        0.01400363        0.01520823
     1.3000000        0.02009438        0.00742661
     1.4000000        0.00775569        0.00784575
     1.5000000        0.01691099        0.00719869
     1.6000000        0.01683935        0.00737477
     1.7000000        0.00646040        0.00950223
     1.8000000       -0.00153523        0.00762340
     1.9000000       -0.00655407        0.01023553
     2.0000000        0.00057888        0.01008878
     2.1000000       -0.00055446        0.00855175
     2.2000000        0.00127078        0.00932723
     2.3000000       -0.00353488        0.00598703
     2.4000000       -0.00224063        0.00901709
     2.5000000       -0.00336053        0.00603401
     2.6000000        0.00702419        0.00654700
     2.7000000        0.00883650        0.00852986
     2.8000000        0.00446316        0.00887906
     2.9000000        0.00160562        0.00918433
     3.0000000        0.00346548        0.00795670
     3.1000000        0.00886435        0.00672518
     3.2000000        0.01401365        0.00581089
     3.3000000        0.01594563        0.00960807
     3.4000000        0.01357901        0.01081071
     3.5000000        0.00982973        0.00798481
     3.6000000        0.00451642        0.00530603
     3.7000000        0.00191517        0.00589562
     3.8000000        0.00704951        0.00736744
     3.9000000        0.00774648        0.00644612
     4.0000000        0.00946176        0.00534609
     4.1000000        0.00800654        0.00448482
     4.2000000        0.01258958        0.00477243
     4.3000000        0.02268492        0.01476189
     4.4000000        0.02660998        0.01697267
     4.5000000        0.02092898        0.01643571
     4.6000000        0.01929728        0.01014500
     4.7000000        0.01031957        0.00502782
     4.8000000        0.01593092        0.00540782
     4.9000000        0.01205076        0.00532022
     5.0000000        0.00889244        0.00458834
     5.1000000        0.00671473        0.00749699
     5.2000000        0.01266820        0.00884260
     5.3000000        0.01699026        0.00725490
     5.4000000        0.01596463        0.00686105
     5.5000000        0.01304408        0.00441636
     5.6000000        0.01544597        0.00423694
     5.7000000        0.01328240        0.00345930
     5.8000000        0.01111455        0.00743654
     5.9000000        0.01134781        0.00804659
     6.0000000        0.01485232        0.00786527
     6.1000000        0.01696280        0.00670523
     6.2000000        0.01282666        0.00727810
     6.3000000        0.01549925        0.00684284
     6.4000000        0.01314405        0.00684140
     6.5000000        0.01264716        0.00815555
     6.6000000        0.01704926        0.00774727
     6.7000000        0.01548025        0.00783479
     6.8000000        0.02295123        0.00995853
     6.9000000        0.02601440        0.00887723
     7.0000000        0.02908021        0.01250304
     7.1000000        0.03766311        0.01780034
     7.2000000        0.03306221        0.01284392
     7.3000000        0.03465766        0.01153945
     7.4000000        0.03453890        0.01425275
     7.5000000        0.03889798        0.01198365
     7.6000000        0.03753275        0.01572880
     7.7000000        0.03888411        0.02415636
     7.8000000        0.05055745        0.02000795
     7.9000000        0.07087898        0.01398981
     8.0000000        0.07776419        0.01439282
     8.1000000        0.09252687        0.01120650
     8.2000000        0.11315368        0.01208200
     8.3000000        0.12321377        0.01214480
     8.4000000        0.14216564        0.01261314
     8.5000000        0.17356795        0.00807673
     8.6000000        0.20166601        0.00674904
     8.7000000        0.23904652        0.00611522
     8.8000000        0.26842096        0.01050090
     8.9000000        0.30095345        0.01006796
     9.0000000        0.35160328        0.00889505
     9.1000000        0.42468582        0.00614199
     9.2000000        0.49261679        0.00899918
     9.3000000        0.56912760        0.01696898
     9.4000000        0.65919421        0.01854601
     9.5000000        0.77265828        0.01780474
     9.6000000        0.88964148        0.02606142
     9.7000000        1.03626219        0.02714995
     9.8000000        1.22480820        0.00979487
     9.9000000        1.43928354        0.01434004
    10.0000000        1.70862569        0.01136844
