         101           5   20.000000000000000                1
     0.0000000        0.39261719        0.01610936
     0.1000000        0.30202710        0.00732420
     0.2000000        0.21405239        0.00406513
     0.3000000        0.16008179        0.00609528
     0.4000000        0.12509363        0.00608692
     0.5000000        0.10064862        0.01931334
     0.6000000        0.07849329        0.00852105
     0.7000000        0.06135358        0.01628546
     0.8000000        0.05896056        0.02303695
     0.9000000        0.02232007        0.01203486
     1.0000000       -0.00365622        0.02766977
     1.1000000       -0.01849425        0.02645157
     1.2000000        0.00943216        0.01548208
     1.3000000        0.04196104        0.10185481
     1.4000000       -0.03998426        0.05841781
     1.5000000       -0.02067254        0.03457347
     1.6000000       -0.06438195        0.06788374
     1.7000000       -0.08335393        0.06710769
     1.8000000       -0.03482626        0.03188168
     1.9000000       -0.18052663        0.19075230
     2.0000000       -0.04737972        0.04627914
     2.1000000       -0.02877878        0.02403573
     2.2000000       -0.02238457        0.00968803
     2.3000000       -0.03855689        0.02367843
     2.4000000       -0.00829025        0.00353174
     2.5000000        0.00202118        0.00940044
     2.6000000        0.01715698        0.01518493
     2.7000000        0.00255632        0.00817584
     2.8000000       -0.02160888        0.03282364
     2.9000000       -0.00755277        0.01004887
     3.0000000        0.05615923        0.06841245
     3.1000000        0.05809911        0.06135332
     3.2000000        0.02842430        0.03052688
     3.3000000        0.07427924        0.07132529
     3.4000000        0.03547726        0.03054973
     3.5000000        0.02404445        0.01845316
     3.6000000        0.00904118        0.00243023
     3.7000000        0.02276077        0.00649515
     3.8000000        0.01749649        0.01083665
     3.9000000        0.00775662        0.01739195
     4.0000000        0.02446541        0.02949722
     4.1000000        0.00278298        0.00803938
     4.2000000        0.02327061        0.02884911
     4.3000000        0.00805283        0.01291614
     4.4000000       -0.00418685        0.00453476
     4.5000000        0.00027401        0.01779748
     4.6000000        0.00164376        0.01810163
     4.7000000        0.00539562        0.00794331
     4.8000000       -0.00303461        0.00408826
     4.9000000        0.00390190        0.00671954
     5.0000000        0.00405676        0.00489424
     5.1000000       -0.00067324        0.00292580
     5.2000000       -0.01201193        0.01605268
     5.3000000       -0.00284766        0.00505320
     5.4000000        0.00250347        0.00585116
     5.5000000        0.00513495        0.00666845
     5.6000000        0.00720936        0.00525965
     5.7000000        0.00806149        0.00556563
     5.8000000        0.00371258        0.00527447
     5.9000000       -0.00493546        0.00387032
     6.0000000       -0.00352969        0.00727729
     6.1000000       -0.00831654        0.00613655
     6.2000000       -0.01436872        0.01213346
     6.3000000       -0.01229509        0.01353829
     6.4000000       -0.01214033        0.01097896
     6.5000000       -0.01161219        0.01507332
     6.6000000       -0.01580244        0.01583777
     6.7000000       -0.01920564        0.02058102
     6.8000000       -0.03708026        0.04029409
     6.9000000       -0.06331807        0.07337151
     7.0000000       -0.03295145        0.02697248
     7.1000000       -0.04429097        0.03174932
     7.2000000       -0.02698869        0.01936114
     7.3000000       -0.01327744        0.01339181
     7.4000000       -0.00327722        0.00240876
     7.5000000       -0.00858841        0.00420528
     7.6000000       -0.01506570        0.00565105
     7.7000000       -0.01585868        0.00718294
     7.8000000       -0.00411980        0.00877994
     7.9000000       -0.00906436        0.01579068
     8.0000000       -0.05311390        0.03926649
     8.1000000       -0.02551255        0.02043930
     8.2000000       -0.01302694        0.00779815
     8.3000000       -0.00388791        0.00384425
     8.4000000       -0.00076949        0.00357642
     8.5000000        0.00077821        0.00191346
     8.6000000       -0.00281521        0.00402553
     8.7000000        0.00248193        0.00283250
     8.8000000        0.01807883        0.01321730
     8.9000000        0.01046382        0.00918782
     9.0000000        0.01627893        0.02170260
     9.1000000        0.00693875        0.02000324
     9.2000000        0.01410679        0.03005683
     9.3000000       -0.00165216        0.00717243
     9.4000000       -0.00370884        0.00470205
     9.5000000       -0.00853038        0.00368522
     9.6000000       -0.00585359        0.00424683
     9.7000000       -0.00195208        0.00358916
     9.8000000        0.00275303        0.00620584
     9.9000000       -0.00422380        0.00323945
    10.0000000       -0.00167929        0.00297355
