         101         157   20.000000000000000                1
     0.0000000        0.03572402        0.00000000
     0.1000000        0.03416947        0.00000000
     0.2000000        0.03268260        0.00000000
     0.3000000        0.03126047        0.00000000
     0.4000000        0.02990026        0.00000000
     0.5000000        0.02859929        0.00000000
     0.6000000        0.02735497        0.00000000
     0.7000000        0.02616483        0.00000000
     0.8000000        0.02502652        0.00000000
     0.9000000        0.02393779        0.00000000
     1.0000000        0.02289648        0.00000000
     1.1000000        0.02190052        0.00000000
     1.2000000        0.02094795        0.00000000
     1.3000000        0.02003687        0.00000000
     1.4000000        0.01916548        0.00000000
     1.5000000        0.01833206        0.00000000
     1.6000000        0.01753495        0.00000000
     1.7000000        0.01677258        0.00000000
     1.8000000        0.01604343        0.00000000
     1.9000000        0.01534606        0.00000000
     2.0000000        0.01467909        0.00000000
     2.1000000        0.01404119        0.00000000
     2.2000000        0.01343112        0.00000000
     2.3000000        0.01284764        0.00000000
     2.4000000        0.01228962        0.00000000
     2.5000000        0.01175594        0.00000000
     2.6000000        0.01124555        0.00000000
     2.7000000        0.01075743        0.00000000
     2.8000000        0.01029063        0.00000000
     2.9000000        0.00984421        0.00000000
     3.0000000        0.00941729        0.00000000
     3.1000000        0.00900902        0.00000000
     3.2000000        0.00861860        0.00000000
     3.3000000        0.00824525        0.00000000
     3.4000000        0.00788824        0.00000000
     3.5000000        0.00754685        0.00000000
     3.6000000        0.00722041        0.00000000
     3.7000000        0.00690827        0.00000000
     3.8000000        0.00660982        0.00000000
     3.9000000        0.00632446        0.00000000
     4.0000000        0.00605163        0.00000000
     4.1000000        0.00579079        0.00000000
     4.2000000        0.00554141        0.00000000
     4.3000000        0.00530302        0.00000000
     4.4000000        0.00507513        0.00000000
     4.5000000        0.00485729        0.00000000
     4.6000000        0.00464907        0.00000000
     4.7000000        0.00445007        0.00000000
     4.8000000        0.00425988        0.00000000
     4.9000000        0.00407812        0.00000000
     5.0000000        0.00390445        0.00000000
     5.1000000        0.00373851        0.00000000
     5.2000000        0.00357997        0.00000000
     5.3000000        0.00342853        0.00000000
     5.4000000        0.00328388        0.00000000
     5.5000000        0.00314573        0.00000000
     5.6000000        0.00301382        0.00000000
     5.7000000        0.00288787        0.00000000
     5.8000000        0.00276765        0.00000000
     5.9000000        0.00265291        0.00000000
     6.0000000        0.00254342        0.00000000
     6.1000000        0.00243897        0.00000000
     6.2000000        0.00233935        0.00000000
     6.3000000        0.00224437        0.00000000
     6.4000000        0.00215383        0.00000000
     6.5000000        0.00206756        0.00000000
     6.6000000        0.00198538        0.00000000
     6.7000000        0.00190714        0.00000000
     6.8000000        0.00183268        0.00000000
     6.9000000        0.00176184        0.00000000
     7.0000000        0.00169450        0.00000000
     7.1000000        0.00163051        0.00000000
     7.2000000        0.00156975        0.00000000
     7.3000000        0.00151210        0.00000000
     7.4000000        0.00145745        0.00000000
     7.5000000        0.00140568        0.00000000
     7.6000000        0.00135670        0.00000000
     7.7000000        0.00131041        0.00000000
     7.8000000        0.00126671        0.00000000
     7.9000000        0.00122552        0.00000000
     8.0000000        0.00118676        0.00000000
     8.1000000        0.00115035        0.00000000
     8.2000000        0.00111621        0.00000000
     8.3000000        0.00108429        0.00000000
     8.4000000        0.00105452        0.00000000
     8.5000000        0.00102684        0.00000000
     8.6000000        0.00100119        0.00000000
     8.7000000        0.00097752        0.00000000
     8.8000000        0.00095579        0.00000000
     8.9000000        0.00093595        0.00000000
     9.0000000        0.00091797        0.00000000
     9.1000000        0.00090180        0.00000000
     9.2000000        0.00088742        0.00000000
     9.3000000        0.00087480        0.00000000
     9.4000000        0.00086391        0.00000000
     9.5000000        0.00085474        0.00000000
     9.6000000        0.00084725        0.00000000
     9.7000000        0.00084145        0.00000000
     9.8000000        0.00083731        0.00000000
     9.9000000        0.00083483        0.00000000
    10.0000000        0.00083400        0.00000000
