     0.0000000        1.40276256        0.00456727
     0.1000000        1.27982925        0.00451473
     0.2000000        1.19091012        0.00453737
     0.3000000        1.12489503        0.00455889
     0.4000000        1.07570811        0.00458547
     0.5000000        1.03853631        0.00458178
     0.6000000        1.01076616        0.00454851
     0.7000000        0.99099334        0.00452256
     0.8000000        0.97712760        0.00452576
     0.9000000        0.96889991        0.00454547
     1.0000000        0.96591075        0.00452794
     1.1000000        0.96787617        0.00456554
     1.2000000        0.97539603        0.00460877
     1.3000000        0.98872926        0.00461996
     1.4000000        1.00894572        0.00459514
     1.5000000        1.03648489        0.00458535
     1.6000000        1.07388328        0.00458594
     1.7000000        1.12387575        0.00457308
     1.8000000        1.19053968        0.00455710
     1.9000000        1.27948123        0.00455019
     2.0000000        1.40276256        0.00456727
