   -2.692794      0.000000
  1    1        0.18045436        0.00257567       -0.00069738        0.00124345
   -2.243995      0.000000
  1    1        0.25445898        0.00464380        0.00069838        0.00179521
   -1.795196      0.000000
  1    1        0.53375170        0.01040071        0.00364848        0.00133443
   -1.346397      0.000000
  1    1        1.46624830        0.01040071       -0.00364848        0.00133443
   -0.897598      0.000000
  1    1        1.74554102        0.00464380       -0.00069838        0.00179521
   -0.448799      0.000000
  1    1        1.81954564        0.00257567        0.00069738        0.00124345
    0.000000      0.000000
  1    1        1.83897526        0.00216067        0.00000000        0.00000000
    0.448799      0.000000
  1    1        1.81954564        0.00257567       -0.00069738        0.00124345
    0.897598      0.000000
  1    1        1.74554102        0.00464380        0.00069838        0.00179521
    1.346397      0.000000
  1    1        1.46624830        0.01040071        0.00364848        0.00133443
    1.795196      0.000000
  1    1        0.53375170        0.01040071       -0.00364848        0.00133443
    2.243995      0.000000
  1    1        0.25445898        0.00464380       -0.00069838        0.00179521
    2.692794      0.000000
  1    1        0.18045436        0.00257567        0.00069738        0.00124345
    3.141593      0.000000
  1    1        0.16102474        0.00216067       -0.00000000        0.00000000
