           2               (5.4698871944451275,0.0000000000000000)   1.0000000000000000     
           2               (5.4896913968659593,0.0000000000000000)   1.0000000000000000     
           2               (5.5741511427902672,0.0000000000000000)   1.0000000000000000     
           2               (5.4667975966395925,0.0000000000000000)   1.0000000000000000     
           2               (5.4711065993732841,0.0000000000000000)   1.0000000000000000     
           2               (5.6175015118664922,0.0000000000000000)   1.0000000000000000     
           2               (5.4160746660773889,0.0000000000000000)   1.0000000000000000     
           2               (5.5098854896732252,0.0000000000000000)   1.0000000000000000     
           2               (5.5630310487164243,0.0000000000000000)   1.0000000000000000     
           2               (5.5016404547077098,0.0000000000000000)   1.0000000000000000     
           2               (5.4795583870124647,0.0000000000000000)   1.0000000000000000     
           2               (5.4295745504964250,0.0000000000000000)   1.0000000000000000     
           2               (5.5291095648096995,0.0000000000000000)   1.0000000000000000     
           2               (5.4999103969841778,0.0000000000000000)   1.0000000000000000     
           2               (5.5630091438448632,0.0000000000000000)   1.0000000000000000     
           2               (5.4090018760583689,0.0000000000000000)   1.0000000000000000     
           2               (5.5029090133859491,0.0000000000000000)   1.0000000000000000     
           2               (5.5629197685635940,0.0000000000000000)   1.0000000000000000     
           2               (5.5895547553144125,0.0000000000000000)   1.0000000000000000     
           2               (5.4077609526429606,0.0000000000000000)   1.0000000000000000     
