   1.0000000000000000                1          14
               (0.0000000000000000,0.0000000000000000)
  -2.6927937030769660        0.0000000000000000     
        (1.4886529376349691,-3.24872215853354413E-016)
  -2.2439947525641384        0.0000000000000000     
         (1.0616275526243641,2.73137105806404004E-016)
  -1.7951958020513106        0.0000000000000000     
       (0.68632991438551916,-2.02275971281215291E-016)
  -1.3463968515384830        0.0000000000000000     
        (0.56264673352579564,1.58471025695873090E-016)
 -0.89759790102565529        0.0000000000000000     
       (0.27286833483975198,-1.39061765629167762E-017)
 -0.44879895051282764        0.0000000000000000     
        (0.17898543449752721,1.48832527430666487E-017)
   0.0000000000000000        0.0000000000000000     
         (6.77068655441782213E-002,0.0000000000000000)
  0.44879895051282764        0.0000000000000000     
       (0.17898543449752721,-1.48832527430666487E-017)
  0.89759790102565529        0.0000000000000000     
        (0.27286833483975198,1.39061765629167762E-017)
   1.3463968515384830        0.0000000000000000     
       (0.56264673352579564,-1.58471025695873090E-016)
   1.7951958020513106        0.0000000000000000     
        (0.68632991438551916,2.02275971281215291E-016)
   2.2439947525641384        0.0000000000000000     
        (1.0616275526243641,-2.73137105806404004E-016)
   2.6927937030769660        0.0000000000000000     
         (1.4886529376349691,3.24872215853354413E-016)
   3.1415926535897936        0.0000000000000000     
        (2.6951277222175105,-2.57654858976181182E-016)
   1.0000000000000000                1          14
               (0.0000000000000000,0.0000000000000000)
  -2.6927937030769660        0.0000000000000000     
        (1.5958803985749621,-1.74246714197570351E-017)
  -2.2439947525641384        0.0000000000000000     
        (0.97248475471967410,1.13687673869165111E-016)
  -1.7951958020513106        0.0000000000000000     
       (0.77309324469872498,-6.01486463579242930E-017)
  -1.3463968515384830        0.0000000000000000     
        (0.52194692558756783,6.32322163834353062E-017)
 -0.89759790102565529        0.0000000000000000     
       (0.35676534802408150,-5.18822754483848731E-017)
 -0.44879895051282764        0.0000000000000000     
       (0.17156999845396742,-1.17271434684468065E-017)
   0.0000000000000000        0.0000000000000000     
        (-1.55652333260179537E-004,0.0000000000000000)
  0.44879895051282764        0.0000000000000000     
        (0.17156999845396742,1.17271434684468065E-017)
  0.89759790102565529        0.0000000000000000     
        (0.35676534802408150,5.18822754483848731E-017)
   1.3463968515384830        0.0000000000000000     
       (0.52194692558756783,-6.32322163834353062E-017)
   1.7951958020513106        0.0000000000000000     
        (0.77309324469872498,6.01486463579242930E-017)
   2.2439947525641384        0.0000000000000000     
       (0.97248475471967410,-1.13687673869165111E-016)
   2.6927937030769660        0.0000000000000000     
         (1.5958803985749621,1.74246714197570351E-017)
   3.1415926535897936        0.0000000000000000     
        (2.4718286137825705,-6.78697115101017476E-017)
   1.0000000000000000                1          14
               (0.0000000000000000,0.0000000000000000)
  -2.6927937030769660        0.0000000000000000     
        (1.3534242496353603,-2.21671708643218332E-016)
  -2.2439947525641384        0.0000000000000000     
         (1.0716980246999650,1.90620637760010194E-016)
  -1.7951958020513106        0.0000000000000000     
       (0.73254270031581270,-1.53782171897229691E-016)
  -1.3463968515384830        0.0000000000000000     
        (0.49355883928738215,1.14800936552413295E-016)
 -0.89759790102565529        0.0000000000000000     
        (0.38690758521708724,1.82708875906842876E-017)
 -0.44879895051282764        0.0000000000000000     
  (3.83501338913883050E-002,-2.49957727185586649E-017)
   0.0000000000000000        0.0000000000000000     
              (0.16915704782670327,0.0000000000000000)
  0.44879895051282764        0.0000000000000000     
   (3.83501338913883050E-002,2.49957727185586649E-017)
  0.89759790102565529        0.0000000000000000     
       (0.38690758521708724,-1.82708875906842876E-017)
   1.3463968515384830        0.0000000000000000     
       (0.49355883928738215,-1.14800936552413295E-016)
   1.7951958020513106        0.0000000000000000     
        (0.73254270031581270,1.53782171897229691E-016)
   2.2439947525641384        0.0000000000000000     
        (1.0716980246999650,-1.90620637760010194E-016)
   2.6927937030769660        0.0000000000000000     
         (1.3534242496353603,2.21671708643218332E-016)
   3.1415926535897936        0.0000000000000000     
        (2.8908043146842810,-1.89281463833560411E-016)
   1.0000000000000000                1          14
               (0.0000000000000000,0.0000000000000000)
  -2.6927937030769660        0.0000000000000000     
        (1.5919710011654715,-1.65328606464324309E-016)
  -2.2439947525641384        0.0000000000000000     
         (1.0131888562690212,5.30450954581354165E-017)
  -1.7951958020513106        0.0000000000000000     
       (0.74743259248296245,-1.64218426949619040E-016)
  -1.3463968515384830        0.0000000000000000     
        (0.53750692904597641,2.61618814432032828E-017)
 -0.89759790102565529        0.0000000000000000     
       (0.32217291021001565,-8.40917545902115781E-017)
 -0.44879895051282764        0.0000000000000000     
       (0.16569209544710325,-2.93256028593685591E-017)
   0.0000000000000000        0.0000000000000000     
         (4.22752266534761750E-002,0.0000000000000000)
  0.44879895051282764        0.0000000000000000     
        (0.16569209544710325,2.93256028593685591E-017)
  0.89759790102565529        0.0000000000000000     
        (0.32217291021001565,8.40917545902115781E-017)
   1.3463968515384830        0.0000000000000000     
       (0.53750692904597641,-2.61618814432032828E-017)
   1.7951958020513106        0.0000000000000000     
        (0.74743259248296245,1.64218426949619040E-016)
   2.2439947525641384        0.0000000000000000     
        (1.0131888562690212,-5.30450954581354165E-017)
   2.6927937030769660        0.0000000000000000     
         (1.5919710011654715,1.65328606464324309E-016)
   3.1415926535897936        0.0000000000000000     
        (2.4683972057858377,-1.03148499315131530E-016)
   1.0000000000000000                1          14
               (0.0000000000000000,0.0000000000000000)
  -2.6927937030769660        0.0000000000000000     
        (1.3389139023261598,-2.16378483174026527E-016)
  -2.2439947525641384        0.0000000000000000     
         (1.0261385922062580,1.65787177508324966E-016)
  -1.7951958020513106        0.0000000000000000     
       (0.72219337954395513,-1.82571040637539720E-016)
  -1.3463968515384830        0.0000000000000000     
       (0.51479965372028924,-1.07632253371106483E-017)
 -0.89759790102565529        0.0000000000000000     
        (0.35943001669639252,5.93876044517871063E-017)
 -0.44879895051282764        0.0000000000000000     
       (0.11989465741682721,-8.52049534571513678E-017)
   0.0000000000000000        0.0000000000000000     
         (5.66506899677892001E-002,0.0000000000000000)
  0.44879895051282764        0.0000000000000000     
        (0.11989465741682721,8.52049534571513678E-017)
  0.89759790102565529        0.0000000000000000     
       (0.35943001669639252,-5.93876044517871063E-017)
   1.3463968515384830        0.0000000000000000     
        (0.51479965372028924,1.07632253371106483E-017)
   1.7951958020513106        0.0000000000000000     
        (0.72219337954395513,1.82571040637539720E-016)
   2.2439947525641384        0.0000000000000000     
        (1.0261385922062580,-1.65787177508324966E-016)
   2.6927937030769660        0.0000000000000000     
         (1.3389139023261598,2.16378483174026527E-016)
   3.1415926535897936        0.0000000000000000     
        (3.0450556065261329,-2.82830117762944331E-016)
   1.0000000000000000                1          14
               (0.0000000000000000,0.0000000000000000)
  -2.6927937030769660        0.0000000000000000     
        (1.4299658792911429,-2.70676614142528273E-016)
  -2.2439947525641384        0.0000000000000000     
        (0.81132694279818318,2.42444531870335341E-016)
  -1.7951958020513106        0.0000000000000000     
       (0.72227382728699385,-1.35814813727828155E-016)
  -1.3463968515384830        0.0000000000000000     
        (0.60768200583443910,1.31373224840459995E-016)
 -0.89759790102565529        0.0000000000000000     
       (0.31988596615496778,-5.99772424023058201E-017)
 -0.44879895051282764        0.0000000000000000     
   (8.27514159496581525E-002,7.75696079708024858E-017)
   0.0000000000000000        0.0000000000000000     
        (-1.31434166335382100E-003,0.0000000000000000)
  0.44879895051282764        0.0000000000000000     
  (8.27514159496581525E-002,-7.75696079708024858E-017)
  0.89759790102565529        0.0000000000000000     
        (0.31988596615496778,5.99772424023058201E-017)
   1.3463968515384830        0.0000000000000000     
       (0.60768200583443910,-1.31373224840459995E-016)
   1.7951958020513106        0.0000000000000000     
        (0.72227382728699385,1.35814813727828155E-016)
   2.2439947525641384        0.0000000000000000     
       (0.81132694279818318,-2.42444531870335341E-016)
   2.6927937030769660        0.0000000000000000     
         (1.4299658792911429,2.70676614142528273E-016)
   3.1415926535897936        0.0000000000000000     
        (3.2447915110997720,-2.51327709645071512E-016)
   1.0000000000000000                1          14
               (0.0000000000000000,0.0000000000000000)
  -2.6927937030769660        0.0000000000000000     
        (1.6368833703630354,-1.48207801718250156E-016)
  -2.2439947525641384        0.0000000000000000     
         (1.0199134062655175,7.24177182501198408E-017)
  -1.7951958020513106        0.0000000000000000     
        (0.70891887677826315,5.82728327899614585E-017)
  -1.3463968515384830        0.0000000000000000     
        (0.52971094622629333,9.59118531285477921E-017)
 -0.89759790102565529        0.0000000000000000     
       (0.36544717775239183,-4.62001459902977476E-017)
 -0.44879895051282764        0.0000000000000000     
       (0.17072958867012353,-9.58523939289750315E-017)
   0.0000000000000000        0.0000000000000000     
         (2.27639740562969109E-002,0.0000000000000000)
  0.44879895051282764        0.0000000000000000     
        (0.17072958867012353,9.58523939289750315E-017)
  0.89759790102565529        0.0000000000000000     
        (0.36544717775239183,4.62001459902977476E-017)
   1.3463968515384830        0.0000000000000000     
       (0.52971094622629333,-9.59118531285477921E-017)
   1.7951958020513106        0.0000000000000000     
       (0.70891887677826315,-5.82728327899614585E-017)
   2.2439947525641384        0.0000000000000000     
        (1.0199134062655175,-7.24177182501198408E-017)
   2.6927937030769660        0.0000000000000000     
         (1.6368833703630354,1.48207801718250156E-016)
   3.1415926535897936        0.0000000000000000     
        (2.4059919607939406,-7.72898426466276333E-017)
   1.0000000000000000                1          14
               (0.0000000000000000,0.0000000000000000)
  -2.6927937030769660        0.0000000000000000     
        (1.1617435564087273,-2.86854121913580982E-016)
  -2.2439947525641384        0.0000000000000000     
        (0.98209158291017928,2.21397469671229493E-016)
  -1.7951958020513106        0.0000000000000000     
       (0.89784144284997403,-6.61407528901933584E-017)
  -1.3463968515384830        0.0000000000000000     
        (0.43863226168028108,1.27566732033573976E-016)
 -0.89759790102565529        0.0000000000000000     
       (0.36165384689460184,-9.27988306027189599E-018)
 -0.44879895051282764        0.0000000000000000     
        (0.17538234271462713,3.63605993765689926E-017)
   0.0000000000000000        0.0000000000000000     
        (-1.13196597696919744E-002,0.0000000000000000)
  0.44879895051282764        0.0000000000000000     
       (0.17538234271462713,-3.63605993765689926E-017)
  0.89759790102565529        0.0000000000000000     
        (0.36165384689460184,9.27988306027189599E-018)
   1.3463968515384830        0.0000000000000000     
       (0.43863226168028108,-1.27566732033573976E-016)
   1.7951958020513106        0.0000000000000000     
        (0.89784144284997403,6.61407528901933584E-017)
   2.2439947525641384        0.0000000000000000     
       (0.98209158291017928,-2.21397469671229493E-016)
   2.6927937030769660        0.0000000000000000     
         (1.1617435564087273,2.86854121913580982E-016)
   3.1415926535897936        0.0000000000000000     
        (3.2216868480166996,-3.04729787386282853E-016)
   1.0000000000000000                1          14
               (0.0000000000000000,0.0000000000000000)
  -2.6927937030769660        0.0000000000000000     
        (1.4828054476830488,-2.35270663686710827E-016)
  -2.2439947525641384        0.0000000000000000     
        (0.97458342081760829,2.39290098040095316E-016)
  -1.7951958020513106        0.0000000000000000     
       (0.74060684215819328,-6.80174518357234627E-017)
  -1.3463968515384830        0.0000000000000000     
        (0.45781751416274030,9.18622973431285707E-017)
 -0.89759790102565529        0.0000000000000000     
       (0.31422008137898327,-1.29170699457160883E-016)
 -0.44879895051282764        0.0000000000000000     
        (0.18597175282527090,2.49345274205391262E-017)
   0.0000000000000000        0.0000000000000000     
         (7.75878152847989250E-002,0.0000000000000000)
  0.44879895051282764        0.0000000000000000     
       (0.18597175282527090,-2.49345274205391262E-017)
  0.89759790102565529        0.0000000000000000     
        (0.31422008137898327,1.29170699457160883E-016)
   1.3463968515384830        0.0000000000000000     
       (0.45781751416274030,-9.18622973431285707E-017)
   1.7951958020513106        0.0000000000000000     
        (0.74060684215819328,6.80174518357234627E-017)
   2.2439947525641384        0.0000000000000000     
       (0.97458342081760829,-2.39290098040095316E-016)
   2.6927937030769660        0.0000000000000000     
         (1.4828054476830488,2.35270663686710827E-016)
   3.1415926535897936        0.0000000000000000     
        (2.8288865423056011,-1.75740078102068684E-016)
   1.0000000000000000                1          14
               (0.0000000000000000,0.0000000000000000)
  -2.6927937030769660        0.0000000000000000     
        (1.6244471483564511,-8.38558112371972048E-017)
  -2.2439947525641384        0.0000000000000000     
         (1.0195028054567932,7.83628449369207575E-017)
  -1.7951958020513106        0.0000000000000000     
       (0.72669995557936329,-1.86740257455451194E-017)
  -1.3463968515384830        0.0000000000000000     
        (0.47631231234590066,4.29191761762996377E-017)
 -0.89759790102565529        0.0000000000000000     
       (0.31163829949574945,-1.52846362189787559E-017)
 -0.44879895051282764        0.0000000000000000     
       (0.18628473378715366,-1.41656341599333394E-017)
   0.0000000000000000        0.0000000000000000     
         (4.63897094354567829E-002,0.0000000000000000)
  0.44879895051282764        0.0000000000000000     
        (0.18628473378715366,1.41656341599333394E-017)
  0.89759790102565529        0.0000000000000000     
        (0.31163829949574945,1.52846362189787559E-017)
   1.3463968515384830        0.0000000000000000     
       (0.47631231234590066,-4.29191761762996377E-017)
   1.7951958020513106        0.0000000000000000     
        (0.72669995557936329,1.86740257455451194E-017)
   2.2439947525641384        0.0000000000000000     
        (1.0195028054567932,-7.83628449369207575E-017)
   2.6927937030769660        0.0000000000000000     
         (1.6244471483564511,8.38558112371972048E-017)
   3.1415926535897936        0.0000000000000000     
        (2.5130195531683044,-9.72789419990818850E-017)
   1.0000000000000000                1          14
               (0.0000000000000000,0.0000000000000000)
  -2.6927937030769660        0.0000000000000000     
        (1.5869845812999053,-2.21000107540731986E-017)
  -2.2439947525641384        0.0000000000000000     
        (0.95320340619562827,8.15010353346179011E-017)
  -1.7951958020513106        0.0000000000000000     
       (0.77266612820454006,-1.51885633452100495E-016)
  -1.3463968515384830        0.0000000000000000     
        (0.47396142376837208,1.39915177878170840E-016)
 -0.89759790102565529        0.0000000000000000     
        (0.38176915216935292,9.05906369677232335E-017)
 -0.44879895051282764        0.0000000000000000     
       (0.22160415381249124,-9.48588463689132506E-017)
   0.0000000000000000        0.0000000000000000     
        (-7.50719046234129966E-002,0.0000000000000000)
  0.44879895051282764        0.0000000000000000     
        (0.22160415381249124,9.48588463689132506E-017)
  0.89759790102565529        0.0000000000000000     
       (0.38176915216935292,-9.05906369677232335E-017)
   1.3463968515384830        0.0000000000000000     
       (0.47396142376837208,-1.39915177878170840E-016)
   1.7951958020513106        0.0000000000000000     
        (0.77266612820454006,1.51885633452100495E-016)
   2.2439947525641384        0.0000000000000000     
       (0.95320340619562827,-8.15010353346179011E-017)
   2.6927937030769660        0.0000000000000000     
         (1.5869845812999053,2.21000107540731986E-017)
   3.1415926535897936        0.0000000000000000     
        (2.5549150202169360,-8.56165353284563946E-017)
   1.0000000000000000                1          14
               (0.0000000000000000,0.0000000000000000)
  -2.6927937030769660        0.0000000000000000     
        (1.4896126714496678,-2.62808970260009997E-016)
  -2.2439947525641384        0.0000000000000000     
         (1.1039287465650891,2.41131216391834542E-016)
  -1.7951958020513106        0.0000000000000000     
       (0.70957030071691329,-1.68942567921397092E-016)
  -1.3463968515384830        0.0000000000000000     
        (0.50628419766494248,5.21028405139224051E-017)
 -0.89759790102565529        0.0000000000000000     
       (0.32469401742397785,-1.71703093038389403E-016)
 -0.44879895051282764        0.0000000000000000     
       (0.17508488256156829,-1.32755092509085556E-017)
   0.0000000000000000        0.0000000000000000     
         (2.08066428495521996E-002,0.0000000000000000)
  0.44879895051282764        0.0000000000000000     
        (0.17508488256156829,1.32755092509085556E-017)
  0.89759790102565529        0.0000000000000000     
        (0.32469401742397785,1.71703093038389403E-016)
   1.3463968515384830        0.0000000000000000     
       (0.50628419766494248,-5.21028405139224051E-017)
   1.7951958020513106        0.0000000000000000     
        (0.70957030071691329,1.68942567921397092E-016)
   2.2439947525641384        0.0000000000000000     
        (1.1039287465650891,-2.41131216391834542E-016)
   2.6927937030769660        0.0000000000000000     
         (1.4896126714496678,2.62808970260009997E-016)
   3.1415926535897936        0.0000000000000000     
        (2.6460564491380372,-2.21045408435319515E-016)
   1.0000000000000000                1          14
               (0.0000000000000000,0.0000000000000000)
  -2.6927937030769660        0.0000000000000000     
        (1.5347460652916567,-3.40493000010916740E-016)
  -2.2439947525641384        0.0000000000000000     
        (0.99987747390765958,1.70831540376797982E-016)
  -1.7951958020513106        0.0000000000000000     
        (0.76102192760423737,1.59581705750935879E-017)
  -1.3463968515384830        0.0000000000000000     
        (0.50754591765153534,9.39186670624788453E-017)
 -0.89759790102565529        0.0000000000000000     
       (0.33640348799515785,-3.96019014821027741E-017)
 -0.44879895051282764        0.0000000000000000     
       (0.19956843453793599,-3.98954264377339697E-018)
   0.0000000000000000        0.0000000000000000     
        (-3.44292909550374740E-002,0.0000000000000000)
  0.44879895051282764        0.0000000000000000     
        (0.19956843453793599,3.98954264377339697E-018)
  0.89759790102565529        0.0000000000000000     
        (0.33640348799515785,3.96019014821027741E-017)
   1.3463968515384830        0.0000000000000000     
       (0.50754591765153534,-9.39186670624788453E-017)
   1.7951958020513106        0.0000000000000000     
       (0.76102192760423737,-1.59581705750935879E-017)
   2.2439947525641384        0.0000000000000000     
       (0.99987747390765958,-1.70831540376797982E-016)
   2.6927937030769660        0.0000000000000000     
         (1.5347460652916567,3.40493000010916740E-016)
   3.1415926535897936        0.0000000000000000     
        (2.5915478945742039,-1.49331976641859843E-016)
   1.0000000000000000                1          14
               (0.0000000000000000,0.0000000000000000)
  -2.6927937030769660        0.0000000000000000     
        (1.5653435407279475,-2.32018415982269297E-016)
  -2.2439947525641384        0.0000000000000000     
         (1.0084343532302633,9.57400791542201443E-017)
  -1.7951958020513106        0.0000000000000000     
       (0.70246899707087507,-1.78933523549307413E-016)
  -1.3463968515384830        0.0000000000000000     
       (0.53930430931661755,-5.25067868180409033E-017)
 -0.89759790102565529        0.0000000000000000     
       (0.37161223222242773,-1.41012830775107417E-016)
 -0.44879895051282764        0.0000000000000000     
       (0.15838907301134877,-7.02540038059929296E-017)
   0.0000000000000000        0.0000000000000000     
        (-2.33407361702607612E-002,0.0000000000000000)
  0.44879895051282764        0.0000000000000000     
        (0.15838907301134877,7.02540038059929296E-017)
  0.89759790102565529        0.0000000000000000     
        (0.37161223222242773,1.41012830775107417E-016)
   1.3463968515384830        0.0000000000000000     
        (0.53930430931661755,5.25067868180409033E-017)
   1.7951958020513106        0.0000000000000000     
        (0.70246899707087507,1.78933523549307413E-016)
   2.2439947525641384        0.0000000000000000     
        (1.0084343532302633,-9.57400791542201443E-017)
   2.6927937030769660        0.0000000000000000     
         (1.5653435407279475,2.32018415982269297E-016)
   3.1415926535897936        0.0000000000000000     
        (2.5822805265197801,-1.42287065654483062E-016)
   1.0000000000000000                1          14
               (0.0000000000000000,0.0000000000000000)
  -2.6927937030769660        0.0000000000000000     
        (1.5016676045184378,-1.78632037323095954E-016)
  -2.2439947525641384        0.0000000000000000     
        (0.95825855982765595,2.47077703109090582E-016)
  -1.7951958020513106        0.0000000000000000     
        (0.68136111359842821,7.23090795483437196E-017)
  -1.3463968515384830        0.0000000000000000     
        (0.55267287238474405,2.30076437855094627E-016)
 -0.89759790102565529        0.0000000000000000     
       (0.37588705509060966,-7.88328449191479168E-017)
 -0.44879895051282764        0.0000000000000000     
       (0.14080415166001264,-7.55709622337458244E-017)
   0.0000000000000000        0.0000000000000000     
        (-2.12706438815317700E-002,0.0000000000000000)
  0.44879895051282764        0.0000000000000000     
        (0.14080415166001264,7.55709622337458244E-017)
  0.89759790102565529        0.0000000000000000     
        (0.37588705509060966,7.88328449191479168E-017)
   1.3463968515384830        0.0000000000000000     
       (0.55267287238474405,-2.30076437855094627E-016)
   1.7951958020513106        0.0000000000000000     
       (0.68136111359842821,-7.23090795483437196E-017)
   2.2439947525641384        0.0000000000000000     
       (0.95825855982765595,-2.47077703109090582E-016)
   2.6927937030769660        0.0000000000000000     
         (1.5016676045184378,1.78632037323095954E-016)
   3.1415926535897936        0.0000000000000000     
        (2.8184633577996152,-1.97418180614792207E-016)
   1.0000000000000000                1          14
               (0.0000000000000000,0.0000000000000000)
  -2.6927937030769660        0.0000000000000000     
        (1.5203810084796159,-1.97013197682380265E-016)
  -2.2439947525641384        0.0000000000000000     
        (0.94836973458224494,1.43514205175082152E-016)
  -1.7951958020513106        0.0000000000000000     
       (0.77493415353216644,-3.90007477705705205E-017)
  -1.3463968515384830        0.0000000000000000     
        (0.53639535349848833,6.87684821101591483E-017)
 -0.89759790102565529        0.0000000000000000     
        (0.35862265006879801,1.61853661919519138E-017)
 -0.44879895051282764        0.0000000000000000     
        (0.15308691518648151,4.74184681352818717E-017)
   0.0000000000000000        0.0000000000000000     
        (-1.78122763947704708E-003,0.0000000000000000)
  0.44879895051282764        0.0000000000000000     
       (0.15308691518648151,-4.74184681352818717E-017)
  0.89759790102565529        0.0000000000000000     
       (0.35862265006879801,-1.61853661919519138E-017)
   1.3463968515384830        0.0000000000000000     
       (0.53639535349848833,-6.87684821101591483E-017)
   1.7951958020513106        0.0000000000000000     
        (0.77493415353216644,3.90007477705705205E-017)
   2.2439947525641384        0.0000000000000000     
       (0.94836973458224494,-1.43514205175082152E-016)
   2.6927937030769660        0.0000000000000000     
         (1.5203810084796159,1.97013197682380265E-016)
   3.1415926535897936        0.0000000000000000     
        (2.7137006589150450,-1.31559723265554343E-016)
   1.0000000000000000                1          14
               (0.0000000000000000,0.0000000000000000)
  -2.6927937030769660        0.0000000000000000     
        (1.4151851850415837,-3.26438766665348934E-016)
  -2.2439947525641384        0.0000000000000000     
        (0.98234315850276777,2.27535389118735022E-016)
  -1.7951958020513106        0.0000000000000000     
       (0.71692726696709530,-2.06611609648030626E-016)
  -1.3463968515384830        0.0000000000000000     
        (0.54715426648318777,2.18730534563932294E-016)
 -0.89759790102565529        0.0000000000000000     
       (0.31995813736007378,-3.19343246695409588E-017)
 -0.44879895051282764        0.0000000000000000     
       (0.16123872046599649,-7.82333105005430381E-018)
   0.0000000000000000        0.0000000000000000     
         (2.74218456486152416E-002,0.0000000000000000)
  0.44879895051282764        0.0000000000000000     
        (0.16123872046599649,7.82333105005430381E-018)
  0.89759790102565529        0.0000000000000000     
        (0.31995813736007378,3.19343246695409588E-017)
   1.3463968515384830        0.0000000000000000     
       (0.54715426648318777,-2.18730534563932294E-016)
   1.7951958020513106        0.0000000000000000     
        (0.71692726696709530,2.06611609648030626E-016)
   2.2439947525641384        0.0000000000000000     
       (0.98234315850276777,-2.27535389118735022E-016)
   2.6927937030769660        0.0000000000000000     
         (1.4151851850415837,3.26438766665348934E-016)
   3.1415926535897936        0.0000000000000000     
        (2.9355101780171702,-2.66738854979797697E-016)
   1.0000000000000000                1          14
               (0.0000000000000000,0.0000000000000000)
  -2.6927937030769660        0.0000000000000000     
        (1.5568730550466274,-9.78023557861395339E-017)
  -2.2439947525641384        0.0000000000000000     
        (0.98140469329977631,9.48118761425331597E-017)
  -1.7951958020513106        0.0000000000000000     
       (0.75529236808240618,-1.47053631075975293E-016)
  -1.3463968515384830        0.0000000000000000     
       (0.53188746801802567,-3.04004667230128448E-017)
 -0.89759790102565529        0.0000000000000000     
       (0.31187999576392844,-1.80156643067298162E-017)
 -0.44879895051282764        0.0000000000000000     
        (0.11617709700753005,8.03793123078392640E-017)
   0.0000000000000000        0.0000000000000000     
         (7.88301072509053208E-002,0.0000000000000000)
  0.44879895051282764        0.0000000000000000     
       (0.11617709700753005,-8.03793123078392640E-017)
  0.89759790102565529        0.0000000000000000     
        (0.31187999576392844,1.80156643067298162E-017)
   1.3463968515384830        0.0000000000000000     
        (0.53188746801802567,3.04004667230128448E-017)
   1.7951958020513106        0.0000000000000000     
        (0.75529236808240618,1.47053631075975293E-016)
   2.2439947525641384        0.0000000000000000     
       (0.98140469329977631,-9.48118761425331597E-017)
   2.6927937030769660        0.0000000000000000     
         (1.5568730550466274,9.78023557861395339E-017)
   3.1415926535897936        0.0000000000000000     
        (2.6326806540311005,-1.08722999891354215E-016)
   1.0000000000000000                1          14
               (0.0000000000000000,0.0000000000000000)
  -2.6927937030769660        0.0000000000000000     
        (1.4600703448984409,-4.48780283551895250E-016)
  -2.2439947525641384        0.0000000000000000     
         (1.1101131517287590,3.93121396452025711E-016)
  -1.7951958020513106        0.0000000000000000     
       (0.62348134900505781,-1.80921973105713883E-016)
  -1.3463968515384830        0.0000000000000000     
        (0.58258967820758290,2.04564730621926969E-016)
 -0.89759790102565529        0.0000000000000000     
       (0.27842416039342444,-2.25273782400197380E-016)
 -0.44879895051282764        0.0000000000000000     
       (0.22201062452100512,-1.09407713724932618E-016)
   0.0000000000000000        0.0000000000000000     
        (-1.94618105417763629E-002,0.0000000000000000)
  0.44879895051282764        0.0000000000000000     
        (0.22201062452100512,1.09407713724932618E-016)
  0.89759790102565529        0.0000000000000000     
        (0.27842416039342444,2.25273782400197380E-016)
   1.3463968515384830        0.0000000000000000     
       (0.58258967820758290,-2.04564730621926969E-016)
   1.7951958020513106        0.0000000000000000     
        (0.62348134900505781,1.80921973105713883E-016)
   2.2439947525641384        0.0000000000000000     
        (1.1101131517287590,-3.93121396452025711E-016)
   2.6927937030769660        0.0000000000000000     
         (1.4600703448984409,4.48780283551895250E-016)
   3.1415926535897936        0.0000000000000000     
        (2.6713058153761198,-3.45835881419599787E-016)
   1.0000000000000000                1          14
               (0.0000000000000000,0.0000000000000000)
  -2.6927937030769660        0.0000000000000000     
        (1.3595566670992003,-5.63551710133233030E-016)
  -2.2439947525641384        0.0000000000000000     
         (1.1394215732368358,6.55794230368441706E-016)
  -1.7951958020513106        0.0000000000000000     
       (0.68798171759882221,-1.57812676984974858E-016)
  -1.3463968515384830        0.0000000000000000     
        (0.65634952292096505,3.69007664144307372E-016)
 -0.89759790102565529        0.0000000000000000     
       (0.12638320645599696,-1.26487325262136999E-016)
 -0.44879895051282764        0.0000000000000000     
        (0.40031966619155551,1.96277580922230646E-017)
   0.0000000000000000        0.0000000000000000     
             (-0.11939972373098161,0.0000000000000000)
  0.44879895051282764        0.0000000000000000     
       (0.40031966619155551,-1.96277580922230646E-017)
  0.89759790102565529        0.0000000000000000     
        (0.12638320645599696,1.26487325262136999E-016)
   1.3463968515384830        0.0000000000000000     
       (0.65634952292096505,-3.69007664144307372E-016)
   1.7951958020513106        0.0000000000000000     
        (0.68798171759882221,1.57812676984974858E-016)
   2.2439947525641384        0.0000000000000000     
        (1.1394215732368358,-6.55794230368441706E-016)
   2.6927937030769660        0.0000000000000000     
         (1.3595566670992003,5.63551710133233030E-016)
   3.1415926535897936        0.0000000000000000     
        (2.6754945404031276,-5.46645752283303059E-016)
