   1.0000000000000000                1          14
               (0.0000000000000000,0.0000000000000000)
  -2.6927937030769660        0.0000000000000000     
        (1.5320509232781838,-2.82941253393332506E-016)
  -2.2439947525641384        0.0000000000000000     
         (1.0859912584726046,2.90755602976093204E-016)
  -1.7951958020513106        0.0000000000000000     
       (0.67413648879990251,-8.40927492288540014E-017)
  -1.3463968515384830        0.0000000000000000     
        (0.58900325119559949,9.58721810424187539E-017)
 -0.89759790102565529        0.0000000000000000     
       (0.24985168703603433,-7.77321146916641717E-017)
 -0.44879895051282764        0.0000000000000000     
        (0.18563122821267206,1.90406461918114360E-017)
   0.0000000000000000        0.0000000000000000     
         (4.71454817886355695E-002,0.0000000000000000)
  0.44879895051282764        0.0000000000000000     
       (0.18563122821267206,-1.90406461918114360E-017)
  0.89759790102565529        0.0000000000000000     
        (0.24985168703603433,7.77321146916641717E-017)
   1.3463968515384830        0.0000000000000000     
       (0.58900325119559949,-9.58721810424187539E-017)
   1.7951958020513106        0.0000000000000000     
        (0.67413648879990251,8.40927492288540014E-017)
   2.2439947525641384        0.0000000000000000     
        (1.0859912584726046,-2.90755602976093204E-016)
   2.6927937030769660        0.0000000000000000     
         (1.5320509232781838,2.82941253393332506E-016)
   3.1415926535897936        0.0000000000000000     
        (2.5845812469989151,-2.59266574887355441E-016)
   1.0000000000000000                1          14
               (0.0000000000000000,0.0000000000000000)
  -2.6927937030769660        0.0000000000000000     
        (1.5148202279094718,-1.43080324927409059E-016)
  -2.2439947525641384        0.0000000000000000     
        (0.96632199158188548,1.92225103647038677E-016)
  -1.7951958020513106        0.0000000000000000     
       (0.79221384864199773,-1.05001370516625459E-017)
  -1.3463968515384830        0.0000000000000000     
        (0.52389511609828987,1.60290112324466996E-017)
 -0.89759790102565529        0.0000000000000000     
       (0.37036494380276080,-4.09358086030684462E-017)
 -0.44879895051282764        0.0000000000000000     
       (0.17794892706558368,-1.34004796788849420E-018)
   0.0000000000000000        0.0000000000000000     
        (-4.32476765251347470E-002,0.0000000000000000)
  0.44879895051282764        0.0000000000000000     
        (0.17794892706558368,1.34004796788849420E-018)
  0.89759790102565529        0.0000000000000000     
        (0.37036494380276080,4.09358086030684462E-017)
   1.3463968515384830        0.0000000000000000     
       (0.52389511609828987,-1.60290112324466996E-017)
   1.7951958020513106        0.0000000000000000     
        (0.79221384864199773,1.05001370516625459E-017)
   2.2439947525641384        0.0000000000000000     
       (0.96632199158188548,-1.92225103647038677E-016)
   2.6927937030769660        0.0000000000000000     
         (1.5148202279094718,1.43080324927409059E-016)
   3.1415926535897936        0.0000000000000000     
        (2.6072718678924223,-1.21691121823408306E-016)
   1.0000000000000000                1          14
               (0.0000000000000000,0.0000000000000000)
  -2.6927937030769660        0.0000000000000000     
        (1.3194848529934979,-1.88983558351133380E-016)
  -2.2439947525641384        0.0000000000000000     
         (1.0965244728380363,3.95795374907032384E-016)
  -1.7951958020513106        0.0000000000000000     
        (0.71299467544162698,1.32145448534352983E-016)
  -1.3463968515384830        0.0000000000000000     
        (0.46803302746529257,1.30177519252803873E-016)
 -0.89759790102565529        0.0000000000000000     
        (0.40140867118274054,9.77933821136095338E-017)
 -0.44879895051282764        0.0000000000000000     
  (-2.61002948885282748E-002,6.21256114057108871E-017)
   0.0000000000000000        0.0000000000000000     
              (0.24953306382815846,0.0000000000000000)
  0.44879895051282764        0.0000000000000000     
 (-2.61002948885282748E-002,-6.21256114057108871E-017)
  0.89759790102565529        0.0000000000000000     
       (0.40140867118274054,-9.77933821136095338E-017)
   1.3463968515384830        0.0000000000000000     
       (0.46803302746529257,-1.30177519252803873E-016)
   1.7951958020513106        0.0000000000000000     
       (0.71299467544162698,-1.32145448534352983E-016)
   2.2439947525641384        0.0000000000000000     
        (1.0965244728380363,-3.95795374907032384E-016)
   2.6927937030769660        0.0000000000000000     
         (1.3194848529934979,1.88983558351133380E-016)
   3.1415926535897936        0.0000000000000000     
        (3.0187005547114856,-1.88356017797049193E-016)
   1.0000000000000000                1          14
               (0.0000000000000000,0.0000000000000000)
  -2.6927937030769660        0.0000000000000000     
        (1.6168986186936805,-6.11426172244575202E-017)
  -2.2439947525641384        0.0000000000000000     
         (1.0099319414785113,2.18781798344136560E-016)
  -1.7951958020513106        0.0000000000000000     
        (0.71535029972146347,8.24606974109037794E-017)
  -1.3463968515384830        0.0000000000000000     
        (0.53743504818334498,1.76288080594280550E-016)
 -0.89759790102565529        0.0000000000000000     
        (0.31027590117687470,8.88113354751014531E-017)
 -0.44879895051282764        0.0000000000000000     
        (0.15678029818662051,7.65293403019752555E-017)
   0.0000000000000000        0.0000000000000000     
         (6.33965312985545759E-002,0.0000000000000000)
  0.44879895051282764        0.0000000000000000     
       (0.15678029818662051,-7.65293403019752555E-017)
  0.89759790102565529        0.0000000000000000     
       (0.31027590117687470,-8.88113354751014531E-017)
   1.3463968515384830        0.0000000000000000     
       (0.53743504818334498,-1.76288080594280550E-016)
   1.7951958020513106        0.0000000000000000     
       (0.71535029972146347,-8.24606974109037794E-017)
   2.2439947525641384        0.0000000000000000     
        (1.0099319414785113,-2.18781798344136560E-016)
   2.6927937030769660        0.0000000000000000     
         (1.6168986186936805,6.11426172244575202E-017)
   3.1415926535897936        0.0000000000000000     
        (2.5098604555008710,-1.09687712106593162E-016)
   1.0000000000000000                1          14
               (0.0000000000000000,0.0000000000000000)
  -2.6927937030769660        0.0000000000000000     
        (1.3090111444980257,-2.23819770116892470E-016)
  -2.2439947525641384        0.0000000000000000     
         (1.0621495461752395,2.99055934768453956E-016)
  -1.7951958020513106        0.0000000000000000     
       (0.73739794885226961,-7.63245427149260744E-017)
  -1.3463968515384830        0.0000000000000000     
        (0.51350819817732130,2.30862351982570147E-016)
 -0.89759790102565529        0.0000000000000000     
       (0.39012761511312466,-1.09533751511937385E-016)
 -0.44879895051282764        0.0000000000000000     
        (0.10599464152180892,1.26138355910443047E-016)
   0.0000000000000000        0.0000000000000000     
         (8.49641780526597667E-002,0.0000000000000000)
  0.44879895051282764        0.0000000000000000     
       (0.10599464152180892,-1.26138355910443047E-016)
  0.89759790102565529        0.0000000000000000     
        (0.39012761511312466,1.09533751511937385E-016)
   1.3463968515384830        0.0000000000000000     
       (0.51350819817732130,-2.30862351982570147E-016)
   1.7951958020513106        0.0000000000000000     
        (0.73739794885226961,7.63245427149260744E-017)
   2.2439947525641384        0.0000000000000000     
        (1.0621495461752395,-2.99055934768453956E-016)
   2.6927937030769660        0.0000000000000000     
         (1.3090111444980257,2.23819770116892470E-016)
   3.1415926535897936        0.0000000000000000     
        (2.9431043335854468,-2.59605907927846787E-016)
   1.0000000000000000                1          14
               (0.0000000000000000,0.0000000000000000)
  -2.6927937030769660        0.0000000000000000     
        (1.4816925224583866,-1.03049181330223585E-016)
  -2.2439947525641384        0.0000000000000000     
        (0.72966440349502582,2.55440146824493416E-016)
  -1.7951958020513106        0.0000000000000000     
       (0.73038678492101272,-5.37718321722030128E-017)
  -1.3463968515384830        0.0000000000000000     
        (0.65768420269975880,1.58388505878746151E-017)
 -0.89759790102565529        0.0000000000000000     
       (0.31098778530031190,-1.14117725163792382E-016)
 -0.44879895051282764        0.0000000000000000     
   (5.62476173751369490E-002,3.32683691970714123E-017)
   0.0000000000000000        0.0000000000000000     
        (-1.98315019405116916E-003,0.0000000000000000)
  0.44879895051282764        0.0000000000000000     
  (5.62476173751369490E-002,-3.32683691970714123E-017)
  0.89759790102565529        0.0000000000000000     
        (0.31098778530031190,1.14117725163792382E-016)
   1.3463968515384830        0.0000000000000000     
       (0.65768420269975880,-1.58388505878746151E-017)
   1.7951958020513106        0.0000000000000000     
        (0.73038678492101272,5.37718321722030128E-017)
   2.2439947525641384        0.0000000000000000     
       (0.72966440349502582,-2.55440146824493416E-016)
   2.6927937030769660        0.0000000000000000     
         (1.4816925224583866,1.03049181330223585E-016)
   3.1415926535897936        0.0000000000000000     
        (3.2599057617619756,-2.12353643069026127E-016)
   1.0000000000000000                1          14
               (0.0000000000000000,0.0000000000000000)
  -2.6927937030769660        0.0000000000000000     
        (1.5595459306320529,-1.25667242741576802E-016)
  -2.2439947525641384        0.0000000000000000     
         (1.0239485119719327,1.35610675231493575E-016)
  -1.7951958020513106        0.0000000000000000     
       (0.69602849126657473,-1.02453716765923243E-016)
  -1.3463968515384830        0.0000000000000000     
       (0.53217386675015010,-4.22410577455210600E-017)
 -0.89759790102565529        0.0000000000000000     
       (0.37949357062059974,-7.10522695369822715E-017)
 -0.44879895051282764        0.0000000000000000     
       (0.14713813714301421,-4.77405920783956048E-017)
   0.0000000000000000        0.0000000000000000     
         (3.41268068764676302E-002,0.0000000000000000)
  0.44879895051282764        0.0000000000000000     
        (0.14713813714301421,4.77405920783956048E-017)
  0.89759790102565529        0.0000000000000000     
        (0.37949357062059974,7.10522695369822715E-017)
   1.3463968515384830        0.0000000000000000     
        (0.53217386675015010,4.22410577455210600E-017)
   1.7951958020513106        0.0000000000000000     
        (0.69602849126657473,1.02453716765923243E-016)
   2.2439947525641384        0.0000000000000000     
        (1.0239485119719327,-1.35610675231493575E-016)
   2.6927937030769660        0.0000000000000000     
         (1.5595459306320529,1.25667242741576802E-016)
   3.1415926535897936        0.0000000000000000     
        (2.5811788433163705,-1.31584139174876445E-016)
   1.0000000000000000                1          14
               (0.0000000000000000,0.0000000000000000)
  -2.6927937030769660        0.0000000000000000     
        (1.0353367375262559,-2.27947778409221794E-016)
  -2.2439947525641384        0.0000000000000000     
        (0.92742906212630716,4.66102291514781264E-016)
  -1.7951958020513106        0.0000000000000000     
       (0.95463243096226236,-1.05794145485691029E-016)
  -1.3463968515384830        0.0000000000000000     
        (0.39471806459834952,2.48786685051951323E-016)
 -0.89759790102565529        0.0000000000000000     
       (0.36938883690235874,-5.28970727428455147E-017)
 -0.44879895051282764        0.0000000000000000     
       (0.14335292824489418,-2.11324503982268091E-017)
   0.0000000000000000        0.0000000000000000     
        (-1.70190657895739686E-002,0.0000000000000000)
  0.44879895051282764        0.0000000000000000     
        (0.14335292824489418,2.11324503982268091E-017)
  0.89759790102565529        0.0000000000000000     
        (0.36938883690235874,5.28970727428455147E-017)
   1.3463968515384830        0.0000000000000000     
       (0.39471806459834952,-2.48786685051951323E-016)
   1.7951958020513106        0.0000000000000000     
        (0.95463243096226236,1.05794145485691029E-016)
   2.2439947525641384        0.0000000000000000     
       (0.92742906212630716,-4.66102291514781264E-016)
   2.6927937030769660        0.0000000000000000     
         (1.0353367375262559,2.27947778409221794E-016)
   3.1415926535897936        0.0000000000000000     
        (3.6123602002325086,-3.54580830537642316E-016)
   1.0000000000000000                1          14
               (0.0000000000000000,0.0000000000000000)
  -2.6927937030769660        0.0000000000000000     
        (1.5548933298584851,-1.56343656451195596E-016)
  -2.2439947525641384        0.0000000000000000     
        (0.97096649602969409,1.22108844998044327E-016)
  -1.7951958020513106        0.0000000000000000     
       (0.74069125412395442,-6.48256529090995101E-017)
  -1.3463968515384830        0.0000000000000000     
        (0.43398470269301459,5.43813348407730134E-017)
 -0.89759790102565529        0.0000000000000000     
       (0.29607592007151290,-4.65725083892084384E-018)
 -0.44879895051282764        0.0000000000000000     
       (0.20751907092527261,-1.35317035037561004E-017)
   0.0000000000000000        0.0000000000000000     
              (0.11634563607564398,0.0000000000000000)
  0.44879895051282764        0.0000000000000000     
        (0.20751907092527261,1.35317035037561004E-017)
  0.89759790102565529        0.0000000000000000     
        (0.29607592007151290,4.65725083892084384E-018)
   1.3463968515384830        0.0000000000000000     
       (0.43398470269301459,-5.43813348407730134E-017)
   1.7951958020513106        0.0000000000000000     
        (0.74069125412395442,6.48256529090995101E-017)
   2.2439947525641384        0.0000000000000000     
       (0.97096649602969409,-1.22108844998044327E-016)
   2.6927937030769660        0.0000000000000000     
         (1.5548933298584851,1.56343656451195596E-016)
   3.1415926535897936        0.0000000000000000     
        (2.6938772921625764,-1.19206987749872622E-016)
   1.0000000000000000                1          14
               (0.0000000000000000,0.0000000000000000)
  -2.6927937030769660        0.0000000000000000     
        (1.6175486515772015,-5.68188256800731593E-017)
  -2.2439947525641384        0.0000000000000000     
         (1.0078420158649246,2.79435476543310502E-016)
  -1.7951958020513106        0.0000000000000000     
        (0.72968935651884304,1.22835757868726396E-016)
  -1.3463968515384830        0.0000000000000000     
        (0.46195940869507218,1.83047619841397662E-016)
 -0.89759790102565529        0.0000000000000000     
       (0.30060890248891209,-4.00597787390495699E-018)
 -0.44879895051282764        0.0000000000000000     
        (0.18647786109564887,1.19156945139628050E-017)
   0.0000000000000000        0.0000000000000000     
         (6.95568237885767215E-002,0.0000000000000000)
  0.44879895051282764        0.0000000000000000     
       (0.18647786109564887,-1.19156945139628050E-017)
  0.89759790102565529        0.0000000000000000     
        (0.30060890248891209,4.00597787390495699E-018)
   1.3463968515384830        0.0000000000000000     
       (0.46195940869507218,-1.83047619841397662E-016)
   1.7951958020513106        0.0000000000000000     
       (0.72968935651884304,-1.22835757868726396E-016)
   2.2439947525641384        0.0000000000000000     
        (1.0078420158649246,-2.79435476543310502E-016)
   2.6927937030769660        0.0000000000000000     
         (1.6175486515772015,5.68188256800731593E-017)
   3.1415926535897936        0.0000000000000000     
        (2.5713705563768054,-9.98626842807126644E-017)
   1.0000000000000000                1          14
               (0.0000000000000000,0.0000000000000000)
  -2.6927937030769660        0.0000000000000000     
        (1.5860803627706874,-7.18308271616181020E-017)
  -2.2439947525641384        0.0000000000000000     
        (0.90565552417420980,8.61576337376496537E-017)
  -1.7951958020513106        0.0000000000000000     
       (0.76560831305128829,-5.82656176397157179E-017)
  -1.3463968515384830        0.0000000000000000     
        (0.44241475041358108,8.25051297927575853E-017)
 -0.89759790102565529        0.0000000000000000     
       (0.39352509561290544,-5.49058433200847081E-017)
 -0.44879895051282764        0.0000000000000000     
        (0.21539688573143828,6.31386617372795250E-017)
   0.0000000000000000        0.0000000000000000     
             (-0.11262422942739092,0.0000000000000000)
  0.44879895051282764        0.0000000000000000     
       (0.21539688573143828,-6.31386617372795250E-017)
  0.89759790102565529        0.0000000000000000     
        (0.39352509561290544,5.49058433200847081E-017)
   1.3463968515384830        0.0000000000000000     
       (0.44241475041358108,-8.25051297927575853E-017)
   1.7951958020513106        0.0000000000000000     
        (0.76560831305128829,5.82656176397157179E-017)
   2.2439947525641384        0.0000000000000000     
       (0.90565552417420980,-8.61576337376496537E-017)
   2.6927937030769660        0.0000000000000000     
         (1.5860803627706874,7.18308271616181020E-017)
   3.1415926535897936        0.0000000000000000     
        (2.7554831724132720,-9.71548428936278130E-017)
   1.0000000000000000                1          14
               (0.0000000000000000,0.0000000000000000)
  -2.6927937030769660        0.0000000000000000     
        (1.5428802312833938,-1.67257094397273350E-016)
  -2.2439947525641384        0.0000000000000000     
         (1.1145069868460478,1.67974335936954729E-016)
  -1.7951958020513106        0.0000000000000000     
       (0.70167725712412210,-5.91208122741305367E-017)
  -1.3463968515384830        0.0000000000000000     
        (0.51143151334744730,1.47069862891502735E-016)
 -0.89759790102565529        0.0000000000000000     
       (0.31401598092827682,-4.54207350602817956E-017)
 -0.44879895051282764        0.0000000000000000     
        (0.18444878692443542,1.87452852993367660E-017)
   0.0000000000000000        0.0000000000000000     
         (3.11794235347535101E-002,0.0000000000000000)
  0.44879895051282764        0.0000000000000000     
       (0.18444878692443542,-1.87452852993367660E-017)
  0.89759790102565529        0.0000000000000000     
        (0.31401598092827682,4.54207350602817956E-017)
   1.3463968515384830        0.0000000000000000     
       (0.51143151334744730,-1.47069862891502735E-016)
   1.7951958020513106        0.0000000000000000     
        (0.70167725712412210,5.91208122741305367E-017)
   2.2439947525641384        0.0000000000000000     
        (1.1145069868460478,-1.67974335936954729E-016)
   2.6927937030769660        0.0000000000000000     
         (1.5428802312833938,1.67257094397273350E-016)
   3.1415926535897936        0.0000000000000000     
        (2.5161117883097086,-1.90330346242416843E-016)
   1.0000000000000000                1          14
               (0.0000000000000000,0.0000000000000000)
  -2.6927937030769660        0.0000000000000000     
        (1.5297208243943750,-1.95053531117913046E-016)
  -2.2439947525641384        0.0000000000000000     
        (0.98237816932601618,2.50422103959752445E-016)
  -1.7951958020513106        0.0000000000000000     
       (0.75236021301716494,-1.05599508409983245E-016)
  -1.3463968515384830        0.0000000000000000     
        (0.48253113185963670,1.02949564812656566E-017)
 -0.89759790102565529        0.0000000000000000     
       (0.33004104003889773,-2.10790963585585770E-017)
 -0.44879895051282764        0.0000000000000000     
        (0.20684044429795498,4.82078293719185254E-017)
   0.0000000000000000        0.0000000000000000     
        (-5.16548085530069562E-002,0.0000000000000000)
  0.44879895051282764        0.0000000000000000     
       (0.20684044429795498,-4.82078293719185254E-017)
  0.89759790102565529        0.0000000000000000     
        (0.33004104003889773,2.10790963585585770E-017)
   1.3463968515384830        0.0000000000000000     
       (0.48253113185963670,-1.02949564812656566E-017)
   1.7951958020513106        0.0000000000000000     
        (0.75236021301716494,1.05599508409983245E-016)
   2.2439947525641384        0.0000000000000000     
       (0.98237816932601618,-2.50422103959752445E-016)
   2.6927937030769660        0.0000000000000000     
         (1.5297208243943750,1.95053531117913046E-016)
   3.1415926535897936        0.0000000000000000     
        (2.7193563802804483,-1.71405616122506824E-016)
   1.0000000000000000                1          14
               (0.0000000000000000,0.0000000000000000)
  -2.6927937030769660        0.0000000000000000     
        (1.5964284493020215,-1.50731446923464850E-016)
  -2.2439947525641384        0.0000000000000000     
        (0.93042976882879269,1.25561451168704258E-016)
  -1.7951958020513106        0.0000000000000000     
       (0.68616170235514817,-2.91642390620186931E-017)
  -1.3463968515384830        0.0000000000000000     
        (0.54290765451270884,5.15752300769076401E-017)
 -0.89759790102565529        0.0000000000000000     
       (0.36023581954054340,-1.85472017618134784E-017)
 -0.44879895051282764        0.0000000000000000     
       (0.14750491849346783,-2.24470569655263062E-017)
   0.0000000000000000        0.0000000000000000     
        (-3.50610485347058673E-002,0.0000000000000000)
  0.44879895051282764        0.0000000000000000     
        (0.14750491849346783,2.24470569655263062E-017)
  0.89759790102565529        0.0000000000000000     
        (0.36023581954054340,1.85472017618134784E-017)
   1.3463968515384830        0.0000000000000000     
       (0.54290765451270884,-5.15752300769076401E-017)
   1.7951958020513106        0.0000000000000000     
        (0.68616170235514817,2.91642390620186931E-017)
   2.2439947525641384        0.0000000000000000     
       (0.93042976882879269,-1.25561451168704258E-016)
   2.6927937030769660        0.0000000000000000     
         (1.5964284493020215,1.50731446923464850E-016)
   3.1415926535897936        0.0000000000000000     
        (2.7577692239778213,-1.44180784831792559E-016)
   1.0000000000000000                1          14
               (0.0000000000000000,0.0000000000000000)
  -2.6927937030769660        0.0000000000000000     
        (1.5860356706202761,-1.48997445777635584E-016)
  -2.2439947525641384        0.0000000000000000     
        (0.94515947420404667,5.94491803781034940E-017)
  -1.7951958020513106        0.0000000000000000     
       (0.67397977723379621,-2.57226420712247024E-016)
  -1.3463968515384830        0.0000000000000000     
       (0.58600585308483466,-1.09877600843574275E-016)
 -0.89759790102565529        0.0000000000000000     
       (0.40013587600208617,-1.08787799202102844E-016)
 -0.44879895051282764        0.0000000000000000     
        (0.14085270296857003,2.06907006392163122E-017)
   0.0000000000000000        0.0000000000000000     
        (-3.19307731866918382E-002,0.0000000000000000)
  0.44879895051282764        0.0000000000000000     
       (0.14085270296857003,-2.06907006392163122E-017)
  0.89759790102565529        0.0000000000000000     
        (0.40013587600208617,1.08787799202102844E-016)
   1.3463968515384830        0.0000000000000000     
        (0.58600585308483466,1.09877600843574275E-016)
   1.7951958020513106        0.0000000000000000     
        (0.67397977723379621,2.57226420712247024E-016)
   2.2439947525641384        0.0000000000000000     
       (0.94515947420404667,-5.94491803781034940E-017)
   2.6927937030769660        0.0000000000000000     
         (1.5860356706202761,1.48997445777635584E-016)
   3.1415926535897936        0.0000000000000000     
        (2.5860874930373332,-1.23558326483847916E-016)
   1.0000000000000000                1          14
               (0.0000000000000000,0.0000000000000000)
  -2.6927937030769660        0.0000000000000000     
        (1.6084195840639643,-3.70238960489006473E-017)
  -2.2439947525641384        0.0000000000000000     
        (0.92365489292711156,1.24829946729247923E-016)
  -1.7951958020513106        0.0000000000000000     
        (0.78620674367651677,2.46869275593504883E-017)
  -1.3463968515384830        0.0000000000000000     
        (0.54923457900748052,4.92413353131823276E-017)
 -0.89759790102565529        0.0000000000000000     
        (0.35751599436372566,5.79419094339227447E-017)
 -0.44879895051282764        0.0000000000000000     
        (0.15714515412138913,3.84354432067088470E-017)
   0.0000000000000000        0.0000000000000000     
        (-2.67912012237510929E-003,0.0000000000000000)
  0.44879895051282764        0.0000000000000000     
       (0.15714515412138913,-3.84354432067088470E-017)
  0.89759790102565529        0.0000000000000000     
       (0.35751599436372566,-5.79419094339227447E-017)
   1.3463968515384830        0.0000000000000000     
       (0.54923457900748052,-4.92413353131823276E-017)
   1.7951958020513106        0.0000000000000000     
       (0.78620674367651677,-2.46869275593504883E-017)
   2.2439947525641384        0.0000000000000000     
       (0.92365489292711156,-1.24829946729247923E-016)
   2.6927937030769660        0.0000000000000000     
         (1.6084195840639643,3.70238960489006473E-017)
   3.1415926535897936        0.0000000000000000     
        (2.5338242857731585,-5.62750656002649585E-017)
   1.0000000000000000                1          14
               (0.0000000000000000,0.0000000000000000)
  -2.6927937030769660        0.0000000000000000     
        (1.5224666999163776,-1.69645038509742587E-016)
  -2.2439947525641384        0.0000000000000000     
        (0.99592784828036152,4.08026353655925242E-016)
  -1.7951958020513106        0.0000000000000000     
        (0.70330465400970144,1.25803220275682363E-016)
  -1.3463968515384830        0.0000000000000000     
        (0.57264523525937872,2.47390890717840646E-016)
 -0.89759790102565529        0.0000000000000000     
        (0.32554691367210575,6.68666923686453225E-017)
 -0.44879895051282764        0.0000000000000000     
        (0.17792376983221711,1.33100107509450838E-016)
   0.0000000000000000        0.0000000000000000     
         (4.11236231928253579E-002,0.0000000000000000)
  0.44879895051282764        0.0000000000000000     
       (0.17792376983221711,-1.33100107509450838E-016)
  0.89759790102565529        0.0000000000000000     
       (0.32554691367210575,-6.68666923686453225E-017)
   1.3463968515384830        0.0000000000000000     
       (0.57264523525937872,-2.47390890717840646E-016)
   1.7951958020513106        0.0000000000000000     
       (0.70330465400970144,-1.25803220275682363E-016)
   2.2439947525641384        0.0000000000000000     
       (0.99592784828036152,-4.08026353655925242E-016)
   2.6927937030769660        0.0000000000000000     
         (1.5224666999163776,1.69645038509742587E-016)
   3.1415926535897936        0.0000000000000000     
        (2.6117916281740849,-1.85028986135024441E-016)
   1.0000000000000000                1          14
               (0.0000000000000000,0.0000000000000000)
  -2.6927937030769660        0.0000000000000000     
        (1.6014032964480065,-8.33874314290962171E-017)
  -2.2439947525641384        0.0000000000000000     
       (0.96715731254605342,-5.64208577175013945E-017)
  -1.7951958020513106        0.0000000000000000     
       (0.76548840947877317,-1.33921018091496169E-016)
  -1.3463968515384830        0.0000000000000000     
       (0.54438132190003052,-6.93285867479675393E-017)
 -0.89759790102565529        0.0000000000000000     
       (0.29479648828255833,-1.66087564815851340E-016)
 -0.44879895051282764        0.0000000000000000     
  (9.93128701137036690E-002,-7.15944245934354248E-017)
   0.0000000000000000        0.0000000000000000     
              (0.11814980932715793,0.0000000000000000)
  0.44879895051282764        0.0000000000000000     
   (9.93128701137036690E-002,7.15944245934354248E-017)
  0.89759790102565529        0.0000000000000000     
        (0.29479648828255833,1.66087564815851340E-016)
   1.3463968515384830        0.0000000000000000     
        (0.54438132190003052,6.93285867479675393E-017)
   1.7951958020513106        0.0000000000000000     
        (0.76548840947877317,1.33921018091496169E-016)
   2.2439947525641384        0.0000000000000000     
        (0.96715731254605342,5.64208577175013945E-017)
   2.6927937030769660        0.0000000000000000     
         (1.6014032964480065,8.33874314290962171E-017)
   3.1415926535897936        0.0000000000000000     
        (2.5553109088531856,-6.45924313435288024E-017)
   1.0000000000000000                1          14
               (0.0000000000000000,0.0000000000000000)
  -2.6927937030769660        0.0000000000000000     
        (1.2923519799806671,-6.26560508810974290E-016)
  -2.2439947525641384        0.0000000000000000     
         (1.1205822240167200,6.77236157405284565E-016)
  -1.7951958020513106        0.0000000000000000     
       (0.56501079791840092,-2.66569688041981233E-016)
  -1.3463968515384830        0.0000000000000000     
        (0.59081948366458692,2.93454843251466514E-016)
 -0.89759790102565529        0.0000000000000000     
       (0.24438242844226307,-1.25354679559382359E-016)
 -0.44879895051282764        0.0000000000000000     
        (0.24354666167894198,4.68170108564746521E-017)
   0.0000000000000000        0.0000000000000000     
             (-0.13761676821991350,0.0000000000000000)
  0.44879895051282764        0.0000000000000000     
       (0.24354666167894198,-4.68170108564746521E-017)
  0.89759790102565529        0.0000000000000000     
        (0.24438242844226307,1.25354679559382359E-016)
   1.3463968515384830        0.0000000000000000     
       (0.59081948366458692,-2.93454843251466514E-016)
   1.7951958020513106        0.0000000000000000     
        (0.56501079791840092,2.66569688041981233E-016)
   2.2439947525641384        0.0000000000000000     
        (1.1205822240167200,-6.77236157405284565E-016)
   2.6927937030769660        0.0000000000000000     
         (1.2923519799806671,6.26560508810974290E-016)
   3.1415926535897936        0.0000000000000000     
        (3.2294522391596372,-5.91745189139880677E-016)
   1.0000000000000000                1          14
               (0.0000000000000000,0.0000000000000000)
  -2.6927937030769660        0.0000000000000000     
        (1.1722274046744985,-8.74415686614894421E-016)
  -2.2439947525641384        0.0000000000000000     
         (1.1311607540533684,8.77248275332039563E-016)
  -1.7951958020513106        0.0000000000000000     
       (0.66786442586992301,-4.76008618013745635E-016)
  -1.3463968515384830        0.0000000000000000     
        (0.71450113933001902,4.66945960038478231E-016)
 -0.89759790102565529        0.0000000000000000     
  (1.82210865856400964E-002,-1.38877253236769538E-016)
 -0.44879895051282764        0.0000000000000000     
        (0.49910877756177069,8.52989555416012837E-017)
   0.0000000000000000        0.0000000000000000     
             (-0.27024823701214035,0.0000000000000000)
  0.44879895051282764        0.0000000000000000     
       (0.49910877756177069,-8.52989555416012837E-017)
  0.89759790102565529        0.0000000000000000     
   (1.82210865856400964E-002,1.38877253236769538E-016)
   1.3463968515384830        0.0000000000000000     
       (0.71450113933001902,-4.66945960038478231E-016)
   1.7951958020513106        0.0000000000000000     
        (0.66786442586992301,4.76008618013745635E-016)
   2.2439947525641384        0.0000000000000000     
        (1.1311607540533684,-8.77248275332039563E-016)
   2.6927937030769660        0.0000000000000000     
         (1.1722274046744985,8.74415686614894421E-016)
   3.1415926535897936        0.0000000000000000     
        (3.1602005845405978,-8.47792604512924580E-016)
