   -2.692794      0.000000
  1    1        1.45251932        0.06254770       -0.00000000        0.00000000
   -2.243995      0.000000
  1    1        0.98980545        0.02945335        0.00000000        0.00000000
   -1.795196      0.000000
  1    1        0.74981370        0.02304782       -0.00000000        0.00000000
   -1.346397      0.000000
  1    1        0.50700256        0.02013203        0.00000000        0.00000000
   -0.897598      0.000000
  1    1        0.34266949        0.01090652       -0.00000000        0.00000000
   -0.448799      0.000000
  1    1        0.14063209        0.02076256       -0.00000000        0.00000000
    0.000000      0.000000
  1    1        0.05027381        0.02129046        0.00000000        0.00000000
    0.448799      0.000000
  1    1        0.14063209        0.02076256        0.00000000        0.00000000
    0.897598      0.000000
  1    1        0.34266949        0.01090652        0.00000000        0.00000000
    1.346397      0.000000
  1    1        0.50700256        0.02013203       -0.00000000        0.00000000
    1.795196      0.000000
  1    1        0.74981370        0.02304782        0.00000000        0.00000000
    2.243995      0.000000
  1    1        0.98980545        0.02945335       -0.00000000        0.00000000
    2.692794      0.000000
  1    1        1.45251932        0.06254770        0.00000000        0.00000000
    3.141593      0.000000
  1    1        2.82732919        0.12668270       -0.00000000        0.00000000
