     0.0000000        1.41250870        0.00236287
     0.1250000        1.26285080        0.00253617
     0.2500000        1.15932199        0.00382175
     0.3750000        1.09928561        0.00623503
     0.5000000        1.04227695        0.00730213
     0.6250000        1.00973580        0.01056305
     0.7500000        0.99008928        0.00997528
     0.8750000        0.98967374        0.01178096
     1.0000000        0.96705790        0.01171002
     1.1250000        0.96935099        0.01261581
     1.2500000        0.99041741        0.01046756
     1.3750000        1.01830195        0.01046726
     1.5000000        1.05531883        0.00798402
     1.6250000        1.10138006        0.00684149
     1.7500000        1.16387113        0.00398439
     1.8750000        1.26732138        0.00298781
     2.0000000        1.41250870        0.00236287
