     0.0000000        0.03922056        0.02131382
     0.1000000        0.03174532        0.01109533
     0.2000000        0.02847129        0.00878722
     0.3000000        0.02327478        0.00518630
     0.4000000        0.01996512        0.00454895
     0.5000000        0.01544062        0.00479693
     0.6000000        0.03413982        0.02080888
     0.7000000        0.02220093        0.01326659
     0.8000000        0.00214378        0.00638423
     0.9000000       -0.00997061        0.00863069
     1.0000000       -0.00242374        0.00246226
     1.1000000       -0.00243564        0.00437361
     1.2000000       -0.01226078        0.01589571
     1.3000000       -0.01183098        0.02421208
     1.4000000       -0.01298577        0.02005324
     1.5000000       -0.02661251        0.03011396
     1.6000000       -0.00434541        0.01922028
     1.7000000        0.00761029        0.00866780
     1.8000000        0.02095716        0.01840661
     1.9000000       -0.03836876        0.05078379
     2.0000000       -0.00798003        0.01012379
     2.1000000        0.00937787        0.00814574
     2.2000000        0.01252874        0.01632201
     2.3000000        0.02845086        0.02406895
     2.4000000       -0.00956974        0.01399646
     2.5000000       -0.01380705        0.01753640
     2.6000000       -0.00973360        0.01512807
     2.7000000       -0.00410762        0.00373424
     2.8000000        0.00095275        0.00473852
     2.9000000       -0.00175032        0.00274750
     3.0000000       -0.00201738        0.00335485
     3.1000000       -0.00224160        0.00212712
     3.2000000       -0.00329036        0.00198063
     3.3000000       -0.00417909        0.00387500
     3.4000000       -0.00340410        0.00540531
     3.5000000       -0.00384386        0.00517941
     3.6000000       -0.00196574        0.00517780
     3.7000000       -0.00167605        0.00445982
     3.8000000       -0.00203603        0.00379273
     3.9000000       -0.00271653        0.00348752
     4.0000000        0.00166909        0.00244177
     4.1000000        0.00130675        0.00212049
     4.2000000       -0.00233965        0.00262371
     4.3000000       -0.00231300        0.00280942
     4.4000000       -0.00045594        0.00474529
     4.5000000        0.00005033        0.00401104
     4.6000000        0.00448352        0.00441212
     4.7000000        0.00159984        0.00281101
     4.8000000        0.00363736        0.00557158
     4.9000000        0.00143282        0.00355636
     5.0000000        0.00451364        0.00426577
     5.1000000        0.00885342        0.00846538
     5.2000000        0.00307438        0.00474391
     5.3000000        0.00270318        0.00528332
     5.4000000       -0.00119296        0.00318391
     5.5000000       -0.00128895        0.00377836
     5.6000000        0.00275526        0.00418910
     5.7000000        0.00037309        0.00369816
     5.8000000       -0.00217700        0.00424602
     5.9000000       -0.00275306        0.00455752
     6.0000000       -0.00803140        0.00702521
     6.1000000       -0.00829821        0.00912000
     6.2000000       -0.00933516        0.00901036
     6.3000000       -0.00753343        0.00698728
     6.4000000       -0.00404138        0.00477434
     6.5000000        0.00471318        0.00780713
     6.6000000        0.00379459        0.00397420
     6.7000000        0.01352072        0.01003477
     6.8000000        0.00351817        0.00312861
     6.9000000       -0.00102763        0.00498807
     7.0000000       -0.00109793        0.00262562
     7.1000000       -0.00725102        0.00780366
     7.2000000       -0.00112444        0.00346372
     7.3000000       -0.00194673        0.00337361
     7.4000000       -0.00383994        0.00250206
     7.5000000        0.00222247        0.00425467
     7.6000000        0.00245477        0.00434930
     7.7000000        0.01193077        0.01206363
     7.8000000        0.00188799        0.00581317
     7.9000000        0.01731028        0.01650721
     8.0000000        0.01235123        0.01075189
     8.1000000        0.01885787        0.01410814
     8.2000000        0.00398329        0.00539152
     8.3000000        0.00698858        0.00350152
     8.4000000        0.00425166        0.00270941
     8.5000000        0.00399417        0.00126576
     8.6000000        0.00516409        0.00257709
     8.7000000        0.00471590        0.00221081
     8.8000000        0.00526204        0.00239577
     8.9000000        0.00335945        0.00306109
     9.0000000        0.00338060        0.00272238
     9.1000000       -0.00011301        0.00333911
     9.2000000        0.00017397        0.00192940
     9.3000000       -0.00083960        0.00293153
     9.4000000        0.00023907        0.00216033
     9.5000000        0.00130888        0.00145115
     9.6000000       -0.00240348        0.00511531
     9.7000000       -0.00514228        0.00689219
     9.8000000       -0.00295285        0.00418566
     9.9000000       -0.00202005        0.00190224
    10.0000000        0.00117676        0.00171531
    10.1000000       -0.00143925        0.00153780
    10.2000000       -0.00045620        0.00122916
    10.3000000        0.00614728        0.00737533
    10.4000000       -0.00793964        0.00574875
    10.5000000       -0.00517163        0.00358757
    10.6000000       -0.00267724        0.00258259
    10.7000000        0.00310691        0.00311758
    10.8000000        0.00147326        0.00250935
    10.9000000       -0.00277968        0.00323661
    11.0000000       -0.00158724        0.00353597
    11.1000000        0.00098593        0.00258594
    11.2000000       -0.00032857        0.00271013
    11.3000000       -0.00253796        0.00132173
    11.4000000       -0.00507485        0.00268028
    11.5000000       -0.00458263        0.00448848
    11.6000000       -0.01139001        0.01038285
    11.7000000       -0.01120104        0.00988071
    11.8000000       -0.00955146        0.00738138
    11.9000000       -0.00782743        0.00695133
    12.0000000       -0.00245997        0.00340415
    12.1000000       -0.00015574        0.00247689
    12.2000000       -0.00062882        0.00689872
    12.3000000        0.00145066        0.00915739
    12.4000000       -0.00091333        0.00474195
    12.5000000       -0.00127503        0.00349528
    12.6000000        0.00029163        0.00312386
    12.7000000        0.00514406        0.00757453
    12.8000000        0.00284262        0.00667732
    12.9000000        0.00699577        0.00985705
    13.0000000        0.00873309        0.01046527
    13.1000000        0.00847966        0.00706519
    13.2000000        0.00286357        0.00404836
    13.3000000        0.00320874        0.00531315
    13.4000000       -0.00466624        0.00299118
    13.5000000       -0.01075945        0.00594815
    13.6000000       -0.00079139        0.00225177
    13.7000000       -0.00381067        0.00322413
    13.8000000       -0.00895886        0.00464079
    13.9000000        0.00074392        0.00447903
    14.0000000       -0.00639712        0.00399944
    14.1000000        0.00224387        0.00614872
    14.2000000        0.00156141        0.00541199
    14.3000000        0.00464162        0.00630636
    14.4000000        0.01344947        0.01296170
    14.5000000       -0.00158455        0.00693382
    14.6000000       -0.06231672        0.06704120
    14.7000000        0.00034760        0.00536301
    14.8000000        0.00146415        0.00415546
    14.9000000        0.01011150        0.00943385
    15.0000000       -0.03724982        0.04002944
    15.1000000        0.05339988        0.05231791
    15.2000000        0.42741858        0.44377161
    15.3000000        0.08526850        0.08768112
    15.4000000        0.26717772        0.27558670
    15.5000000        0.05657219        0.05356636
    15.6000000        0.06513084        0.07713129
    15.7000000        0.07496374        0.06297049
    15.8000000        0.05903356        0.04973975
    15.9000000        0.02752756        0.02491558
    16.0000000        0.01905164        0.01758862
    16.1000000       -0.03548252        0.03534493
    16.2000000        0.01751675        0.01800744
    16.3000000        0.01985333        0.02065206
    16.4000000        0.01602645        0.01633096
    16.5000000        0.02964421        0.02263702
    16.6000000        0.02779366        0.02989966
    16.7000000       -0.00003656        0.00472400
    16.8000000       -0.00349199        0.00614391
    16.9000000        0.00253676        0.00422171
    17.0000000       -0.00308249        0.00630175
    17.1000000       -0.00911964        0.00719618
    17.2000000       -0.00947043        0.00707978
    17.3000000       -0.00165676        0.01117524
    17.4000000       -0.01171772        0.01348877
    17.5000000       -0.00264736        0.00613766
    17.6000000        0.00011490        0.00393453
    17.7000000        0.00120071        0.00517506
    17.8000000        0.00179833        0.00290776
    17.9000000       -0.00619503        0.00381737
    18.0000000       -0.00706847        0.00573476
    18.1000000        0.00301232        0.00281680
    18.2000000       -0.00678055        0.00349581
    18.3000000       -0.01071887        0.00987502
    18.4000000       -0.00213903        0.00369524
    18.5000000       -0.00540016        0.00433554
    18.6000000       -0.00070169        0.00447711
    18.7000000       -0.00546607        0.00531252
    18.8000000       -0.00521787        0.00629971
    18.9000000        0.00129174        0.00231561
    19.0000000        0.00434048        0.00524085
    19.1000000        0.01910782        0.01811069
    19.2000000        0.00862892        0.00720624
    19.3000000        0.01170431        0.00472316
    19.4000000        0.02744590        0.00871137
    19.5000000        0.02839398        0.01209618
    19.6000000        0.02583028        0.01179099
    19.7000000        0.02413824        0.01265976
    19.8000000        0.02233186        0.01211388
    19.9000000        0.02308989        0.01958521
    20.0000000        0.03922056        0.02131382
