     0.0000000        0.17150334        0.00545065
     0.1000000        0.12379321        0.00430264
     0.2000000        0.09246693        0.00523377
     0.3000000        0.05807853        0.00641018
     0.4000000        0.03930466        0.00675951
     0.5000000        0.02733515        0.00801325
     0.6000000        0.01025593        0.00461797
     0.7000000        0.00476557        0.00350081
     0.8000000       -0.00038894        0.00360688
     0.9000000       -0.01682990        0.01281594
     1.0000000       -0.00727078        0.00607400
     1.1000000       -0.00238729        0.00328696
     1.2000000       -0.00786159        0.00526418
     1.3000000       -0.00358159        0.00304661
     1.4000000        0.00093564        0.00590184
     1.5000000        0.00273979        0.00464523
     1.6000000        0.00743563        0.00538463
     1.7000000        0.00600952        0.00396305
     1.8000000        0.00075180        0.00476072
     1.9000000       -0.00068962        0.00678033
     2.0000000        0.00585724        0.01018913
     2.1000000        0.01581652        0.01209105
     2.2000000        0.01215285        0.01140953
     2.3000000        0.00302523        0.00813193
     2.4000000        0.00075862        0.00383528
     2.5000000        0.00932546        0.01292703
     2.6000000       -0.00176639        0.01168065
     2.7000000       -0.02160397        0.01919491
     2.8000000       -0.01193275        0.01136363
     2.9000000       -0.02020409        0.02275952
     3.0000000        0.00497124        0.00966515
     3.1000000        0.00469894        0.00652916
     3.2000000       -0.00214033        0.00677090
     3.3000000       -0.00188531        0.00294146
     3.4000000        0.00702296        0.00320629
     3.5000000        0.00731672        0.00425674
     3.6000000        0.00344430        0.00549507
     3.7000000        0.00860987        0.01011482
     3.8000000        0.00894804        0.00864001
     3.9000000        0.00527510        0.00508552
     4.0000000        0.00240396        0.00358250
     4.1000000        0.00117625        0.00365269
     4.2000000       -0.00115225        0.00279082
     4.3000000        0.00067601        0.00364565
     4.4000000       -0.00149848        0.00303633
     4.5000000       -0.00090098        0.00276849
     4.6000000       -0.00455735        0.00330278
     4.7000000        0.00049119        0.00233186
     4.8000000        0.00079557        0.00307738
     4.9000000        0.00058185        0.00267163
     5.0000000       -0.00161742        0.00335829
     5.1000000       -0.00163230        0.00181420
     5.2000000        0.00145920        0.00257546
     5.3000000       -0.00206244        0.00241058
     5.4000000       -0.00369002        0.00273889
     5.5000000       -0.00518551        0.00353954
     5.6000000       -0.00050896        0.00446115
     5.7000000        0.00144302        0.00685285
     5.8000000       -0.00149551        0.00590178
     5.9000000        0.00489310        0.00886939
     6.0000000        0.00592399        0.00683155
     6.1000000       -0.00027519        0.00494590
     6.2000000       -0.00568937        0.01065362
     6.3000000        0.00287179        0.01064268
     6.4000000        0.02106326        0.01109571
     6.5000000        0.00128405        0.00790869
     6.6000000       -0.00310016        0.01640585
     6.7000000        0.00704565        0.00634917
     6.8000000       -0.00894096        0.01739118
     6.9000000        0.02642284        0.02421217
     7.0000000       -0.00179535        0.00398211
     7.1000000       -0.01395929        0.01534345
     7.2000000       -0.03298686        0.03378262
     7.3000000        0.00443489        0.01743222
     7.4000000        0.01614090        0.01145905
     7.5000000        0.02478318        0.01465558
     7.6000000        0.03302973        0.03247154
     7.7000000        0.04756204        0.05123339
     7.8000000       -0.01051597        0.00885362
     7.9000000        0.01646409        0.02178883
     8.0000000        0.01410641        0.02050973
     8.1000000        0.02675920        0.03179644
     8.2000000        0.03922681        0.04356277
     8.3000000        0.11442088        0.12159322
     8.4000000        0.10297175        0.09160084
     8.5000000        0.14955101        0.14013720
     8.6000000        0.02551362        0.01677362
     8.7000000        0.06941886        0.07276250
     8.8000000        0.08611168        0.09620516
     8.9000000       -0.00900281        0.00683379
     9.0000000        0.08082073        0.09594030
     9.1000000        0.16493971        0.18014260
     9.2000000        0.03724056        0.04058011
     9.3000000        0.09135335        0.09550645
     9.4000000        0.03383781        0.04082365
     9.5000000        0.06601069        0.07818955
     9.6000000        0.02009309        0.02089099
     9.7000000        0.05680545        0.06944717
     9.8000000        0.76138212        0.78603604
     9.9000000        0.74348238        0.76840431
    10.0000000        0.42849590        0.43856077
    10.1000000        0.10813651        0.11142249
    10.2000000        0.12574468        0.13111703
    10.3000000       -0.00543050        0.00907794
    10.4000000       -0.02435849        0.02028993
    10.5000000        0.00898861        0.01063057
    10.6000000        0.00062635        0.01648714
    10.7000000       -0.01563097        0.03033851
    10.8000000       -0.00524776        0.00924144
    10.9000000       -0.02321542        0.01916208
    11.0000000       -0.00554357        0.00472674
    11.1000000        0.02694540        0.02919346
    11.2000000        0.03158138        0.04077140
    11.3000000        0.01587908        0.01702941
    11.4000000        0.00792104        0.00975643
    11.5000000        0.01712870        0.01631897
    11.6000000        0.00769464        0.00872764
    11.7000000       -0.00055584        0.00705915
    11.8000000        0.01135241        0.01747973
    11.9000000       -0.00679108        0.00927903
    12.0000000        0.00002816        0.00747505
    12.1000000       -0.00504146        0.01131576
    12.2000000       -0.01267864        0.01117445
    12.3000000       -0.00983146        0.01096458
    12.4000000       -0.00043955        0.00730153
    12.5000000        0.00407520        0.00896134
    12.6000000        0.00716804        0.01158251
    12.7000000       -0.00040368        0.00559595
    12.8000000       -0.00659505        0.00494222
    12.9000000       -0.00574520        0.00462534
    13.0000000       -0.00294537        0.00502867
    13.1000000       -0.00283380        0.00376038
    13.2000000       -0.00171665        0.00586077
    13.3000000       -0.00687054        0.00528180
    13.4000000        0.00045702        0.01210101
    13.5000000       -0.00841806        0.00776167
    13.6000000       -0.01106620        0.00631786
    13.7000000       -0.00714451        0.00713894
    13.8000000       -0.00561594        0.00576923
    13.9000000       -0.00944793        0.00769883
    14.0000000       -0.01324543        0.00765014
    14.1000000       -0.00912733        0.00833650
    14.2000000        0.01718196        0.01613401
    14.3000000        0.00170186        0.01063509
    14.4000000        0.01289249        0.02265897
    14.5000000       -0.00243680        0.01762266
    14.6000000        0.00218131        0.00790078
    14.7000000       -0.01152273        0.01494821
    14.8000000       -0.01488291        0.01994792
    14.9000000       -0.01295697        0.01281132
    15.0000000       -0.00921654        0.00550000
    15.1000000       -0.00353081        0.00396444
    15.2000000        0.00001741        0.00907868
    15.3000000       -0.01227451        0.01049674
    15.4000000       -0.00396272        0.00655636
    15.5000000       -0.00919416        0.00451786
    15.6000000        0.00143055        0.00561761
    15.7000000       -0.00113513        0.00546791
    15.8000000       -0.00206483        0.00596644
    15.9000000       -0.00744398        0.00736392
    16.0000000        0.00183971        0.00557094
    16.1000000        0.00948189        0.01050266
    16.2000000        0.01593332        0.01821162
    16.3000000        0.02185916        0.02768321
    16.4000000        0.06920222        0.08120906
    16.5000000       -0.00687728        0.08810836
    16.6000000        0.02250302        0.04494977
    16.7000000       -0.01636413        0.00934404
    16.8000000       -0.01306394        0.01566932
    16.9000000       -0.01118949        0.01350805
    17.0000000        0.00492074        0.00996924
    17.1000000       -0.01100327        0.00777910
    17.2000000        0.01061207        0.00718142
    17.3000000        0.00938409        0.00525506
    17.4000000        0.00096256        0.01364617
    17.5000000       -0.00468206        0.01083052
    17.6000000       -0.01996931        0.01647662
    17.7000000       -0.01258822        0.01382859
    17.8000000        0.01218343        0.03282798
    17.9000000        0.00270144        0.01286211
    18.0000000        0.00573676        0.01411980
    18.1000000       -0.00108690        0.01569084
    18.2000000       -0.01056366        0.00923584
    18.3000000       -0.01271457        0.01240721
    18.4000000       -0.01465784        0.01183035
    18.5000000       -0.00141403        0.01270241
    18.6000000       -0.00545517        0.01785708
    18.7000000        0.00125771        0.00591242
    18.8000000        0.01463964        0.00605628
    18.9000000        0.01209731        0.01171603
    19.0000000        0.01125239        0.00782983
    19.1000000        0.01812060        0.01161853
    19.2000000        0.01605071        0.01185189
    19.3000000        0.02740925        0.01267995
    19.4000000        0.02300529        0.00590937
    19.5000000        0.03647951        0.00765736
    19.6000000        0.04356821        0.00546915
    19.7000000        0.05427221        0.00516081
    19.8000000        0.08267598        0.00421033
    19.9000000        0.11315165        0.00620620
    20.0000000        0.17150334        0.00545065
