         101           5   20.000000000000000                1
     0.0000000        0.02188781        0.00246100
     0.1000000        0.01361239        0.00643811
     0.2000000        0.01602133        0.00254113
     0.3000000        0.01701769        0.00213620
     0.4000000        0.01619471        0.00218580
     0.5000000        0.01517325        0.00138420
     0.6000000        0.01493927        0.00191269
     0.7000000        0.01261354        0.00153956
     0.8000000        0.01140570        0.00054357
     0.9000000        0.01063858        0.00067437
     1.0000000        0.00956322        0.00091388
     1.1000000        0.00799516        0.00084150
     1.2000000        0.00741064        0.00113081
     1.3000000        0.00665066        0.00113241
     1.4000000        0.00598751        0.00158532
     1.5000000        0.00607336        0.00151212
     1.6000000        0.00558777        0.00128228
     1.7000000        0.00497615        0.00134222
     1.8000000        0.00503342        0.00238190
     1.9000000        0.00502108        0.00277211
     2.0000000        0.00397008        0.00357075
     2.1000000        0.00360487        0.00422511
     2.2000000        0.00344675        0.00389225
     2.3000000        0.00374993        0.00432053
     2.4000000        0.00394466        0.00409785
     2.5000000        0.00278969        0.00382433
     2.6000000        0.00248635        0.00378987
     2.7000000        0.00305153        0.00373937
     2.8000000        0.00116732        0.00347041
     2.9000000        0.00259927        0.00346478
     3.0000000        0.00233202        0.00402501
     3.1000000        0.00096438        0.00371033
     3.2000000       -0.00002109        0.00415219
     3.3000000       -0.00036003        0.00348481
     3.4000000       -0.00106380        0.00321711
     3.5000000       -0.00154229        0.00314607
     3.6000000       -0.00204033        0.00304985
     3.7000000       -0.00135217        0.00338686
     3.8000000       -0.00150400        0.00329923
     3.9000000       -0.00091012        0.00318076
     4.0000000       -0.00204263        0.00366945
     4.1000000       -0.00275610        0.00319681
     4.2000000       -0.00228670        0.00329879
     4.3000000       -0.00233217        0.00351250
     4.4000000       -0.00221781        0.00337280
     4.5000000       -0.00238992        0.00342657
     4.6000000       -0.00282351        0.00326501
     4.7000000       -0.00234552        0.00307722
     4.8000000       -0.00211100        0.00318915
     4.9000000       -0.00195274        0.00320036
     5.0000000       -0.00215892        0.00300967
     5.1000000       -0.00244168        0.00325876
     5.2000000       -0.00198005        0.00297211
     5.3000000       -0.00201297        0.00277915
     5.4000000       -0.00160825        0.00204735
     5.5000000       -0.00121123        0.00186604
     5.6000000       -0.00069129        0.00252775
     5.7000000        0.00347785        0.00393767
     5.8000000        0.00774380        0.01001693
     5.9000000        0.00641002        0.00625385
     6.0000000        0.00265157        0.00337308
     6.1000000        0.00187477        0.00317396
     6.2000000        0.00152657        0.00249961
     6.3000000        0.00386279        0.00444300
     6.4000000        0.00243203        0.00311444
     6.5000000        0.00320292        0.00325372
     6.6000000        0.00144942        0.00142864
     6.7000000        0.00307499        0.00356295
     6.8000000        0.00226588        0.00359300
     6.9000000        0.00547463        0.00507301
     7.0000000        0.00422206        0.00413560
     7.1000000        0.00475882        0.00468306
     7.2000000        0.00441054        0.00449029
     7.3000000        0.00431006        0.00424912
     7.4000000        0.00474449        0.00478761
     7.5000000        0.00230718        0.00240201
     7.6000000        0.00189356        0.00245471
     7.7000000        0.00145855        0.00165502
     7.8000000        0.00118171        0.00194664
     7.9000000        0.00085983        0.00124264
     8.0000000        0.00056713        0.00130718
     8.1000000       -0.00030683        0.00056808
     8.2000000        0.00050672        0.00066776
     8.3000000        0.00046870        0.00087995
     8.4000000        0.00039180        0.00057022
     8.5000000       -0.00021226        0.00117062
     8.6000000       -0.00065715        0.00084375
     8.7000000       -0.00020422        0.00038523
     8.8000000        0.00055805        0.00052479
     8.9000000        0.00051827        0.00066121
     9.0000000        0.00040202        0.00041441
     9.1000000        0.00039866        0.00040733
     9.2000000        0.00051941        0.00073442
     9.3000000        0.00048527        0.00058687
     9.4000000        0.00045310        0.00047678
     9.5000000        0.00030613        0.00033112
     9.6000000        0.00046407        0.00023840
     9.7000000        0.00083289        0.00029929
     9.8000000        0.00028443        0.00059144
     9.9000000        0.00135644        0.00132362
    10.0000000        0.00164894        0.00145492
