     0.0000000        0.13968194        0.00580383
     0.1000000        0.10473085        0.00322876
     0.2000000        0.06872168        0.00535432
     0.3000000        0.05094622        0.00395304
     0.4000000        0.03712164        0.00491499
     0.5000000        0.03150739        0.00412094
     0.6000000        0.02183078        0.00287659
     0.7000000        0.01805828        0.00340257
     0.8000000        0.00773536        0.00328417
     0.9000000        0.00870085        0.00680424
     1.0000000        0.00447965        0.00199056
     1.1000000        0.00084457        0.00315637
     1.2000000        0.00290843        0.00330101
     1.3000000        0.00251237        0.00328767
     1.4000000        0.00323017        0.00359215
     1.5000000        0.00204148        0.00364675
     1.6000000        0.00496715        0.00526322
     1.7000000        0.00147959        0.00363603
     1.8000000        0.00588978        0.00502897
     1.9000000       -0.00173539        0.00644399
     2.0000000        0.00499687        0.00753041
     2.1000000        0.01041727        0.01055506
     2.2000000        0.01543044        0.01260172
     2.3000000        0.01656325        0.01815021
     2.4000000        0.00895369        0.00939062
     2.5000000        0.00401447        0.00313305
     2.6000000       -0.00091721        0.00518690
     2.7000000        0.00254741        0.00947566
     2.8000000        0.00674241        0.00679898
     2.9000000        0.00699213        0.01191732
     3.0000000        0.00385678        0.00663939
     3.1000000       -0.00085858        0.00596176
     3.2000000       -0.00668975        0.00776668
     3.3000000       -0.00782558        0.00469631
     3.4000000       -0.00316569        0.00268405
     3.5000000        0.00058032        0.00375769
     3.6000000        0.00412484        0.00462140
     3.7000000        0.02309954        0.01835403
     3.8000000        0.01504525        0.01413580
     3.9000000        0.01100407        0.01109846
     4.0000000       -0.00227913        0.00647572
     4.1000000       -0.00184504        0.01001633
     4.2000000       -0.00271353        0.00463767
     4.3000000        0.00258805        0.00506468
     4.4000000        0.00431701        0.00493454
     4.5000000       -0.00000432        0.00164364
     4.6000000       -0.00132221        0.00211675
     4.7000000        0.00018008        0.00448576
     4.8000000        0.00407362        0.00284585
     4.9000000        0.00258454        0.00136552
     5.0000000        0.00279243        0.00317093
     5.1000000        0.00220659        0.00229210
     5.2000000        0.00178175        0.00271969
     5.3000000        0.00373634        0.00368176
     5.4000000        0.00713583        0.00386793
     5.5000000        0.00253748        0.00351957
     5.6000000        0.00467948        0.00237051
     5.7000000        0.00644233        0.00527915
     5.8000000        0.00520374        0.00371515
     5.9000000        0.00419689        0.00592308
     6.0000000       -0.00527420        0.00269300
     6.1000000        0.00095216        0.00174396
     6.2000000       -0.00024205        0.00247052
     6.3000000       -0.00390448        0.00541578
     6.4000000       -0.00708301        0.00796771
     6.5000000       -0.00398031        0.00617585
     6.6000000        0.00089549        0.00383556
     6.7000000       -0.00347388        0.00337583
     6.8000000        0.00468800        0.00450846
     6.9000000        0.00076396        0.00294817
     7.0000000        0.00591782        0.00420248
     7.1000000        0.00225814        0.00239320
     7.2000000        0.00259893        0.00237717
     7.3000000        0.00044355        0.00500356
     7.4000000       -0.00063602        0.00482603
     7.5000000       -0.00593908        0.00440616
     7.6000000       -0.01422227        0.00646818
     7.7000000       -0.01970477        0.01196293
     7.8000000       -0.01079158        0.00490699
     7.9000000       -0.01013485        0.00679095
     8.0000000       -0.00616599        0.00751437
     8.1000000       -0.01389791        0.01417318
     8.2000000       -0.01429347        0.01508663
     8.3000000       -0.00191209        0.00497007
     8.4000000        0.00597606        0.00691694
     8.5000000        0.00957190        0.01010074
     8.6000000        0.03351134        0.03241225
     8.7000000        0.01444084        0.01253498
     8.8000000        0.01535515        0.01129262
     8.9000000        0.00368208        0.01058960
     9.0000000       -0.00361304        0.00830803
     9.1000000       -0.04654478        0.03578843
     9.2000000       -0.00860955        0.00829819
     9.3000000       -0.01758661        0.01107074
     9.4000000       -0.01842341        0.01171641
     9.5000000       -0.01214582        0.01126168
     9.6000000       -0.01104359        0.01037489
     9.7000000       -0.02204482        0.01734667
     9.8000000       -0.14037419        0.14161364
     9.9000000       -0.02156566        0.01784104
    10.0000000       -0.00978585        0.00914901
    10.1000000        0.02560502        0.02273163
    10.2000000       -0.01688577        0.01886134
    10.3000000       -0.01078662        0.01668586
    10.4000000       -0.00663014        0.01018412
    10.5000000        0.00188697        0.00708562
    10.6000000        0.00812738        0.01007392
    10.7000000        0.00792945        0.00591206
    10.8000000        0.00369457        0.00494436
    10.9000000       -0.00106569        0.00732726
    11.0000000       -0.00332832        0.00421560
    11.1000000        0.00201233        0.00526014
    11.2000000        0.00161440        0.00497777
    11.3000000       -0.00098627        0.00223152
    11.4000000       -0.00142204        0.00220591
    11.5000000       -0.00786772        0.00820387
    11.6000000       -0.00341705        0.00802085
    11.7000000        0.00283531        0.00447086
    11.8000000       -0.00474226        0.01207731
    11.9000000       -0.00200534        0.02021129
    12.0000000        0.00546211        0.01025268
    12.1000000        0.01659062        0.01101666
    12.2000000        0.01612968        0.01368810
    12.3000000        0.01095099        0.00978694
    12.4000000        0.01012949        0.00761692
    12.5000000        0.01111330        0.01013415
    12.6000000        0.00141604        0.00438369
    12.7000000        0.00458206        0.00588983
    12.8000000        0.00095183        0.00457823
    12.9000000       -0.00389433        0.00715597
    13.0000000        0.00645755        0.00355019
    13.1000000        0.00264177        0.00236940
    13.2000000        0.00090151        0.00182955
    13.3000000       -0.00148243        0.00472393
    13.4000000        0.00546123        0.00894843
    13.5000000        0.00451034        0.00565955
    13.6000000        0.00365930        0.00320406
    13.7000000        0.00153812        0.00512567
    13.8000000       -0.00247227        0.00575418
    13.9000000       -0.00908212        0.00693043
    14.0000000       -0.00560457        0.00558118
    14.1000000        0.00581048        0.00664296
    14.2000000        0.02319592        0.01666986
    14.3000000        0.02254050        0.01660073
    14.4000000        0.03711159        0.01877605
    14.5000000        0.02644759        0.01586809
    14.6000000        0.00059814        0.01052195
    14.7000000        0.00004727        0.00586441
    14.8000000        0.00208400        0.00867432
    14.9000000        0.00042629        0.00533483
    15.0000000        0.00124705        0.00381068
    15.1000000       -0.00633426        0.00476425
    15.2000000       -0.00305231        0.00453848
    15.3000000       -0.00348323        0.00574446
    15.4000000       -0.00546382        0.00357707
    15.5000000       -0.00624015        0.00520305
    15.6000000       -0.00115841        0.00534284
    15.7000000       -0.00193057        0.00724106
    15.8000000       -0.00424820        0.00604492
    15.9000000       -0.00302148        0.00576957
    16.0000000       -0.00493203        0.00453258
    16.1000000       -0.00573933        0.00444474
    16.2000000        0.00202643        0.00609767
    16.3000000       -0.02561562        0.03072509
    16.4000000       -0.06517776        0.06592484
    16.5000000       -0.04172559        0.03332393
    16.6000000       -0.00303421        0.00583412
    16.7000000        0.00849021        0.01222360
    16.8000000        0.01348640        0.00996179
    16.9000000        0.01239434        0.00887888
    17.0000000        0.00515934        0.01242627
    17.1000000        0.01135885        0.00862905
    17.2000000       -0.00268673        0.01089765
    17.3000000        0.00486111        0.00440215
    17.4000000        0.00539145        0.00619382
    17.5000000        0.01057960        0.00824776
    17.6000000        0.01170072        0.00972405
    17.7000000        0.00612977        0.00532866
    17.8000000        0.00703736        0.00499637
    17.9000000        0.00213772        0.01402839
    18.0000000        0.00233800        0.00704028
    18.1000000        0.00136982        0.01122836
    18.2000000        0.00117277        0.00850146
    18.3000000       -0.01305459        0.00867716
    18.4000000       -0.00339478        0.00437125
    18.5000000       -0.01043351        0.00823060
    18.6000000       -0.01170451        0.01204025
    18.7000000        0.00266046        0.01371551
    18.8000000       -0.00795504        0.01774810
    18.9000000        0.00482834        0.01492555
    19.0000000       -0.00516425        0.00645802
    19.1000000        0.00425363        0.00359929
    19.2000000        0.01778474        0.00836636
    19.3000000        0.02061315        0.00669334
    19.4000000        0.01501880        0.00450695
    19.5000000        0.02249243        0.00613557
    19.6000000        0.03599769        0.00765381
    19.7000000        0.04506226        0.00717482
    19.8000000        0.06761751        0.00592922
    19.9000000        0.09645655        0.00684462
    20.0000000        0.13968194        0.00580383
