     0.0000000        0.35274303        0.01950196
     0.1000000        0.28267735        0.01543628
     0.2000000        0.22152405        0.00893486
     0.3000000        0.17715620        0.00976742
     0.4000000        0.13589477        0.00931841
     0.5000000        0.11338186        0.01109997
     0.6000000        0.10757266        0.00634228
     0.7000000        0.08682330        0.00880066
     0.8000000        0.07967985        0.01059021
     0.9000000        0.06827033        0.00664787
     1.0000000        0.05545190        0.00590195
     1.1000000        0.04161429        0.00680973
     1.2000000        0.03107306        0.00612112
     1.3000000        0.02361120        0.00640680
     1.4000000        0.02464891        0.00482478
     1.5000000        0.02488156        0.00560903
     1.6000000        0.02201679        0.00381847
     1.7000000        0.01559520        0.00566452
     1.8000000        0.01479943        0.00811886
     1.9000000        0.01253998        0.00638874
     2.0000000        0.01178141        0.00833003
     2.1000000        0.00890951        0.00737111
     2.2000000        0.00613699        0.00385336
     2.3000000        0.00267161        0.00520165
     2.4000000       -0.00232564        0.00634120
     2.5000000       -0.00405253        0.00790640
     2.6000000        0.00284461        0.00649395
     2.7000000        0.00571220        0.00458068
     2.8000000        0.00617945        0.00426575
     2.9000000        0.00774524        0.00259251
     3.0000000        0.00832328        0.00378782
     3.1000000        0.01007916        0.00353230
     3.2000000        0.00940985        0.00388682
     3.3000000        0.00733822        0.00370793
     3.4000000        0.00712929        0.00377524
     3.5000000        0.00833212        0.00287504
     3.6000000        0.00634163        0.00273041
     3.7000000        0.00607672        0.00269762
     3.8000000        0.00885161        0.00289661
     3.9000000        0.01010860        0.00324841
     4.0000000        0.01038667        0.00220958
     4.1000000        0.00979264        0.00380598
     4.2000000        0.00961434        0.00442034
     4.3000000        0.01080090        0.00501033
     4.4000000        0.01007381        0.00470586
     4.5000000        0.00973045        0.00310323
     4.6000000        0.00833945        0.00292734
     4.7000000        0.00730384        0.00465784
     4.8000000        0.01317010        0.00383455
     4.9000000        0.01251762        0.00238576
     5.0000000        0.01130470        0.00247423
     5.1000000        0.01080134        0.00422137
     5.2000000        0.00862617        0.00398602
     5.3000000        0.00797396        0.00354165
     5.4000000        0.00500959        0.00442444
     5.5000000        0.00678151        0.00311473
     5.6000000        0.00711692        0.00282968
     5.7000000        0.00734683        0.00139866
     5.8000000        0.00945052        0.00343695
     5.9000000        0.01179009        0.00332025
     6.0000000        0.01365528        0.00278592
     6.1000000        0.01854733        0.00268608
     6.2000000        0.01626806        0.00402515
     6.3000000        0.02340837        0.00380150
     6.4000000        0.02057887        0.00510987
     6.5000000        0.02270911        0.00478579
     6.6000000        0.03334637        0.00601238
     6.7000000        0.03402556        0.00499084
     6.8000000        0.03082548        0.00395385
     6.9000000        0.03362194        0.00529858
     7.0000000        0.02869414        0.00734595
     7.1000000        0.03563384        0.00655758
     7.2000000        0.04652638        0.00623219
     7.3000000        0.05462910        0.00597035
     7.4000000        0.06571536        0.00676687
     7.5000000        0.07534713        0.00751884
     7.6000000        0.08421718        0.00908069
     7.7000000        0.09824567        0.01010052
     7.8000000        0.10351673        0.00730459
     7.9000000        0.11775961        0.00813117
     8.0000000        0.12863517        0.00977902
     8.1000000        0.14292247        0.01005390
     8.2000000        0.16006513        0.00731370
     8.3000000        0.17903106        0.00786875
     8.4000000        0.21023198        0.00975849
     8.5000000        0.24204823        0.01183769
     8.6000000        0.26162431        0.00957028
     8.7000000        0.30015706        0.00846774
     8.8000000        0.34558621        0.01016246
     8.9000000        0.37686558        0.00881345
     9.0000000        0.42541284        0.00674775
     9.1000000        0.49174733        0.00764968
     9.2000000        0.56345688        0.01263040
     9.3000000        0.63417246        0.01175050
     9.4000000        0.72297786        0.00919495
     9.5000000        0.82405986        0.00934316
     9.6000000        0.95763322        0.00838913
     9.7000000        1.08600889        0.00909084
     9.8000000        1.22421512        0.01545292
     9.9000000        1.41526318        0.01880567
    10.0000000        1.64725697        0.01950196
