     0.0000000        0.48363428        0.02062833
     0.1000000        0.41938839        0.02150743
     0.2000000        0.36446837        0.02205830
     0.3000000        0.31804666        0.02286439
     0.4000000        0.28117095        0.02227419
     0.5000000        0.24991277        0.02191373
     0.6000000        0.22320185        0.02133908
     0.7000000        0.20071905        0.02100612
     0.8000000        0.17915439        0.02073533
     0.9000000        0.16124891        0.02020970
     1.0000000        0.14590654        0.01892176
     1.1000000        0.13046608        0.01794474
     1.2000000        0.11701564        0.01745897
     1.3000000        0.10387020        0.01683259
     1.4000000        0.09068225        0.01598558
     1.5000000        0.08108347        0.01527736
     1.6000000        0.07225873        0.01371420
     1.7000000        0.06342493        0.01179261
     1.8000000        0.05796272        0.01079909
     1.9000000        0.05436976        0.01059387
     2.0000000        0.04936462        0.01046215
     2.1000000        0.04403522        0.00974268
     2.2000000        0.03989076        0.00928181
     2.3000000        0.03871609        0.00888238
     2.4000000        0.03273109        0.00706925
     2.5000000        0.02650091        0.00646162
     2.6000000        0.01924492        0.00682586
     2.7000000        0.01547599        0.00658860
     2.8000000        0.01208892        0.00674682
     2.9000000        0.01246226        0.00626091
     3.0000000        0.01300357        0.00622477
     3.1000000        0.01276599        0.00691266
     3.2000000        0.01120699        0.00795792
     3.3000000        0.00873208        0.00841287
     3.4000000        0.00464390        0.00924577
     3.5000000        0.00357593        0.01027438
     3.6000000        0.00306985        0.01019608
     3.7000000        0.00297223        0.00949293
     3.8000000        0.00320297        0.00763707
     3.9000000       -0.00041105        0.00754412
     4.0000000       -0.00275778        0.00749774
     4.1000000       -0.00260801        0.00782726
     4.2000000       -0.00110994        0.00824549
     4.3000000       -0.00416589        0.00838433
     4.4000000       -0.00437011        0.00832810
     4.5000000       -0.00542779        0.00896852
     4.6000000       -0.00447441        0.01051811
     4.7000000       -0.00449111        0.01074795
     4.8000000       -0.00385386        0.01119276
     4.9000000       -0.00139819        0.01105744
     5.0000000        0.00320687        0.01051322
     5.1000000        0.00531551        0.01004182
     5.2000000        0.00574741        0.00992215
     5.3000000        0.00695171        0.01094177
     5.4000000        0.01023950        0.01161089
     5.5000000        0.01210725        0.01227027
     5.6000000        0.01326665        0.01225134
     5.7000000        0.01389344        0.01210661
     5.8000000        0.01267485        0.01296633
     5.9000000        0.01194023        0.01434677
     6.0000000        0.01304867        0.01451096
     6.1000000        0.01705985        0.01475730
     6.2000000        0.01822077        0.01358586
     6.3000000        0.02156091        0.01180742
     6.4000000        0.02329595        0.01089718
     6.5000000        0.02317909        0.00983139
     6.6000000        0.02205742        0.00869958
     6.7000000        0.02374880        0.00817201
     6.8000000        0.02294149        0.00752105
     6.9000000        0.02471423        0.00756357
     7.0000000        0.02962889        0.00684141
     7.1000000        0.03436532        0.00763773
     7.2000000        0.03926355        0.00882706
     7.3000000        0.04285196        0.00970058
     7.4000000        0.04560518        0.01023407
     7.5000000        0.04920546        0.01079535
     7.6000000        0.05020994        0.01088564
     7.7000000        0.05240307        0.01057459
     7.8000000        0.05679567        0.01091353
     7.9000000        0.06314299        0.01192482
     8.0000000        0.06923860        0.01182633
     8.1000000        0.07729343        0.01219998
     8.2000000        0.08445380        0.01294451
     8.3000000        0.08976863        0.01355096
     8.4000000        0.09612485        0.01392483
     8.5000000        0.10345128        0.01399436
     8.6000000        0.11216963        0.01432489
     8.7000000        0.12157342        0.01459035
     8.8000000        0.13268031        0.01519957
     8.9000000        0.14490395        0.01586832
     9.0000000        0.15973855        0.01631581
     9.1000000        0.17524535        0.01722896
     9.2000000        0.19353773        0.01764780
     9.3000000        0.21580163        0.01802003
     9.4000000        0.23979597        0.01743884
     9.5000000        0.26609748        0.01718680
     9.6000000        0.29714489        0.01695035
     9.7000000        0.33559792        0.01746881
     9.8000000        0.37838777        0.01861754
     9.9000000        0.42662807        0.02032216
    10.0000000        0.48363428        0.02062833
