         201           5   20.000000000000000                1
     0.0000000        0.97228216        0.00359987
     0.1000000        0.70170592        0.00718225
     0.2000000        0.50373801        0.01094338
     0.3000000        0.37081705        0.00699125
     0.4000000        0.26463219        0.00790145
     0.5000000        0.18933500        0.00700609
     0.6000000        0.13641790        0.00783567
     0.7000000        0.09648655        0.00538475
     0.8000000        0.06730610        0.00522613
     0.9000000        0.05016448        0.00423217
     1.0000000        0.03736662        0.00456908
     1.1000000        0.02760739        0.00643617
     1.2000000        0.01970288        0.00614146
     1.3000000        0.01663967        0.00423799
     1.4000000        0.01118207        0.00528230
     1.5000000        0.00373777        0.00420149
     1.6000000        0.00598507        0.00475149
     1.7000000        0.00726251        0.00505013
     1.8000000        0.00307728        0.00500503
     1.9000000        0.00625794        0.00486883
     2.0000000        0.00213894        0.00408692
     2.1000000       -0.00056860        0.00319104
     2.2000000        0.00207353        0.00374573
     2.3000000       -0.00006239        0.00217327
     2.4000000       -0.00196300        0.00257509
     2.5000000       -0.00296619        0.00234819
     2.6000000       -0.00246537        0.00315936
     2.7000000       -0.00225165        0.00159393
     2.8000000       -0.00345181        0.00245242
     2.9000000       -0.00231723        0.00319192
     3.0000000       -0.00395744        0.00200325
     3.1000000       -0.00087582        0.00131532
     3.2000000       -0.00035979        0.00136303
     3.3000000       -0.00229406        0.00136526
     3.4000000       -0.00073444        0.00199479
     3.5000000        0.00001303        0.00215935
     3.6000000        0.00102031        0.00277106
     3.7000000        0.00261264        0.00401276
     3.8000000        0.00155281        0.00459320
     3.9000000       -0.00057710        0.00318102
     4.0000000       -0.00239800        0.00297664
     4.1000000        0.00084464        0.00233791
     4.2000000        0.00072115        0.00170980
     4.3000000        0.00259044        0.00172343
     4.4000000        0.00739079        0.00284510
     4.5000000        0.00309231        0.00112594
     4.6000000        0.00544872        0.00245624
     4.7000000        0.00334952        0.00172884
     4.8000000        0.00270325        0.00185288
     4.9000000        0.00090390        0.00231627
     5.0000000        0.00002611        0.00141163
     5.1000000        0.00149499        0.00125604
     5.2000000        0.00028945        0.00251240
     5.3000000        0.00007051        0.00097847
     5.4000000       -0.00109864        0.00044138
     5.5000000        0.00216619        0.00077762
     5.6000000        0.00236654        0.00219406
     5.7000000        0.00010860        0.00214750
     5.8000000        0.00290686        0.00117577
     5.9000000        0.00318995        0.00250895
     6.0000000        0.00328101        0.00137740
     6.1000000        0.00378712        0.00173976
     6.2000000        0.00327036        0.00096266
     6.3000000        0.00128926        0.00121345
     6.4000000        0.00091437        0.00064968
     6.5000000        0.00207089        0.00182224
     6.6000000        0.00092049        0.00094773
     6.7000000        0.00139755        0.00129453
     6.8000000        0.00117156        0.00179511
     6.9000000        0.00301665        0.00218979
     7.0000000        0.00140888        0.00228217
     7.1000000        0.00044649        0.00248417
     7.2000000       -0.00109117        0.00115338
     7.3000000       -0.00073124        0.00199041
     7.4000000        0.00172072        0.00186759
     7.5000000        0.00315059        0.00186460
     7.6000000        0.00317099        0.00096426
     7.7000000        0.00453115        0.00167252
     7.8000000        0.00387285        0.00225923
     7.9000000        0.00132756        0.00215806
     8.0000000       -0.00160562        0.00172519
     8.1000000       -0.00043168        0.00198314
     8.2000000       -0.00260495        0.00153472
     8.3000000       -0.00305139        0.00168235
     8.4000000       -0.00228169        0.00170606
     8.5000000       -0.00113753        0.00117188
     8.6000000       -0.00079665        0.00085236
     8.7000000       -0.00099532        0.00104555
     8.8000000        0.00050323        0.00106244
     8.9000000        0.00095220        0.00091627
     9.0000000        0.00087065        0.00099619
     9.1000000        0.00321095        0.00333642
     9.2000000       -0.00123568        0.00129781
     9.3000000       -0.00048677        0.00255786
     9.4000000       -0.00071996        0.00319763
     9.5000000       -0.00124018        0.00244861
     9.6000000       -0.00117038        0.00192940
     9.7000000       -0.00258031        0.00206603
     9.8000000       -0.00274814        0.00225038
     9.9000000       -0.00194496        0.00146760
    10.0000000       -0.00214621        0.00180306
    10.1000000       -0.00101967        0.00309780
    10.2000000        0.00316421        0.00278831
    10.3000000        0.00295418        0.00203149
    10.4000000        0.00332067        0.00345353
    10.5000000        0.00123423        0.00252528
    10.6000000        0.00306306        0.00235317
    10.7000000       -0.00019364        0.00160676
    10.8000000       -0.00224248        0.00323163
    10.9000000       -0.00034976        0.00119930
    11.0000000        0.00045843        0.00247529
    11.1000000        0.00395675        0.00622629
    11.2000000        0.00492485        0.00842103
    11.3000000        0.00266254        0.00563124
    11.4000000        0.00374176        0.00527735
    11.5000000        0.00429959        0.00647640
    11.6000000        0.00272941        0.00339580
    11.7000000        0.00192648        0.00338173
    11.8000000        0.00118343        0.00295142
    11.9000000        0.00099340        0.00308745
    12.0000000        0.00154251        0.00318220
    12.1000000        0.00027673        0.00217558
    12.2000000       -0.00012506        0.00186351
    12.3000000        0.00151287        0.00171357
    12.4000000        0.00009233        0.00205263
    12.5000000       -0.00066235        0.00180633
    12.6000000       -0.00146950        0.00103360
    12.7000000       -0.00361079        0.00173098
    12.8000000       -0.00029457        0.00042948
    12.9000000        0.00175927        0.00353080
    13.0000000       -0.00158471        0.00186616
    13.1000000       -0.00517589        0.00610819
    13.2000000       -0.00226872        0.00393169
    13.3000000       -0.00340757        0.00787006
    13.4000000       -0.00366670        0.00466959
    13.5000000       -0.00781581        0.00820640
    13.6000000       -0.00430635        0.00704286
    13.7000000       -0.00273649        0.00427694
    13.8000000       -0.00247404        0.00352066
    13.9000000        0.00167070        0.00165690
    14.0000000       -0.00154626        0.00220403
    14.1000000        0.00121950        0.00391817
    14.2000000        0.00067626        0.00569933
    14.3000000        0.00019050        0.00352329
    14.4000000       -0.00002035        0.00141586
    14.5000000        0.00337126        0.00350511
    14.6000000        0.00038362        0.00213848
    14.7000000        0.00045343        0.00407694
    14.8000000        0.00580736        0.00732752
    14.9000000        0.00113815        0.00300205
    15.0000000       -0.00085490        0.00105609
    15.1000000        0.00501566        0.00933746
    15.2000000        0.00488827        0.00816346
    15.3000000       -0.00122001        0.00503565
    15.4000000        0.00332745        0.00374550
    15.5000000       -0.00011465        0.00334250
    15.6000000       -0.00216230        0.00159369
    15.7000000       -0.00393367        0.00423300
    15.8000000       -0.00904950        0.00818989
    15.9000000       -0.01467140        0.01302286
    16.0000000       -0.01024499        0.00824018
    16.1000000       -0.00961926        0.00747094
    16.2000000       -0.01100183        0.00888026
    16.3000000       -0.01022812        0.00962734
    16.4000000       -0.01059838        0.00960776
    16.5000000       -0.00993918        0.00820220
    16.6000000        0.00066322        0.00291307
    16.7000000        0.01025557        0.01221057
    16.8000000        0.00715984        0.00869911
    16.9000000        0.00860526        0.01169520
    17.0000000        0.00186641        0.00580448
    17.1000000       -0.00826967        0.00803112
    17.2000000       -0.00760023        0.00767708
    17.3000000       -0.00751842        0.00757685
    17.4000000       -0.00285610        0.00444859
    17.5000000       -0.00219929        0.00464550
    17.6000000       -0.00329341        0.00521696
    17.7000000       -0.00135410        0.00586716
    17.8000000        0.00253554        0.00327492
    17.9000000       -0.00275186        0.00504591
    18.0000000       -0.00279350        0.00877385
    18.1000000       -0.00417509        0.00617869
    18.2000000       -0.00688770        0.00624053
    18.3000000       -0.00382683        0.00142791
    18.4000000       -0.00709248        0.00448203
    18.5000000       -0.00324075        0.00502477
    18.6000000       -0.00718047        0.00582635
    18.7000000       -0.00707972        0.00816391
    18.8000000       -0.01150786        0.00677722
    18.9000000       -0.00947176        0.00362099
    19.0000000       -0.00046083        0.00523545
    19.1000000       -0.00076656        0.00377646
    19.2000000        0.00152421        0.00447004
    19.3000000        0.00809068        0.00771955
    19.4000000        0.00617366        0.00514984
    19.5000000        0.00817503        0.00771301
    19.6000000        0.00821832        0.00734977
    19.7000000        0.01041875        0.00538923
    19.8000000        0.01526446        0.00560181
    19.9000000        0.02004314        0.00503587
    20.0000000        0.02771784        0.00359987
