     0.0000000        1.46618822        0.01799939
     0.1000000        1.28697898        0.01946808
     0.2000000        1.12291412        0.01550566
     0.3000000        1.01200724        0.01950624
     0.4000000        0.91476845        0.01912141
     0.5000000        0.83238779        0.01617107
     0.6000000        0.74444107        0.00913720
     0.7000000        0.68318246        0.00878111
     0.8000000        0.61163703        0.01244418
     0.9000000        0.55443156        0.01536294
     1.0000000        0.50711371        0.01882193
     1.1000000        0.45425993        0.01869480
     1.2000000        0.42484952        0.02416929
     1.3000000        0.40325129        0.02823540
     1.4000000        0.36402706        0.02069562
     1.5000000        0.32374286        0.01860456
     1.6000000        0.30028630        0.01585779
     1.7000000        0.26676843        0.01527554
     1.8000000        0.24442962        0.01625324
     1.9000000        0.22165165        0.01594783
     2.0000000        0.20847273        0.02078395
     2.1000000        0.17833395        0.01203838
     2.2000000        0.16900775        0.00963978
     2.3000000        0.16471957        0.01367108
     2.4000000        0.15095076        0.01622655
     2.5000000        0.13182818        0.01113690
     2.6000000        0.11754298        0.00974979
     2.7000000        0.10739622        0.00771571
     2.8000000        0.09988341        0.00861229
     2.9000000        0.09099182        0.00804634
     3.0000000        0.08706864        0.00927194
     3.1000000        0.07688901        0.00811537
     3.2000000        0.06919439        0.00730827
     3.3000000        0.06586650        0.00818372
     3.4000000        0.06114659        0.00901875
     3.5000000        0.05619757        0.00782936
     3.6000000        0.05130158        0.00739737
     3.7000000        0.04731962        0.00639794
     3.8000000        0.04159555        0.00458691
     3.9000000        0.04053341        0.00481439
     4.0000000        0.03748934        0.00464319
     4.1000000        0.03341081        0.00449012
     4.2000000        0.02924827        0.00339159
     4.3000000        0.02552120        0.00318932
     4.4000000        0.02514580        0.00413019
     4.5000000        0.02755348        0.00658991
     4.6000000        0.02450710        0.00629555
     4.7000000        0.01972832        0.00440937
     4.8000000        0.01846900        0.00539686
     4.9000000        0.01719826        0.00648897
     5.0000000        0.01576208        0.00400225
     5.1000000        0.01413922        0.00242658
     5.2000000        0.01277524        0.00251449
     5.3000000        0.01313711        0.00333790
     5.4000000        0.01152613        0.00225715
     5.5000000        0.01246431        0.00221725
     5.6000000        0.01070040        0.00203221
     5.7000000        0.01019206        0.00311957
     5.8000000        0.01196195        0.00205905
     5.9000000        0.01075210        0.00270555
     6.0000000        0.00952534        0.00265789
     6.1000000        0.01108158        0.00370864
     6.2000000        0.01229081        0.00409904
     6.3000000        0.01219374        0.00483051
     6.4000000        0.01166868        0.00492989
     6.5000000        0.01305691        0.00680922
     6.6000000        0.01895128        0.00962276
     6.7000000        0.01841608        0.00843231
     6.8000000        0.02141187        0.01104915
     6.9000000        0.01976234        0.00776011
     7.0000000        0.02076589        0.00646464
     7.1000000        0.01641647        0.00542338
     7.2000000        0.02069596        0.00490611
     7.3000000        0.02372110        0.00719646
     7.4000000        0.02230205        0.00620262
     7.5000000        0.02788825        0.00723634
     7.6000000        0.02807900        0.00671386
     7.7000000        0.03047271        0.00717614
     7.8000000        0.03060171        0.00805503
     7.9000000        0.03610323        0.00898140
     8.0000000        0.04214485        0.00934580
     8.1000000        0.04600325        0.01205022
     8.2000000        0.04142998        0.01094294
     8.3000000        0.04926180        0.01370917
     8.4000000        0.06059169        0.01428376
     8.5000000        0.06491371        0.01422234
     8.6000000        0.06742452        0.01353425
     8.7000000        0.07340052        0.01222307
     8.8000000        0.09879745        0.01047566
     8.9000000        0.11467867        0.01309490
     9.0000000        0.12593412        0.01525583
     9.1000000        0.15000246        0.01573222
     9.2000000        0.17253084        0.01485391
     9.3000000        0.18833816        0.01348655
     9.4000000        0.21240693        0.01426320
     9.5000000        0.23646771        0.01035202
     9.6000000        0.26527955        0.01398408
     9.7000000        0.30939929        0.01597401
     9.8000000        0.36774745        0.01601895
     9.9000000        0.44071969        0.01432441
    10.0000000        0.53381178        0.01799939
