         201           4   20.000000000000000                1
     0.0000000        0.50000000        0.00000000
     0.1000000        0.42105696        0.00177240
     0.2000000        0.35411704        0.00309045
     0.3000000        0.30586476        0.00242802
     0.4000000        0.26352851        0.00094662
     0.5000000        0.22820009        0.00063606
     0.6000000        0.20028091        0.00078337
     0.7000000        0.17666275        0.00104138
     0.8000000        0.15828607        0.00171896
     0.9000000        0.14222435        0.00176431
     1.0000000        0.12623018        0.00200452
     1.1000000        0.11483420        0.00084035
     1.2000000        0.10566870        0.00091279
     1.3000000        0.09826492        0.00112424
     1.4000000        0.09117877        0.00082040
     1.5000000        0.08388513        0.00057187
     1.6000000        0.07827966        0.00062204
     1.7000000        0.07309248        0.00072481
     1.8000000        0.06928374        0.00071012
     1.9000000        0.06512776        0.00030267
     2.0000000        0.06177606        0.00047488
     2.1000000        0.05910830        0.00053241
     2.2000000        0.05581851        0.00067974
     2.3000000        0.05353774        0.00085034
     2.4000000        0.05126748        0.00103975
     2.5000000        0.04908920        0.00108858
     2.6000000        0.04735473        0.00050098
     2.7000000        0.04689303        0.00071863
     2.8000000        0.04507492        0.00096645
     2.9000000        0.04377337        0.00063951
     3.0000000        0.04209463        0.00026187
     3.1000000        0.04148658        0.00039385
     3.2000000        0.04029664        0.00053959
     3.3000000        0.03946313        0.00064703
     3.4000000        0.03866441        0.00043710
     3.5000000        0.03776189        0.00060945
     3.6000000        0.03748314        0.00062235
     3.7000000        0.03624692        0.00082011
     3.8000000        0.03538661        0.00069202
     3.9000000        0.03491104        0.00078247
     4.0000000        0.03448264        0.00107152
     4.1000000        0.03409897        0.00114746
     4.2000000        0.03319968        0.00088416
     4.3000000        0.03253544        0.00092500
     4.4000000        0.03222201        0.00098365
     4.5000000        0.03182915        0.00098542
     4.6000000        0.03170428        0.00114085
     4.7000000        0.03070732        0.00112110
     4.8000000        0.03045794        0.00098863
     4.9000000        0.02996379        0.00103906
     5.0000000        0.02964959        0.00088821
     5.1000000        0.02973326        0.00115849
     5.2000000        0.02944526        0.00116509
     5.3000000        0.02901708        0.00102138
     5.4000000        0.02825340        0.00113630
     5.5000000        0.02827882        0.00095514
     5.6000000        0.02855822        0.00105829
     5.7000000        0.02781271        0.00090661
     5.8000000        0.02744853        0.00076374
     5.9000000        0.02714863        0.00074244
     6.0000000        0.02743813        0.00070464
     6.1000000        0.02746396        0.00058800
     6.2000000        0.02732729        0.00095330
     6.3000000        0.02761087        0.00116854
     6.4000000        0.02692605        0.00105932
     6.5000000        0.02606170        0.00098751
     6.6000000        0.02562405        0.00141311
     6.7000000        0.02536205        0.00134383
     6.8000000        0.02569139        0.00213548
     6.9000000        0.02618674        0.00275374
     7.0000000        0.02606147        0.00294174
     7.1000000        0.02611754        0.00303164
     7.2000000        0.02610158        0.00297531
     7.3000000        0.02615831        0.00250347
     7.4000000        0.02560988        0.00200445
     7.5000000        0.02546315        0.00231284
     7.6000000        0.02496557        0.00197863
     7.7000000        0.02450672        0.00190444
     7.8000000        0.02431138        0.00181613
     7.9000000        0.02422120        0.00214841
     8.0000000        0.02371537        0.00184531
     8.1000000        0.02405814        0.00181168
     8.2000000        0.02386982        0.00157546
     8.3000000        0.02362022        0.00160538
     8.4000000        0.02360466        0.00184979
     8.5000000        0.02327478        0.00165204
     8.6000000        0.02314127        0.00196561
     8.7000000        0.02336619        0.00209851
     8.8000000        0.02315306        0.00198438
     8.9000000        0.02348454        0.00185734
     9.0000000        0.02365122        0.00207587
     9.1000000        0.02361803        0.00180228
     9.2000000        0.02357030        0.00192424
     9.3000000        0.02315622        0.00208910
     9.4000000        0.02330054        0.00226484
     9.5000000        0.02331541        0.00197381
     9.6000000        0.02278309        0.00174776
     9.7000000        0.02313257        0.00211278
     9.8000000        0.02324849        0.00243022
     9.9000000        0.02338440        0.00222293
    10.0000000        0.02308392        0.00215657
    10.1000000        0.02336134        0.00221516
    10.2000000        0.02415074        0.00254975
    10.3000000        0.02382592        0.00228872
    10.4000000        0.02395995        0.00175555
    10.5000000        0.02395173        0.00165192
    10.6000000        0.02429163        0.00143785
    10.7000000        0.02392915        0.00142767
    10.8000000        0.02383901        0.00175653
    10.9000000        0.02389102        0.00164649
    11.0000000        0.02388982        0.00171978
    11.1000000        0.02372588        0.00169556
    11.2000000        0.02437531        0.00194325
    11.3000000        0.02488082        0.00241263
    11.4000000        0.02532346        0.00253599
    11.5000000        0.02508646        0.00254202
    11.6000000        0.02498083        0.00274604
    11.7000000        0.02469643        0.00238097
    11.8000000        0.02440189        0.00217093
    11.9000000        0.02484139        0.00227417
    12.0000000        0.02523116        0.00255015
    12.1000000        0.02538383        0.00285879
    12.2000000        0.02485956        0.00269927
    12.3000000        0.02530720        0.00310158
    12.4000000        0.02468454        0.00290400
    12.5000000        0.02454875        0.00266020
    12.6000000        0.02511434        0.00314563
    12.7000000        0.02523371        0.00244617
    12.8000000        0.02527030        0.00234069
    12.9000000        0.02570246        0.00241783
    13.0000000        0.02657655        0.00211133
    13.1000000        0.02708018        0.00183572
    13.2000000        0.02728439        0.00183114
    13.3000000        0.02722240        0.00201956
    13.4000000        0.02782827        0.00191056
    13.5000000        0.02752771        0.00159761
    13.6000000        0.02820678        0.00166781
    13.7000000        0.02865694        0.00192880
    13.8000000        0.02960054        0.00231129
    13.9000000        0.02961058        0.00180921
    14.0000000        0.02932236        0.00203919
    14.1000000        0.02954435        0.00186717
    14.2000000        0.02997898        0.00231288
    14.3000000        0.02958940        0.00207065
    14.4000000        0.02927942        0.00196312
    14.5000000        0.02916972        0.00189940
    14.6000000        0.02986646        0.00227280
    14.7000000        0.03050873        0.00294540
    14.8000000        0.03002826        0.00247045
    14.9000000        0.03066014        0.00247468
    15.0000000        0.03069586        0.00212205
    15.1000000        0.03072512        0.00177472
    15.2000000        0.03061255        0.00119804
    15.3000000        0.03105936        0.00103564
    15.4000000        0.03132994        0.00097223
    15.5000000        0.03099061        0.00089170
    15.6000000        0.03084375        0.00066672
    15.7000000        0.03141769        0.00073650
    15.8000000        0.03220920        0.00106418
    15.9000000        0.03302074        0.00144399
    16.0000000        0.03388930        0.00162943
    16.1000000        0.03434672        0.00171864
    16.2000000        0.03469720        0.00131724
    16.3000000        0.03506752        0.00114636
    16.4000000        0.03537629        0.00120137
    16.5000000        0.03615355        0.00068935
    16.6000000        0.03642502        0.00070658
    16.7000000        0.03760158        0.00123677
    16.8000000        0.03872319        0.00096944
    16.9000000        0.03974505        0.00085456
    17.0000000        0.04114183        0.00112048
    17.1000000        0.04202927        0.00107455
    17.2000000        0.04319668        0.00123197
    17.3000000        0.04498096        0.00154403
    17.4000000        0.04678944        0.00109780
    17.5000000        0.04803178        0.00103248
    17.6000000        0.05060898        0.00108826
    17.7000000        0.05299977        0.00124802
    17.8000000        0.05576478        0.00197391
    17.9000000        0.05853488        0.00218848
    18.0000000        0.06123785        0.00165428
    18.1000000        0.06406351        0.00123103
    18.2000000        0.06731088        0.00154190
    18.3000000        0.07180788        0.00167076
    18.4000000        0.07616939        0.00108987
    18.5000000        0.08237369        0.00102386
    18.6000000        0.08967725        0.00162632
    18.7000000        0.09810009        0.00175576
    18.8000000        0.10686411        0.00151081
    18.9000000        0.11717952        0.00108403
    19.0000000        0.12872004        0.00083255
    19.1000000        0.14305219        0.00078276
    19.2000000        0.16020314        0.00091701
    19.3000000        0.17914029        0.00161985
    19.4000000        0.20269284        0.00132251
    19.5000000        0.23178891        0.00118969
    19.6000000        0.26614423        0.00155403
    19.7000000        0.30770688        0.00154616
    19.8000000        0.36220874        0.00340709
    19.9000000        0.42470965        0.00220232
    20.0000000        0.50000000        0.00000000
