     0.0000000        0.13455697        0.00979683
     0.1000000        0.08856488        0.00925376
     0.2000000        0.05600839        0.00519146
     0.3000000        0.04295974        0.00455686
     0.4000000        0.02572354        0.00843240
     0.5000000        0.02208975        0.00750979
     0.6000000        0.01338182        0.00509315
     0.7000000        0.00978297        0.00818741
     0.8000000        0.00525704        0.00498303
     0.9000000        0.00614646        0.00407270
     1.0000000        0.00557102        0.00389224
     1.1000000       -0.00296178        0.00539065
     1.2000000       -0.00237643        0.00646316
     1.3000000       -0.00233455        0.00485087
     1.4000000        0.00348880        0.00520290
     1.5000000        0.00477116        0.00492634
     1.6000000        0.00281355        0.00370459
     1.7000000        0.00630141        0.00574331
     1.8000000        0.00443699        0.00409203
     1.9000000        0.00406349        0.00395919
     2.0000000        0.00196490        0.00316001
     2.1000000        0.00085133        0.00438115
     2.2000000       -0.00072717        0.00385716
     2.3000000        0.00053960        0.00345329
     2.4000000        0.00068515        0.00240293
     2.5000000        0.00195201        0.00268341
     2.6000000        0.00143532        0.00311603
     2.7000000        0.00006305        0.00298597
     2.8000000        0.00291378        0.00119296
     2.9000000        0.00159760        0.00177189
     3.0000000       -0.00024590        0.00162927
     3.1000000       -0.00127421        0.00185196
     3.2000000       -0.00170361        0.00187026
     3.3000000       -0.00256865        0.00160303
     3.4000000       -0.00413987        0.00281607
     3.5000000       -0.00317920        0.00268272
     3.6000000       -0.00260704        0.00275805
     3.7000000       -0.00248352        0.00252923
     3.8000000       -0.00135152        0.00223884
     3.9000000       -0.00436612        0.00436885
     4.0000000       -0.00382129        0.00445229
     4.1000000        0.00007071        0.00303466
     4.2000000       -0.00438631        0.00440741
     4.3000000       -0.00722601        0.00980142
     4.4000000       -0.01150900        0.01184718
     4.5000000       -0.00943674        0.00893068
     4.6000000       -0.00530145        0.00423484
     4.7000000       -0.00189086        0.00179172
     4.8000000       -0.00655308        0.00753489
     4.9000000       -0.00245139        0.00346739
     5.0000000       -0.00406065        0.00423494
     5.1000000       -0.00746345        0.00697726
     5.2000000       -0.00637527        0.00609613
     5.3000000       -0.00425477        0.00536414
     5.4000000        0.00251170        0.00455418
     5.5000000        0.00163715        0.00297334
     5.6000000        0.00181804        0.00210195
     5.7000000        0.00242761        0.00230242
     5.8000000        0.00191996        0.00133761
     5.9000000        0.00453775        0.00178325
     6.0000000        0.00100813        0.00115413
     6.1000000       -0.00156076        0.00141065
     6.2000000       -0.00140587        0.00143488
     6.3000000        0.00020626        0.00280724
     6.4000000        0.00159820        0.00184579
     6.5000000        0.00232870        0.00254122
     6.6000000        0.00405753        0.00312640
     6.7000000        0.00546288        0.00396580
     6.8000000        0.00343045        0.00468800
     6.9000000        0.00527140        0.00382861
     7.0000000        0.00571453        0.00370087
     7.1000000        0.00230370        0.00498615
     7.2000000        0.00632731        0.00351401
     7.3000000        0.00460141        0.00381662
     7.4000000        0.00068837        0.00362448
     7.5000000        0.00680386        0.00261664
     7.6000000        0.00890423        0.00310219
     7.7000000        0.01002902        0.00558564
     7.8000000        0.01378120        0.00499072
     7.9000000        0.01605473        0.00521647
     8.0000000        0.02289167        0.00473579
     8.1000000        0.02169557        0.00462589
     8.2000000        0.02700310        0.00130090
     8.3000000        0.03017593        0.00263989
     8.4000000        0.04150923        0.00459933
     8.5000000        0.05338593        0.00361519
     8.6000000        0.06612928        0.00406819
     8.7000000        0.08137124        0.00478289
     8.8000000        0.09752920        0.00388398
     8.9000000        0.12583691        0.00623043
     9.0000000        0.15757885        0.00423918
     9.1000000        0.20305243        0.00464326
     9.2000000        0.25384134        0.00539966
     9.3000000        0.31069325        0.00506573
     9.4000000        0.39733809        0.00558822
     9.5000000        0.50684292        0.00476271
     9.6000000        0.66219708        0.00623815
     9.7000000        0.85455070        0.00559436
     9.8000000        1.10189568        0.00521510
     9.9000000        1.42828340        0.00909086
    10.0000000        1.86544303        0.00979683
