         201         161   20.000000000000000                1
     0.0000000        0.50000000        0.00000000
     0.1000000        0.44133537        0.00000000
     0.2000000        0.39113526        0.00000000
     0.3000000        0.34809096        0.00000000
     0.4000000        0.31110395        0.00000000
     0.5000000        0.27925142        0.00000000
     0.6000000        0.25175737        0.00000000
     0.7000000        0.22796870        0.00000000
     0.8000000        0.20733516        0.00000000
     0.9000000        0.18939266        0.00000000
     1.0000000        0.17374936        0.00000000
     1.1000000        0.16007403        0.00000000
     1.2000000        0.14808632        0.00000000
     1.3000000        0.13754869        0.00000000
     1.4000000        0.12825955        0.00000000
     1.5000000        0.12004762        0.00000000
     1.6000000        0.11276714        0.00000000
     1.7000000        0.10629388        0.00000000
     1.8000000        0.10052183        0.00000000
     1.9000000        0.09536032        0.00000000
     2.0000000        0.09073172        0.00000000
     2.1000000        0.08656941        0.00000000
     2.2000000        0.08281614        0.00000000
     2.3000000        0.07942261        0.00000000
     2.4000000        0.07634628        0.00000000
     2.5000000        0.07355037        0.00000000
     2.6000000        0.07100302        0.00000000
     2.7000000        0.06867656        0.00000000
     2.8000000        0.06654694        0.00000000
     2.9000000        0.06459317        0.00000000
     3.0000000        0.06279690        0.00000000
     3.1000000        0.06114207        0.00000000
     3.2000000        0.05961457        0.00000000
     3.3000000        0.05820200        0.00000000
     3.4000000        0.05689341        0.00000000
     3.5000000        0.05567912        0.00000000
     3.6000000        0.05455054        0.00000000
     3.7000000        0.05350005        0.00000000
     3.8000000        0.05252087        0.00000000
     3.9000000        0.05160693        0.00000000
     4.0000000        0.05075283        0.00000000
     4.1000000        0.04995369        0.00000000
     4.2000000        0.04920515        0.00000000
     4.3000000        0.04850327        0.00000000
     4.4000000        0.04784450        0.00000000
     4.5000000        0.04722563        0.00000000
     4.6000000        0.04664374        0.00000000
     4.7000000        0.04609618        0.00000000
     4.8000000        0.04558055        0.00000000
     4.9000000        0.04509465        0.00000000
     5.0000000        0.04463646        0.00000000
     5.1000000        0.04420416        0.00000000
     5.2000000        0.04379606        0.00000000
     5.3000000        0.04341060        0.00000000
     5.4000000        0.04304637        0.00000000
     5.5000000        0.04270205        0.00000000
     5.6000000        0.04237644        0.00000000
     5.7000000        0.04206841        0.00000000
     5.8000000        0.04177693        0.00000000
     5.9000000        0.04150104        0.00000000
     6.0000000        0.04123985        0.00000000
     6.1000000        0.04099255        0.00000000
     6.2000000        0.04075835        0.00000000
     6.3000000        0.04053655        0.00000000
     6.4000000        0.04032649        0.00000000
     6.5000000        0.04012754        0.00000000
     6.6000000        0.03993913        0.00000000
     6.7000000        0.03976072        0.00000000
     6.8000000        0.03959181        0.00000000
     6.9000000        0.03943193        0.00000000
     7.0000000        0.03928063        0.00000000
     7.1000000        0.03913752        0.00000000
     7.2000000        0.03900220        0.00000000
     7.3000000        0.03887432        0.00000000
     7.4000000        0.03875355        0.00000000
     7.5000000        0.03863956        0.00000000
     7.6000000        0.03853206        0.00000000
     7.7000000        0.03843079        0.00000000
     7.8000000        0.03833549        0.00000000
     7.9000000        0.03824591        0.00000000
     8.0000000        0.03816184        0.00000000
     8.1000000        0.03808307        0.00000000
     8.2000000        0.03800939        0.00000000
     8.3000000        0.03794065        0.00000000
     8.4000000        0.03787666        0.00000000
     8.5000000        0.03781727        0.00000000
     8.6000000        0.03776234        0.00000000
     8.7000000        0.03771175        0.00000000
     8.8000000        0.03766536        0.00000000
     8.9000000        0.03762307        0.00000000
     9.0000000        0.03758479        0.00000000
     9.1000000        0.03755041        0.00000000
     9.2000000        0.03751986        0.00000000
     9.3000000        0.03749308        0.00000000
     9.4000000        0.03746998        0.00000000
     9.5000000        0.03745054        0.00000000
     9.6000000        0.03743468        0.00000000
     9.7000000        0.03742239        0.00000000
     9.8000000        0.03741363        0.00000000
     9.9000000        0.03740838        0.00000000
    10.0000000        0.03740664        0.00000000
    10.1000000        0.03740838        0.00000000
    10.2000000        0.03741363        0.00000000
    10.3000000        0.03742239        0.00000000
    10.4000000        0.03743468        0.00000000
    10.5000000        0.03745054        0.00000000
    10.6000000        0.03746998        0.00000000
    10.7000000        0.03749308        0.00000000
    10.8000000        0.03751986        0.00000000
    10.9000000        0.03755041        0.00000000
    11.0000000        0.03758479        0.00000000
    11.1000000        0.03762307        0.00000000
    11.2000000        0.03766536        0.00000000
    11.3000000        0.03771175        0.00000000
    11.4000000        0.03776234        0.00000000
    11.5000000        0.03781727        0.00000000
    11.6000000        0.03787666        0.00000000
    11.7000000        0.03794065        0.00000000
    11.8000000        0.03800939        0.00000000
    11.9000000        0.03808307        0.00000000
    12.0000000        0.03816184        0.00000000
    12.1000000        0.03824591        0.00000000
    12.2000000        0.03833549        0.00000000
    12.3000000        0.03843079        0.00000000
    12.4000000        0.03853206        0.00000000
    12.5000000        0.03863956        0.00000000
    12.6000000        0.03875355        0.00000000
    12.7000000        0.03887432        0.00000000
    12.8000000        0.03900220        0.00000000
    12.9000000        0.03913752        0.00000000
    13.0000000        0.03928063        0.00000000
    13.1000000        0.03943193        0.00000000
    13.2000000        0.03959181        0.00000000
    13.3000000        0.03976072        0.00000000
    13.4000000        0.03993913        0.00000000
    13.5000000        0.04012754        0.00000000
    13.6000000        0.04032649        0.00000000
    13.7000000        0.04053655        0.00000000
    13.8000000        0.04075835        0.00000000
    13.9000000        0.04099255        0.00000000
    14.0000000        0.04123985        0.00000000
    14.1000000        0.04150104        0.00000000
    14.2000000        0.04177693        0.00000000
    14.3000000        0.04206841        0.00000000
    14.4000000        0.04237644        0.00000000
    14.5000000        0.04270205        0.00000000
    14.6000000        0.04304637        0.00000000
    14.7000000        0.04341060        0.00000000
    14.8000000        0.04379606        0.00000000
    14.9000000        0.04420416        0.00000000
    15.0000000        0.04463646        0.00000000
    15.1000000        0.04509465        0.00000000
    15.2000000        0.04558055        0.00000000
    15.3000000        0.04609618        0.00000000
    15.4000000        0.04664374        0.00000000
    15.5000000        0.04722563        0.00000000
    15.6000000        0.04784450        0.00000000
    15.7000000        0.04850327        0.00000000
    15.8000000        0.04920515        0.00000000
    15.9000000        0.04995369        0.00000000
    16.0000000        0.05075283        0.00000000
    16.1000000        0.05160693        0.00000000
    16.2000000        0.05252087        0.00000000
    16.3000000        0.05350005        0.00000000
    16.4000000        0.05455054        0.00000000
    16.5000000        0.05567912        0.00000000
    16.6000000        0.05689341        0.00000000
    16.7000000        0.05820200        0.00000000
    16.8000000        0.05961457        0.00000000
    16.9000000        0.06114207        0.00000000
    17.0000000        0.06279690        0.00000000
    17.1000000        0.06459317        0.00000000
    17.2000000        0.06654694        0.00000000
    17.3000000        0.06867656        0.00000000
    17.4000000        0.07100302        0.00000000
    17.5000000        0.07355037        0.00000000
    17.6000000        0.07634628        0.00000000
    17.7000000        0.07942261        0.00000000
    17.8000000        0.08281614        0.00000000
    17.9000000        0.08656941        0.00000000
    18.0000000        0.09073172        0.00000000
    18.1000000        0.09536032        0.00000000
    18.2000000        0.10052183        0.00000000
    18.3000000        0.10629388        0.00000000
    18.4000000        0.11276714        0.00000000
    18.5000000        0.12004762        0.00000000
    18.6000000        0.12825955        0.00000000
    18.7000000        0.13754869        0.00000000
    18.8000000        0.14808632        0.00000000
    18.9000000        0.16007403        0.00000000
    19.0000000        0.17374936        0.00000000
    19.1000000        0.18939266        0.00000000
    19.2000000        0.20733516        0.00000000
    19.3000000        0.22796870        0.00000000
    19.4000000        0.25175737        0.00000000
    19.5000000        0.27925142        0.00000000
    19.6000000        0.31110395        0.00000000
    19.7000000        0.34809096        0.00000000
    19.8000000        0.39113526        0.00000000
    19.9000000        0.44133537        0.00000000
    20.0000000        0.50000000        0.00000000
