     0.0000000        0.50427315        0.01799484
     0.1000000        0.43540610        0.01789006
     0.2000000        0.37810834        0.01685088
     0.3000000        0.32986162        0.01780425
     0.4000000        0.29077041        0.01804237
     0.5000000        0.25949604        0.01869094
     0.6000000        0.23257060        0.01867083
     0.7000000        0.20689660        0.01796926
     0.8000000        0.18163836        0.01960989
     0.9000000        0.15796637        0.01987976
     1.0000000        0.13500704        0.01967838
     1.1000000        0.11382672        0.01894954
     1.2000000        0.09914346        0.01886435
     1.3000000        0.08847543        0.01779625
     1.4000000        0.07880409        0.01766256
     1.5000000        0.06906660        0.01729260
     1.6000000        0.06107112        0.01710647
     1.7000000        0.05622217        0.01615145
     1.8000000        0.04964747        0.01504883
     1.9000000        0.04195835        0.01497246
     2.0000000        0.03759349        0.01510491
     2.1000000        0.03395671        0.01368547
     2.2000000        0.03105581        0.01296437
     2.3000000        0.03200917        0.01343574
     2.4000000        0.02966231        0.01155174
     2.5000000        0.02986389        0.01167470
     2.6000000        0.02824013        0.01109968
     2.7000000        0.02630124        0.01162465
     2.8000000        0.02267734        0.01021448
     2.9000000        0.02321661        0.01021741
     3.0000000        0.02590135        0.01110419
     3.1000000        0.02763610        0.01238127
     3.2000000        0.02682695        0.01388916
     3.3000000        0.02398146        0.01445442
     3.4000000        0.02711195        0.01323773
     3.5000000        0.03009708        0.01303771
     3.6000000        0.03497424        0.01328399
     3.7000000        0.04032258        0.01339048
     3.8000000        0.04313674        0.01389039
     3.9000000        0.04375375        0.01416407
     4.0000000        0.04261330        0.01512284
     4.1000000        0.04205976        0.01486962
     4.2000000        0.04103421        0.01394379
     4.3000000        0.03729556        0.01280381
     4.4000000        0.03425603        0.01144722
     4.5000000        0.03130817        0.01105941
     4.6000000        0.02705493        0.01077449
     4.7000000        0.02216291        0.01046212
     4.8000000        0.01748351        0.01082834
     4.9000000        0.01537655        0.01217747
     5.0000000        0.01272196        0.01236165
     5.1000000        0.01323635        0.01172900
     5.2000000        0.01405925        0.01076768
     5.3000000        0.01441988        0.01048476
     5.4000000        0.01239173        0.01110309
     5.5000000        0.01436916        0.01164464
     5.6000000        0.01487433        0.01284481
     5.7000000        0.01562472        0.01410544
     5.8000000        0.01431362        0.01448551
     5.9000000        0.01120763        0.01503402
     6.0000000        0.01033593        0.01372631
     6.1000000        0.01055876        0.01332857
     6.2000000        0.00929610        0.01304933
     6.3000000        0.01290315        0.01186113
     6.4000000        0.01712341        0.01104116
     6.5000000        0.02072979        0.01156512
     6.6000000        0.02154303        0.01128118
     6.7000000        0.02110481        0.01068935
     6.8000000        0.02112558        0.01006805
     6.9000000        0.02209146        0.00955555
     7.0000000        0.02123358        0.00940222
     7.1000000        0.02054586        0.00974872
     7.2000000        0.02127856        0.01001786
     7.3000000        0.02233594        0.01018665
     7.4000000        0.02189886        0.01004826
     7.5000000        0.01968643        0.00929145
     7.6000000        0.02041253        0.00840278
     7.7000000        0.02379159        0.00830514
     7.8000000        0.03059314        0.00785861
     7.9000000        0.03681731        0.00796815
     8.0000000        0.04448177        0.00865966
     8.1000000        0.05369411        0.00772874
     8.2000000        0.06057750        0.00878271
     8.3000000        0.06927161        0.01068088
     8.4000000        0.07812546        0.01135998
     8.5000000        0.08712382        0.01115497
     8.6000000        0.09559138        0.01182735
     8.7000000        0.10307039        0.01241989
     8.8000000        0.10958499        0.01267362
     8.9000000        0.11845455        0.01351038
     9.0000000        0.13031675        0.01571882
     9.1000000        0.14687812        0.01746412
     9.2000000        0.16868660        0.01843408
     9.3000000        0.19552965        0.01910868
     9.4000000        0.22552264        0.01883400
     9.5000000        0.25908245        0.01705615
     9.6000000        0.29550132        0.01636900
     9.7000000        0.33320540        0.01760234
     9.8000000        0.37880533        0.01778065
     9.9000000        0.43427312        0.01680251
    10.0000000        0.50427315        0.01799484
