     0.0000000        0.41198883        0.01799295
     0.1000000        0.35702911        0.01745201
     0.2000000        0.30921692        0.01610371
     0.3000000        0.27056262        0.01560778
     0.4000000        0.23703504        0.01539310
     0.5000000        0.21090065        0.01499706
     0.6000000        0.19247855        0.01444103
     0.7000000        0.17434461        0.01534574
     0.8000000        0.15796847        0.01601967
     0.9000000        0.14599227        0.01639341
     1.0000000        0.13612679        0.01459145
     1.1000000        0.12559074        0.01277959
     1.2000000        0.11599965        0.01153210
     1.3000000        0.10784639        0.00929899
     1.4000000        0.09745488        0.00823477
     1.5000000        0.08521395        0.00880658
     1.6000000        0.07182249        0.01028250
     1.7000000        0.06143707        0.01218423
     1.8000000        0.05256486        0.01367756
     1.9000000        0.04376807        0.01371516
     2.0000000        0.03706554        0.01409033
     2.1000000        0.03299644        0.01375717
     2.2000000        0.02710538        0.01285645
     2.3000000        0.02279213        0.01309159
     2.4000000        0.01706990        0.01248443
     2.5000000        0.01258753        0.01226373
     2.6000000        0.00766539        0.01132901
     2.7000000        0.00350004        0.01075055
     2.8000000        0.00116212        0.01076259
     2.9000000        0.00207023        0.01100173
     3.0000000        0.00313956        0.01038966
     3.1000000        0.00220722        0.01068392
     3.2000000        0.00112506        0.01276919
     3.3000000        0.00127375        0.01423086
     3.4000000        0.00330220        0.01491066
     3.5000000        0.00387166        0.01413164
     3.6000000        0.00420294        0.01363224
     3.7000000        0.00358312        0.01332877
     3.8000000        0.00582041        0.01453331
     3.9000000        0.00383200        0.01562906
     4.0000000        0.00214498        0.01613262
     4.1000000        0.00365918        0.01622630
     4.2000000        0.00029003        0.01629448
     4.3000000       -0.00162168        0.01580316
     4.4000000       -0.00261335        0.01665559
     4.5000000       -0.00215796        0.01649958
     4.6000000       -0.00056344        0.01655805
     4.7000000        0.00416117        0.01566277
     4.8000000        0.00666954        0.01739283
     4.9000000        0.00906113        0.01852636
     5.0000000        0.01169395        0.01779538
     5.1000000        0.01161399        0.01654746
     5.2000000        0.01253244        0.01626061
     5.3000000        0.01253629        0.01701467
     5.4000000        0.01341465        0.01637678
     5.5000000        0.01419020        0.01431575
     5.6000000        0.01085921        0.01303419
     5.7000000        0.01113688        0.01199122
     5.8000000        0.00915599        0.01235753
     5.9000000        0.00851684        0.01405884
     6.0000000        0.00748142        0.01630549
     6.1000000        0.00687282        0.01830087
     6.2000000        0.00614223        0.01707418
     6.3000000        0.00629503        0.01579225
     6.4000000        0.00878067        0.01418825
     6.5000000        0.00958034        0.01248237
     6.6000000        0.00930138        0.01060111
     6.7000000        0.00850984        0.00920530
     6.8000000        0.00737803        0.00825958
     6.9000000        0.00527991        0.00833810
     7.0000000        0.00576352        0.00864398
     7.1000000        0.00672808        0.00914085
     7.2000000        0.00750655        0.00951439
     7.3000000        0.00995203        0.00937557
     7.4000000        0.01227965        0.00988458
     7.5000000        0.01488700        0.01074284
     7.6000000        0.01600771        0.01094520
     7.7000000        0.01500940        0.01090878
     7.8000000        0.01401689        0.01051573
     7.9000000        0.01697375        0.01132520
     8.0000000        0.01859032        0.01283125
     8.1000000        0.02373018        0.01369738
     8.2000000        0.02889988        0.01513928
     8.3000000        0.03523421        0.01560191
     8.4000000        0.04246918        0.01593346
     8.5000000        0.05016054        0.01567630
     8.6000000        0.05908471        0.01547720
     8.7000000        0.06966853        0.01509901
     8.8000000        0.07868665        0.01475177
     8.9000000        0.08852659        0.01435659
     9.0000000        0.10374015        0.01271222
     9.1000000        0.11722128        0.01213558
     9.2000000        0.13411710        0.01162895
     9.3000000        0.14917928        0.00991872
     9.4000000        0.17135014        0.00904266
     9.5000000        0.19731361        0.00956918
     9.6000000        0.22686974        0.01185987
     9.7000000        0.26292601        0.01353060
     9.8000000        0.30364760        0.01521048
     9.9000000        0.35550492        0.01680745
    10.0000000        0.41198883        0.01799295
