     0.0000000        0.18214928        0.00774772
     0.1000000        0.12397880        0.01321182
     0.2000000        0.08323948        0.01264177
     0.3000000        0.06460377        0.00943353
     0.4000000        0.05172261        0.00617255
     0.5000000        0.03781526        0.00597574
     0.6000000        0.02554909        0.00499966
     0.7000000        0.01700584        0.00593291
     0.8000000        0.01553060        0.00335910
     0.9000000        0.01684083        0.00425040
     1.0000000        0.01464708        0.00615018
     1.1000000        0.01042955        0.00547575
     1.2000000        0.00657905        0.00338118
     1.3000000        0.00633390        0.00518501
     1.4000000        0.00926308        0.00269754
     1.5000000        0.00747023        0.00323209
     1.6000000        0.00907790        0.00350458
     1.7000000        0.00687792        0.00376509
     1.8000000        0.00604391        0.00350474
     1.9000000        0.00886757        0.00315752
     2.0000000        0.00661477        0.00378803
     2.1000000        0.00133669        0.00372355
     2.2000000       -0.00103121        0.00274215
     2.3000000        0.00309749        0.00422514
     2.4000000        0.00275480        0.00681494
     2.5000000       -0.00098387        0.00400019
     2.6000000       -0.00035709        0.00372230
     2.7000000        0.00000548        0.00293532
     2.8000000       -0.00180793        0.00295973
     2.9000000       -0.00073846        0.00366225
     3.0000000        0.00263372        0.00170652
     3.1000000        0.00143858        0.00164423
     3.2000000        0.00206018        0.00132413
     3.3000000        0.00266986        0.00149093
     3.4000000        0.00614063        0.00317621
     3.5000000        0.00395600        0.00226329
     3.6000000        0.00146321        0.00120496
     3.7000000        0.00120244        0.00110846
     3.8000000       -0.00016295        0.00090340
     3.9000000        0.00059166        0.00112738
     4.0000000        0.00129403        0.00156706
     4.1000000       -0.00047486        0.00105087
     4.2000000       -0.00018408        0.00092481
     4.3000000       -0.00060293        0.00075309
     4.4000000       -0.00123316        0.00126750
     4.5000000       -0.00130387        0.00132112
     4.6000000        0.00048181        0.00094847
     4.7000000       -0.00180513        0.00150794
     4.8000000       -0.00019519        0.00051526
     4.9000000        0.00279954        0.00279465
     5.0000000        0.00164957        0.00208752
     5.1000000       -0.00027707        0.00042934
     5.2000000        0.00031624        0.00098494
     5.3000000        0.00174466        0.00187137
     5.4000000        0.00194953        0.00228039
     5.5000000        0.00400236        0.00227468
     5.6000000        0.00363200        0.00244216
     5.7000000        0.00304273        0.00186268
     5.8000000        0.00182018        0.00089538
     5.9000000        0.00328208        0.00127828
     6.0000000        0.00313402        0.00125678
     6.1000000        0.00251673        0.00082166
     6.2000000        0.00228650        0.00181117
     6.3000000        0.00161472        0.00101616
     6.4000000        0.00241200        0.00094987
     6.5000000        0.00274118        0.00051559
     6.6000000        0.00228231        0.00105449
     6.7000000        0.00005257        0.00281059
     6.8000000       -0.00297666        0.00630043
     6.9000000       -0.00190000        0.00340736
     7.0000000        0.00169022        0.00343502
     7.1000000        0.00299246        0.00277568
     7.2000000        0.00550975        0.00190863
     7.3000000        0.00443316        0.00355554
     7.4000000        0.00563769        0.00290382
     7.5000000        0.01275229        0.00255842
     7.6000000        0.01121150        0.00333668
     7.7000000        0.01675067        0.00421076
     7.8000000        0.01959149        0.00353962
     7.9000000        0.02304065        0.00473641
     8.0000000        0.02684861        0.00473447
     8.1000000        0.03052298        0.00515865
     8.2000000        0.03557264        0.00530387
     8.3000000        0.04070804        0.00667227
     8.4000000        0.05047953        0.00782121
     8.5000000        0.06011559        0.00759109
     8.6000000        0.08035282        0.00490600
     8.7000000        0.09845484        0.00842549
     8.8000000        0.12290726        0.00605304
     8.9000000        0.15833339        0.00636298
     9.0000000        0.19554486        0.00955356
     9.1000000        0.23636488        0.00707241
     9.2000000        0.29589198        0.00848400
     9.3000000        0.36681373        0.01060246
     9.4000000        0.45533456        0.01079836
     9.5000000        0.56498540        0.00990666
     9.6000000        0.71388209        0.01227285
     9.7000000        0.89509237        0.01061948
     9.8000000        1.12792943        0.01167840
     9.9000000        1.42834337        0.00889104
    10.0000000        1.81785072        0.00774772
