         101           4   20.000000000000000                1
     0.0000000        0.20968984        0.00203496
     0.1000000        0.15736203        0.00109519
     0.2000000        0.11589266        0.00182397
     0.3000000        0.08698612        0.00158540
     0.4000000        0.06545785        0.00168046
     0.5000000        0.04939099        0.00124465
     0.6000000        0.03662789        0.00088402
     0.7000000        0.02710612        0.00116522
     0.8000000        0.02116192        0.00062657
     0.9000000        0.01626934        0.00090961
     1.0000000        0.01209398        0.00158015
     1.1000000        0.00894819        0.00069520
     1.2000000        0.00641122        0.00076214
     1.3000000        0.00505502        0.00075631
     1.4000000        0.00370759        0.00086530
     1.5000000        0.00301441        0.00093108
     1.6000000        0.00308697        0.00125507
     1.7000000        0.00267843        0.00141330
     1.8000000        0.00146144        0.00092731
     1.9000000       -0.00022798        0.00121162
     2.0000000        0.00052565        0.00065459
     2.1000000        0.00141149        0.00066831
     2.2000000        0.00160775        0.00097193
     2.3000000        0.00100680        0.00055322
     2.4000000        0.00075498        0.00068672
     2.5000000        0.00023217        0.00021395
     2.6000000        0.00028070        0.00055559
     2.7000000        0.00029706        0.00032990
     2.8000000        0.00009406        0.00030178
     2.9000000        0.00026683        0.00026589
     3.0000000       -0.00001917        0.00050159
     3.1000000       -0.00048623        0.00029718
     3.2000000       -0.00025050        0.00026212
     3.3000000       -0.00013325        0.00069919
     3.4000000       -0.00084546        0.00070303
     3.5000000       -0.00050808        0.00048751
     3.6000000       -0.00043088        0.00037873
     3.7000000        0.00005883        0.00031757
     3.8000000        0.00016177        0.00021735
     3.9000000       -0.00049490        0.00021661
     4.0000000       -0.00048227        0.00022925
     4.1000000       -0.00091793        0.00044484
     4.2000000       -0.00034834        0.00010592
     4.3000000       -0.00052623        0.00067885
     4.4000000       -0.00069105        0.00042158
     4.5000000       -0.00088024        0.00047614
     4.6000000       -0.00046888        0.00037189
     4.7000000       -0.00094312        0.00109995
     4.8000000       -0.00002602        0.00067449
     4.9000000       -0.00009390        0.00069007
     5.0000000       -0.00007988        0.00056539
     5.1000000       -0.00045967        0.00078927
     5.2000000       -0.00114503        0.00072450
     5.3000000       -0.00498861        0.00439225
     5.4000000       -0.00166297        0.00142693
     5.5000000       -0.00063479        0.00067114
     5.6000000       -0.00110324        0.00065209
     5.7000000        0.00031074        0.00035717
     5.8000000        0.00171357        0.00180682
     5.9000000        0.00066134        0.00180444
     6.0000000        0.00039947        0.00083439
     6.1000000        0.00098819        0.00156264
     6.2000000        0.00069571        0.00120283
     6.3000000        0.00046691        0.00081359
     6.4000000       -0.00075307        0.00113579
     6.5000000       -0.00012799        0.00079979
     6.6000000       -0.00023058        0.00078697
     6.7000000       -0.00042966        0.00108698
     6.8000000        0.00010323        0.00036154
     6.9000000       -0.00161119        0.00152910
     7.0000000       -0.00151455        0.00112142
     7.1000000        0.00042905        0.00089862
     7.2000000        0.00032012        0.00027319
     7.3000000        0.00058843        0.00057140
     7.4000000        0.00000038        0.00045476
     7.5000000        0.00021163        0.00023156
     7.6000000        0.00057322        0.00042038
     7.7000000        0.00127379        0.00137645
     7.8000000       -0.00063513        0.00076806
     7.9000000       -0.00059247        0.00072414
     8.0000000       -0.00053243        0.00037521
     8.1000000       -0.00055301        0.00036706
     8.2000000       -0.00088356        0.00069487
     8.3000000       -0.00019720        0.00036199
     8.4000000       -0.00048639        0.00073872
     8.5000000       -0.00035296        0.00023841
     8.6000000        0.00036913        0.00098256
     8.7000000        0.00033424        0.00063723
     8.8000000        0.00013983        0.00080889
     8.9000000       -0.00019966        0.00059635
     9.0000000        0.00018442        0.00062394
     9.1000000        0.00031712        0.00064394
     9.2000000        0.00035441        0.00025625
     9.3000000        0.00009092        0.00020825
     9.4000000       -0.00017407        0.00021489
     9.5000000       -0.00128255        0.00121639
     9.6000000        0.00005896        0.00010686
     9.7000000        0.00012261        0.00095126
     9.8000000       -0.00041285        0.00072004
     9.9000000       -0.00105812        0.00151382
    10.0000000       -0.00081673        0.00135008
