     0.0000000        1.78896032        0.00582538
     0.1000000        1.46452163        0.00672866
     0.2000000        1.21448108        0.00953602
     0.3000000        1.01172551        0.01084446
     0.4000000        0.84687317        0.01106493
     0.5000000        0.70112919        0.00952329
     0.6000000        0.60563060        0.00887412
     0.7000000        0.50770418        0.01189989
     0.8000000        0.43572423        0.01001654
     0.9000000        0.37000362        0.00971769
     1.0000000        0.30414495        0.01103184
     1.1000000        0.25600362        0.00729726
     1.2000000        0.21706642        0.00838091
     1.3000000        0.18215502        0.00758238
     1.4000000        0.15831237        0.00586209
     1.5000000        0.13768095        0.00504462
     1.6000000        0.11339948        0.00508718
     1.7000000        0.09286244        0.00675048
     1.8000000        0.07857975        0.00475579
     1.9000000        0.06938524        0.00371156
     2.0000000        0.05596046        0.00592983
     2.1000000        0.04483615        0.00676162
     2.2000000        0.03469638        0.00993359
     2.3000000        0.02703858        0.00783541
     2.4000000        0.02254201        0.00894979
     2.5000000        0.02319850        0.00820066
     2.6000000        0.02201365        0.00812551
     2.7000000        0.02416090        0.00579384
     2.8000000        0.02285481        0.00506705
     2.9000000        0.01702359        0.00455442
     3.0000000        0.01502059        0.00291287
     3.1000000        0.01462092        0.00269677
     3.2000000        0.01245944        0.00310885
     3.3000000        0.01175392        0.00351313
     3.4000000        0.01016123        0.00300501
     3.5000000        0.00723723        0.00345192
     3.6000000        0.00863562        0.00361304
     3.7000000        0.00888548        0.00407826
     3.8000000        0.00801036        0.00358497
     3.9000000        0.00767252        0.00426077
     4.0000000        0.00843067        0.00638000
     4.1000000        0.00614440        0.00593347
     4.2000000        0.00751889        0.00586943
     4.3000000        0.00637911        0.00910574
     4.4000000        0.01107534        0.01153198
     4.5000000        0.00793108        0.01010788
     4.6000000        0.00314419        0.00754232
     4.7000000        0.00157682        0.00625932
     4.8000000        0.00153217        0.00402092
     4.9000000        0.00121614        0.00346168
     5.0000000       -0.00026235        0.00436310
     5.1000000       -0.00433986        0.00658405
     5.2000000       -0.00531001        0.00576574
     5.3000000       -0.00537727        0.00405629
     5.4000000       -0.00670947        0.00307910
     5.5000000       -0.00676191        0.00276492
     5.6000000       -0.00464482        0.00255829
     5.7000000       -0.00432662        0.00207539
     5.8000000       -0.00510486        0.00438855
     5.9000000       -0.00291744        0.00381426
     6.0000000        0.00080715        0.00298600
     6.1000000        0.00386190        0.00302388
     6.2000000        0.00517916        0.00369800
     6.3000000        0.00095412        0.00558646
     6.4000000       -0.00067800        0.00566594
     6.5000000        0.00238920        0.00522409
     6.6000000        0.00203778        0.00899139
     6.7000000        0.00815804        0.00449431
     6.8000000        0.00405257        0.00601069
     6.9000000        0.00843108        0.00246878
     7.0000000        0.00552125        0.00404944
     7.1000000        0.00852919        0.00456353
     7.2000000        0.00921668        0.00576798
     7.3000000        0.00432406        0.00498072
     7.4000000        0.00392739        0.00507097
     7.5000000        0.00274009        0.00675998
     7.6000000        0.00393377        0.00571045
     7.7000000        0.01170815        0.00894118
     7.8000000        0.01459497        0.00782555
     7.9000000        0.01444498        0.00501511
     8.0000000        0.00850444        0.00659456
     8.1000000        0.00360069        0.00658120
     8.2000000        0.00466683        0.00679673
     8.3000000        0.00127812        0.00983472
     8.4000000        0.00637244        0.00962622
     8.5000000        0.00755177        0.00788810
     8.6000000        0.01006101        0.00821270
     8.7000000        0.00650314        0.00490533
     8.8000000        0.01001400        0.00536647
     8.9000000        0.00939838        0.00594675
     9.0000000        0.01172606        0.00678580
     9.1000000        0.01836889        0.00856645
     9.2000000        0.01815342        0.00557439
     9.3000000        0.02774378        0.00594864
     9.4000000        0.03841169        0.00532655
     9.5000000        0.04727118        0.00559482
     9.6000000        0.07273845        0.00733942
     9.7000000        0.09293717        0.00766614
     9.8000000        0.11822392        0.00685109
     9.9000000        0.15373756        0.00534649
    10.0000000        0.21103968        0.00582538
