     0.0000000        0.31078226        0.01889415
     0.1000000        0.28185988        0.01915113
     0.2000000        0.25776008        0.01940794
     0.3000000        0.23465076        0.02030794
     0.4000000        0.21432543        0.02061698
     0.5000000        0.19616274        0.02045643
     0.6000000        0.17933654        0.02035500
     0.7000000        0.16466582        0.02033289
     0.8000000        0.15258586        0.01976218
     0.9000000        0.14107348        0.01886359
     1.0000000        0.12944711        0.01772768
     1.1000000        0.11761093        0.01691680
     1.2000000        0.10657605        0.01625467
     1.3000000        0.09719114        0.01547910
     1.4000000        0.08818997        0.01483625
     1.5000000        0.08042302        0.01460792
     1.6000000        0.07272046        0.01432026
     1.7000000        0.06688243        0.01405916
     1.8000000        0.06099433        0.01442332
     1.9000000        0.05504547        0.01452337
     2.0000000        0.04927997        0.01455672
     2.1000000        0.04427585        0.01375328
     2.2000000        0.04016221        0.01295738
     2.3000000        0.03731449        0.01232772
     2.4000000        0.03378753        0.01183502
     2.5000000        0.03071450        0.01146101
     2.6000000        0.02827404        0.01095804
     2.7000000        0.02696495        0.01016358
     2.8000000        0.02616268        0.00949964
     2.9000000        0.02548419        0.00905848
     3.0000000        0.02394754        0.00873554
     3.1000000        0.02271878        0.00804989
     3.2000000        0.02170770        0.00726744
     3.3000000        0.01963456        0.00721700
     3.4000000        0.01793918        0.00759719
     3.5000000        0.01462791        0.00756001
     3.6000000        0.01166981        0.00713097
     3.7000000        0.00922492        0.00660444
     3.8000000        0.00723036        0.00711075
     3.9000000        0.00666415        0.00736002
     4.0000000        0.00737235        0.00798154
     4.1000000        0.00930317        0.00849811
     4.2000000        0.00998405        0.00885424
     4.3000000        0.01091418        0.00933267
     4.4000000        0.01065610        0.00991375
     4.5000000        0.00960235        0.01021822
     4.6000000        0.00825990        0.01056524
     4.7000000        0.00639027        0.01065952
     4.8000000        0.00407703        0.01066828
     4.9000000        0.00286150        0.01003205
     5.0000000        0.00124922        0.00945161
     5.1000000        0.00058466        0.00866521
     5.2000000        0.00013600        0.00795374
     5.3000000        0.00085442        0.00721709
     5.4000000        0.00076353        0.00705265
     5.5000000        0.00043525        0.00715529
     5.6000000        0.00085703        0.00713672
     5.7000000        0.00202730        0.00787661
     5.8000000        0.00404159        0.00844987
     5.9000000        0.00610781        0.00870801
     6.0000000        0.00858771        0.00879811
     6.1000000        0.01081158        0.00920528
     6.2000000        0.01172503        0.00961452
     6.3000000        0.01245818        0.01067870
     6.4000000        0.01313472        0.01087997
     6.5000000        0.01424262        0.01125381
     6.6000000        0.01646674        0.01148822
     6.7000000        0.01851909        0.01201868
     6.8000000        0.02015308        0.01195247
     6.9000000        0.02257590        0.01196649
     7.0000000        0.02471929        0.01200915
     7.1000000        0.02643222        0.01210668
     7.2000000        0.02817643        0.01149745
     7.3000000        0.03017943        0.01108990
     7.4000000        0.03202485        0.01056177
     7.5000000        0.03303595        0.01009846
     7.6000000        0.03513847        0.01036622
     7.7000000        0.03678627        0.01059254
     7.8000000        0.03879536        0.01085099
     7.9000000        0.04113133        0.01138700
     8.0000000        0.04381648        0.01194805
     8.1000000        0.04776355        0.01233819
     8.2000000        0.05142435        0.01252912
     8.3000000        0.05621295        0.01232887
     8.4000000        0.06104510        0.01227895
     8.5000000        0.06681255        0.01171729
     8.6000000        0.07408212        0.01122874
     8.7000000        0.08137465        0.01085852
     8.8000000        0.08926966        0.01127708
     8.9000000        0.09917803        0.01197893
     9.0000000        0.11039900        0.01288290
     9.1000000        0.12042019        0.01371037
     9.2000000        0.13279996        0.01432761
     9.3000000        0.14710197        0.01445490
     9.4000000        0.16360678        0.01463896
     9.5000000        0.18231790        0.01530503
     9.6000000        0.20396820        0.01621951
     9.7000000        0.22688499        0.01703255
     9.8000000        0.25042224        0.01739024
     9.9000000        0.27868090        0.01809081
    10.0000000        0.31078226        0.01889415
