     0.0000000        0.36434724        0.00254566
     0.1000000        0.20214857        0.00170770
     0.2000000        0.11486770        0.00138801
     0.3000000        0.06637631        0.00119138
     0.4000000        0.03925719        0.00109379
     0.5000000        0.02365974        0.00101588
     0.6000000        0.01479627        0.00098290
     0.7000000        0.00974856        0.00063555
     0.8000000        0.00659363        0.00048315
     0.9000000        0.00448318        0.00045569
     1.0000000        0.00292512        0.00056469
     1.1000000        0.00198780        0.00061953
     1.2000000        0.00126145        0.00060384
     1.3000000        0.00037998        0.00089190
     1.4000000        0.00020484        0.00071099
     1.5000000       -0.00004370        0.00062480
     1.6000000       -0.00020436        0.00058333
     1.7000000       -0.00036622        0.00057276
     1.8000000       -0.00031901        0.00049223
     1.9000000       -0.00032970        0.00044997
     2.0000000       -0.00030876        0.00036652
     2.1000000       -0.00018321        0.00025461
     2.2000000       -0.00015559        0.00018832
     2.3000000       -0.00013672        0.00014813
     2.4000000       -0.00011607        0.00010077
     2.5000000       -0.00005456        0.00006181
     2.6000000        0.00001920        0.00007188
     2.7000000        0.00004892        0.00007265
     2.8000000        0.00003345        0.00007018
     2.9000000        0.00003640        0.00005957
     3.0000000        0.00002718        0.00004996
     3.1000000        0.00001761        0.00004513
     3.2000000        0.00000108        0.00004270
     3.3000000        0.00000860        0.00004122
     3.4000000        0.00000741        0.00003717
     3.5000000        0.00000355        0.00003554
     3.6000000        0.00000209        0.00002705
     3.7000000        0.00000426        0.00002472
     3.8000000       -0.00000695        0.00002782
     3.9000000       -0.00008613        0.00012500
     4.0000000       -0.00006784        0.00011081
     4.1000000       -0.00012967        0.00016645
     4.2000000       -0.00013651        0.00017295
     4.3000000       -0.00013881        0.00016816
     4.4000000       -0.00013550        0.00015986
     4.5000000       -0.00009351        0.00010954
     4.6000000       -0.00007159        0.00007223
     4.7000000       -0.00008932        0.00007887
     4.8000000       -0.00011789        0.00010201
     4.9000000       -0.00009890        0.00008601
     5.0000000       -0.00005804        0.00005905
     5.1000000       -0.00002692        0.00004580
     5.2000000        0.00001164        0.00003793
     5.3000000        0.00003016        0.00004882
     5.4000000        0.00000943        0.00004253
     5.5000000       -0.00000863        0.00003629
     5.6000000       -0.00002878        0.00002373
     5.7000000       -0.00004802        0.00004005
     5.8000000       -0.00003655        0.00002836
     5.9000000        0.00000614        0.00003194
     6.0000000        0.00002771        0.00006328
     6.1000000        0.00002564        0.00006839
     6.2000000        0.00003104        0.00006648
     6.3000000        0.00000118        0.00003628
     6.4000000        0.00000883        0.00005022
     6.5000000        0.00000049        0.00007045
     6.6000000        0.00000293        0.00006106
     6.7000000        0.00000502        0.00005184
     6.8000000        0.00003707        0.00004321
     6.9000000        0.00008556        0.00006400
     7.0000000        0.00009658        0.00008223
     7.1000000        0.00009676        0.00010286
     7.2000000        0.00015325        0.00013387
     7.3000000        0.00007765        0.00011335
     7.4000000        0.00009270        0.00012422
     7.5000000        0.00014093        0.00014184
     7.6000000        0.00008711        0.00009669
     7.7000000       -0.00000572        0.00012726
     7.8000000       -0.00008668        0.00019943
     7.9000000       -0.00013968        0.00024986
     8.0000000       -0.00009856        0.00027339
     8.1000000       -0.00009924        0.00030230
     8.2000000       -0.00012004        0.00036543
     8.3000000       -0.00005837        0.00030268
     8.4000000        0.00024528        0.00013605
     8.5000000        0.00053936        0.00008392
     8.6000000        0.00071592        0.00010977
     8.7000000        0.00101619        0.00012011
     8.8000000        0.00149196        0.00014031
     8.9000000        0.00217184        0.00012924
     9.0000000        0.00316689        0.00015128
     9.1000000        0.00444411        0.00024972
     9.2000000        0.00656594        0.00034226
     9.3000000        0.00998596        0.00044545
     9.4000000        0.01525958        0.00048715
     9.5000000        0.02421283        0.00043792
     9.6000000        0.03977189        0.00052431
     9.7000000        0.06678412        0.00069759
     9.8000000        0.11475714        0.00120695
     9.9000000        0.20219060        0.00150645
    10.0000000        0.36434724        0.00254566
