         201           5   20.000000000000000                1
     0.0000000        0.96224000        0.00713890
     0.1000000        0.65998022        0.01107249
     0.2000000        0.45686624        0.01022701
     0.3000000        0.31949176        0.01222235
     0.4000000        0.22262822        0.00625656
     0.5000000        0.14906960        0.00789184
     0.6000000        0.09308050        0.00938039
     0.7000000        0.07074736        0.00631355
     0.8000000        0.05462306        0.00445367
     0.9000000        0.03682914        0.00587365
     1.0000000        0.02867097        0.00510147
     1.1000000        0.02271446        0.00411512
     1.2000000        0.01129299        0.00593570
     1.3000000        0.01092039        0.00837474
     1.4000000       -0.00138073        0.00428149
     1.5000000       -0.00001524        0.00547111
     1.6000000       -0.00464786        0.00803433
     1.7000000       -0.00664954        0.01009882
     1.8000000       -0.00427776        0.00476650
     1.9000000       -0.00582739        0.00970120
     2.0000000       -0.00171539        0.01218853
     2.1000000       -0.00611081        0.01612625
     2.2000000        0.00522106        0.01046581
     2.3000000       -0.00177988        0.00790264
     2.4000000        0.00147620        0.01413657
     2.5000000        0.00585173        0.00797615
     2.6000000        0.00082626        0.00884937
     2.7000000       -0.00055329        0.00721364
     2.8000000       -0.00236849        0.00274956
     2.9000000       -0.00256019        0.00219510
     3.0000000        0.00070495        0.00255770
     3.1000000       -0.00345575        0.00228301
     3.2000000        0.00405282        0.00271943
     3.3000000        0.00151458        0.00330673
     3.4000000        0.00032903        0.00546332
     3.5000000       -0.00379889        0.00410590
     3.6000000       -0.00120651        0.00340846
     3.7000000       -0.00311997        0.00447891
     3.8000000        0.00242040        0.00395859
     3.9000000        0.00041923        0.00627180
     4.0000000       -0.00078914        0.00561277
     4.1000000       -0.00578448        0.00132524
     4.2000000        0.00106733        0.00441335
     4.3000000        0.00082796        0.00581896
     4.4000000        0.00498327        0.00255201
     4.5000000        0.00557863        0.00503497
     4.6000000        0.00194909        0.00350081
     4.7000000        0.00151026        0.00188256
     4.8000000       -0.00343312        0.00394240
     4.9000000       -0.00667398        0.00402165
     5.0000000       -0.00307995        0.00611540
     5.1000000        0.00046286        0.00286624
     5.2000000       -0.00285186        0.00363773
     5.3000000        0.00306255        0.00393174
     5.4000000       -0.00172224        0.00562065
     5.5000000       -0.00503196        0.00741991
     5.6000000        0.00140766        0.00974213
     5.7000000       -0.01246861        0.02149122
     5.8000000       -0.02519877        0.03672987
     5.9000000       -0.00919018        0.01808139
     6.0000000       -0.00195687        0.01047464
     6.1000000       -0.00282690        0.01104631
     6.2000000       -0.00585890        0.01204455
     6.3000000       -0.00596496        0.00961838
     6.4000000        0.00066918        0.00374320
     6.5000000        0.00065509        0.00347519
     6.6000000       -0.00167320        0.00882340
     6.7000000       -0.00185345        0.00542633
     6.8000000        0.00331977        0.00292713
     6.9000000        0.00146087        0.00206583
     7.0000000        0.00227471        0.00494264
     7.1000000        0.00274207        0.00534681
     7.2000000        0.00063321        0.00335981
     7.3000000        0.00115617        0.00424768
     7.4000000       -0.00101963        0.00541845
     7.5000000       -0.00046803        0.00488809
     7.6000000       -0.00018810        0.00402291
     7.7000000       -0.00120315        0.00260339
     7.8000000        0.00128070        0.00553070
     7.9000000        0.00135362        0.00308661
     8.0000000        0.00421022        0.00252509
     8.1000000       -0.00377897        0.00451749
     8.2000000       -0.00311265        0.00495171
     8.3000000       -0.00602411        0.00697233
     8.4000000       -0.00533619        0.00561486
     8.5000000       -0.00743318        0.00546971
     8.6000000       -0.00350115        0.00438596
     8.7000000       -0.00317411        0.00223226
     8.8000000        0.00238575        0.00396738
     8.9000000        0.00012685        0.00392317
     9.0000000       -0.00044634        0.00313767
     9.1000000        0.00215752        0.00316454
     9.2000000        0.00188851        0.00274685
     9.3000000        0.00455832        0.00218855
     9.4000000        0.00428246        0.00220888
     9.5000000       -0.00266586        0.00472360
     9.6000000        0.00048768        0.00567222
     9.7000000       -0.00198519        0.00247676
     9.8000000       -0.00447406        0.00320061
     9.9000000       -0.00007810        0.00193505
    10.0000000        0.00239351        0.00257978
    10.1000000        0.00203132        0.00283824
    10.2000000        0.00016473        0.00517779
    10.3000000        0.00238094        0.00612041
    10.4000000        0.00119869        0.00536506
    10.5000000        0.00224242        0.00512573
    10.6000000       -0.00015120        0.00256133
    10.7000000       -0.00057357        0.00392586
    10.8000000       -0.00009456        0.00297030
    10.9000000        0.00206233        0.00242744
    11.0000000        0.00276367        0.00246421
    11.1000000        0.00472528        0.00263495
    11.2000000        0.00519450        0.00342824
    11.3000000        0.00425298        0.00207882
    11.4000000        0.00299193        0.00069731
    11.5000000        0.00273920        0.00260718
    11.6000000        0.00196903        0.00353642
    11.7000000        0.00045288        0.00326284
    11.8000000       -0.00109101        0.00300414
    11.9000000       -0.00089538        0.00106715
    12.0000000        0.00043921        0.00161310
    12.1000000       -0.00061747        0.00669321
    12.2000000        0.00433500        0.00485587
    12.3000000        0.00032455        0.00682136
    12.4000000        0.00111218        0.00609648
    12.5000000        0.00229560        0.00470757
    12.6000000        0.00072034        0.00319109
    12.7000000       -0.00133276        0.00411915
    12.8000000        0.00019225        0.00423747
    12.9000000        0.00154079        0.00423914
    13.0000000        0.00024723        0.00229272
    13.1000000        0.00223835        0.00178395
    13.2000000        0.00348200        0.00356907
    13.3000000       -0.00071941        0.00393393
    13.4000000       -0.00234262        0.00328009
    13.5000000       -0.00240745        0.00335753
    13.6000000       -0.00037022        0.00443510
    13.7000000       -0.00283527        0.00386492
    13.8000000       -0.00942905        0.00354379
    13.9000000       -0.01220854        0.00402562
    14.0000000       -0.01219863        0.00460592
    14.1000000       -0.00751987        0.00263655
    14.2000000       -0.00686611        0.00326021
    14.3000000       -0.00387750        0.00240942
    14.4000000       -0.00350567        0.00154603
    14.5000000       -0.00095064        0.00460669
    14.6000000       -0.00419821        0.00503717
    14.7000000       -0.00263218        0.00495292
    14.8000000       -0.00145307        0.00569630
    14.9000000       -0.00086777        0.00266791
    15.0000000        0.00069924        0.00273729
    15.1000000       -0.00098445        0.00260632
    15.2000000       -0.00051095        0.00369443
    15.3000000       -0.00030328        0.00781949
    15.4000000       -0.00082455        0.00243246
    15.5000000       -0.00051469        0.00225748
    15.6000000        0.00046540        0.00255842
    15.7000000       -0.00090099        0.00097314
    15.8000000       -0.00000754        0.00301269
    15.9000000       -0.00430372        0.00187146
    16.0000000        0.00213007        0.00342642
    16.1000000        0.00157701        0.00414369
    16.2000000       -0.00082913        0.00494906
    16.3000000       -0.00069552        0.00467115
    16.4000000        0.00238776        0.00262160
    16.5000000        0.00492915        0.00137238
    16.6000000        0.00188285        0.00542982
    16.7000000       -0.00157134        0.00242132
    16.8000000        0.00081818        0.00322473
    16.9000000       -0.00130283        0.00514909
    17.0000000        0.00304636        0.00454249
    17.1000000        0.00147614        0.00381676
    17.2000000       -0.00780669        0.00485054
    17.3000000       -0.00113221        0.00933149
    17.4000000       -0.00898318        0.01473222
    17.5000000       -0.00111610        0.00813416
    17.6000000        0.00241762        0.00771990
    17.7000000        0.00511357        0.00560485
    17.8000000       -0.00244075        0.00755001
    17.9000000       -0.00279616        0.00505086
    18.0000000       -0.00298824        0.00461446
    18.1000000       -0.00455305        0.00616464
    18.2000000       -0.00272454        0.00374131
    18.3000000        0.00283285        0.00289435
    18.4000000        0.01181392        0.00529860
    18.5000000        0.00975184        0.00641551
    18.6000000        0.01247206        0.00398941
    18.7000000        0.01187534        0.00294318
    18.8000000        0.00364871        0.00434187
    18.9000000       -0.00044890        0.00613813
    19.0000000       -0.00347126        0.00383648
    19.1000000        0.00428130        0.00254610
    19.2000000        0.00827488        0.00508590
    19.3000000        0.00707945        0.00557000
    19.4000000        0.00752560        0.01089961
    19.5000000        0.01555591        0.00860541
    19.6000000        0.01028127        0.00854006
    19.7000000        0.01447054        0.00575354
    19.8000000        0.01747479        0.00377388
    19.9000000        0.02052466        0.00340430
    20.0000000        0.03776000        0.00713890
