     0.0000000        8.77671852        5.52104225
     0.1000000        5.11017069        1.98000768
     0.2000000        7.42134109        4.63000842
     0.3000000        7.82302582        5.01691301
     0.4000000        5.85507530        2.66861312
     0.5000000        7.18295180        4.64467184
     0.6000000        6.40716464        3.55821447
     0.7000000        6.99765348        3.82399464
     0.8000000        4.91211536        2.13623489
     0.9000000        3.49871512        1.01649303
     1.0000000        3.28376046        0.93656843
     1.1000000        3.16466248        0.67801167
     1.2000000        3.32567404        1.35317844
     1.3000000        2.53285517        0.56781589
     1.4000000        2.83888297        1.26403525
     1.5000000        2.25312549        0.69586665
     1.6000000        1.84851984        0.40679572
     1.7000000        2.15736212        0.49541169
     1.8000000        1.81458240        0.40433891
     1.9000000        1.80255024        0.36594888
     2.0000000        1.57765449        0.27400308
     2.1000000        1.43014207        0.24451440
     2.2000000        1.75177022        0.60189983
     2.3000000        1.26099557        0.28744354
     2.4000000        1.57661136        0.49853664
     2.5000000        1.15005401        0.21005942
     2.6000000        1.12650893        0.19075677
     2.7000000        0.86740582        0.09471933
     2.8000000        0.91110496        0.14657965
     2.9000000        0.76687200        0.08534509
     3.0000000        0.80003237        0.12384312
     3.1000000        0.69673882        0.10513788
     3.2000000        0.68319253        0.15457190
     3.3000000        0.62507771        0.15658265
     3.4000000        0.80863691        0.23179663
     3.5000000        0.62128048        0.16481580
     3.6000000        0.55804348        0.12355610
     3.7000000        0.58069610        0.11924112
     3.8000000        0.60120222        0.14155381
     3.9000000        0.66533442        0.15136447
     4.0000000        0.73771435        0.23499938
     4.1000000        0.64699868        0.16518460
     4.2000000        1.37066524        0.84154319
     4.3000000        3.88762755        3.17447750
     4.4000000        8.16393226        8.07446956
     4.5000000        8.75324029        8.56527095
     4.6000000        4.23914667        3.81254144
     4.7000000        2.03666769        1.46957011
     4.8000000        2.78423865        2.45004447
     4.9000000        1.33079804        0.94194215
     5.0000000        0.90243063        0.48741515
     5.1000000        1.03860368        0.43811638
     5.2000000        0.98103955        0.48039360
     5.3000000        1.19027801        0.71173624
     5.4000000        1.15312307        0.44998877
     5.5000000        0.87803323        0.26683761
     5.6000000        0.63438215        0.15660810
     5.7000000        0.84997039        0.27650921
     5.8000000        0.96320551        0.30563829
     5.9000000        0.78657925        0.20448047
     6.0000000        0.81671342        0.20396550
     6.1000000        0.72605660        0.12573647
     6.2000000        0.89453791        0.20732255
     6.3000000        0.98204334        0.21146955
     6.4000000        1.19537329        0.30573559
     6.5000000        1.37281420        0.53223773
     6.6000000        2.09024698        1.20298476
     6.7000000        1.77458439        0.69897574
     6.8000000        1.98164118        1.07913384
     6.9000000        1.95367271        0.92640611
     7.0000000        2.85466222        1.41831018
     7.1000000        3.91623559        2.21078695
     7.2000000        3.24975378        1.50707763
     7.3000000        2.71778599        1.17898503
     7.4000000        3.84441363        2.06584435
     7.5000000        2.59578179        1.06144002
     7.6000000        3.09061416        1.71204596
     7.7000000        5.12991174        3.63947290
     7.8000000        3.47926524        1.89759434
     7.9000000        2.64341752        1.01833192
     8.0000000        2.28378664        0.61612915
     8.1000000        2.88704983        1.13241347
     8.2000000        2.31069608        0.75702527
     8.3000000        2.49999564        0.78468594
     8.4000000        2.41626194        0.65186845
     8.5000000        2.84627837        0.55704473
     8.6000000        2.36716227        0.33917676
     8.7000000        2.39955043        0.46036101
     8.8000000        2.61478835        0.33898596
     8.9000000        2.82264914        0.37265138
     9.0000000        2.59368809        0.31355901
     9.1000000        2.68586244        0.26796157
     9.2000000        2.60325114        0.23620678
     9.3000000        2.79102320        0.20262432
     9.4000000        3.04008315        0.35973956
     9.5000000        3.10943758        0.35397407
     9.6000000        3.87745047        0.69975375
     9.7000000        4.08292758        1.05288892
     9.8000000        8.11832143        4.96322155
     9.9000000        7.06739354        3.73549502
    10.0000000        8.77671852        5.52104225
