   -2.692794      0.000000
  1    1        0.33990718        0.00140665        0.00000000        0.00000000
   -2.243995      0.000000
  1    1        0.30180754        0.00124672       -0.00000000        0.00000000
   -1.795196      0.000000
  1    1        0.24561031        0.00105672        0.00000000        0.00000000
   -1.346397      0.000000
  1    1        0.17710800        0.00086557       -0.00000000        0.00000000
   -0.897598      0.000000
  1    1        0.10285755        0.00063942        0.00000000        0.00000000
   -0.448799      0.000000
  1    1        0.03439523        0.00032419       -0.00000000        0.00000000
    0.000000      0.000000
  1    1        0.00005676        0.00002048        0.00000000        0.00000000
    0.448799      0.000000
  1    1        0.03439523        0.00032419        0.00000000        0.00000000
    0.897598      0.000000
  1    1        0.10285755        0.00063942       -0.00000000        0.00000000
    1.346397      0.000000
  1    1        0.17710800        0.00086557        0.00000000        0.00000000
    1.795196      0.000000
  1    1        0.24561031        0.00105672       -0.00000000        0.00000000
    2.243995      0.000000
  1    1        0.30180754        0.00124672        0.00000000        0.00000000
    2.692794      0.000000
  1    1        0.33990718        0.00140665       -0.00000000        0.00000000
    3.141593      0.000000
  1    1        0.35408344        0.00152723        0.00000000        0.00000000
