   -6.000000      0.000000
  1    1       -0.00027483        0.00001191        0.00000000        0.00000000
   -5.000000      0.000000
  1    1       -0.00056824        0.00001864       -0.00000000        0.00000000
   -4.000000      0.000000
  1    1       -0.00103573        0.00001979        0.00000000        0.00000000
   -3.000000      0.000000
  1    1       -0.00329113        0.00004797       -0.00000000        0.00000000
   -2.000000      0.000000
  1    1       -0.00863695        0.00006451        0.00000000        0.00000000
   -1.000000      0.000000
  1    1       -0.08450808        0.00031706       -0.00000000        0.00000000
    0.000000      0.000000
  1    1        0.19696513        0.00089181        0.00000000        0.00000000
    1.000000      0.000000
  1    1       -0.08450808        0.00031706       -0.00000000        0.00000000
    2.000000      0.000000
  1    1       -0.00863695        0.00006451        0.00000000        0.00000000
    3.000000      0.000000
  1    1       -0.00329113        0.00004797       -0.00000000        0.00000000
    4.000000      0.000000
  1    1       -0.00103573        0.00001979        0.00000000        0.00000000
    5.000000      0.000000
  1    1       -0.00056824        0.00001864       -0.00000000        0.00000000
    6.000000      0.000000
  1    1       -0.00027483        0.00001191        0.00000000        0.00000000
    7.000000      0.000000
  1    1       -0.00027844        0.00001591       -0.00000000        0.00000000
