   -6.000000      0.000000
  1    1        0.00077383        0.00054567       -0.00000000        0.00000000
   -5.000000      0.000000
  1    1        0.04648172        0.00230514        0.00000000        0.00000000
   -4.000000      0.000000
  1    1       -0.00109583        0.00056328       -0.00000000        0.00000000
   -3.000000      0.000000
  1    1       -0.10301618        0.00274682        0.00000000        0.00000000
   -2.000000      0.000000
  1    1        0.00049104        0.00056623       -0.00000000        0.00000000
   -1.000000      0.000000
  1    1        0.49327428        0.00221195        0.00000000        0.00000000
    0.000000      0.000000
  1    1        1.00000000        0.00000000       -0.00000000        0.00000000
    1.000000      0.000000
  1    1        0.49327428        0.00221195       -0.00000000        0.00000000
    2.000000      0.000000
  1    1       -0.00049104        0.00056623       -0.00000000        0.00000000
    3.000000      0.000000
  1    1       -0.10301618        0.00274682       -0.00000000        0.00000000
    4.000000      0.000000
  1    1        0.00109583        0.00056328        0.00000000        0.00000000
    5.000000      0.000000
  1    1        0.04648172        0.00230514       -0.00000000        0.00000000
    6.000000      0.000000
  1    1       -0.00077383        0.00054567        0.00000000        0.00000000
    7.000000      0.000000
  1    1       -0.03450437        0.00203176       -0.00000000        0.00000000
