           2               (14.000000000000032,0.0000000000000000)   1.0000000000000000     
           2               (14.000000000000032,0.0000000000000000)   1.0000000000000000     
           2               (14.000000000000021,0.0000000000000000)   1.0000000000000000     
           2               (14.000000000000028,0.0000000000000000)   1.0000000000000000     
           2               (14.000000000000082,0.0000000000000000)   1.0000000000000000     
           2               (14.000000000000037,0.0000000000000000)   1.0000000000000000     
           2               (14.000000000000041,0.0000000000000000)   1.0000000000000000     
           2               (14.000000000000027,0.0000000000000000)   1.0000000000000000     
           2               (14.000000000000062,0.0000000000000000)   1.0000000000000000     
           2               (14.000000000000032,0.0000000000000000)   1.0000000000000000     
           2               (14.000000000000044,0.0000000000000000)   1.0000000000000000     
           2               (14.000000000000032,0.0000000000000000)   1.0000000000000000     
           2               (14.000000000000023,0.0000000000000000)   1.0000000000000000     
           2               (14.000000000000021,0.0000000000000000)   1.0000000000000000     
           2               (14.000000000000096,0.0000000000000000)   1.0000000000000000     
           2               (14.000000000000028,0.0000000000000000)   1.0000000000000000     
           2               (14.000000000000050,0.0000000000000000)   1.0000000000000000     
           2               (14.000000000000036,0.0000000000000000)   1.0000000000000000     
           2               (14.000000000000046,0.0000000000000000)   1.0000000000000000     
           2               (14.000000000000032,0.0000000000000000)   1.0000000000000000     
