   -6.000000      0.000000
  1    1        0.05802447        0.01989822       -0.00000000        0.00000000
   -5.000000      0.000000
  1    1       -0.08271371        0.01572255        0.00000000        0.00000000
   -4.000000      0.000000
  1    1        0.07794065        0.01504395       -0.00000000        0.00000000
   -3.000000      0.000000
  1    1       -0.12650521        0.01282887        0.00000000        0.00000000
   -2.000000      0.000000
  1    1        0.13388977        0.00968338       -0.00000000        0.00000000
   -1.000000      0.000000
  1    1       -0.42695687        0.00721492        0.00000000        0.00000000
    0.000000      0.000000
  1    1        0.80303487        0.00089181       -0.00000000        0.00000000
    1.000000      0.000000
  1    1       -0.42695687        0.00721492       -0.00000000        0.00000000
    2.000000      0.000000
  1    1        0.13388977        0.00968338        0.00000000        0.00000000
    3.000000      0.000000
  1    1       -0.12650521        0.01282887       -0.00000000        0.00000000
    4.000000      0.000000
  1    1        0.07794065        0.01504395        0.00000000        0.00000000
    5.000000      0.000000
  1    1       -0.08271371        0.01572255       -0.00000000        0.00000000
    6.000000      0.000000
  1    1        0.05802447        0.01989822        0.00000000        0.00000000
    7.000000      0.000000
  1    1       -0.06930185        0.01814751       -0.00000000        0.00000000
