   -2.692794      0.000000
  1    1        1.48395501        0.06123250       -0.00000000        0.00000000
   -2.243995      0.000000
  1    1        1.01230225        0.01633390        0.00000000        0.00000000
   -1.795196      0.000000
  1    1        0.74514830        0.01548633       -0.00000000        0.00000000
   -1.346397      0.000000
  1    1        0.52113354        0.00565229        0.00000000        0.00000000
   -0.897598      0.000000
  1    1        0.33841666        0.00684820       -0.00000000        0.00000000
   -0.448799      0.000000
  1    1        0.17754371        0.01393208        0.00000000        0.00000000
    0.000000      0.000000
  1    1        0.00109122        0.00111700        0.00000000        0.00000000
    0.448799      0.000000
  1    1        0.17754371        0.01393208       -0.00000000        0.00000000
    0.897598      0.000000
  1    1        0.33841666        0.00684820        0.00000000        0.00000000
    1.346397      0.000000
  1    1        0.52113354        0.00565229       -0.00000000        0.00000000
    1.795196      0.000000
  1    1        0.74514830        0.01548633        0.00000000        0.00000000
    2.243995      0.000000
  1    1        1.01230225        0.01633390       -0.00000000        0.00000000
    2.692794      0.000000
  1    1        1.48395501        0.06123250        0.00000000        0.00000000
    3.141593      0.000000
  1    1        2.68439808        0.16911138       -0.00000000        0.00000000
