         101         161   20.000000000000000                1
     0.0000000        0.46427598        0.00000000
     0.1000000        0.35675300        0.00000000
     0.2000000        0.27769149        0.00000000
     0.3000000        0.21907446        0.00000000
     0.4000000        0.17522352        0.00000000
     0.5000000        0.14210134        0.00000000
     0.6000000        0.11682543        0.00000000
     0.7000000        0.09732840        0.00000000
     0.8000000        0.08212005        0.00000000
     0.9000000        0.07012044        0.00000000
     1.0000000        0.06054231        0.00000000
     1.1000000        0.05280814        0.00000000
     1.2000000        0.04649141        0.00000000
     1.3000000        0.04127483        0.00000000
     1.4000000        0.03692058        0.00000000
     1.5000000        0.03324897        0.00000000
     1.6000000        0.03012310        0.00000000
     1.7000000        0.02743782        0.00000000
     1.8000000        0.02511159        0.00000000
     1.9000000        0.02308070        0.00000000
     2.0000000        0.02129489        0.00000000
     2.1000000        0.01971417        0.00000000
     2.2000000        0.01830646        0.00000000
     2.3000000        0.01704579        0.00000000
     2.4000000        0.01591101        0.00000000
     2.5000000        0.01488471        0.00000000
     2.6000000        0.01395249        0.00000000
     2.7000000        0.01310235        0.00000000
     2.8000000        0.01232420        0.00000000
     2.9000000        0.01160953        0.00000000
     3.0000000        0.01095112        0.00000000
     3.1000000        0.01034278        0.00000000
     3.2000000        0.00977923        0.00000000
     3.3000000        0.00925587        0.00000000
     3.4000000        0.00876875        0.00000000
     3.5000000        0.00831440        0.00000000
     3.6000000        0.00788980        0.00000000
     3.7000000        0.00749231        0.00000000
     3.8000000        0.00711957        0.00000000
     3.9000000        0.00676953        0.00000000
     4.0000000        0.00644034        0.00000000
     4.1000000        0.00613037        0.00000000
     4.2000000        0.00583814        0.00000000
     4.3000000        0.00556236        0.00000000
     4.4000000        0.00530183        0.00000000
     4.5000000        0.00505550        0.00000000
     4.6000000        0.00482239        0.00000000
     4.7000000        0.00460163        0.00000000
     4.8000000        0.00439243        0.00000000
     4.9000000        0.00419406        0.00000000
     5.0000000        0.00400586        0.00000000
     5.1000000        0.00382721        0.00000000
     5.2000000        0.00365756        0.00000000
     5.3000000        0.00349640        0.00000000
     5.4000000        0.00334324        0.00000000
     5.5000000        0.00319765        0.00000000
     5.6000000        0.00305922        0.00000000
     5.7000000        0.00292758        0.00000000
     5.8000000        0.00280236        0.00000000
     5.9000000        0.00268325        0.00000000
     6.0000000        0.00256995        0.00000000
     6.1000000        0.00246215        0.00000000
     6.2000000        0.00235960        0.00000000
     6.3000000        0.00226206        0.00000000
     6.4000000        0.00216927        0.00000000
     6.5000000        0.00208104        0.00000000
     6.6000000        0.00199714        0.00000000
     6.7000000        0.00191740        0.00000000
     6.8000000        0.00184161        0.00000000
     6.9000000        0.00176963        0.00000000
     7.0000000        0.00170127        0.00000000
     7.1000000        0.00163640        0.00000000
     7.2000000        0.00157487        0.00000000
     7.3000000        0.00151655        0.00000000
     7.4000000        0.00146130        0.00000000
     7.5000000        0.00140902        0.00000000
     7.6000000        0.00135959        0.00000000
     7.7000000        0.00131290        0.00000000
     7.8000000        0.00126886        0.00000000
     7.9000000        0.00122737        0.00000000
     8.0000000        0.00118834        0.00000000
     8.1000000        0.00115170        0.00000000
     8.2000000        0.00111737        0.00000000
     8.3000000        0.00108527        0.00000000
     8.4000000        0.00105535        0.00000000
     8.5000000        0.00102753        0.00000000
     8.6000000        0.00100177        0.00000000
     8.7000000        0.00097800        0.00000000
     8.8000000        0.00095618        0.00000000
     8.9000000        0.00093627        0.00000000
     9.0000000        0.00091822        0.00000000
     9.1000000        0.00090200        0.00000000
     9.2000000        0.00088758        0.00000000
     9.3000000        0.00087492        0.00000000
     9.4000000        0.00086400        0.00000000
     9.5000000        0.00085479        0.00000000
     9.6000000        0.00084729        0.00000000
     9.7000000        0.00084147        0.00000000
     9.8000000        0.00083732        0.00000000
     9.9000000        0.00083483        0.00000000
    10.0000000        0.00083400        0.00000000
