     0.0000000        0.32055175        0.00940893
     0.0500000        0.32004774        0.00722444
     0.1000000        0.32329070        0.00606896
     0.1500000        0.32442631        0.00714869
     0.2000000        0.32774468        0.00756424
     0.2500000        0.32453514        0.00916035
     0.3000000        0.32889537        0.01117744
     0.3500000        0.32894253        0.01080051
     0.4000000        0.31405363        0.01292282
     0.4500000        0.30389132        0.01870439
     0.5000000        0.30795088        0.01562796
     0.5500000        0.29560748        0.01988738
     0.6000000        0.30440303        0.01675578
     0.6500000        0.30056737        0.01500467
     0.7000000        0.30424277        0.01928446
     0.7500000        0.31043088        0.02330103
     0.8000000        0.28558134        0.04381989
     0.8500000        0.28957220        0.04019199
     0.9000000        0.23417166        0.04246268
     0.9500000        0.25132432        0.02673725
     1.0000000        0.29047530        0.02907612
     1.0500000        0.24828521        0.05787196
     1.1000000        0.23037487        0.04250962
     1.1500000        0.24295455        0.02825234
     1.2000000        0.23402877        0.03643172
     1.2500000        0.18673818        0.03629850
     1.3000000        0.19527301        0.03757961
     1.3500000        0.19160519        0.03665577
     1.4000000        0.13940715        0.05385275
     1.4500000        0.13662064        0.05902413
     1.5000000        0.22858193        0.07526213
     1.5500000        0.25944987        0.07308244
     1.6000000        0.26927398        0.12734966
     1.6500000        0.21388960        0.08138753
     1.7000000        0.23773369        0.05139569
     1.7500000        0.23905357        0.07574214
     1.8000000        0.31880840        0.12857777
     1.8500000        0.28844352        0.08615963
     1.9000000        0.22953307        0.07786582
     1.9500000        0.21167318        0.07413652
     2.0000000        0.19982240        0.04603506
     2.0500000        0.23234871        0.04681233
     2.1000000        0.26956829        0.06838229
     2.1500000        0.29589079        0.12246415
     2.2000000        0.31418613        0.12282699
     2.2500000        0.37729643        0.22452841
     2.3000000        0.27627828        0.10743464
     2.3500000        0.38791155        0.16539998
     2.4000000        0.32628091        0.09189403
     2.4500000        0.39858746        0.16983920
     2.5000000        0.23953244        0.05164457
     2.5500000        0.20172453        0.02913320
     2.6000000        0.18384858        0.04140781
     2.6500000        0.18686646        0.07159108
     2.7000000        0.07481146        0.22029316
     2.7500000       -0.08115176        0.38534705
     2.8000000        0.12624609        0.20567566
     2.8500000        0.18863504        0.10840234
     2.9000000        0.24198173        0.05706065
     2.9500000        0.28806995        0.03459669
     3.0000000        0.32188900        0.03045828
     3.0500000        0.33671776        0.04087565
     3.1000000        0.30782376        0.02251500
     3.1500000        0.33154331        0.02941750
     3.2000000        0.36539647        0.03003228
     3.2500000        0.32082414        0.02255847
     3.3000000        0.32299435        0.02234908
     3.3500000        0.33963154        0.02365243
     3.4000000        0.31405874        0.01997464
     3.4500000        0.32824075        0.02138220
     3.5000000        0.32725104        0.01568585
     3.5500000        0.34638659        0.02217895
     3.6000000        0.33975285        0.01460701
     3.6500000        0.33038471        0.01070698
     3.7000000        0.32094504        0.01059873
     3.7500000        0.31956908        0.00867121
     3.8000000        0.31090247        0.00877534
     3.8500000        0.32021380        0.00811513
     3.9000000        0.31801496        0.00681048
     3.9500000        0.32232656        0.00681012
     4.0000000        0.32055175        0.00940893
