     0.0000000        0.45480931        0.00205764
     0.1250000        0.45963600        0.00224837
     0.2500000        0.46022217        0.00311876
     0.3750000        0.46423739        0.00504616
     0.5000000        0.46140943        0.00605027
     0.6250000        0.45897645        0.00920226
     0.7500000        0.46795467        0.00838621
     0.8750000        0.47240458        0.00904640
     1.0000000        0.45869438        0.00979006
     1.1250000        0.45104098        0.00916707
     1.2500000        0.46287220        0.00833145
     1.3750000        0.46402941        0.00843609
     1.5000000        0.46371357        0.00628451
     1.6250000        0.45750671        0.00526597
     1.7500000        0.45355315        0.00341204
     1.8750000        0.45695621        0.00241816
     2.0000000        0.45480931        0.00205764
