         101           4   20.000000000000000                1
     0.0000000        0.58046189        0.00597724
     0.1000000        0.47565563        0.00609009
     0.2000000        0.39221851        0.00577482
     0.3000000        0.32914230        0.00560615
     0.4000000        0.28091024        0.00386833
     0.5000000        0.24263323        0.00783146
     0.6000000        0.21060233        0.00664884
     0.7000000        0.18810753        0.01017505
     0.8000000        0.16838676        0.00653760
     0.9000000        0.14586914        0.00449530
     1.0000000        0.12534666        0.00493118
     1.1000000        0.11410379        0.00257570
     1.2000000        0.10277715        0.00416110
     1.3000000        0.09550409        0.00514185
     1.4000000        0.08313614        0.00328466
     1.5000000        0.07551411        0.00281811
     1.6000000        0.06862313        0.00292688
     1.7000000        0.06150061        0.00423330
     1.8000000        0.05611663        0.00254208
     1.9000000        0.05478673        0.00361586
     2.0000000        0.05122648        0.00386254
     2.1000000        0.05009457        0.00383671
     2.2000000        0.04295430        0.00355831
     2.3000000        0.03924531        0.00168547
     2.4000000        0.03389705        0.00124461
     2.5000000        0.02953605        0.00193036
     2.6000000        0.02662529        0.00276861
     2.7000000        0.02386406        0.00246871
     2.8000000        0.02406024        0.00241531
     2.9000000        0.02141318        0.00135407
     3.0000000        0.02021939        0.00120290
     3.1000000        0.01891730        0.00143711
     3.2000000        0.01636290        0.00199976
     3.3000000        0.01711749        0.00152328
     3.4000000        0.01496820        0.00267008
     3.5000000        0.01560500        0.00158571
     3.6000000        0.01757910        0.00269051
     3.7000000        0.01597886        0.00199988
     3.8000000        0.01509287        0.00242078
     3.9000000        0.01317140        0.00242906
     4.0000000        0.01142341        0.00188705
     4.1000000        0.00929107        0.00244231
     4.2000000        0.00819464        0.00351696
     4.3000000        0.00455656        0.00413203
     4.4000000        0.00712709        0.00198619
     4.5000000        0.00984838        0.00092301
     4.6000000        0.01013932        0.00077750
     4.7000000        0.00974990        0.00387298
     4.8000000        0.00713192        0.00280624
     4.9000000        0.00707461        0.00914824
     5.0000000        0.00694596        0.00686315
     5.1000000        0.01287327        0.00979938
     5.2000000        0.01183107        0.01285518
     5.3000000        0.01890966        0.03518061
     5.4000000        0.00685932        0.01166229
     5.5000000        0.00775458        0.00856790
     5.6000000        0.00352332        0.00847444
     5.7000000        0.00322626        0.00448383
     5.8000000        0.01719285        0.00999856
     5.9000000        0.01386085        0.01244923
     6.0000000        0.00650211        0.00328859
     6.1000000        0.00637359        0.00848890
     6.2000000        0.00913690        0.01537780
     6.3000000        0.00331433        0.00721493
     6.4000000       -0.00024622        0.00353611
     6.5000000       -0.00136500        0.00255227
     6.6000000       -0.00304506        0.00528266
     6.7000000       -0.00604762        0.00523754
     6.8000000       -0.00208334        0.00362086
     6.9000000       -0.00580064        0.00473538
     7.0000000       -0.00489850        0.00423019
     7.1000000       -0.00378051        0.00374346
     7.2000000        0.00236162        0.00087105
     7.3000000        0.00059910        0.00098604
     7.4000000        0.00580872        0.00557606
     7.5000000        0.00372267        0.00343563
     7.6000000        0.00239259        0.00141361
     7.7000000       -0.00580777        0.00723327
     7.8000000        0.00369257        0.00421759
     7.9000000        0.00432949        0.00210302
     8.0000000       -0.00219689        0.00231846
     8.1000000       -0.00038244        0.00178059
     8.2000000       -0.00134994        0.00123183
     8.3000000        0.00020301        0.00251829
     8.4000000       -0.00244459        0.00080283
     8.5000000       -0.00027819        0.00135056
     8.6000000        0.00103971        0.00151707
     8.7000000        0.00349895        0.00279610
     8.8000000        0.00218383        0.00197182
     8.9000000       -0.00004984        0.00199628
     9.0000000        0.00060667        0.00130593
     9.1000000        0.00155026        0.00085362
     9.2000000        0.00120764        0.00155051
     9.3000000        0.00247479        0.00237960
     9.4000000        0.00215433        0.00117513
     9.5000000        0.00387365        0.00199365
     9.6000000        0.00370202        0.00306219
     9.7000000        0.00758625        0.00741306
     9.8000000        0.00935229        0.00967892
     9.9000000        0.00615845        0.00755015
    10.0000000        0.00277385        0.00415526
