     0.0000000        0.72730092        0.00238887
     0.0500000        0.69322994        0.00240052
     0.1000000        0.66271920        0.00241141
     0.1500000        0.63530724        0.00240882
     0.2000000        0.61051385        0.00240035
     0.2500000        0.58810732        0.00239377
     0.3000000        0.56776938        0.00239162
     0.3500000        0.54947575        0.00239078
     0.4000000        0.53303549        0.00239999
     0.4500000        0.51834960        0.00241011
     0.5000000        0.50529843        0.00241114
     0.5500000        0.49371040        0.00241950
     0.6000000        0.48362234        0.00242348
     0.6500000        0.47495951        0.00242011
     0.7000000        0.46770054        0.00241010
     0.7500000        0.46156507        0.00241094
     0.8000000        0.45669591        0.00241418
     0.8500000        0.45305320        0.00242699
     0.9000000        0.45040319        0.00243925
     0.9500000        0.44886691        0.00245690
     1.0000000        0.44835035        0.00246051
     1.0500000        0.44892255        0.00245690
     1.1000000        0.45065843        0.00246075
     1.1500000        0.45348776        0.00245079
     1.2000000        0.45758530        0.00244800
     1.2500000        0.46271316        0.00243516
     1.3000000        0.46897521        0.00242991
     1.3500000        0.47649080        0.00242385
     1.4000000        0.48524130        0.00240990
     1.4500000        0.49529147        0.00239970
     1.5000000        0.50670207        0.00239102
     1.5500000        0.51967613        0.00238755
     1.6000000        0.53419303        0.00238268
     1.6500000        0.55031252        0.00237600
     1.7000000        0.56832630        0.00237643
     1.7500000        0.58827469        0.00238053
     1.8000000        0.61056060        0.00238680
     1.8500000        0.63529334        0.00239053
     1.9000000        0.66273024        0.00239283
     1.9500000        0.69329514        0.00239968
     2.0000000        0.72730092        0.00238887
