   -6.000000      0.000000
  1    1       -0.00012183        0.00001128        0.00000000        0.00000000
   -6.000000      1.000000
  1    1       -0.00008883        0.00000598        0.00000000        0.00000000
   -5.000000      0.000000
  1    1       -0.00021623        0.00000921        0.00000000        0.00000000
   -5.000000      1.000000
  1    1       -0.00021156        0.00001106       -0.00000000        0.00000000
   -4.000000      0.000000
  1    1       -0.00033056        0.00001238        0.00000000        0.00000000
   -4.000000      1.000000
  1    1       -0.00078716        0.00001743        0.00000000        0.00000000
   -3.000000      0.000000
  1    1       -0.00073698        0.00001295        0.00000000        0.00000000
   -3.000000      1.000000
  1    1       -0.00186081        0.00003444       -0.00000000        0.00000000
   -2.000000      0.000000
  1    1       -0.00441128        0.00004013        0.00000000        0.00000000
   -2.000000      1.000000
  1    1       -0.00621762        0.00007279        0.00000000        0.00000000
   -1.000000      0.000000
  1    1       -0.06482566        0.00024585       -0.00000000        0.00000000
   -1.000000      1.000000
  1    1       -0.00897679        0.00015059       -0.00000000        0.00000000
    0.000000      0.000000
  1    1        0.21837259        0.00084192        0.00000000        0.00000000
    0.000000      1.000000
  1    1       -0.04043618        0.00033120       -0.00000000        0.00000000
    1.000000      0.000000
  1    1       -0.06482566        0.00024585       -0.00000000        0.00000000
    1.000000      1.000000
  1    1       -0.00897679        0.00015059       -0.00000000        0.00000000
    2.000000      0.000000
  1    1       -0.00441128        0.00004013        0.00000000        0.00000000
    2.000000      1.000000
  1    1       -0.00621762        0.00007279        0.00000000        0.00000000
    3.000000      0.000000
  1    1       -0.00073698        0.00001295       -0.00000000        0.00000000
    3.000000      1.000000
  1    1       -0.00186081        0.00003444       -0.00000000        0.00000000
    4.000000      0.000000
  1    1       -0.00033056        0.00001238        0.00000000        0.00000000
    4.000000      1.000000
  1    1       -0.00078716        0.00001743        0.00000000        0.00000000
    5.000000      0.000000
  1    1       -0.00021623        0.00000921       -0.00000000        0.00000000
    5.000000      1.000000
  1    1       -0.00021156        0.00001106       -0.00000000        0.00000000
    6.000000      0.000000
  1    1       -0.00012183        0.00001128        0.00000000        0.00000000
    6.000000      1.000000
  1    1       -0.00008883        0.00000598        0.00000000        0.00000000
    7.000000      0.000000
  1    1       -0.00013443        0.00001242        0.00000000        0.00000000
    7.000000      1.000000
  1    1       -0.00005962        0.00001066       -0.00000000        0.00000000
