           2              (-20.261833490113862,0.0000000000000000)   1.0000000000000000     
           2              (-20.421223824418583,0.0000000000000000)   1.0000000000000000     
           2              (-20.326115969208626,0.0000000000000000)   1.0000000000000000     
           2              (-20.004006241714482,0.0000000000000000)   1.0000000000000000     
           2              (-20.194620296146546,0.0000000000000000)   1.0000000000000000     
           2              (-20.132828956334365,0.0000000000000000)   1.0000000000000000     
           2              (-20.316817154851929,0.0000000000000000)   1.0000000000000000     
           2              (-20.207858885870202,0.0000000000000000)   1.0000000000000000     
           2              (-20.281589591935774,0.0000000000000000)   1.0000000000000000     
           2              (-20.217614876741010,0.0000000000000000)   1.0000000000000000     
