   -2.692794      0.000000
  1    1        0.36507222        0.00352138        0.00209151        0.00207678
   -2.692794      3.141593
  1    1        0.10675415        0.00108744        0.00043185        0.00033445
   -2.243995      0.000000
  1    1        0.70325795        0.00976691        0.00389901        0.00629832
   -2.243995      3.141593
  1    1        0.13781821        0.00120864        0.00060711        0.00061818
   -1.795196      0.000000
  1    1        1.47549452        0.00602106       -0.00287668        0.00456919
   -1.795196      3.141593
  1    1        0.22288223        0.00197479       -0.00113992        0.00146757
   -1.346397      0.000000
  1    1        1.77711777        0.00197479        0.00113992        0.00146757
   -1.346397      3.141593
  1    1        0.52450548        0.00602106        0.00287668        0.00456919
   -0.897598      0.000000
  1    1        1.86218179        0.00120864       -0.00060711        0.00061818
   -0.897598      3.141593
  1    1        1.29674205        0.00976691       -0.00389901        0.00629832
   -0.448799      0.000000
  1    1        1.89324585        0.00108744       -0.00043185        0.00033445
   -0.448799      3.141593
  1    1        1.63492778        0.00352138       -0.00209151        0.00207678
    0.000000      0.000000
  1    1        1.90175246        0.00133150        0.00000000        0.00000000
    0.000000      3.141593
  1    1        1.69539952        0.00392076        0.00000000        0.00000000
    0.448799      0.000000
  1    1        1.89324585        0.00108744        0.00043185        0.00033445
    0.448799      3.141593
  1    1        1.63492778        0.00352138        0.00209151        0.00207678
    0.897598      0.000000
  1    1        1.86218179        0.00120864        0.00060711        0.00061818
    0.897598      3.141593
  1    1        1.29674205        0.00976691        0.00389901        0.00629832
    1.346397      0.000000
  1    1        1.77711777        0.00197479       -0.00113992        0.00146757
    1.346397      3.141593
  1    1        0.52450548        0.00602106       -0.00287668        0.00456919
    1.795196      0.000000
  1    1        1.47549452        0.00602106        0.00287668        0.00456919
    1.795196      3.141593
  1    1        0.22288223        0.00197479        0.00113992        0.00146757
    2.243995      0.000000
  1    1        0.70325795        0.00976691       -0.00389901        0.00629832
    2.243995      3.141593
  1    1        0.13781821        0.00120864       -0.00060711        0.00061818
    2.692794      0.000000
  1    1        0.36507222        0.00352138       -0.00209151        0.00207678
    2.692794      3.141593
  1    1        0.10675415        0.00108744       -0.00043185        0.00033445
    3.141593      0.000000
  1    1        0.30460048        0.00392076        0.00000000        0.00000000
    3.141593      3.141593
  1    1        0.09824754        0.00133150       -0.00000000        0.00000000
