   -6.000000      0.000000
  1    1       -0.00090630        0.00071592       -0.00000000        0.00000000
   -6.000000      1.000000
  1    1       -0.00796380        0.00093504       -0.00000000        0.00000000
   -5.000000      0.000000
  1    1       -0.02005091        0.00090581        0.00000000        0.00000000
   -5.000000      1.000000
  1    1        0.00038076        0.00088610       -0.00000000        0.00000000
   -4.000000      0.000000
  1    1        0.00052075        0.00099584       -0.00000000        0.00000000
   -4.000000      1.000000
  1    1        0.04532038        0.00143574       -0.00000000        0.00000000
   -3.000000      0.000000
  1    1       -0.01336953        0.00097808        0.00000000        0.00000000
   -3.000000      1.000000
  1    1       -0.00062917        0.00073627        0.00000000        0.00000000
   -2.000000      0.000000
  1    1        0.00066046        0.00095505       -0.00000000        0.00000000
   -2.000000      1.000000
  1    1       -0.14145024        0.00115666       -0.00000000        0.00000000
   -1.000000      0.000000
  1    1        0.42358679        0.00144926        0.00000000        0.00000000
   -1.000000      1.000000
  1    1       -0.00022866        0.00103842       -0.00000000        0.00000000
    0.000000      0.000000
  1    1        1.00000000        0.00000000        0.00000000        0.00000000
    0.000000      1.000000
  1    1        0.31136380        0.00168009       -0.00000000        0.00000000
    1.000000      0.000000
  1    1        0.42358679        0.00144926        0.00000000        0.00000000
    1.000000      1.000000
  1    1        0.00022866        0.00103842       -0.00000000        0.00000000
    2.000000      0.000000
  1    1       -0.00066046        0.00095505       -0.00000000        0.00000000
    2.000000      1.000000
  1    1       -0.14145024        0.00115666        0.00000000        0.00000000
    3.000000      0.000000
  1    1       -0.01336953        0.00097808       -0.00000000        0.00000000
    3.000000      1.000000
  1    1        0.00062917        0.00073627       -0.00000000        0.00000000
    4.000000      0.000000
  1    1       -0.00052075        0.00099584        0.00000000        0.00000000
    4.000000      1.000000
  1    1        0.04532038        0.00143574       -0.00000000        0.00000000
    5.000000      0.000000
  1    1       -0.02005091        0.00090581       -0.00000000        0.00000000
    5.000000      1.000000
  1    1       -0.00038076        0.00088610       -0.00000000        0.00000000
    6.000000      0.000000
  1    1        0.00090630        0.00071592        0.00000000        0.00000000
    6.000000      1.000000
  1    1       -0.00796380        0.00093504        0.00000000        0.00000000
    7.000000      0.000000
  1    1        0.01824328        0.00190070       -0.00000000        0.00000000
    7.000000      1.000000
  1    1        0.00000000        0.00000000       -0.00000000        0.00000000
