   1.0000000000000000                1          28
               (0.0000000000000000,0.0000000000000000)
  -2.6927937030769660        0.0000000000000000     
       (0.87858144750234157,-2.63676954476480227E-017)
  -2.6927937030769660        3.1415926535897936     
        (1.8589735118326709,-4.67511153484703580E-016)
  -2.2439947525641384        0.0000000000000000     
        (0.85331991074917979,7.16464753168153371E-017)
  -2.2439947525641384        3.1415926535897936     
         (1.1918904857025834,1.05740659679270274E-017)
  -1.7951958020513106        0.0000000000000000     
        (0.68180004317630960,2.61473087991370899E-017)
  -1.7951958020513106        3.1415926535897936     
       (0.81541785846783088,-6.60339716101725013E-017)
  -1.3463968515384830        0.0000000000000000     
        (0.52129895799518189,9.84331156861128055E-017)
  -1.3463968515384830        3.1415926535897936     
        (0.60456393691332211,1.22575032982530802E-016)
 -0.89759790102565529        0.0000000000000000     
        (0.32625541427896826,7.45324289770325728E-017)
 -0.89759790102565529        3.1415926535897936     
        (0.48059855312243777,1.24847218173426031E-016)
 -0.44879895051282764        0.0000000000000000     
        (0.19464821394873330,2.02274778581436081E-017)
 -0.44879895051282764        3.1415926535897936     
        (0.40649560105068272,6.76011665168257043E-018)
   0.0000000000000000        0.0000000000000000     
         (3.87956669093226653E-002,0.0000000000000000)
   0.0000000000000000        3.1415926535897936     
       (0.49848487311985940,-7.39236624319038083E-017)
  0.44879895051282764        0.0000000000000000     
       (0.19464821394873330,-2.02274778581436081E-017)
  0.44879895051282764        3.1415926535897936     
       (0.40649560105068278,-1.34463601240121575E-016)
  0.89759790102565529        0.0000000000000000     
       (0.32625541427896826,-7.45324289770325728E-017)
  0.89759790102565529        3.1415926535897936     
       (0.48059855312243788,-1.02124468694553720E-016)
   1.3463968515384830        0.0000000000000000     
       (0.52129895799518189,-9.84331156861128055E-017)
   1.3463968515384830        3.1415926535897936     
       (0.60456393691332211,-2.06474725018638927E-016)
   1.7951958020513106        0.0000000000000000     
       (0.68180004317630960,-2.61473087991370899E-017)
   1.7951958020513106        3.1415926535897936     
       (0.81541785846783077,-1.65997900474928519E-017)
   2.2439947525641384        0.0000000000000000     
       (0.85331991074917979,-7.16464753168153371E-017)
   2.2439947525641384        3.1415926535897936     
        (1.1918904857025834,-1.93600813774138411E-016)
   2.6927937030769660        0.0000000000000000     
        (0.87858144750234157,2.63676954476480227E-017)
   2.6927937030769660        3.1415926535897936     
        (1.8589735118326707,-2.29710353947601990E-016)
   3.1415926535897936        0.0000000000000000     
       (0.86363301667644254,-3.66000668097385169E-017)
   3.1415926535897936        3.1415926535897936     
        (2.9735855845832715,-3.94528419700882248E-016)
   1.0000000000000000                1          28
               (0.0000000000000000,0.0000000000000000)
  -2.6927937030769660        0.0000000000000000     
         (1.0358207912860402,3.70243846608731168E-016)
  -2.6927937030769660        3.1415926535897936     
        (1.2511666412545170,-7.54035337245652778E-016)
  -2.2439947525641384        0.0000000000000000     
       (0.65509178989007510,-2.74622754196264097E-016)
  -2.2439947525641384        3.1415926535897936     
         (1.1619326344143288,8.24419502704613740E-016)
  -1.7951958020513106        0.0000000000000000     
        (0.87775287382485179,2.56952522332007883E-016)
  -1.7951958020513106        3.1415926535897936     
       (0.91638574582355392,-1.87319427847571237E-016)
  -1.3463968515384830        0.0000000000000000     
       (0.41107155501822401,-1.45471100996324272E-016)
  -1.3463968515384830        3.1415926535897936     
        (0.50792504674794148,4.71818033769955225E-016)
 -0.89759790102565529        0.0000000000000000     
        (0.37487996043982275,1.44336590089220456E-016)
 -0.89759790102565529        3.1415926535897936     
       (0.37787941895156824,-1.80148616196713660E-016)
 -0.44879895051282764        0.0000000000000000     
  (2.05192459202163668E-003,-4.83778016597854496E-017)
 -0.44879895051282764        3.1415926535897936     
        (0.56948645682486887,2.80632759224262136E-017)
   0.0000000000000000        0.0000000000000000     
              (0.16489086346863993,0.0000000000000000)
   0.0000000000000000        3.1415926535897936     
       (0.20190449114998818,-5.95224530210745873E-018)
  0.44879895051282764        0.0000000000000000     
   (2.05192459202163668E-003,4.83778016597854496E-017)
  0.44879895051282764        3.1415926535897936     
       (0.56948645682486876,-2.36456582318107386E-016)
  0.89759790102565529        0.0000000000000000     
       (0.37487996043982275,-1.44336590089220456E-016)
  0.89759790102565529        3.1415926535897936     
        (0.37787941895156851,2.58075507388450941E-016)
   1.3463968515384830        0.0000000000000000     
        (0.41107155501822401,1.45471100996324272E-016)
   1.3463968515384830        3.1415926535897936     
       (0.50792504674794159,-3.30521507029687902E-016)
   1.7951958020513106        0.0000000000000000     
       (0.87775287382485179,-2.56952522332007883E-016)
   1.7951958020513106        3.1415926535897936     
        (0.91638574582355392,2.36346848185902192E-016)
   2.2439947525641384        0.0000000000000000     
        (0.65509178989007510,2.74622754196264097E-016)
   2.2439947525641384        3.1415926535897936     
        (1.1619326344143286,-8.89307251966161210E-016)
   2.6927937030769660        0.0000000000000000     
        (1.0358207912860402,-3.70243846608731168E-016)
   2.6927937030769660        3.1415926535897936     
         (1.2511666412545168,5.17576836966086415E-016)
   3.1415926535897936        0.0000000000000000     
        (0.84472164197615907,3.38982307635466169E-016)
   3.1415926535897936        3.1415926535897936     
        (4.3274749090858702,-1.08967676061372193E-015)
   1.0000000000000000                1          28
               (0.0000000000000000,0.0000000000000000)
  -2.6927937030769660        0.0000000000000000     
       (0.94849617081941717,-1.38631640335962141E-017)
  -2.6927937030769660        3.1415926535897936     
        (1.7674081207389389,-1.51618989835517961E-016)
  -2.2439947525641384        0.0000000000000000     
       (0.92934578865805562,-5.75951112296645531E-017)
  -2.2439947525641384        3.1415926535897936     
         (1.0885612086086149,1.74263879333765957E-016)
  -1.7951958020513106        0.0000000000000000     
        (0.73323729480890187,6.83181852596939593E-017)
  -1.7951958020513106        3.1415926535897936     
       (0.76116967541899627,-1.18323760033331524E-016)
  -1.3463968515384830        0.0000000000000000     
        (0.49085737437205579,5.84776510172517984E-017)
  -1.3463968515384830        3.1415926535897936     
       (0.60539738801885079,-9.70447523897742492E-018)
 -0.89759790102565529        0.0000000000000000     
       (0.32985237713258747,-2.72996819476170374E-017)
 -0.89759790102565529        3.1415926535897936     
        (0.48826221672107378,5.10756464371957704E-018)
 -0.44879895051282764        0.0000000000000000     
       (0.20562606400094616,-6.17557018021213425E-018)
 -0.44879895051282764        3.1415926535897936     
        (0.42816294946656341,2.84742544336298042E-018)
   0.0000000000000000        0.0000000000000000     
         (9.44008788313496355E-002,0.0000000000000000)
   0.0000000000000000        3.1415926535897936     
       (0.43775998469223359,-5.52163555107605320E-017)
  0.44879895051282764        0.0000000000000000     
        (0.20562606400094616,6.17557018021213425E-018)
  0.44879895051282764        3.1415926535897936     
       (0.42816294946656336,-1.10107766883606138E-016)
  0.89759790102565529        0.0000000000000000     
        (0.32985237713258747,2.72996819476170374E-017)
  0.89759790102565529        3.1415926535897936     
        (0.48826221672107389,1.60660668408991637E-018)
   1.3463968515384830        0.0000000000000000     
       (0.49085737437205579,-5.84776510172517984E-017)
   1.3463968515384830        3.1415926535897936     
        (0.60539738801885079,7.15501999578784631E-019)
   1.7951958020513106        0.0000000000000000     
       (0.73323729480890187,-6.83181852596939593E-017)
   1.7951958020513106        3.1415926535897936     
        (0.76116967541899627,1.43173062195946687E-016)
   2.2439947525641384        0.0000000000000000     
        (0.92934578865805562,5.75951112296645531E-017)
   2.2439947525641384        3.1415926535897936     
        (1.0885612086086149,-2.42729086035226523E-016)
   2.6927937030769660        0.0000000000000000     
        (0.94849617081941717,1.38631640335962141E-017)
   2.6927937030769660        3.1415926535897936     
        (1.7674081207389389,-1.98032784266713595E-017)
   3.1415926535897936        0.0000000000000000     
        (0.85599180841710665,1.91036978083392809E-018)
   3.1415926535897936        3.1415926535897936     
        (3.0027988968618322,-4.13749105212149430E-016)
   1.0000000000000000                1          28
               (0.0000000000000000,0.0000000000000000)
  -2.6927937030769660        0.0000000000000000     
        (0.66462078027977778,1.19217597351017338E-016)
  -2.6927937030769660        3.1415926535897936     
        (1.2408717275365047,-1.06571715038264330E-015)
  -2.2439947525641384        0.0000000000000000     
         (1.0299464610407514,7.97142684182310007E-017)
  -2.2439947525641384        3.1415926535897936     
        (0.96034525900937451,4.17268602255215307E-016)
  -1.7951958020513106        0.0000000000000000     
        (0.45253865797085735,1.99064430982695040E-016)
  -1.7951958020513106        3.1415926535897936     
       (0.92036249647890345,-3.05310746184888544E-016)
  -1.3463968515384830        0.0000000000000000     
        (0.63676035482309401,1.50540559557110241E-016)
  -1.3463968515384830        3.1415926535897936     
        (0.38304690018889226,3.07135683909338056E-016)
 -0.89759790102565529        0.0000000000000000     
       (0.40607889573630690,-5.90710737408176915E-017)
 -0.89759790102565529        3.1415926535897936     
       (0.72416595301281295,-2.29782516751381853E-017)
 -0.44879895051282764        0.0000000000000000     
       (-0.26238546958709380,4.93609480244294956E-017)
 -0.44879895051282764        3.1415926535897936     
       (0.24787921729845389,-8.69092358959930907E-017)
   0.0000000000000000        0.0000000000000000     
              (0.54697584304632874,0.0000000000000000)
   0.0000000000000000        3.1415926535897936     
        (0.52304284228774300,3.84872005946099436E-018)
  0.44879895051282764        0.0000000000000000     
      (-0.26238546958709380,-4.93609480244294956E-017)
  0.44879895051282764        3.1415926535897936     
       (0.24787921729845400,-1.40150757344482168E-016)
  0.89759790102565529        0.0000000000000000     
        (0.40607889573630690,5.90710737408176915E-017)
  0.89759790102565529        3.1415926535897936     
       (0.72416595301281295,-5.21918009508787725E-017)
   1.3463968515384830        0.0000000000000000     
       (0.63676035482309401,-1.50540559557110241E-016)
   1.3463968515384830        3.1415926535897936     
       (0.38304690018889226,-3.53569487183579941E-016)
   1.7951958020513106        0.0000000000000000     
       (0.45253865797085735,-1.99064430982695040E-016)
   1.7951958020513106        3.1415926535897936     
        (0.92036249647890356,2.24861918073398162E-016)
   2.2439947525641384        0.0000000000000000     
        (1.0299464610407514,-7.97142684182310007E-017)
   2.2439947525641384        3.1415926535897936     
       (0.96034525900937451,-5.82654872453581178E-016)
   2.6927937030769660        0.0000000000000000     
       (0.66462078027977778,-1.19217597351017338E-016)
   2.6927937030769660        3.1415926535897936     
         (1.2408717275365044,1.76391547187110190E-016)
   3.1415926535897936        0.0000000000000000     
       (0.86228978422656244,-1.49174442672811776E-017)
   3.1415926535897936        3.1415926535897936     
        (5.1330567018875559,-9.82680444262333549E-016)
   1.0000000000000000                1          28
               (0.0000000000000000,0.0000000000000000)
  -2.6927937030769660        0.0000000000000000     
        (0.82887870079815507,7.39178596531498482E-018)
  -2.6927937030769660        3.1415926535897936     
        (1.6039818844027136,-6.87808747426995417E-016)
  -2.2439947525641384        0.0000000000000000     
        (0.79199190452354806,7.40028277783699853E-017)
  -2.2439947525641384        3.1415926535897936     
         (1.0633140962402892,1.69426935939921515E-016)
  -1.7951958020513106        0.0000000000000000     
       (0.63151899924434773,-8.34254880828330729E-017)
  -1.7951958020513106        3.1415926535897936     
       (0.86639602224207812,-2.42479834542592541E-016)
  -1.3463968515384830        0.0000000000000000     
       (0.53447247527657127,-1.08770572098966953E-016)
  -1.3463968515384830        3.1415926535897936     
        (0.55918717168296961,1.80082479597993556E-016)
 -0.89759790102565529        0.0000000000000000     
       (0.36389861223344816,-1.39571684257876198E-017)
 -0.89759790102565529        3.1415926535897936     
       (0.41062266673496106,-2.06877309790686421E-016)
 -0.44879895051282764        0.0000000000000000     
       (0.13717628440689641,-7.62881426339929229E-017)
 -0.44879895051282764        3.1415926535897936     
       (0.37911344737045088,-1.19814288456933309E-017)
   0.0000000000000000        0.0000000000000000     
              (0.26502510900014470,0.0000000000000000)
   0.0000000000000000        3.1415926535897936     
       (0.43884040837177685,-2.79516319779846869E-017)
  0.44879895051282764        0.0000000000000000     
        (0.13717628440689641,7.62881426339929229E-017)
  0.44879895051282764        3.1415926535897936     
       (0.37911344737045105,-1.36457409884926543E-016)
  0.89759790102565529        0.0000000000000000     
        (0.36389861223344816,1.39571684257876198E-017)
  0.89759790102565529        3.1415926535897936     
        (0.41062266673496106,2.74372856695587479E-016)
   1.3463968515384830        0.0000000000000000     
        (0.53447247527657127,1.08770572098966953E-016)
   1.3463968515384830        3.1415926535897936     
       (0.55918717168296950,-6.61441032840090304E-017)
   1.7951958020513106        0.0000000000000000     
        (0.63151899924434773,8.34254880828330729E-017)
   1.7951958020513106        3.1415926535897936     
        (0.86639602224207812,2.47493925152731939E-016)
   2.2439947525641384        0.0000000000000000     
       (0.79199190452354806,-7.40028277783699853E-017)
   2.2439947525641384        3.1415926535897936     
        (1.0633140962402892,-3.33044315782226138E-016)
   2.6927937030769660        0.0000000000000000     
       (0.82887870079815507,-7.39178596531498482E-018)
   2.6927937030769660        3.1415926535897936     
         (1.6039818844027136,1.02025585647319460E-016)
   3.1415926535897936        0.0000000000000000     
        (0.77231891484552617,4.12054129393503638E-017)
   3.1415926535897936        3.1415926535897936     
        (4.1300881295890894,-7.93268035929031459E-016)
   1.0000000000000000                1          28
               (0.0000000000000000,0.0000000000000000)
  -2.6927937030769660        0.0000000000000000     
         (1.4192083416569701,1.55167147603275979E-016)
  -2.6927937030769660        3.1415926535897936     
       (0.85027135655843011,-6.80967502402884769E-016)
  -2.2439947525641384        0.0000000000000000     
        (1.0296628920566266,-2.37765843263632123E-016)
  -2.2439947525641384        3.1415926535897936     
        (0.66772837280979058,6.75443136053800840E-016)
  -1.7951958020513106        0.0000000000000000     
        (0.43448225633028559,3.46357004493231767E-017)
  -1.7951958020513106        3.1415926535897936     
        (1.1538456427459658,-6.07146715957396319E-016)
  -1.3463968515384830        0.0000000000000000     
       (0.36410797830429253,-1.01374067186462774E-016)
  -1.3463968515384830        3.1415926535897936     
        (0.74768296216678232,4.43019060376147142E-016)
 -0.89759790102565529        0.0000000000000000     
        (0.46697796207752695,1.12479823763960730E-016)
 -0.89759790102565529        3.1415926535897936     
        (0.16641302180497997,2.80145441085521154E-017)
 -0.44879895051282764        0.0000000000000000     
        (0.55766715397288402,8.65030484269683310E-017)
 -0.44879895051282764        3.1415926535897936     
  (-2.31871654468377266E-003,2.04533338876998158E-016)
   0.0000000000000000        0.0000000000000000     
             (-0.63406167956197934,0.0000000000000000)
   0.0000000000000000        3.1415926535897936     
        (1.2896810259789040,-3.09361421693050714E-016)
  0.44879895051282764        0.0000000000000000     
       (0.55766715397288402,-8.65030484269683310E-017)
  0.44879895051282764        3.1415926535897936     
 (-2.31871654468377266E-003,-1.55107999159160443E-016)
  0.89759790102565529        0.0000000000000000     
       (0.46697796207752695,-1.12479823763960730E-016)
  0.89759790102565529        3.1415926535897936     
        (0.16641302180497997,2.29800696049833033E-016)
   1.3463968515384830        0.0000000000000000     
        (0.36410797830429253,1.01374067186462774E-016)
   1.3463968515384830        3.1415926535897936     
       (0.74768296216678254,-5.40408349220256691E-016)
   1.7951958020513106        0.0000000000000000     
       (0.43448225633028559,-3.46357004493231767E-017)
   1.7951958020513106        3.1415926535897936     
         (1.1538456427459653,2.60446794951443202E-016)
   2.2439947525641384        0.0000000000000000     
         (1.0296628920566266,2.37765843263632123E-016)
   2.2439947525641384        3.1415926535897936     
       (0.66772837280979069,-7.41111767051477359E-016)
   2.6927937030769660        0.0000000000000000     
        (1.4192083416569701,-1.55167147603275979E-016)
   2.6927937030769660        3.1415926535897936     
        (0.85027135655843034,5.08731199552313416E-016)
   3.1415926535897936        0.0000000000000000     
       (-0.27251511644614890,7.25684519429203165E-017)
   3.1415926535897936        3.1415926535897936     
        (5.7992811775988615,-9.80049963805764604E-016)
   1.0000000000000000                1          28
               (0.0000000000000000,0.0000000000000000)
  -2.6927937030769660        0.0000000000000000     
       (0.81756585510094937,-3.60625550220900804E-017)
  -2.6927937030769660        3.1415926535897936     
        (1.6823770777476332,-5.06357805482371590E-016)
  -2.2439947525641384        0.0000000000000000     
       (0.89153578003410405,-9.89061839078959072E-017)
  -2.2439947525641384        3.1415926535897936     
        (0.96040476554743781,4.90774767714978811E-016)
  -1.7951958020513106        0.0000000000000000     
       (0.67635972583095594,-1.25244440825402105E-016)
  -1.7951958020513106        3.1415926535897936     
       (0.78390747757446022,-1.61813028836484431E-016)
  -1.3463968515384830        0.0000000000000000     
       (0.39629772795149210,-2.55846270278003975E-017)
  -1.3463968515384830        3.1415926535897936     
        (0.56925881253819199,2.01741142300349404E-016)
 -0.89759790102565529        0.0000000000000000     
       (0.37150760180585030,-7.84825493359175675E-017)
 -0.89759790102565529        3.1415926535897936     
       (0.43886704569753437,-5.54375277854222530E-017)
 -0.44879895051282764        0.0000000000000000     
       (0.19573252333725841,-9.16064389485775263E-017)
 -0.44879895051282764        3.1415926535897936     
       (0.40842430287426212,-5.43505141829624849E-017)
   0.0000000000000000        0.0000000000000000     
        (-2.57570492869058868E-003,0.0000000000000000)
   0.0000000000000000        3.1415926535897936     
       (0.44163401018948001,-7.14343704087936732E-017)
  0.44879895051282764        0.0000000000000000     
        (0.19573252333725841,9.16064389485775263E-017)
  0.44879895051282764        3.1415926535897936     
       (0.40842430287426196,-7.17074043487212901E-017)
  0.89759790102565529        0.0000000000000000     
        (0.37150760180585030,7.84825493359175675E-017)
  0.89759790102565529        3.1415926535897936     
        (0.43886704569753437,1.67487944309450194E-017)
   1.3463968515384830        0.0000000000000000     
        (0.39629772795149210,2.55846270278003975E-017)
   1.3463968515384830        3.1415926535897936     
       (0.56925881253819199,-3.28190539447612345E-016)
   1.7951958020513106        0.0000000000000000     
        (0.67635972583095594,1.25244440825402105E-016)
   1.7951958020513106        3.1415926535897936     
        (0.78390747757446022,1.07066698274582114E-017)
   2.2439947525641384        0.0000000000000000     
        (0.89153578003410405,9.89061839078959072E-017)
   2.2439947525641384        3.1415926535897936     
       (0.96040476554743781,-5.61713013630983826E-016)
   2.6927937030769660        0.0000000000000000     
        (0.81756585510094937,3.60625550220900804E-017)
   2.6927937030769660        3.1415926535897936     
        (1.6823770777476335,-9.28028456075213245E-017)
   3.1415926535897936        0.0000000000000000     
        (0.74333139124399428,3.43232420330562120E-018)
   3.1415926535897936        3.1415926535897936     
        (4.2205928030211082,-7.41379529359127443E-016)
   1.0000000000000000                1          28
               (0.0000000000000000,0.0000000000000000)
  -2.6927937030769660        0.0000000000000000     
        (0.95068779063778330,1.13181889221808490E-016)
  -2.6927937030769660        3.1415926535897936     
        (1.5783737134986671,-8.59650804502967171E-016)
  -2.2439947525641384        0.0000000000000000     
       (0.80379840414953307,-1.00172520424325099E-016)
  -2.2439947525641384        3.1415926535897936     
         (1.0800227979992554,4.80757817468712046E-016)
  -1.7951958020513106        0.0000000000000000     
        (0.69852518125570207,1.25111464639645462E-016)
  -1.7951958020513106        3.1415926535897936     
       (0.79277360636526928,-1.63561452476834063E-016)
  -1.3463968515384830        0.0000000000000000     
        (0.51947223481850213,3.06408644667866121E-017)
  -1.3463968515384830        3.1415926535897936     
        (0.56470476726927321,2.92198990985507589E-016)
 -0.89759790102565529        0.0000000000000000     
       (0.32536427056819217,-8.81574783465162008E-018)
 -0.89759790102565529        3.1415926535897936     
       (0.45534980612474640,-4.97893642782357835E-017)
 -0.44879895051282764        0.0000000000000000     
        (0.11092082848645353,1.11465094149037337E-016)
 -0.44879895051282764        3.1415926535897936     
        (0.42797630949808513,3.52477690653384270E-017)
   0.0000000000000000        0.0000000000000000     
         (6.66339290923789324E-002,0.0000000000000000)
   0.0000000000000000        3.1415926535897936     
       (0.41253526208327351,-5.56251768135997602E-017)
  0.44879895051282764        0.0000000000000000     
       (0.11092082848645353,-1.11465094149037337E-016)
  0.44879895051282764        3.1415926535897936     
       (0.42797630949808518,-1.76229203977446276E-016)
  0.89759790102565529        0.0000000000000000     
        (0.32536427056819217,8.81574783465162008E-018)
  0.89759790102565529        3.1415926535897936     
        (0.45534980612474624,6.13452564997241670E-017)
   1.3463968515384830        0.0000000000000000     
       (0.51947223481850213,-3.06408644667866121E-017)
   1.3463968515384830        3.1415926535897936     
       (0.56470476726927343,-2.08291479120750484E-016)
   1.7951958020513106        0.0000000000000000     
       (0.69852518125570207,-1.25111464639645462E-016)
   1.7951958020513106        3.1415926535897936     
        (0.79277360636526883,1.11374598458509963E-016)
   2.2439947525641384        0.0000000000000000     
        (0.80379840414953307,1.00172520424325099E-016)
   2.2439947525641384        3.1415926535897936     
        (1.0800227979992558,-6.10964746067377917E-016)
   2.6927937030769660        0.0000000000000000     
       (0.95068779063778330,-1.13181889221808490E-016)
   2.6927937030769660        3.1415926535897936     
         (1.5783737134986673,2.40457191479652377E-016)
   3.1415926535897936        0.0000000000000000     
        (0.82148749370841068,6.27499423264258203E-017)
   3.1415926535897936        3.1415926535897936     
        (3.9338722174572855,-7.63699875948507309E-016)
   1.0000000000000000                1          28
               (0.0000000000000000,0.0000000000000000)
  -2.6927937030769660        0.0000000000000000     
        (0.90038298622813717,1.40039208073983230E-016)
  -2.6927937030769660        3.1415926535897936     
        (1.5608992331039473,-7.96034907101335774E-016)
  -2.2439947525641384        0.0000000000000000     
        (0.84057392873499814,3.41972745954245409E-017)
  -2.2439947525641384        3.1415926535897936     
         (1.2098719835327785,3.49866520679118263E-016)
  -1.7951958020513106        0.0000000000000000     
       (0.67884037338839121,-6.10552450655186757E-017)
  -1.7951958020513106        3.1415926535897936     
       (0.77548173341195437,-2.54908118426926629E-016)
  -1.3463968515384830        0.0000000000000000     
       (0.47066111345838835,-1.13635508575837043E-016)
  -1.3463968515384830        3.1415926535897936     
        (0.54021139585177180,2.13178119546730546E-016)
 -0.89759790102565529        0.0000000000000000     
       (0.32117880501401508,-8.60387737640171834E-017)
 -0.89759790102565529        3.1415926535897936     
       (0.44803742461552160,-3.76502156598275654E-017)
 -0.44879895051282764        0.0000000000000000     
       (0.13735583901103221,-6.40378333497029336E-017)
 -0.44879895051282764        3.1415926535897936     
        (0.46599399700226618,6.38973016681172765E-017)
   0.0000000000000000        0.0000000000000000     
         (1.39663414571464337E-002,0.0000000000000000)
   0.0000000000000000        3.1415926535897936     
       (0.36855198564437858,-5.70217205667668658E-017)
  0.44879895051282764        0.0000000000000000     
        (0.13735583901103221,6.40378333497029336E-017)
  0.44879895051282764        3.1415926535897936     
       (0.46599399700226612,-1.92884940318025515E-016)
  0.89759790102565529        0.0000000000000000     
        (0.32117880501401508,8.60387737640171834E-017)
  0.89759790102565529        3.1415926535897936     
        (0.44803742461552160,9.53928572442590832E-017)
   1.3463968515384830        0.0000000000000000     
        (0.47066111345838835,1.13635508575837043E-016)
   1.3463968515384830        3.1415926535897936     
       (0.54021139585177169,-2.22960325094519607E-016)
   1.7951958020513106        0.0000000000000000     
        (0.67884037338839121,6.10552450655186757E-017)
   1.7951958020513106        3.1415926535897936     
        (0.77548173341195425,1.69528350435416600E-016)
   2.2439947525641384        0.0000000000000000     
       (0.84057392873499814,-3.41972745954245409E-017)
   2.2439947525641384        3.1415926535897936     
        (1.2098719835327789,-4.78601193151031334E-016)
   2.6927937030769660        0.0000000000000000     
       (0.90038298622813717,-1.40039208073983230E-016)
   2.6927937030769660        3.1415926535897936     
         (1.5608992331039464,4.05562421039275195E-017)
   3.1415926535897936        0.0000000000000000     
        (0.89162308040007843,4.99927674066893359E-018)
   3.1415926535897936        3.1415926535897936     
        (3.9872429959189648,-8.53303556906936276E-016)
   1.0000000000000000                1          28
               (0.0000000000000000,0.0000000000000000)
  -2.6927937030769660        0.0000000000000000     
       (0.91195506232496515,-1.12949399396745174E-016)
  -2.6927937030769660        3.1415926535897936     
        (1.6549169274832656,-4.09249224739390566E-016)
  -2.2439947525641384        0.0000000000000000     
       (0.84553783949912453,-9.03922783657428549E-017)
  -2.2439947525641384        3.1415926535897936     
         (1.1122116424823958,3.71630946665330300E-016)
  -1.7951958020513106        0.0000000000000000     
        (0.69184570355030461,4.35124131956553566E-017)
  -1.7951958020513106        3.1415926535897936     
       (0.90535680510859395,-7.45156526909446151E-017)
  -1.3463968515384830        0.0000000000000000     
        (0.59178838144768975,6.91117181332095754E-018)
  -1.3463968515384830        3.1415926535897936     
        (0.52475929039702129,1.08268854771358691E-016)
 -0.89759790102565529        0.0000000000000000     
        (0.30175900305883741,6.14070289058689811E-017)
 -0.89759790102565529        3.1415926535897936     
       (0.43720145373293801,-1.52760463933910157E-016)
 -0.44879895051282764        0.0000000000000000     
  (7.49671589404153488E-002,-4.93047995270764295E-018)
 -0.44879895051282764        3.1415926535897936     
       (0.44412208854304647,-1.09326627905097710E-016)
   0.0000000000000000        0.0000000000000000     
              (0.23702301791982452,0.0000000000000000)
   0.0000000000000000        3.1415926535897936     
       (0.36535365368391470,-2.06371402019635818E-017)
  0.44879895051282764        0.0000000000000000     
   (7.49671589404153488E-002,4.93047995270764295E-018)
  0.44879895051282764        3.1415926535897936     
       (0.44412208854304652,-6.45115114627207421E-017)
  0.89759790102565529        0.0000000000000000     
       (0.30175900305883741,-6.14070289058689811E-017)
  0.89759790102565529        3.1415926535897936     
        (0.43720145373293812,1.54391030422995468E-016)
   1.3463968515384830        0.0000000000000000     
       (0.59178838144768975,-6.91117181332095754E-018)
   1.3463968515384830        3.1415926535897936     
       (0.52475929039702118,-2.02168854499288629E-018)
   1.7951958020513106        0.0000000000000000     
       (0.69184570355030461,-4.35124131956553566E-017)
   1.7951958020513106        3.1415926535897936     
        (0.90535680510859418,7.53257066962903335E-017)
   2.2439947525641384        0.0000000000000000     
        (0.84553783949912453,9.03922783657428549E-017)
   2.2439947525641384        3.1415926535897936     
        (1.1122116424823953,-4.83463303133191697E-016)
   2.6927937030769660        0.0000000000000000     
        (0.91195506232496515,1.12949399396745174E-016)
   2.6927937030769660        3.1415926535897936     
        (1.6549169274832656,-1.15314116836811014E-016)
   3.1415926535897936        0.0000000000000000     
        (0.89523491286894752,2.47059946899218880E-017)
   3.1415926535897936        3.1415926535897936     
        (3.3370416456853862,-5.79871257737878505E-016)
