   1.0000000000000000                1          28
               (0.0000000000000000,0.0000000000000000)
  -2.6927937030769660        0.0000000000000000     
       (0.84834805837065941,-9.32155197396270606E-017)
  -2.6927937030769660        3.1415926535897936     
        (1.6708528706733801,-3.51823391204975908E-016)
  -2.2439947525641384        0.0000000000000000     
       (0.80499836728346363,-9.58144654369278269E-017)
  -2.2439947525641384        3.1415926535897936     
         (1.1266934819655541,4.01234808919251523E-016)
  -1.7951958020513106        0.0000000000000000     
       (0.64782137784080296,-1.56336100430285787E-016)
  -1.7951958020513106        3.1415926535897936     
       (0.78395018440246633,-1.94040793072528225E-016)
  -1.3463968515384830        0.0000000000000000     
        (0.50124795105592157,7.83284177162465787E-017)
  -1.3463968515384830        3.1415926535897936     
        (0.58420468017730232,1.16569579401071647E-016)
 -0.89759790102565529        0.0000000000000000     
        (0.30443369663553888,1.04225732401847090E-016)
 -0.89759790102565529        3.1415926535897936     
       (0.46400818505510771,-2.37923493992551349E-016)
 -0.44879895051282764        0.0000000000000000     
       (0.16130195664435368,-5.66797200469853740E-019)
 -0.44879895051282764        3.1415926535897936     
       (0.39174711731970024,-7.02325317629284141E-017)
   0.0000000000000000        0.0000000000000000     
         (2.58831258839890381E-002,0.0000000000000000)
   0.0000000000000000        3.1415926535897936     
       (0.45122751007240042,-6.84005938126145438E-017)
  0.44879895051282764        0.0000000000000000     
        (0.16130195664435368,5.66797200469853740E-019)
  0.44879895051282764        3.1415926535897936     
       (0.39174711731970024,-1.64456862679899094E-017)
  0.89759790102565529        0.0000000000000000     
       (0.30443369663553888,-1.04225732401847090E-016)
  0.89759790102565529        3.1415926535897936     
        (0.46400818505510782,2.07623225212652885E-016)
   1.3463968515384830        0.0000000000000000     
       (0.50124795105592157,-7.83284177162465787E-017)
   1.3463968515384830        3.1415926535897936     
       (0.58420468017730243,-1.95334754974571604E-016)
   1.7951958020513106        0.0000000000000000     
        (0.64782137784080296,1.56336100430285787E-016)
   1.7951958020513106        3.1415926535897936     
        (0.78395018440246633,1.14202679413862959E-016)
   2.2439947525641384        0.0000000000000000     
        (0.80499836728346363,9.58144654369278269E-017)
   2.2439947525641384        3.1415926535897936     
        (1.1266934819655539,-5.98952451416875490E-016)
   2.6927937030769660        0.0000000000000000     
        (0.84834805837065941,9.32155197396270606E-017)
   2.6927937030769660        3.1415926535897936     
        (1.6708528706733792,-2.39510330227422200E-016)
   3.1415926535897936        0.0000000000000000     
       (0.83991685236381908,-2.84802421447176470E-017)
   3.1415926535897936        3.1415926535897936     
        (4.1059436676006671,-7.78682511317166975E-016)
   1.0000000000000000                1          28
               (0.0000000000000000,0.0000000000000000)
  -2.6927937030769660        0.0000000000000000     
        (0.96695493735890037,1.08381135235999477E-016)
  -2.6927937030769660        3.1415926535897936     
        (1.2609454301184575,-7.82236876876090834E-016)
  -2.2439947525641384        0.0000000000000000     
       (0.68306312256631141,-2.93069119102775104E-016)
  -2.2439947525641384        3.1415926535897936     
         (1.1364884071389307,7.59443334001699938E-016)
  -1.7951958020513106        0.0000000000000000     
        (0.79806352521087209,2.18429820061987693E-016)
  -1.7951958020513106        3.1415926535897936     
       (0.86209215247065629,-2.22428281058490813E-016)
  -1.3463968515384830        0.0000000000000000     
       (0.44079110263882409,-1.33492212234082357E-016)
  -1.3463968515384830        3.1415926535897936     
        (0.51971330239304447,3.50307862954656883E-016)
 -0.89759790102565529        0.0000000000000000     
        (0.34652367768634779,6.12277203008645858E-018)
 -0.89759790102565529        3.1415926535897936     
       (0.38653326532057136,-3.05785602753655254E-016)
 -0.44879895051282764        0.0000000000000000     
   (3.98072029496525648E-002,9.21005875242559079E-017)
 -0.44879895051282764        3.1415926535897936     
        (0.50893764924326668,9.29779077845957378E-017)
   0.0000000000000000        0.0000000000000000     
              (0.10998830268432304,0.0000000000000000)
   0.0000000000000000        3.1415926535897936     
       (0.27302765973768411,-2.62187282866226467E-017)
  0.44879895051282764        0.0000000000000000     
  (3.98072029496525648E-002,-9.21005875242559079E-017)
  0.44879895051282764        3.1415926535897936     
       (0.50893764924326679,-2.61266001999048903E-016)
  0.89759790102565529        0.0000000000000000     
       (0.34652367768634779,-6.12277203008645858E-018)
  0.89759790102565529        3.1415926535897936     
        (0.38653326532057164,3.53679043953629784E-016)
   1.3463968515384830        0.0000000000000000     
        (0.44079110263882409,1.33492212234082357E-016)
   1.3463968515384830        3.1415926535897936     
       (0.51971330239304436,-2.43924573193530114E-016)
   1.7951958020513106        0.0000000000000000     
       (0.79806352521087209,-2.18429820061987693E-016)
   1.7951958020513106        3.1415926535897936     
        (0.86209215247065629,8.43243334509310386E-017)
   2.2439947525641384        0.0000000000000000     
        (0.68306312256631141,2.93069119102775104E-016)
   2.2439947525641384        3.1415926535897936     
        (1.1364884071389310,-8.27523662395954883E-016)
   2.6927937030769660        0.0000000000000000     
       (0.96695493735890037,-1.08381135235999477E-016)
   2.6927937030769660        3.1415926535897936     
         (1.2609454301184577,4.06227995420283162E-016)
   3.1415926535897936        0.0000000000000000     
        (0.83691378121535653,2.25039400910337659E-016)
   3.1415926535897936        3.1415926535897936     
        (4.7021242899872524,-1.16488370187535216E-015)
   1.0000000000000000                1          28
               (0.0000000000000000,0.0000000000000000)
  -2.6927937030769660        0.0000000000000000     
       (0.89136803082466898,-7.86556010020242081E-017)
  -2.6927937030769660        3.1415926535897936     
        (1.6088893715026047,-7.03568135216622144E-016)
  -2.2439947525641384        0.0000000000000000     
       (0.86865765480542934,-1.19626587051070309E-016)
  -2.2439947525641384        3.1415926535897936     
         (1.0330437824292276,4.06505203606289904E-016)
  -1.7951958020513106        0.0000000000000000     
       (0.69240577374144507,-1.42448015014807575E-016)
  -1.7951958020513106        3.1415926535897936     
       (0.72957131638320027,-2.85137282595580834E-016)
  -1.3463968515384830        0.0000000000000000     
       (0.46906438852568261,-2.22367626732060510E-016)
  -1.3463968515384830        3.1415926535897936     
        (0.57183635291345836,1.62537969140630234E-016)
 -0.89759790102565529        0.0000000000000000     
       (0.30885973583691989,-1.50525652123486399E-016)
 -0.89759790102565529        3.1415926535897936     
       (0.44539448389151015,-2.69640868374057509E-016)
 -0.44879895051282764        0.0000000000000000     
       (0.17272814166416570,-3.17943941699683257E-017)
 -0.44879895051282764        3.1415926535897936     
       (0.39667279513546511,-1.32188894241523908E-016)
   0.0000000000000000        0.0000000000000000     
         (6.76144845841622627E-002,0.0000000000000000)
   0.0000000000000000        3.1415926535897936     
       (0.40146782533793157,-5.36877118936348628E-017)
  0.44879895051282764        0.0000000000000000     
        (0.17272814166416570,3.17943941699683257E-017)
  0.44879895051282764        3.1415926535897936     
       (0.39667279513546511,-8.01917746452016483E-018)
  0.89759790102565529        0.0000000000000000     
        (0.30885973583691989,1.50525652123486399E-016)
  0.89759790102565529        3.1415926535897936     
        (0.44539448389150998,2.87819643845556029E-016)
   1.3463968515384830        0.0000000000000000     
        (0.46906438852568261,2.22367626732060510E-016)
   1.3463968515384830        3.1415926535897936     
       (0.57183635291345813,-1.74086903620177112E-016)
   1.7951958020513106        0.0000000000000000     
        (0.69240577374144507,1.42448015014807575E-016)
   1.7951958020513106        3.1415926535897936     
        (0.72957131638320039,3.44267203844777232E-016)
   2.2439947525641384        0.0000000000000000     
        (0.86865765480542934,1.19626587051070309E-016)
   2.2439947525641384        3.1415926535897936     
        (1.0330437824292276,-5.05285947163527663E-016)
   2.6927937030769660        0.0000000000000000     
        (0.89136803082466898,7.86556010020242081E-017)
   2.6927937030769660        3.1415926535897936     
         (1.6088893715026054,3.34469175538972539E-016)
   3.1415926535897936        0.0000000000000000     
        (0.82877152563443335,6.17967101170293415E-019)
   3.1415926535897936        3.1415926535897936     
        (4.2688673354684470,-8.30131375690264524E-016)
   1.0000000000000000                1          28
               (0.0000000000000000,0.0000000000000000)
  -2.6927937030769660        0.0000000000000000     
        (0.73414965238802254,4.15237194860621907E-018)
  -2.6927937030769660        3.1415926535897936     
        (1.3724402698550893,-5.30924653923166513E-016)
  -2.2439947525641384        0.0000000000000000     
       (0.95973802226559168,-1.38456349818743432E-016)
  -2.2439947525641384        3.1415926535897936     
         (1.0342476416818240,2.12018674301774809E-016)
  -1.7951958020513106        0.0000000000000000     
       (0.52789471092774787,-1.08437298511009337E-016)
  -1.7951958020513106        3.1415926535897936     
       (0.90379368444891817,-3.06260495643119770E-016)
  -1.3463968515384830        0.0000000000000000     
        (0.60074470825877380,1.56527103257862104E-016)
  -1.3463968515384830        3.1415926535897936     
        (0.46225047518335810,2.09399120946759325E-016)
 -0.89759790102565529        0.0000000000000000     
       (0.38818028291839424,-1.21625047179174900E-016)
 -0.89759790102565529        3.1415926535897936     
       (0.65296609603662126,-7.23139674787618170E-017)
 -0.44879895051282764        0.0000000000000000     
       (-0.10201705852333601,3.30569479739585303E-017)
 -0.44879895051282764        3.1415926535897936     
       (0.31230738487817866,-6.79684995166672746E-017)
   0.0000000000000000        0.0000000000000000     
              (0.43768389729650531,0.0000000000000000)
   0.0000000000000000        3.1415926535897936     
       (0.50186757761807110,-1.03215230064714817E-017)
  0.44879895051282764        0.0000000000000000     
      (-0.10201705852333601,-3.30569479739585303E-017)
  0.44879895051282764        3.1415926535897936     
       (0.31230738487817850,-1.46314239736514818E-016)
  0.89759790102565529        0.0000000000000000     
        (0.38818028291839424,1.21625047179174900E-016)
  0.89759790102565529        3.1415926535897936     
        (0.65296609603662148,8.53400939040825604E-017)
   1.3463968515384830        0.0000000000000000     
       (0.60074470825877380,-1.56527103257862104E-016)
   1.3463968515384830        3.1415926535897936     
       (0.46225047518335804,-6.88643797720751326E-017)
   1.7951958020513106        0.0000000000000000     
        (0.52789471092774787,1.08437298511009337E-016)
   1.7951958020513106        3.1415926535897936     
        (0.90379368444891828,2.21236905699693405E-016)
   2.2439947525641384        0.0000000000000000     
        (0.95973802226559168,1.38456349818743432E-016)
   2.2439947525641384        3.1415926535897936     
        (1.0342476416818236,-2.53877715744080588E-016)
   2.6927937030769660        0.0000000000000000     
       (0.73414965238802254,-4.15237194860621907E-018)
   2.6927937030769660        3.1415926535897936     
         (1.3724402698550899,1.24729403284605609E-016)
   3.1415926535897936        0.0000000000000000     
       (0.87936924297317487,-1.11991389974071993E-017)
   3.1415926535897936        3.1415926535897936     
        (4.3615151804993380,-7.94300624317652174E-016)
   1.0000000000000000                1          28
               (0.0000000000000000,0.0000000000000000)
  -2.6927937030769660        0.0000000000000000     
       (0.82240452922980667,-2.12938498425410967E-016)
  -2.6927937030769660        3.1415926535897936     
        (1.6644847490856904,-7.66641298385945457E-016)
  -2.2439947525641384        0.0000000000000000     
       (0.78752330679823579,-1.49141324036892369E-016)
  -2.2439947525641384        3.1415926535897936     
         (1.0432983780031566,5.29604792747392294E-016)
  -1.7951958020513106        0.0000000000000000     
       (0.64897520382122120,-1.85045692172513572E-016)
  -1.7951958020513106        3.1415926535897936     
       (0.83190520474004281,-3.27472511669225796E-016)
  -1.3463968515384830        0.0000000000000000     
       (0.51947781406957561,-5.41165811348617797E-017)
  -1.3463968515384830        3.1415926535897936     
        (0.56589892465979796,2.33178966339621317E-016)
 -0.89759790102565529        0.0000000000000000     
       (0.34096402016379618,-1.04418092778669172E-016)
 -0.89759790102565529        3.1415926535897936     
       (0.41862866267030785,-2.30783589921908509E-016)
 -0.44879895051282764        0.0000000000000000     
        (0.13850338384812136,8.39297042357676344E-017)
 -0.44879895051282764        3.1415926535897936     
       (0.38725833284469741,-8.27761275388367866E-017)
   0.0000000000000000        0.0000000000000000     
              (0.20211440650890541,0.0000000000000000)
   0.0000000000000000        3.1415926535897936     
       (0.43251341205570260,-3.70509859282777173E-017)
  0.44879895051282764        0.0000000000000000     
       (0.13850338384812136,-8.39297042357676344E-017)
  0.44879895051282764        3.1415926535897936     
       (0.38725833284469757,-9.53078166856871885E-017)
  0.89759790102565529        0.0000000000000000     
        (0.34096402016379618,1.04418092778669172E-016)
  0.89759790102565529        3.1415926535897936     
        (0.41862866267030785,2.78910326283476319E-016)
   1.3463968515384830        0.0000000000000000     
        (0.51947781406957561,5.41165811348617797E-017)
   1.3463968515384830        3.1415926535897936     
       (0.56589892465979796,-2.78634185440448692E-016)
   1.7951958020513106        0.0000000000000000     
        (0.64897520382122120,1.85045692172513572E-016)
   1.7951958020513106        3.1415926535897936     
        (0.83190520474004270,3.01556250615578879E-016)
   2.2439947525641384        0.0000000000000000     
        (0.78752330679823579,1.49141324036892369E-016)
   2.2439947525641384        3.1415926535897936     
        (1.0432983780031566,-6.30571163079477496E-016)
   2.6927937030769660        0.0000000000000000     
        (0.82240452922980667,2.12938498425410967E-016)
   2.6927937030769660        3.1415926535897936     
         (1.6644847490856904,5.87308936339880510E-017)
   3.1415926535897936        0.0000000000000000     
        (0.79205552192008721,2.76741781945128956E-017)
   3.1415926535897936        3.1415926535897936     
        (4.1820487317657991,-7.87955956456234300E-016)
   1.0000000000000000                1          28
               (0.0000000000000000,0.0000000000000000)
  -2.6927937030769660        0.0000000000000000     
         (1.2344470975958131,6.19750690037362954E-017)
  -2.6927937030769660        3.1415926535897936     
        (1.2547576179308346,-7.69371804486304514E-016)
  -2.2439947525641384        0.0000000000000000     
       (0.96418282509450759,-2.54992400531550985E-016)
  -2.2439947525641384        3.1415926535897936     
        (0.81279175261973446,1.19715038911736781E-016)
  -1.7951958020513106        0.0000000000000000     
        (0.51648825012071120,9.17354657455177472E-017)
  -1.7951958020513106        3.1415926535897936     
        (1.0418522449839633,-2.46118830069329689E-016)
  -1.3463968515384830        0.0000000000000000     
        (0.41955805897643356,1.27615754730297051E-016)
  -1.3463968515384830        3.1415926535897936     
       (0.68401581989752736,-5.46106991944746903E-017)
 -0.89759790102565529        0.0000000000000000     
        (0.42452718675718665,4.58677328727588736E-017)
 -0.89759790102565529        3.1415926535897936     
        (0.26970356612259033,2.06847286760043633E-018)
 -0.44879895051282764        0.0000000000000000     
       (0.42352880311277158,-3.87941953595959579E-017)
 -0.44879895051282764        3.1415926535897936     
        (0.13872346439073197,1.29122070899883229E-016)
   0.0000000000000000        0.0000000000000000     
             (-0.32665794049173458,0.0000000000000000)
   0.0000000000000000        3.1415926535897936     
        (1.0021627924317678,-2.13690671797419306E-016)
  0.44879895051282764        0.0000000000000000     
        (0.42352880311277158,3.87941953595959579E-017)
  0.44879895051282764        3.1415926535897936     
       (0.13872346439073194,-2.08653935687790005E-017)
  0.89759790102565529        0.0000000000000000     
       (0.42452718675718665,-4.58677328727588736E-017)
  0.89759790102565529        3.1415926535897936     
        (0.26970356612259039,1.95953461159962383E-017)
   1.3463968515384830        0.0000000000000000     
       (0.41955805897643356,-1.27615754730297051E-016)
   1.3463968515384830        3.1415926535897936     
       (0.68401581989752758,-8.48221563879479557E-017)
   1.7951958020513106        0.0000000000000000     
       (0.51648825012071120,-9.17354657455177472E-017)
   1.7951958020513106        3.1415926535897936     
        (1.0418522449839636,-5.85375241983102937E-017)
   2.2439947525641384        0.0000000000000000     
        (0.96418282509450759,2.54992400531550985E-016)
   2.2439947525641384        3.1415926535897936     
       (0.81279175261973435,-4.49471841572757655E-016)
   2.6927937030769660        0.0000000000000000     
        (1.2344470975958131,-6.19750690037362954E-017)
   2.6927937030769660        3.1415926535897936     
         (1.2547576179308353,3.21972489909715884E-016)
   3.1415926535897936        0.0000000000000000     
        (0.10182361131596700,5.92816845545200446E-017)
   3.1415926535897936        3.1415926535897936     
        (4.7473620169877222,-7.29725303654547125E-016)
   1.0000000000000000                1          28
               (0.0000000000000000,0.0000000000000000)
  -2.6927937030769660        0.0000000000000000     
        (0.83227540605682349,3.23629624055022105E-017)
  -2.6927937030769660        3.1415926535897936     
        (1.6046763696147064,-7.80403575986586788E-016)
  -2.2439947525641384        0.0000000000000000     
        (0.86915690472162743,1.07080706856009264E-017)
  -2.2439947525641384        3.1415926535897936     
        (0.99377813442787932,5.40508480588512184E-016)
  -1.7951958020513106        0.0000000000000000     
       (0.68687555493180141,-1.01364247452180570E-017)
  -1.7951958020513106        3.1415926535897936     
       (0.78482207061268405,-3.23432958536227886E-016)
  -1.3463968515384830        0.0000000000000000     
       (0.43351628887425020,-2.60034038397205152E-016)
  -1.3463968515384830        3.1415926535897936     
        (0.56567859243039798,2.14385576754689469E-016)
 -0.89759790102565529        0.0000000000000000     
       (0.36725743150604367,-1.71601666066382530E-016)
 -0.89759790102565529        3.1415926535897936     
       (0.44151037954513067,-9.33351053467728611E-017)
 -0.44879895051282764        0.0000000000000000     
       (0.17668727753089208,-2.91865516601285299E-017)
 -0.44879895051282764        3.1415926535897936     
       (0.40907145988915705,-3.28066059254416737E-017)
   0.0000000000000000        0.0000000000000000     
         (3.34319707647553616E-002,0.0000000000000000)
   0.0000000000000000        3.1415926535897936     
       (0.43715698587299878,-6.49239341036608732E-017)
  0.44879895051282764        0.0000000000000000     
        (0.17668727753089208,2.91865516601285299E-017)
  0.44879895051282764        3.1415926535897936     
       (0.40907145988915689,-1.26486739237705520E-016)
  0.89759790102565529        0.0000000000000000     
        (0.36725743150604367,1.71601666066382530E-016)
  0.89759790102565529        3.1415926535897936     
        (0.44151037954513067,2.06652387770121238E-016)
   1.3463968515384830        0.0000000000000000     
        (0.43351628887425020,2.60034038397205152E-016)
   1.3463968515384830        3.1415926535897936     
       (0.56567859243039809,-1.96005455702753393E-016)
   1.7951958020513106        0.0000000000000000     
        (0.68687555493180141,1.01364247452180570E-017)
   1.7951958020513106        3.1415926535897936     
        (0.78482207061268405,3.36773495330724816E-016)
   2.2439947525641384        0.0000000000000000     
       (0.86915690472162743,-1.07080706856009264E-017)
   2.2439947525641384        3.1415926535897936     
       (0.99377813442787954,-5.77639510767833861E-016)
   2.6927937030769660        0.0000000000000000     
       (0.83227540605682349,-3.23629624055022105E-017)
   2.6927937030769660        3.1415926535897936     
         (1.6046763696147062,2.45181600050824218E-017)
   3.1415926535897936        0.0000000000000000     
        (0.78523883129194239,1.19926798037392306E-017)
   3.1415926535897936        3.1415926535897936     
        (4.2010203633936678,-7.77825047686057049E-016)
   1.0000000000000000                1          28
               (0.0000000000000000,0.0000000000000000)
  -2.6927937030769660        0.0000000000000000     
        (0.92313994288688073,6.40800008286139585E-017)
  -2.6927937030769660        3.1415926535897936     
        (1.5815746158651691,-7.07992686962878022E-016)
  -2.2439947525641384        0.0000000000000000     
       (0.81125912009671641,-1.41125608408925291E-017)
  -2.2439947525641384        3.1415926535897936     
         (1.0749876435178478,4.36648045897626347E-016)
  -1.7951958020513106        0.0000000000000000     
       (0.69693635422652656,-3.09974031758892913E-017)
  -1.7951958020513106        3.1415926535897936     
       (0.79371255346303482,-2.31771468049921099E-016)
  -1.3463968515384830        0.0000000000000000     
       (0.52516358310700462,-1.60905172915441213E-016)
  -1.3463968515384830        3.1415926535897936     
        (0.57336884098986318,1.54715856294071794E-016)
 -0.89759790102565529        0.0000000000000000     
       (0.31730053202222874,-7.89400172808107363E-017)
 -0.89759790102565529        3.1415926535897936     
       (0.45016809065821534,-1.96137801488536026E-016)
 -0.44879895051282764        0.0000000000000000     
       (0.11813970257816278,-2.00062248216565938E-017)
 -0.44879895051282764        3.1415926535897936     
        (0.41451809908730286,9.80784470904219584E-018)
   0.0000000000000000        0.0000000000000000     
         (4.89160649776037779E-002,0.0000000000000000)
   0.0000000000000000        3.1415926535897936     
       (0.40593965916558233,-5.74137728282648342E-017)
  0.44879895051282764        0.0000000000000000     
        (0.11813970257816278,2.00062248216565938E-017)
  0.44879895051282764        3.1415926535897936     
       (0.41451809908730286,-1.76493204002151302E-016)
  0.89759790102565529        0.0000000000000000     
        (0.31730053202222874,7.89400172808107363E-017)
  0.89759790102565529        3.1415926535897936     
        (0.45016809065821534,1.96295449708620159E-016)
   1.3463968515384830        0.0000000000000000     
        (0.52516358310700462,1.60905172915441213E-016)
   1.3463968515384830        3.1415926535897936     
       (0.57336884098986307,-1.35030865497889722E-016)
   1.7951958020513106        0.0000000000000000     
        (0.69693635422652656,3.09974031758892913E-017)
   1.7951958020513106        3.1415926535897936     
        (0.79371255346303493,2.75527792946605038E-016)
   2.2439947525641384        0.0000000000000000     
        (0.81125912009671641,1.41125608408925291E-017)
   2.2439947525641384        3.1415926535897936     
        (1.0749876435178480,-5.35915522025568064E-016)
   2.6927937030769660        0.0000000000000000     
       (0.92313994288688073,-6.40800008286139585E-017)
   2.6927937030769660        3.1415926535897936     
         (1.5815746158651700,2.08532746239396114E-016)
   3.1415926535897936        0.0000000000000000     
        (0.83407813388730656,3.47457962002528747E-017)
   3.1415926535897936        3.1415926535897936     
        (4.0009963086558731,-7.78625223398965639E-016)
   1.0000000000000000                1          28
               (0.0000000000000000,0.0000000000000000)
  -2.6927937030769660        0.0000000000000000     
        (0.87890965510455132,9.43517911176102126E-017)
  -2.6927937030769660        3.1415926535897936     
        (1.6151534163939680,-4.84919917785249455E-016)
  -2.2439947525641384        0.0000000000000000     
       (0.83933393253212141,-3.05306272897657072E-017)
  -2.2439947525641384        3.1415926535897936     
         (1.1726294226949627,4.65903191542482561E-016)
  -1.7951958020513106        0.0000000000000000     
       (0.66755390005854809,-5.15713120763196667E-017)
  -1.7951958020513106        3.1415926535897936     
       (0.76386755960620945,-2.90330740502790399E-016)
  -1.3463968515384830        0.0000000000000000     
        (0.48088390180285157,4.37017344164859121E-018)
  -1.3463968515384830        3.1415926535897936     
        (0.54973019155497904,3.10964836568064817E-016)
 -0.89759790102565529        0.0000000000000000     
        (0.31972730657234510,5.35159885779227692E-017)
 -0.89759790102565529        3.1415926535897936     
       (0.44905588425266352,-6.59243245569083712E-017)
 -0.44879895051282764        0.0000000000000000     
       (0.13530049246116266,-1.61570790136301814E-016)
 -0.44879895051282764        3.1415926535897936     
       (0.44289732472305587,-5.17075663471518078E-017)
   0.0000000000000000        0.0000000000000000     
         (1.31022700374030365E-002,0.0000000000000000)
   0.0000000000000000        3.1415926535897936     
       (0.37740016733793968,-5.85835699878566258E-017)
  0.44879895051282764        0.0000000000000000     
        (0.13530049246116266,1.61570790136301814E-016)
  0.44879895051282764        3.1415926535897936     
       (0.44289732472305599,-9.66474010766738876E-017)
  0.89759790102565529        0.0000000000000000     
       (0.31972730657234510,-5.35159885779227692E-017)
  0.89759790102565529        3.1415926535897936     
        (0.44905588425266324,7.65392947327635554E-017)
   1.3463968515384830        0.0000000000000000     
       (0.48088390180285157,-4.37017344164859121E-018)
   1.3463968515384830        3.1415926535897936     
       (0.54973019155497893,-2.90710588637768845E-016)
   1.7951958020513106        0.0000000000000000     
        (0.66755390005854809,5.15713120763196667E-017)
   1.7951958020513106        3.1415926535897936     
        (0.76386755960620933,3.65238466111793566E-016)
   2.2439947525641384        0.0000000000000000     
        (0.83933393253212141,3.05306272897657072E-017)
   2.2439947525641384        3.1415926535897936     
        (1.1726294226949627,-5.01160094843444465E-016)
   2.6927937030769660        0.0000000000000000     
       (0.87890965510455132,-9.43517911176102126E-017)
   2.6927937030769660        3.1415926535897936     
         (1.6151534163939687,2.66411558314747021E-016)
   3.1415926535897936        0.0000000000000000     
       (0.87787107558740707,-8.36049874831842719E-018)
   3.1415926535897936        3.1415926535897936     
        (4.0619025416493839,-8.40064496925267465E-016)
   1.0000000000000000                1          28
               (0.0000000000000000,0.0000000000000000)
  -2.6927937030769660        0.0000000000000000     
       (0.86500719931334535,-1.48533333549177490E-017)
  -2.6927937030769660        3.1415926535897936     
        (1.6490170117331373,-7.04369164218544524E-016)
  -2.2439947525641384        0.0000000000000000     
       (0.81800301702737566,-6.10439496430788536E-017)
  -2.2439947525641384        3.1415926535897936     
         (1.0719072951014177,1.28510017370450687E-016)
  -1.7951958020513106        0.0000000000000000     
       (0.67390547775018395,-1.13062066406486490E-016)
  -1.7951958020513106        3.1415926535897936     
       (0.84856176195865607,-2.28116339528242902E-016)
  -1.3463968515384830        0.0000000000000000     
       (0.55194734629221232,-7.78226012848299350E-017)
  -1.3463968515384830        3.1415926535897936     
        (0.52776099966567658,1.39962307069057085E-016)
 -0.89759790102565529        0.0000000000000000     
        (0.30580655627814374,4.25960225668600288E-017)
 -0.89759790102565529        3.1415926535897936     
       (0.43148973131054974,-8.19012973544289681E-017)
 -0.44879895051282764        0.0000000000000000     
  (9.80462255132772686E-002,-5.30186691298630597E-017)
 -0.44879895051282764        3.1415926535897936     
       (0.42619768147748355,-1.00073065644058973E-016)
   0.0000000000000000        0.0000000000000000     
              (0.17607124769498950,0.0000000000000000)
   0.0000000000000000        3.1415926535897936     
       (0.36829944634458839,-3.09126520154959760E-017)
  0.44879895051282764        0.0000000000000000     
   (9.80462255132772686E-002,5.30186691298630597E-017)
  0.44879895051282764        3.1415926535897936     
       (0.42619768147748377,-3.97579929449928887E-017)
  0.89759790102565529        0.0000000000000000     
       (0.30580655627814374,-4.25960225668600288E-017)
  0.89759790102565529        3.1415926535897936     
        (0.43148973131054985,1.50706714660071738E-016)
   1.3463968515384830        0.0000000000000000     
        (0.55194734629221232,7.78226012848299350E-017)
   1.3463968515384830        3.1415926535897936     
       (0.52776099966567647,-6.10221652217512984E-017)
   1.7951958020513106        0.0000000000000000     
        (0.67390547775018395,1.13062066406486490E-016)
   1.7951958020513106        3.1415926535897936     
        (0.84856176195865607,1.57106362142545373E-016)
   2.2439947525641384        0.0000000000000000     
        (0.81800301702737566,6.10439496430788536E-017)
   2.2439947525641384        3.1415926535897936     
        (1.0719072951014172,-2.63684315986567976E-016)
   2.6927937030769660        0.0000000000000000     
        (0.86500719931334535,1.48533333549177490E-017)
   2.6927937030769660        3.1415926535897936     
         (1.6490170117331373,2.88397032752887659E-016)
   3.1415926535897936        0.0000000000000000     
        (0.86541569895661485,1.23415216479931019E-017)
   3.1415926535897936        3.1415926535897936     
        (3.8824089434561579,-7.30582938975001860E-016)
