   -2.692794      0.000000
  1    1        0.93022446        0.08263398        0.00000000        0.00000000
   -2.692794      3.141593
  1    1        1.49238751        0.11413046       -0.00000000        0.00000000
   -2.243995      0.000000
  1    1        0.89529912        0.03553459       -0.00000000        0.00000000
   -2.243995      3.141593
  1    1        1.01780752        0.06159462        0.00000000        0.00000000
   -1.795196      0.000000
  1    1        0.62466852        0.04361421        0.00000000        0.00000000
   -1.795196      3.141593
  1    1        0.86991168        0.04918133       -0.00000000        0.00000000
   -1.346397      0.000000
  1    1        0.50055221        0.03465832       -0.00000000        0.00000000
   -1.346397      3.141593
  1    1        0.56178109        0.03788136        0.00000000        0.00000000
   -0.897598      0.000000
  1    1        0.36082719        0.02056216       -0.00000000        0.00000000
   -0.897598      3.141593
  1    1        0.44611495        0.05692863       -0.00000000        0.00000000
   -0.448799      0.000000
  1    1        0.14463255        0.08435723        0.00000000        0.00000000
   -0.448799      3.141593
  1    1        0.34991920        0.05947412        0.00000000        0.00000000
    0.000000      0.000000
  1    1        0.07342347        0.12762031        0.00000000        0.00000000
    0.000000      3.141593
  1    1        0.53467490        0.11681029       -0.00000000        0.00000000
    0.448799      0.000000
  1    1        0.14463255        0.08435723       -0.00000000        0.00000000
    0.448799      3.141593
  1    1        0.34991920        0.05947412       -0.00000000        0.00000000
    0.897598      0.000000
  1    1        0.36082719        0.02056216        0.00000000        0.00000000
    0.897598      3.141593
  1    1        0.44611495        0.05692863        0.00000000        0.00000000
    1.346397      0.000000
  1    1        0.50055221        0.03465832        0.00000000        0.00000000
    1.346397      3.141593
  1    1        0.56178109        0.03788136       -0.00000000        0.00000000
    1.795196      0.000000
  1    1        0.62466852        0.04361421       -0.00000000        0.00000000
    1.795196      3.141593
  1    1        0.86991168        0.04918133        0.00000000        0.00000000
    2.243995      0.000000
  1    1        0.89529912        0.03553459        0.00000000        0.00000000
    2.243995      3.141593
  1    1        1.01780752        0.06159462       -0.00000000        0.00000000
    2.692794      0.000000
  1    1        0.93022446        0.08263398       -0.00000000        0.00000000
    2.692794      3.141593
  1    1        1.49238751        0.11413046        0.00000000        0.00000000
    3.141593      0.000000
  1    1        0.69622028        0.14935547        0.00000000        0.00000000
    3.141593      3.141593
  1    1        4.19299682        0.34188229       -0.00000000        0.00000000
