         101           5   20.000000000000000                1
     0.0000000        0.62822521        0.04055947
     0.1000000        0.51724383        0.03598045
     0.2000000        0.43150416        0.04486839
     0.3000000        0.36086322        0.06100523
     0.4000000        0.30261140        0.07434352
     0.5000000        0.25976649        0.08714400
     0.6000000        0.25046394        0.04732519
     0.7000000        0.18924593        0.07401730
     0.8000000        0.19036512        0.08218638
     0.9000000        0.16756978        0.03524895
     1.0000000        0.13645638        0.04457589
     1.1000000        0.16858531        0.03116818
     1.2000000        0.15014405        0.08610802
     1.3000000        0.26717520        0.20713128
     1.4000000        0.16775243        0.07242504
     1.5000000        0.12983174        0.04167146
     1.6000000        0.15604422        0.04012166
     1.7000000        0.18390613        0.05651095
     1.8000000        0.16208909        0.04233955
     1.9000000        0.34231197        0.20570593
     2.0000000        0.21772867        0.09137707
     2.1000000        0.20521418        0.09519751
     2.2000000        0.13995883        0.03843390
     2.3000000        0.17308104        0.06753715
     2.4000000        0.12002741        0.03159959
     2.5000000        0.10683091        0.03330346
     2.6000000        0.12453597        0.05581302
     2.7000000        0.12366448        0.04579346
     2.8000000        0.15344074        0.10086342
     2.9000000        0.14784205        0.09444873
     3.0000000        0.29718378        0.26050062
     3.1000000        0.28389132        0.25837764
     3.2000000        0.15590645        0.11065111
     3.3000000        0.28067418        0.27956161
     3.4000000        0.11607405        0.10696259
     3.5000000        0.05708364        0.04485911
     3.6000000        0.07440062        0.06073703
     3.7000000        0.10633153        0.09349887
     3.8000000        0.05606323        0.03350785
     3.9000000        0.12421268        0.10726995
     4.0000000        0.08391986        0.06960226
     4.1000000        0.08517374        0.09459228
     4.2000000        0.07909605        0.07853575
     4.3000000        0.03617468        0.03992065
     4.4000000        0.11221198        0.10504007
     4.5000000        0.06888364        0.05942894
     4.6000000        0.09896274        0.11413205
     4.7000000        0.02836161        0.03996042
     4.8000000       -0.01895569        0.01810142
     4.9000000       -0.00681340        0.01643592
     5.0000000       -0.01790777        0.01696986
     5.1000000       -0.02083297        0.01082067
     5.2000000        0.04460348        0.07305104
     5.3000000        0.04113178        0.05813921
     5.4000000        0.00379089        0.00964629
     5.5000000        0.00874437        0.02707855
     5.6000000       -0.00775838        0.00728195
     5.7000000       -0.01431905        0.00653469
     5.8000000       -0.02688696        0.01864579
     5.9000000       -0.01136690        0.01527262
     6.0000000       -0.01207512        0.01752854
     6.1000000       -0.01695536        0.01385053
     6.2000000       -0.01182129        0.00893598
     6.3000000       -0.00530012        0.02383322
     6.4000000       -0.01949862        0.01429606
     6.5000000       -0.01244086        0.01115918
     6.6000000       -0.02184503        0.01630476
     6.7000000       -0.02404296        0.01811727
     6.8000000       -0.03117312        0.03595006
     6.9000000       -0.02394411        0.02381567
     7.0000000       -0.02582785        0.02676736
     7.1000000       -0.00881632        0.01537149
     7.2000000       -0.01198212        0.02373690
     7.3000000       -0.00215497        0.01379795
     7.4000000       -0.00172973        0.01349764
     7.5000000        0.00160176        0.00954789
     7.6000000        0.00082736        0.00414212
     7.7000000       -0.00493734        0.01031557
     7.8000000        0.00441148        0.00796786
     7.9000000       -0.00502272        0.01744425
     8.0000000       -0.06607545        0.04894217
     8.1000000       -0.04504353        0.02533382
     8.2000000       -0.01619304        0.00688231
     8.3000000       -0.01401313        0.01015993
     8.4000000       -0.00550608        0.00670613
     8.5000000       -0.01393546        0.01093145
     8.6000000       -0.01402483        0.01091613
     8.7000000       -0.04063423        0.03215948
     8.8000000       -0.08968281        0.10849042
     8.9000000       -0.02297884        0.04208546
     9.0000000        0.02376266        0.03474280
     9.1000000        0.02403968        0.03104505
     9.2000000        0.03313213        0.04165587
     9.3000000        0.00865201        0.02025970
     9.4000000        0.00767984        0.03400112
     9.5000000        0.00831662        0.01602676
     9.6000000        0.01794222        0.01236933
     9.7000000        0.00944045        0.01759781
     9.8000000        0.00798767        0.00809014
     9.9000000        0.01290619        0.00526308
    10.0000000        0.00961587        0.00643989
