     0.0000000        0.25837334        0.00040768
     0.1250000        0.12434825        0.00023975
     0.2500000        0.06040970        0.00017493
     0.3750000        0.02976940        0.00013734
     0.5000000        0.01520874        0.00010736
     0.6250000        0.00823057        0.00007664
     0.7500000        0.00477449        0.00006045
     0.8750000        0.00308264        0.00004822
     1.0000000        0.00221471        0.00003953
     1.1250000        0.00177183        0.00003594
     1.2500000        0.00158718        0.00002845
     1.3750000        0.00152368        0.00003247
     1.5000000        0.00144180        0.00003020
     1.6250000        0.00138541        0.00002397
     1.7500000        0.00134775        0.00002221
     1.8750000        0.00132163        0.00001931
     2.0000000        0.00130569        0.00001737
     2.1250000        0.00131441        0.00001886
     2.2500000        0.00132658        0.00001966
     2.3750000        0.00134987        0.00001909
     2.5000000        0.00140213        0.00002134
     2.6250000        0.00150315        0.00002393
     2.7500000        0.00167277        0.00002514
     2.8750000        0.00193410        0.00002701
     3.0000000        0.00234934        0.00003313
     3.1250000        0.00319149        0.00004127
     3.2500000        0.00489231        0.00004813
     3.3750000        0.00833061        0.00006820
     3.5000000        0.01532891        0.00009680
     3.6250000        0.02973060        0.00016605
     3.7500000        0.06008491        0.00022365
     3.8750000        0.12392627        0.00030190
     4.0000000        0.25837334        0.00040768
