     0.0000000        0.38936914        0.01760538
     0.1000000        0.28543786        0.01804932
     0.2000000        0.22802784        0.01758021
     0.3000000        0.18466488        0.01746021
     0.4000000        0.15425392        0.01838309
     0.5000000        0.13033835        0.01565061
     0.6000000        0.11367869        0.01418056
     0.7000000        0.09751328        0.01032238
     0.8000000        0.09000092        0.01327931
     0.9000000        0.07271811        0.00978071
     1.0000000        0.06542026        0.01158187
     1.1000000        0.05090733        0.01376620
     1.2000000        0.04190674        0.01173547
     1.3000000        0.04056188        0.01217429
     1.4000000        0.03110013        0.01283961
     1.5000000        0.02685590        0.01287969
     1.6000000        0.02305607        0.01173741
     1.7000000        0.01415239        0.01069317
     1.8000000        0.01429101        0.01212463
     1.9000000        0.01767361        0.01238919
     2.0000000        0.01778825        0.01203706
     2.1000000        0.00827509        0.00878334
     2.2000000        0.00961250        0.00972203
     2.3000000        0.01183445        0.00626744
     2.4000000        0.01039171        0.00611723
     2.5000000        0.01041639        0.00598788
     2.6000000        0.01282807        0.00660611
     2.7000000        0.01228225        0.00630114
     2.8000000        0.00961868        0.00528563
     2.9000000        0.00710958        0.00456056
     3.0000000        0.00798478        0.00524228
     3.1000000        0.01095198        0.00406217
     3.2000000        0.01155929        0.00337491
     3.3000000        0.01214554        0.00338131
     3.4000000        0.01321819        0.00361792
     3.5000000        0.01494236        0.00378848
     3.6000000        0.01289716        0.00310152
     3.7000000        0.01188024        0.00286063
     3.8000000        0.01116610        0.00289588
     3.9000000        0.01078541        0.00235470
     4.0000000        0.01272716        0.00311329
     4.1000000        0.01341910        0.00307507
     4.2000000        0.01662505        0.00370330
     4.3000000        0.01785552        0.00383973
     4.4000000        0.01929573        0.00407901
     4.5000000        0.02046846        0.00400383
     4.6000000        0.02180721        0.00374954
     4.7000000        0.02371321        0.00359498
     4.8000000        0.02584969        0.00408570
     4.9000000        0.03051067        0.00402108
     5.0000000        0.03361041        0.00461362
     5.1000000        0.03557234        0.00461178
     5.2000000        0.03832708        0.00465503
     5.3000000        0.04135984        0.00500910
     5.4000000        0.04676571        0.00677530
     5.5000000        0.04997340        0.00676124
     5.6000000        0.05511619        0.00789262
     5.7000000        0.05990899        0.00800972
     5.8000000        0.06334488        0.00703793
     5.9000000        0.06719712        0.00750677
     6.0000000        0.07101305        0.00844430
     6.1000000        0.07736888        0.00924686
     6.2000000        0.08454829        0.00914142
     6.3000000        0.09411785        0.01018761
     6.4000000        0.10386980        0.01099503
     6.5000000        0.11166008        0.01157812
     6.6000000        0.12219934        0.01113308
     6.7000000        0.13144134        0.01380043
     6.8000000        0.13898654        0.01427037
     6.9000000        0.15022957        0.01536562
     7.0000000        0.16103609        0.01557891
     7.1000000        0.17384845        0.01395134
     7.2000000        0.18471042        0.01181383
     7.3000000        0.20060060        0.01411913
     7.4000000        0.21464373        0.01320532
     7.5000000        0.23335439        0.01562547
     7.6000000        0.26037842        0.01914685
     7.7000000        0.27581405        0.01292216
     7.8000000        0.30156595        0.01326312
     7.9000000        0.32042172        0.01403914
     8.0000000        0.34654171        0.01325830
     8.1000000        0.36859157        0.01464987
     8.2000000        0.39643471        0.01563525
     8.3000000        0.42160753        0.01591852
     8.4000000        0.44939125        0.01879200
     8.5000000        0.48386899        0.01862929
     8.6000000        0.52117690        0.02061899
     8.7000000        0.55921576        0.01988804
     8.8000000        0.61142195        0.02265014
     8.9000000        0.66870784        0.02495701
     9.0000000        0.71862834        0.02692213
     9.1000000        0.77547362        0.02375174
     9.2000000        0.84232435        0.02468012
     9.3000000        0.91995799        0.02186657
     9.4000000        1.00116829        0.01950655
     9.5000000        1.09179214        0.02147080
     9.6000000        1.17630540        0.01514409
     9.7000000        1.26767070        0.01662334
     9.8000000        1.37489872        0.02329596
     9.9000000        1.49374123        0.02216825
    10.0000000        1.61063086        0.01760538
