   -2.917193      0.000000
  1    1        0.00398533        0.00011603       -0.00015321        0.00007686
   -2.692794      0.000000
  1    1        0.00546186        0.00013535       -0.00008270        0.00008446
   -2.468394      0.000000
  1    1        0.00806747        0.00016620       -0.00009937        0.00015737
   -2.243995      0.000000
  1    1        0.01223950        0.00022966       -0.00009057        0.00013367
   -2.019595      0.000000
  1    1        0.01897746        0.00036769       -0.00012834        0.00019712
   -1.795196      0.000000
  1    1        0.03226542        0.00054767        0.00039814        0.00033632
   -1.570796      0.000000
  1    1        0.50000000        0.00000000        0.00000000        0.00000000
   -1.346397      0.000000
  1    1        0.96773458        0.00054767       -0.00039814        0.00033632
   -1.121997      0.000000
  1    1        0.98102254        0.00036769        0.00012834        0.00019712
   -0.897598      0.000000
  1    1        0.98776050        0.00022966        0.00009057        0.00013367
   -0.673198      0.000000
  1    1        0.99193253        0.00016620        0.00009937        0.00015737
   -0.448799      0.000000
  1    1        0.99453814        0.00013535        0.00008270        0.00008446
   -0.224399      0.000000
  1    1        0.99601467        0.00011603        0.00015321        0.00007686
    0.000000      0.000000
  1    1        0.99653003        0.00016438        0.00000000        0.00000000
    0.224399      0.000000
  1    1        0.99601467        0.00011603       -0.00015321        0.00007686
    0.448799      0.000000
  1    1        0.99453814        0.00013535       -0.00008270        0.00008446
    0.673198      0.000000
  1    1        0.99193253        0.00016620       -0.00009937        0.00015737
    0.897598      0.000000
  1    1        0.98776050        0.00022966       -0.00009057        0.00013367
    1.121997      0.000000
  1    1        0.98102254        0.00036769       -0.00012834        0.00019712
    1.346397      0.000000
  1    1        0.96773458        0.00054767        0.00039814        0.00033632
    1.570796      0.000000
  1    1        0.50000000        0.00000000       -0.00000000        0.00000000
    1.795196      0.000000
  1    1        0.03226542        0.00054767       -0.00039814        0.00033632
    2.019595      0.000000
  1    1        0.01897746        0.00036769        0.00012834        0.00019712
    2.243995      0.000000
  1    1        0.01223950        0.00022966        0.00009057        0.00013367
    2.468394      0.000000
  1    1        0.00806747        0.00016620        0.00009937        0.00015737
    2.692794      0.000000
  1    1        0.00546186        0.00013535        0.00008270        0.00008446
    2.917193      0.000000
  1    1        0.00398533        0.00011603        0.00015321        0.00007686
    3.141593      0.000000
  1    1        0.00346997        0.00016438       -0.00000000        0.00000000
