   1.0000000000000000                1          28
              (0.50000000000866862,0.0000000000000000)
  -2.9171931783333798        0.0000000000000000     
       (0.62089422328363875,-7.83272787676915761E-016)
  -2.6927937030769660        0.0000000000000000     
        (0.42590176244019951,1.91456721230549567E-015)
  -2.4683942278205522        0.0000000000000000     
       (0.34386451376743332,-6.63058068778405030E-016)
  -2.2439947525641384        0.0000000000000000     
        (0.26767761721272348,1.46128558601943798E-015)
  -2.0195952773077246        0.0000000000000000     
       (0.21435965299367490,-1.65494348934164705E-015)
  -1.7951958020513106        0.0000000000000000     
        (0.18967380970021552,6.09618621816371252E-016)
  -1.5707963267948968        0.0000000000000000     
       (0.14910352854694089,-7.08114551599281036E-016)
  -1.3463968515384830        0.0000000000000000     
        (0.11651039168899878,1.06037574415365526E-015)
  -1.1219973762820692        0.0000000000000000     
  (9.60366913853643728E-002,-9.36827069011533832E-016)
 -0.89759790102565529        0.0000000000000000     
   (7.68780967518601505E-002,3.68250626601051735E-016)
 -0.67319842576924149        0.0000000000000000     
  (5.52815777664930411E-002,-6.25349845616126817E-016)
 -0.44879895051282764        0.0000000000000000     
   (3.64839745120266110E-002,2.95147615763041546E-016)
 -0.22439947525641382        0.0000000000000000     
  (1.67612863327354193E-002,-4.17199399576201651E-016)
   0.0000000000000000        0.0000000000000000     
               (7.0002733769589289,0.0000000000000000)
  0.22439947525641382        0.0000000000000000     
   (1.67612863327354193E-002,4.17199399576201651E-016)
  0.44879895051282764        0.0000000000000000     
  (3.64839745120266110E-002,-2.95147615763041546E-016)
  0.67319842576924149        0.0000000000000000     
   (5.52815777664930411E-002,6.25349845616126817E-016)
  0.89759790102565529        0.0000000000000000     
  (7.68780967518601505E-002,-3.68250626601051735E-016)
   1.1219973762820692        0.0000000000000000     
   (9.60366913853643728E-002,9.36827069011533832E-016)
   1.3463968515384830        0.0000000000000000     
       (0.11651039168899878,-1.06037574415365526E-015)
   1.5707963267948968        0.0000000000000000     
        (0.14910352854694089,7.08114551599281036E-016)
   1.7951958020513106        0.0000000000000000     
       (0.18967380970021552,-6.09618621816371252E-016)
   2.0195952773077246        0.0000000000000000     
        (0.21435965299367490,1.65494348934164705E-015)
   2.2439947525641384        0.0000000000000000     
       (0.26767761721272348,-1.46128558601943798E-015)
   2.4683942278205522        0.0000000000000000     
        (0.34386451376743332,6.63058068778405030E-016)
   2.6927937030769660        0.0000000000000000     
       (0.42590176244019951,-1.91456721230549567E-015)
   2.9171931783333798        0.0000000000000000     
        (0.62089422328363875,7.83272787676915761E-016)
   3.1415926535897936        0.0000000000000000     
        (1.7808723705191860,-1.54311173458429498E-015)
   1.0000000000000000                1          28
              (0.49999999999992778,0.0000000000000000)
  -2.9171931783333798        0.0000000000000000     
       (0.60680394190136566,-6.97964810960681641E-016)
  -2.6927937030769660        0.0000000000000000     
        (0.42718814748557232,1.67326641742346839E-015)
  -2.4683942278205522        0.0000000000000000     
       (0.32962399498938372,-6.74143037482401983E-016)
  -2.2439947525641384        0.0000000000000000     
        (0.25829945094165518,1.80804793317735408E-015)
  -2.0195952773077246        0.0000000000000000     
       (0.21489296210540423,-1.78027671751499783E-015)
  -1.7951958020513106        0.0000000000000000     
        (0.19023433070219178,5.59108732648900019E-016)
  -1.5707963267948968        0.0000000000000000     
       (0.14559225528225925,-7.85102779758007914E-016)
  -1.3463968515384830        0.0000000000000000     
        (0.12653359460297792,1.04281748471354894E-015)
  -1.1219973762820692        0.0000000000000000     
  (9.46043195799030207E-002,-9.51604953358326633E-016)
 -0.89759790102565529        0.0000000000000000     
   (7.37040649205820825E-002,4.69878313403048288E-016)
 -0.67319842576924149        0.0000000000000000     
  (5.30610049429133396E-002,-4.89688084510341439E-016)
 -0.44879895051282764        0.0000000000000000     
   (3.26377490354875649E-002,2.82520143471173738E-016)
 -0.22439947525641382        0.0000000000000000     
  (1.65422264708983136E-002,-1.49190236197195127E-016)
   0.0000000000000000        0.0000000000000000     
               (7.0001633409471840,0.0000000000000000)
  0.22439947525641382        0.0000000000000000     
   (1.65422264708983136E-002,1.49190236197195127E-016)
  0.44879895051282764        0.0000000000000000     
  (3.26377490354875649E-002,-2.82520143471173738E-016)
  0.67319842576924149        0.0000000000000000     
   (5.30610049429133396E-002,4.89688084510341439E-016)
  0.89759790102565529        0.0000000000000000     
  (7.37040649205820825E-002,-4.69878313403048288E-016)
   1.1219973762820692        0.0000000000000000     
   (9.46043195799030207E-002,9.51604953358326633E-016)
   1.3463968515384830        0.0000000000000000     
       (0.12653359460297792,-1.04281748471354894E-015)
   1.5707963267948968        0.0000000000000000     
        (0.14559225528225925,7.85102779758007914E-016)
   1.7951958020513106        0.0000000000000000     
       (0.19023433070219178,-5.59108732648900019E-016)
   2.0195952773077246        0.0000000000000000     
        (0.21489296210540423,1.78027671751499783E-015)
   2.2439947525641384        0.0000000000000000     
       (0.25829945094165518,-1.80804793317735408E-015)
   2.4683942278205522        0.0000000000000000     
        (0.32962399498938372,6.74143037482401983E-016)
   2.6927937030769660        0.0000000000000000     
       (0.42718814748557232,-1.67326641742346839E-015)
   2.9171931783333798        0.0000000000000000     
        (0.60680394190136566,6.97964810960681641E-016)
   3.1415926535897936        0.0000000000000000     
        (1.8604005731296103,-1.57020555951601622E-015)
   1.0000000000000000                1          28
              (0.49999999999978934,0.0000000000000000)
  -2.9171931783333798        0.0000000000000000     
       (0.68881649185220017,-4.57510197240713724E-016)
  -2.6927937030769660        0.0000000000000000     
        (0.43916357249857374,1.36857385387120312E-015)
  -2.4683942278205522        0.0000000000000000     
       (0.35452875077066193,-5.24569309856855458E-016)
  -2.2439947525641384        0.0000000000000000     
        (0.27552110256311663,1.32461066402482920E-015)
  -2.0195952773077246        0.0000000000000000     
       (0.22275960295511313,-1.54846416741149844E-015)
  -1.7951958020513106        0.0000000000000000     
        (0.17413037020354202,1.11682817540078037E-015)
  -1.5707963267948968        0.0000000000000000     
       (0.14765280834535149,-9.28313126783819927E-016)
  -1.3463968515384830        0.0000000000000000     
        (0.12868205926101622,7.39798078166859387E-016)
  -1.1219973762820692        0.0000000000000000     
  (9.58077812239581661E-002,-7.73327634474930254E-016)
 -0.89759790102565529        0.0000000000000000     
   (7.12018838384923386E-002,7.01157048009338868E-016)
 -0.67319842576924149        0.0000000000000000     
  (5.67857177093275475E-002,-4.01619696929862724E-016)
 -0.44879895051282764        0.0000000000000000     
   (3.79219958443772140E-002,4.14019839697535494E-016)
 -0.22439947525641382        0.0000000000000000     
  (1.71216139844972172E-002,-7.14540445391696448E-016)
   0.0000000000000000        0.0000000000000000     
               (7.0002177652690296,0.0000000000000000)
  0.22439947525641382        0.0000000000000000     
   (1.71216139844972172E-002,7.14540445391696448E-016)
  0.44879895051282764        0.0000000000000000     
  (3.79219958443772140E-002,-4.14019839697535494E-016)
  0.67319842576924149        0.0000000000000000     
   (5.67857177093275475E-002,4.01619696929862724E-016)
  0.89759790102565529        0.0000000000000000     
  (7.12018838384923386E-002,-7.01157048009338868E-016)
   1.1219973762820692        0.0000000000000000     
   (9.58077812239581661E-002,7.73327634474930254E-016)
   1.3463968515384830        0.0000000000000000     
       (0.12868205926101622,-7.39798078166859387E-016)
   1.5707963267948968        0.0000000000000000     
        (0.14765280834535149,9.28313126783819927E-016)
   1.7951958020513106        0.0000000000000000     
       (0.17413037020354202,-1.11682817540078037E-015)
   2.0195952773077246        0.0000000000000000     
        (0.22275960295511313,1.54846416741149844E-015)
   2.2439947525641384        0.0000000000000000     
       (0.27552110256311663,-1.32461066402482920E-015)
   2.4683942278205522        0.0000000000000000     
        (0.35452875077066193,5.24569309856855458E-016)
   2.6927937030769660        0.0000000000000000     
       (0.43916357249857374,-1.36857385387120312E-015)
   2.9171931783333798        0.0000000000000000     
        (0.68881649185220017,4.57510197240713724E-016)
   3.1415926535897936        0.0000000000000000     
        (1.5795947326246202,-1.47597835941044290E-015)
   1.0000000000000000                1          28
              (0.50000000000073153,0.0000000000000000)
  -2.9171931783333798        0.0000000000000000     
       (0.58600332949500467,-8.98589271043705386E-016)
  -2.6927937030769660        0.0000000000000000     
        (0.43642236486926761,1.80696249131948388E-015)
  -2.4683942278205522        0.0000000000000000     
       (0.34458694867413353,-1.04159705774843492E-015)
  -2.2439947525641384        0.0000000000000000     
        (0.26639945968019069,1.87859879786973912E-015)
  -2.0195952773077246        0.0000000000000000     
       (0.21716924528941797,-1.56548971483410312E-015)
  -1.7951958020513106        0.0000000000000000     
        (0.18119980146418033,8.79425925879136587E-016)
  -1.5707963267948968        0.0000000000000000     
       (0.13803318455020128,-8.51802763461398050E-016)
  -1.3463968515384830        0.0000000000000000     
        (0.11909146360731825,8.55900258890092444E-016)
  -1.1219973762820692        0.0000000000000000     
  (9.69600551610594330E-002,-9.55159727858086224E-016)
 -0.89759790102565529        0.0000000000000000     
   (7.55058593854255194E-002,3.12830331553836125E-016)
 -0.67319842576924149        0.0000000000000000     
  (5.45843983492770510E-002,-1.90045195596798374E-016)
 -0.44879895051282764        0.0000000000000000     
  (3.36344116001549148E-002,-1.29070754840979330E-016)
 -0.22439947525641382        0.0000000000000000     
  (1.53209183466142453E-002,-2.92322023351882082E-016)
   0.0000000000000000        0.0000000000000000     
               (6.9999703113622349,0.0000000000000000)
  0.22439947525641382        0.0000000000000000     
   (1.53209183466142453E-002,2.92322023351882082E-016)
  0.44879895051282764        0.0000000000000000     
   (3.36344116001549148E-002,1.29070754840979330E-016)
  0.67319842576924149        0.0000000000000000     
   (5.45843983492770510E-002,1.90045195596798374E-016)
  0.89759790102565529        0.0000000000000000     
  (7.55058593854255194E-002,-3.12830331553836125E-016)
   1.1219973762820692        0.0000000000000000     
   (9.69600551610594330E-002,9.55159727858086224E-016)
   1.3463968515384830        0.0000000000000000     
       (0.11909146360731825,-8.55900258890092444E-016)
   1.5707963267948968        0.0000000000000000     
        (0.13803318455020128,8.51802763461398050E-016)
   1.7951958020513106        0.0000000000000000     
       (0.18119980146418033,-8.79425925879136587E-016)
   2.0195952773077246        0.0000000000000000     
        (0.21716924528941797,1.56548971483410312E-015)
   2.2439947525641384        0.0000000000000000     
       (0.26639945968019069,-1.87859879786973912E-015)
   2.4683942278205522        0.0000000000000000     
        (0.34458694867413353,1.04159705774843492E-015)
   2.6927937030769660        0.0000000000000000     
       (0.43642236486926761,-1.80696249131948388E-015)
   2.9171931783333798        0.0000000000000000     
        (0.58600332949500467,8.98589271043705386E-016)
   3.1415926535897936        0.0000000000000000     
        (1.8702068077137592,-1.57672289553706477E-015)
   1.0000000000000000                1          28
              (0.49999999999888117,0.0000000000000000)
  -2.9171931783333798        0.0000000000000000     
       (0.64157149758741239,-4.24758624498050295E-016)
  -2.6927937030769660        0.0000000000000000     
        (0.44323292195609781,1.70362065969923351E-015)
  -2.4683942278205522        0.0000000000000000     
       (0.32504249522583428,-4.39149736905242851E-016)
  -2.2439947525641384        0.0000000000000000     
        (0.27432797980809204,1.64664029195195192E-015)
  -2.0195952773077246        0.0000000000000000     
       (0.23003901625846795,-2.03051866008194051E-015)
  -1.7951958020513106        0.0000000000000000     
        (0.17925183432472555,6.70885763748650767E-016)
  -1.5707963267948968        0.0000000000000000     
       (0.14389849330007623,-5.78954264182143715E-016)
  -1.3463968515384830        0.0000000000000000     
        (0.12227480223852336,8.04229343079967160E-016)
  -1.1219973762820692        0.0000000000000000     
  (9.47936468199959831E-002,-7.44018501359893434E-016)
 -0.89759790102565529        0.0000000000000000     
   (7.65303574283814764E-002,3.67163539720758463E-016)
 -0.67319842576924149        0.0000000000000000     
  (5.30150634578236343E-002,-3.70394013693550550E-016)
 -0.44879895051282764        0.0000000000000000     
   (3.55953758522576796E-002,2.47023085553245316E-016)
 -0.22439947525641382        0.0000000000000000     
  (1.38562394255826882E-002,-2.50394174162354852E-016)
   0.0000000000000000        0.0000000000000000     
               (7.0004636469948611,0.0000000000000000)
  0.22439947525641382        0.0000000000000000     
   (1.38562394255826882E-002,2.50394174162354852E-016)
  0.44879895051282764        0.0000000000000000     
  (3.55953758522576796E-002,-2.47023085553245316E-016)
  0.67319842576924149        0.0000000000000000     
   (5.30150634578236343E-002,3.70394013693550550E-016)
  0.89759790102565529        0.0000000000000000     
  (7.65303574283814764E-002,-3.67163539720758463E-016)
   1.1219973762820692        0.0000000000000000     
   (9.47936468199959831E-002,7.44018501359893434E-016)
   1.3463968515384830        0.0000000000000000     
       (0.12227480223852336,-8.04229343079967160E-016)
   1.5707963267948968        0.0000000000000000     
        (0.14389849330007623,5.78954264182143715E-016)
   1.7951958020513106        0.0000000000000000     
       (0.17925183432472555,-6.70885763748650767E-016)
   2.0195952773077246        0.0000000000000000     
        (0.23003901625846795,2.03051866008194051E-015)
   2.2439947525641384        0.0000000000000000     
       (0.27432797980809204,-1.64664029195195192E-015)
   2.4683942278205522        0.0000000000000000     
        (0.32504249522583428,4.39149736905242851E-016)
   2.6927937030769660        0.0000000000000000     
       (0.44323292195609781,-1.70362065969923351E-015)
   2.9171931783333798        0.0000000000000000     
        (0.64157149758741239,4.24758624498050295E-016)
   3.1415926535897936        0.0000000000000000     
        (1.7326769056072713,-1.53855642252148379E-015)
   1.0000000000000000                1          28
              (0.50000000000042266,0.0000000000000000)
  -2.9171931783333798        0.0000000000000000     
       (0.62876448486695169,-7.00038355321265608E-016)
  -2.6927937030769660        0.0000000000000000     
        (0.42780914989087410,1.45718210696068948E-015)
  -2.4683942278205522        0.0000000000000000     
       (0.31393197517568555,-5.97173966618486962E-016)
  -2.2439947525641384        0.0000000000000000     
        (0.22915044544357094,1.65566396779902487E-015)
  -2.0195952773077246        0.0000000000000000     
       (0.21449055913509182,-2.04039081883608963E-015)
  -1.7951958020513106        0.0000000000000000     
        (0.17067069681997030,5.30109192642009751E-016)
  -1.5707963267948968        0.0000000000000000     
       (0.14122405998734985,-6.92791438754043306E-016)
  -1.3463968515384830        0.0000000000000000     
        (0.11897771407044609,1.04579763194467524E-015)
  -1.1219973762820692        0.0000000000000000     
  (8.69520502075265961E-002,-6.37508036820914156E-016)
 -0.89759790102565529        0.0000000000000000     
   (6.36000948431331287E-002,2.49194267397788361E-016)
 -0.67319842576924149        0.0000000000000000     
  (5.37900078697675435E-002,-4.91178158125904589E-016)
 -0.44879895051282764        0.0000000000000000     
   (3.32382114486910393E-002,1.72178120468543725E-016)
 -0.22439947525641382        0.0000000000000000     
   (1.45645937946596860E-002,9.07291330502726416E-018)
   0.0000000000000000        0.0000000000000000     
               (7.0002056613391366,0.0000000000000000)
  0.22439947525641382        0.0000000000000000     
  (1.45645937946596860E-002,-9.07291330502726416E-018)
  0.44879895051282764        0.0000000000000000     
  (3.32382114486910393E-002,-1.72178120468543725E-016)
  0.67319842576924149        0.0000000000000000     
   (5.37900078697675435E-002,4.91178158125904589E-016)
  0.89759790102565529        0.0000000000000000     
  (6.36000948431331287E-002,-2.49194267397788361E-016)
   1.1219973762820692        0.0000000000000000     
   (8.69520502075265961E-002,6.37508036820914156E-016)
   1.3463968515384830        0.0000000000000000     
       (0.11897771407044609,-1.04579763194467524E-015)
   1.5707963267948968        0.0000000000000000     
        (0.14122405998734985,6.92791438754043306E-016)
   1.7951958020513106        0.0000000000000000     
       (0.17067069681997030,-5.30109192642009751E-016)
   2.0195952773077246        0.0000000000000000     
        (0.21449055913509182,2.04039081883608963E-015)
   2.2439947525641384        0.0000000000000000     
       (0.22915044544357094,-1.65566396779902487E-015)
   2.4683942278205522        0.0000000000000000     
        (0.31393197517568555,5.97173966618486962E-016)
   2.6927937030769660        0.0000000000000000     
       (0.42780914989087410,-1.45718210696068948E-015)
   2.9171931783333798        0.0000000000000000     
        (0.62876448486695169,7.00038355321265608E-016)
   3.1415926535897936        0.0000000000000000     
        (2.0054662515652639,-1.57590682458668499E-015)
   1.0000000000000000                1          28
              (0.49999999999657041,0.0000000000000000)
  -2.9171931783333798        0.0000000000000000     
       (0.62322548411141709,-8.64313732326732870E-016)
  -2.6927937030769660        0.0000000000000000     
        (0.40895552386935957,1.50719818698493304E-015)
  -2.4683942278205522        0.0000000000000000     
       (0.34052165404783896,-3.95389052348258389E-016)
  -2.2439947525641384        0.0000000000000000     
        (0.28311321935081196,1.81542962424406819E-015)
  -2.0195952773077246        0.0000000000000000     
       (0.22055807905582395,-1.72371024456377956E-015)
  -1.7951958020513106        0.0000000000000000     
        (0.18507547575781078,5.16739136387805864E-016)
  -1.5707963267948968        0.0000000000000000     
       (0.13736690136969390,-8.69108966557579849E-016)
  -1.3463968515384830        0.0000000000000000     
        (0.11685989368295487,1.12631682318805484E-015)
  -1.1219973762820692        0.0000000000000000     
  (9.87802225779713244E-002,-9.07714812122034093E-016)
 -0.89759790102565529        0.0000000000000000     
   (7.38851223711871341E-002,5.27995159888583736E-016)
 -0.67319842576924149        0.0000000000000000     
  (5.30320582416392919E-002,-6.90041042979759640E-016)
 -0.44879895051282764        0.0000000000000000     
   (3.46979506777575081E-002,3.27438895637157977E-016)
 -0.22439947525641382        0.0000000000000000     
   (1.66074204377154762E-002,2.48649104185050598E-016)
   0.0000000000000000        0.0000000000000000     
               (7.0002593329350011,0.0000000000000000)
  0.22439947525641382        0.0000000000000000     
  (1.66074204377154762E-002,-2.48649104185050598E-016)
  0.44879895051282764        0.0000000000000000     
  (3.46979506777575081E-002,-3.27438895637157977E-016)
  0.67319842576924149        0.0000000000000000     
   (5.30320582416392919E-002,6.90041042979759640E-016)
  0.89759790102565529        0.0000000000000000     
  (7.38851223711871341E-002,-5.27995159888583736E-016)
   1.1219973762820692        0.0000000000000000     
   (9.87802225779713244E-002,9.07714812122034093E-016)
   1.3463968515384830        0.0000000000000000     
       (0.11685989368295487,-1.12631682318805484E-015)
   1.5707963267948968        0.0000000000000000     
        (0.13736690136969390,8.69108966557579849E-016)
   1.7951958020513106        0.0000000000000000     
       (0.18507547575781078,-5.16739136387805864E-016)
   2.0195952773077246        0.0000000000000000     
        (0.22055807905582395,1.72371024456377956E-015)
   2.2439947525641384        0.0000000000000000     
       (0.28311321935081196,-1.81542962424406819E-015)
   2.4683942278205522        0.0000000000000000     
        (0.34052165404783896,3.95389052348258389E-016)
   2.6927937030769660        0.0000000000000000     
       (0.40895552386935957,-1.50719818698493304E-015)
   2.9171931783333798        0.0000000000000000     
        (0.62322548411141709,8.64313732326732870E-016)
   3.1415926535897936        0.0000000000000000     
        (1.8143826558650136,-1.54789398603656191E-015)
   1.0000000000000000                1          28
              (0.49999999999968475,0.0000000000000000)
  -2.9171931783333798        0.0000000000000000     
       (0.63335454634889643,-4.43930602441026275E-016)
  -2.6927937030769660        0.0000000000000000     
        (0.34706733962443181,1.57039686072997127E-015)
  -2.4683942278205522        0.0000000000000000     
       (0.30130099409466415,-6.01478369914334401E-016)
  -2.2439947525641384        0.0000000000000000     
        (0.28772547218251870,1.75173512158810424E-015)
  -2.0195952773077246        0.0000000000000000     
       (0.25716430803395662,-1.81861375863234583E-015)
  -1.7951958020513106        0.0000000000000000     
        (0.18277565472017090,7.06952307507760280E-016)
  -1.5707963267948968        0.0000000000000000     
       (0.12493103061580602,-6.78668971012702682E-016)
  -1.3463968515384830        0.0000000000000000     
        (0.11234559588603744,8.40709581596243460E-016)
  -1.1219973762820692        0.0000000000000000     
       (0.10601284145648503,-8.12426245101186060E-016)
 -0.89759790102565529        0.0000000000000000     
   (7.88230730667230095E-002,2.10733193444931456E-016)
 -0.67319842576924149        0.0000000000000000     
  (5.24137131771982290E-002,-2.61751501565956482E-016)
 -0.44879895051282764        0.0000000000000000     
   (3.40898521555810866E-002,2.63969885954630902E-016)
 -0.22439947525641382        0.0000000000000000     
   (1.52157591815214356E-002,7.41993330244993174E-017)
   0.0000000000000000        0.0000000000000000     
               (7.0001639096082027,0.0000000000000000)
  0.22439947525641382        0.0000000000000000     
  (1.52157591815214356E-002,-7.41993330244993174E-017)
  0.44879895051282764        0.0000000000000000     
  (3.40898521555810866E-002,-2.63969885954630902E-016)
  0.67319842576924149        0.0000000000000000     
   (5.24137131771982290E-002,2.61751501565956482E-016)
  0.89759790102565529        0.0000000000000000     
  (7.88230730667230095E-002,-2.10733193444931456E-016)
   1.1219973762820692        0.0000000000000000     
        (0.10601284145648503,8.12426245101186060E-016)
   1.3463968515384830        0.0000000000000000     
       (0.11234559588603744,-8.40709581596243460E-016)
   1.5707963267948968        0.0000000000000000     
        (0.12493103061580602,6.78668971012702682E-016)
   1.7951958020513106        0.0000000000000000     
       (0.18277565472017090,-7.06952307507760280E-016)
   2.0195952773077246        0.0000000000000000     
        (0.25716430803395662,1.81861375863234583E-015)
   2.2439947525641384        0.0000000000000000     
       (0.28772547218251870,-1.75173512158810424E-015)
   2.4683942278205522        0.0000000000000000     
        (0.30130099409466415,6.01478369914334401E-016)
   2.6927937030769660        0.0000000000000000     
       (0.34706733962443181,-1.57039686072997127E-015)
   2.9171931783333798        0.0000000000000000     
        (0.63335454634889643,4.43930602441026275E-016)
   3.1415926535897936        0.0000000000000000     
        (1.9333957292949946,-1.54766188910400374E-015)
   1.0000000000000000                1          28
              (0.50000000000043254,0.0000000000000000)
  -2.9171931783333798        0.0000000000000000     
       (0.73626921504495491,-6.63450273859285351E-016)
  -2.6927937030769660        0.0000000000000000     
        (0.31244958834072850,1.67910458353055544E-015)
  -2.4683942278205522        0.0000000000000000     
       (0.27110723715951679,-5.61959130710210806E-016)
  -2.2439947525641384        0.0000000000000000     
   (2.21326326342967984E-002,1.62519442715113048E-015)
  -2.0195952773077246        0.0000000000000000     
       (0.23268433308821054,-2.01060790096504759E-015)
  -1.7951958020513106        0.0000000000000000     
   (6.58719655092343814E-002,7.98300474605403678E-016)
  -1.5707963267948968        0.0000000000000000     
       (0.18238790537773295,-8.66507369954990292E-016)
  -1.3463968515384830        0.0000000000000000     
        (0.15840465397264256,1.18847952807604124E-015)
  -1.1219973762820692        0.0000000000000000     
 (-6.52142869072161815E-005,-9.71200502807730490E-016)
 -0.89759790102565529        0.0000000000000000     
   (1.45140214055442685E-002,4.46731224072351384E-016)
 -0.67319842576924149        0.0000000000000000     
 (-9.24025888616572186E-003,-1.34290225264741466E-016)
 -0.44879895051282764        0.0000000000000000     
  (-4.06834785671209426E-002,9.64829806504435352E-017)
 -0.22439947525641382        0.0000000000000000     
   (1.32761034031833201E-003,1.18291963368551720E-016)
   0.0000000000000000        0.0000000000000000     
               (7.0003394305450302,0.0000000000000000)
  0.22439947525641382        0.0000000000000000     
  (1.32761034031833201E-003,-1.18291963368551720E-016)
  0.44879895051282764        0.0000000000000000     
 (-4.06834785671209426E-002,-9.64829806504435352E-017)
  0.67319842576924149        0.0000000000000000     
  (-9.24025888616572186E-003,1.34290225264741466E-016)
  0.89759790102565529        0.0000000000000000     
  (1.45140214055442685E-002,-4.46731224072351384E-016)
   1.1219973762820692        0.0000000000000000     
  (-6.52142869072161815E-005,9.71200502807730490E-016)
   1.3463968515384830        0.0000000000000000     
       (0.15840465397264256,-1.18847952807604124E-015)
   1.5707963267948968        0.0000000000000000     
        (0.18238790537773295,8.66507369954990292E-016)
   1.7951958020513106        0.0000000000000000     
  (6.58719655092343814E-002,-7.98300474605403678E-016)
   2.0195952773077246        0.0000000000000000     
        (0.23268433308821054,2.01060790096504759E-015)
   2.2439947525641384        0.0000000000000000     
  (2.21326326342967984E-002,-1.62519442715113048E-015)
   2.4683942278205522        0.0000000000000000     
        (0.27110723715951679,5.61959130710210806E-016)
   2.6927937030769660        0.0000000000000000     
       (0.31244958834072850,-1.67910458353055544E-015)
   2.9171931783333798        0.0000000000000000     
        (0.73626921504495491,6.63450273859285351E-016)
   3.1415926535897936        0.0000000000000000     
        (3.1053401472011148,-1.60613210852424866E-015)
   1.0000000000000000                1          28
              (0.49999999999571332,0.0000000000000000)
  -2.9171931783333798        0.0000000000000000     
       (0.53603849067251530,-5.60544568773055149E-016)
  -2.6927937030769660        0.0000000000000000     
        (0.43249837636665639,1.78867147412674406E-015)
  -2.4683942278205522        0.0000000000000000     
       (0.29815396335458627,-4.05546853139513490E-016)
  -2.2439947525641384        0.0000000000000000     
        (0.25807577977352653,1.73676589649411002E-015)
  -2.0195952773077246        0.0000000000000000     
       (0.22912448747632924,-1.96457837044925704E-015)
  -1.7951958020513106        0.0000000000000000     
        (0.17745141713766349,7.55917367617408284E-016)
  -1.5707963267948968        0.0000000000000000     
       (0.14349608533348629,-9.20288525879689246E-016)
  -1.3463968515384830        0.0000000000000000     
        (0.12212192309904125,6.72291132138340819E-016)
  -1.1219973762820692        0.0000000000000000     
  (8.69161826372926438E-002,-7.73220974707755820E-016)
 -0.89759790102565529        0.0000000000000000     
   (7.68285612612047142E-002,2.98657039192621518E-016)
 -0.67319842576924149        0.0000000000000000     
  (4.96948758722057446E-002,-5.26469513147768638E-016)
 -0.44879895051282764        0.0000000000000000     
   (3.24004987269252351E-002,5.93417729446373375E-016)
 -0.22439947525641382        0.0000000000000000     
  (1.37565456549144649E-002,-9.84547531829801642E-017)
   0.0000000000000000        0.0000000000000000     
               (7.0000295621609654,0.0000000000000000)
  0.22439947525641382        0.0000000000000000     
   (1.37565456549144649E-002,9.84547531829801642E-017)
  0.44879895051282764        0.0000000000000000     
  (3.24004987269252351E-002,-5.93417729446373375E-016)
  0.67319842576924149        0.0000000000000000     
   (4.96948758722057446E-002,5.26469513147768638E-016)
  0.89759790102565529        0.0000000000000000     
  (7.68285612612047142E-002,-2.98657039192621518E-016)
   1.1219973762820692        0.0000000000000000     
   (8.69161826372926438E-002,7.73220974707755820E-016)
   1.3463968515384830        0.0000000000000000     
       (0.12212192309904125,-6.72291132138340819E-016)
   1.5707963267948968        0.0000000000000000     
        (0.14349608533348629,9.20288525879689246E-016)
   1.7951958020513106        0.0000000000000000     
       (0.17745141713766349,-7.55917367617408284E-016)
   2.0195952773077246        0.0000000000000000     
        (0.22912448747632924,1.96457837044925704E-015)
   2.2439947525641384        0.0000000000000000     
       (0.25807577977352653,-1.73676589649411002E-015)
   2.4683942278205522        0.0000000000000000     
        (0.29815396335458627,4.05546853139513490E-016)
   2.6927937030769660        0.0000000000000000     
       (0.43249837636665639,-1.78867147412674406E-015)
   2.9171931783333798        0.0000000000000000     
        (0.53603849067251530,5.60544568773055149E-016)
   3.1415926535897936        0.0000000000000000     
        (2.0868560629863171,-1.65025310468078031E-015)
   1.0000000000000000                1          28
              (0.49999999999938433,0.0000000000000000)
  -2.9171931783333798        0.0000000000000000     
       (0.65651830631185371,-6.46255120815985754E-016)
  -2.6927937030769660        0.0000000000000000     
        (0.40057150838706651,1.71790547919150353E-015)
  -2.4683942278205522        0.0000000000000000     
       (0.34818787230609433,-7.39879407522581649E-016)
  -2.2439947525641384        0.0000000000000000     
        (0.25149750534394266,1.77187894359005836E-015)
  -2.0195952773077246        0.0000000000000000     
       (0.20512104040295304,-1.83851649809737713E-015)
  -1.7951958020513106        0.0000000000000000     
        (0.18469490724898099,6.70166479349856779E-016)
  -1.5707963267948968        0.0000000000000000     
       (0.13635542999048944,-8.95407323089340606E-016)
  -1.3463968515384830        0.0000000000000000     
        (0.10755804840662199,1.18408948252169030E-015)
  -1.1219973762820692        0.0000000000000000     
  (9.01561734429180278E-002,-7.11475853639647464E-016)
 -0.89759790102565529        0.0000000000000000     
   (7.21269605432848238E-002,2.08200608289196220E-016)
 -0.67319842576924149        0.0000000000000000     
  (5.16191656803330276E-002,-3.54139807412597374E-016)
 -0.44879895051282764        0.0000000000000000     
   (3.05322468653483267E-002,7.23796462981650679E-017)
 -0.22439947525641382        0.0000000000000000     
   (1.62153229220617194E-002,1.30343630544690953E-016)
   0.0000000000000000        0.0000000000000000     
               (7.0000231864157936,0.0000000000000000)
  0.22439947525641382        0.0000000000000000     
  (1.62153229220617194E-002,-1.30343630544690953E-016)
  0.44879895051282764        0.0000000000000000     
  (3.05322468653483267E-002,-7.23796462981650679E-017)
  0.67319842576924149        0.0000000000000000     
   (5.16191656803330276E-002,3.54139807412597374E-016)
  0.89759790102565529        0.0000000000000000     
  (7.21269605432848238E-002,-2.08200608289196220E-016)
   1.1219973762820692        0.0000000000000000     
   (9.01561734429180278E-002,7.11475853639647464E-016)
   1.3463968515384830        0.0000000000000000     
       (0.10755804840662199,-1.18408948252169030E-015)
   1.5707963267948968        0.0000000000000000     
        (0.13635542999048944,8.95407323089340606E-016)
   1.7951958020513106        0.0000000000000000     
       (0.18469490724898099,-6.70166479349856779E-016)
   2.0195952773077246        0.0000000000000000     
        (0.20512104040295304,1.83851649809737713E-015)
   2.2439947525641384        0.0000000000000000     
       (0.25149750534394266,-1.77187894359005836E-015)
   2.4683942278205522        0.0000000000000000     
        (0.34818787230609433,7.39879407522581649E-016)
   2.6927937030769660        0.0000000000000000     
       (0.40057150838706651,-1.71790547919150353E-015)
   2.9171931783333798        0.0000000000000000     
        (0.65651830631185371,6.46255120815985754E-016)
   3.1415926535897936        0.0000000000000000     
        (1.8976678378630769,-1.53704938340721796E-015)
   1.0000000000000000                1          28
              (0.49999999999897171,0.0000000000000000)
  -2.9171931783333798        0.0000000000000000     
       (0.63790611842288614,-4.25738460521218419E-016)
  -2.6927937030769660        0.0000000000000000     
        (0.45740892822433998,1.57262000283546379E-015)
  -2.4683942278205522        0.0000000000000000     
       (0.34429521972616095,-7.16817086581218252E-016)
  -2.2439947525641384        0.0000000000000000     
        (0.27304808448032952,1.68923501074008181E-015)
  -2.0195952773077246        0.0000000000000000     
       (0.22300876604541800,-1.72375202130756603E-015)
  -1.7951958020513106        0.0000000000000000     
        (0.17681721062070846,8.52088776130104020E-016)
  -1.5707963267948968        0.0000000000000000     
       (0.15509264890558244,-8.54885128851155104E-016)
  -1.3463968515384830        0.0000000000000000     
        (0.12385383612918398,7.94240165879340129E-016)
  -1.1219973762820692        0.0000000000000000     
  (9.47163771749696265E-002,-4.79829940136060915E-016)
 -0.89759790102565529        0.0000000000000000     
   (7.68988666070820753E-002,1.40558467447154593E-016)
 -0.67319842576924149        0.0000000000000000     
  (5.51914845368941184E-002,-5.08142385402185719E-016)
 -0.44879895051282764        0.0000000000000000     
   (3.44865944036418168E-002,2.13022194032526005E-016)
 -0.22439947525641382        0.0000000000000000     
  (1.68199205106346825E-002,-2.96835044094861305E-016)
   0.0000000000000000        0.0000000000000000     
               (6.9999512575643346,0.0000000000000000)
  0.22439947525641382        0.0000000000000000     
   (1.68199205106346825E-002,2.96835044094861305E-016)
  0.44879895051282764        0.0000000000000000     
  (3.44865944036418168E-002,-2.13022194032526005E-016)
  0.67319842576924149        0.0000000000000000     
   (5.51914845368941184E-002,5.08142385402185719E-016)
  0.89759790102565529        0.0000000000000000     
  (7.68988666070820753E-002,-1.40558467447154593E-016)
   1.1219973762820692        0.0000000000000000     
   (9.47163771749696265E-002,4.79829940136060915E-016)
   1.3463968515384830        0.0000000000000000     
       (0.12385383612918398,-7.94240165879340129E-016)
   1.5707963267948968        0.0000000000000000     
        (0.15509264890558244,8.54885128851155104E-016)
   1.7951958020513106        0.0000000000000000     
       (0.17681721062070846,-8.52088776130104020E-016)
   2.0195952773077246        0.0000000000000000     
        (0.22300876604541800,1.72375202130756603E-015)
   2.2439947525641384        0.0000000000000000     
       (0.27304808448032952,-1.68923501074008181E-015)
   2.4683942278205522        0.0000000000000000     
        (0.34429521972616095,7.16817086581218252E-016)
   2.6927937030769660        0.0000000000000000     
       (0.45740892822433998,-1.57262000283546379E-015)
   2.9171931783333798        0.0000000000000000     
        (0.63790611842288614,4.25738460521218419E-016)
   3.1415926535897936        0.0000000000000000     
        (1.6609606308312146,-1.51944631062371203E-015)
   1.0000000000000000                1          28
              (0.49999999999010603,0.0000000000000000)
  -2.9171931783333798        0.0000000000000000     
       (0.65062253857991359,-5.09112350528120756E-016)
  -2.6927937030769660        0.0000000000000000     
        (0.43069239030103412,1.56846512961081697E-015)
  -2.4683942278205522        0.0000000000000000     
       (0.33208968025462093,-5.62794752013719960E-016)
  -2.2439947525641384        0.0000000000000000     
        (0.26496903257744969,1.54284588648033355E-015)
  -2.0195952773077246        0.0000000000000000     
       (0.21627195045426387,-1.57761725168474133E-015)
  -1.7951958020513106        0.0000000000000000     
        (0.18542558983997401,9.20874110398407655E-016)
  -1.5707963267948968        0.0000000000000000     
       (0.14308228007004140,-7.01880212831351201E-016)
  -1.3463968515384830        0.0000000000000000     
        (0.12441889884792058,5.14606973110727580E-016)
  -1.1219973762820692        0.0000000000000000     
  (9.89859322350661042E-002,-7.39702285393733743E-016)
 -0.89759790102565529        0.0000000000000000     
   (6.99951444218298302E-002,4.60437055199203828E-016)
 -0.67319842576924149        0.0000000000000000     
  (5.51149032258806057E-002,-4.79348091480395148E-016)
 -0.44879895051282764        0.0000000000000000     
   (3.48799048467291414E-002,3.98945805210036541E-017)
 -0.22439947525641382        0.0000000000000000     
  (1.63245078440197311E-002,-1.07179099338192699E-016)
   0.0000000000000000        0.0000000000000000     
               (7.0002053841486278,0.0000000000000000)
  0.22439947525641382        0.0000000000000000     
   (1.63245078440197311E-002,1.07179099338192699E-016)
  0.44879895051282764        0.0000000000000000     
  (3.48799048467291414E-002,-3.98945805210036541E-017)
  0.67319842576924149        0.0000000000000000     
   (5.51149032258806057E-002,4.79348091480395148E-016)
  0.89759790102565529        0.0000000000000000     
  (6.99951444218298302E-002,-4.60437055199203828E-016)
   1.1219973762820692        0.0000000000000000     
   (9.89859322350661042E-002,7.39702285393733743E-016)
   1.3463968515384830        0.0000000000000000     
       (0.12441889884792058,-5.14606973110727580E-016)
   1.5707963267948968        0.0000000000000000     
        (0.14308228007004140,7.01880212831351201E-016)
   1.7951958020513106        0.0000000000000000     
       (0.18542558983997401,-9.20874110398407655E-016)
   2.0195952773077246        0.0000000000000000     
        (0.21627195045426387,1.57761725168474133E-015)
   2.2439947525641384        0.0000000000000000     
       (0.26496903257744969,-1.54284588648033355E-015)
   2.4683942278205522        0.0000000000000000     
        (0.33208968025462093,5.62794752013719960E-016)
   2.6927937030769660        0.0000000000000000     
       (0.43069239030103412,-1.56846512961081697E-015)
   2.9171931783333798        0.0000000000000000     
        (0.65062253857991359,5.09112350528120756E-016)
   3.1415926535897936        0.0000000000000000     
        (1.7540491085768586,-1.53064305704843413E-015)
   1.0000000000000000                1          28
              (0.50000000000004541,0.0000000000000000)
  -2.9171931783333798        0.0000000000000000     
       (0.65385770742641824,-4.99423403321386840E-016)
  -2.6927937030769660        0.0000000000000000     
        (0.41160689007148399,1.83303519259082627E-015)
  -2.4683942278205522        0.0000000000000000     
       (0.32303727265814197,-6.55978233775833306E-016)
  -2.2439947525641384        0.0000000000000000     
        (0.28146443622897521,1.50584999088716915E-015)
  -2.0195952773077246        0.0000000000000000     
       (0.22835001477496947,-1.41362887018981459E-015)
  -1.7951958020513106        0.0000000000000000     
        (0.17823353048718152,7.28242107994533836E-016)
  -1.5707963267948968        0.0000000000000000     
       (0.14848174383012314,-9.21506907915076741E-016)
  -1.3463968515384830        0.0000000000000000     
        (0.11886481840904950,7.65844471524856218E-016)
  -1.1219973762820692        0.0000000000000000     
  (9.39635590797802678E-002,-9.27388613598966389E-016)
 -0.89759790102565529        0.0000000000000000     
   (7.17223767707872994E-002,2.68959080457967779E-016)
 -0.67319842576924149        0.0000000000000000     
  (5.46727951613566257E-002,-3.51201577915995079E-016)
 -0.44879895051282764        0.0000000000000000     
   (3.37738686454621545E-002,1.50339869152200405E-016)
 -0.22439947525641382        0.0000000000000000     
  (1.64079111861959517E-002,-6.72397701144919448E-017)
   0.0000000000000000        0.0000000000000000     
               (7.0001136101068768,0.0000000000000000)
  0.22439947525641382        0.0000000000000000     
   (1.64079111861959517E-002,6.72397701144919448E-017)
  0.44879895051282764        0.0000000000000000     
  (3.37738686454621545E-002,-1.50339869152200405E-016)
  0.67319842576924149        0.0000000000000000     
   (5.46727951613566257E-002,3.51201577915995079E-016)
  0.89759790102565529        0.0000000000000000     
  (7.17223767707872994E-002,-2.68959080457967779E-016)
   1.1219973762820692        0.0000000000000000     
   (9.39635590797802678E-002,9.27388613598966389E-016)
   1.3463968515384830        0.0000000000000000     
       (0.11886481840904950,-7.65844471524856218E-016)
   1.5707963267948968        0.0000000000000000     
        (0.14848174383012314,9.21506907915076741E-016)
   1.7951958020513106        0.0000000000000000     
       (0.17823353048718152,-7.28242107994533836E-016)
   2.0195952773077246        0.0000000000000000     
        (0.22835001477496947,1.41362887018981459E-015)
   2.2439947525641384        0.0000000000000000     
       (0.28146443622897521,-1.50584999088716915E-015)
   2.4683942278205522        0.0000000000000000     
        (0.32303727265814197,6.55978233775833306E-016)
   2.6927937030769660        0.0000000000000000     
       (0.41160689007148399,-1.83303519259082627E-015)
   2.9171931783333798        0.0000000000000000     
        (0.65385770742641824,4.99423403321386840E-016)
   3.1415926535897936        0.0000000000000000     
        (1.7710125404345491,-1.52580723736582279E-015)
   1.0000000000000000                1          28
              (0.50000000000006539,0.0000000000000000)
  -2.9171931783333798        0.0000000000000000     
       (0.59754432363549037,-7.07471607785707811E-016)
  -2.6927937030769660        0.0000000000000000     
        (0.41125340768188373,1.67086385171060365E-015)
  -2.4683942278205522        0.0000000000000000     
       (0.34810861888486083,-7.14576802091046866E-016)
  -2.2439947525641384        0.0000000000000000     
        (0.26021901655709395,1.56694674355342725E-015)
  -2.0195952773077246        0.0000000000000000     
       (0.22341382776416779,-1.76082328778469486E-015)
  -1.7951958020513106        0.0000000000000000     
        (0.17958528349467009,6.77653606779406051E-016)
  -1.5707963267948968        0.0000000000000000     
       (0.14976268574120072,-8.39809493164240728E-016)
  -1.3463968515384830        0.0000000000000000     
        (0.11305518127460888,8.75082748163343088E-016)
  -1.1219973762820692        0.0000000000000000     
  (9.61891852395126007E-002,-7.51752713930280594E-016)
 -0.89759790102565529        0.0000000000000000     
   (7.40900615791748596E-002,3.07106145543269946E-016)
 -0.67319842576924149        0.0000000000000000     
  (5.21901896585909505E-002,-1.04474466694124606E-016)
 -0.44879895051282764        0.0000000000000000     
   (3.60289559456696204E-002,1.37692743848418458E-016)
 -0.22439947525641382        0.0000000000000000     
   (1.65952735283975937E-002,5.80362594615229523E-017)
   0.0000000000000000        0.0000000000000000     
               (7.0001080631021813,0.0000000000000000)
  0.22439947525641382        0.0000000000000000     
  (1.65952735283975937E-002,-5.80362594615229523E-017)
  0.44879895051282764        0.0000000000000000     
  (3.60289559456696204E-002,-1.37692743848418458E-016)
  0.67319842576924149        0.0000000000000000     
   (5.21901896585909505E-002,1.04474466694124606E-016)
  0.89759790102565529        0.0000000000000000     
  (7.40900615791748596E-002,-3.07106145543269946E-016)
   1.1219973762820692        0.0000000000000000     
   (9.61891852395126007E-002,7.51752713930280594E-016)
   1.3463968515384830        0.0000000000000000     
       (0.11305518127460888,-8.75082748163343088E-016)
   1.5707963267948968        0.0000000000000000     
        (0.14976268574120072,8.39809493164240728E-016)
   1.7951958020513106        0.0000000000000000     
       (0.17958528349467009,-6.77653606779406051E-016)
   2.0195952773077246        0.0000000000000000     
        (0.22341382776416779,1.76082328778469486E-015)
   2.2439947525641384        0.0000000000000000     
       (0.26021901655709395,-1.56694674355342725E-015)
   2.4683942278205522        0.0000000000000000     
        (0.34810861888486083,7.14576802091046866E-016)
   2.6927937030769660        0.0000000000000000     
       (0.41125340768188373,-1.67086385171060365E-015)
   2.9171931783333798        0.0000000000000000     
        (0.59754432363549037,7.07471607785707811E-016)
   3.1415926535897936        0.0000000000000000     
        (1.8838199149290109,-1.55273635494274973E-015)
   1.0000000000000000                1          28
              (0.49999999999997369,0.0000000000000000)
  -2.9171931783333798        0.0000000000000000     
       (0.59756853389704079,-5.14146623470906631E-016)
  -2.6927937030769660        0.0000000000000000     
        (0.42827206300230702,1.67610655307053356E-015)
  -2.4683942278205522        0.0000000000000000     
       (0.31994065738463612,-5.70439201093371768E-016)
  -2.2439947525641384        0.0000000000000000     
        (0.25388976829479054,1.85928176207873111E-015)
  -2.0195952773077246        0.0000000000000000     
       (0.22471323333928694,-1.76847558396583974E-015)
  -1.7951958020513106        0.0000000000000000     
        (0.17050621975580074,8.53132179067276131E-016)
  -1.5707963267948968        0.0000000000000000     
       (0.14627823805524917,-9.20929290186549913E-016)
  -1.3463968515384830        0.0000000000000000     
        (0.11348160306217182,7.34961138534359455E-016)
  -1.1219973762820692        0.0000000000000000     
  (8.64533598700375633E-002,-6.44154960421468087E-016)
 -0.89759790102565529        0.0000000000000000     
   (7.95505192175323395E-002,9.34991821460910913E-017)
 -0.67319842576924149        0.0000000000000000     
  (4.93698818568725356E-002,-4.62642542806478867E-016)
 -0.44879895051282764        0.0000000000000000     
   (3.39065606688709123E-002,3.79816498460592489E-016)
 -0.22439947525641382        0.0000000000000000     
  (1.35699186507309832E-002,-3.96092525232111013E-016)
   0.0000000000000000        0.0000000000000000     
               (7.0000874198658449,0.0000000000000000)
  0.22439947525641382        0.0000000000000000     
   (1.35699186507309832E-002,3.96092525232111013E-016)
  0.44879895051282764        0.0000000000000000     
  (3.39065606688709123E-002,-3.79816498460592489E-016)
  0.67319842576924149        0.0000000000000000     
   (4.93698818568725356E-002,4.62642542806478867E-016)
  0.89759790102565529        0.0000000000000000     
  (7.95505192175323395E-002,-9.34991821460910913E-017)
   1.1219973762820692        0.0000000000000000     
   (8.64533598700375633E-002,6.44154960421468087E-016)
   1.3463968515384830        0.0000000000000000     
       (0.11348160306217182,-7.34961138534359455E-016)
   1.5707963267948968        0.0000000000000000     
        (0.14627823805524917,9.20929290186549913E-016)
   1.7951958020513106        0.0000000000000000     
       (0.17050621975580074,-8.53132179067276131E-016)
   2.0195952773077246        0.0000000000000000     
        (0.22471323333928694,1.76847558396583974E-015)
   2.2439947525641384        0.0000000000000000     
       (0.25388976829479054,-1.85928176207873111E-015)
   2.4683942278205522        0.0000000000000000     
        (0.31994065738463612,5.70439201093371768E-016)
   2.6927937030769660        0.0000000000000000     
       (0.42827206300230702,-1.67610655307053356E-015)
   2.9171931783333798        0.0000000000000000     
        (0.59756853389704079,5.14146623470906631E-016)
   3.1415926535897936        0.0000000000000000     
        (1.9649114660227662,-1.58809331760163539E-015)
   1.0000000000000000                1          28
              (0.49999999999894468,0.0000000000000000)
  -2.9171931783333798        0.0000000000000000     
       (0.60421464881981812,-1.06149973386925885E-015)
  -2.6927937030769660        0.0000000000000000     
        (0.45976460691889587,1.75789322361353403E-015)
  -2.4683942278205522        0.0000000000000000     
       (0.33665852057385620,-7.11394091365265064E-016)
  -2.2439947525641384        0.0000000000000000     
        (0.27090095465309083,1.55846070588009736E-015)
  -2.0195952773077246        0.0000000000000000     
       (0.22684021747738189,-1.75216053209288443E-015)
  -1.7951958020513106        0.0000000000000000     
        (0.17805561541091541,6.73940741998182530E-016)
  -1.5707963267948968        0.0000000000000000     
       (0.15683202300101248,-8.67640568210969795E-016)
  -1.3463968515384830        0.0000000000000000     
        (0.12105679561092313,9.02737105191591714E-016)
  -1.1219973762820692        0.0000000000000000     
  (9.80353184184288295E-002,-5.57185748015017372E-016)
 -0.89759790102565529        0.0000000000000000     
   (7.73096665196759958E-002,1.78367081766926066E-016)
 -0.67319842576924149        0.0000000000000000     
  (5.40103699542844318E-002,-6.25832170751177571E-016)
 -0.44879895051282764        0.0000000000000000     
   (3.70559928395806717E-002,3.11228145808494292E-016)
 -0.22439947525641382        0.0000000000000000     
   (1.73140911019909229E-002,4.39148261716372412E-016)
   0.0000000000000000        0.0000000000000000     
               (6.9998715802934868,0.0000000000000000)
  0.22439947525641382        0.0000000000000000     
  (1.73140911019909229E-002,-4.39148261716372412E-016)
  0.44879895051282764        0.0000000000000000     
  (3.70559928395806717E-002,-3.11228145808494292E-016)
  0.67319842576924149        0.0000000000000000     
   (5.40103699542844318E-002,6.25832170751177571E-016)
  0.89759790102565529        0.0000000000000000     
  (7.73096665196759958E-002,-1.78367081766926066E-016)
   1.1219973762820692        0.0000000000000000     
   (9.80353184184288295E-002,5.57185748015017372E-016)
   1.3463968515384830        0.0000000000000000     
       (0.12105679561092313,-9.02737105191591714E-016)
   1.5707963267948968        0.0000000000000000     
        (0.15683202300101248,8.67640568210969795E-016)
   1.7951958020513106        0.0000000000000000     
       (0.17805561541091541,-6.73940741998182530E-016)
   2.0195952773077246        0.0000000000000000     
        (0.22684021747738189,1.75216053209288443E-015)
   2.2439947525641384        0.0000000000000000     
       (0.27090095465309083,-1.55846070588009736E-015)
   2.4683942278205522        0.0000000000000000     
        (0.33665852057385620,7.11394091365265064E-016)
   2.6927937030769660        0.0000000000000000     
       (0.45976460691889587,-1.75789322361353403E-015)
   2.9171931783333798        0.0000000000000000     
        (0.60421464881981812,1.06149973386925885E-015)
   3.1415926535897936        0.0000000000000000     
        (1.7240307770772572,-1.54495718934334279E-015)
   1.0000000000000000                1          28
              (0.49999999999959244,0.0000000000000000)
  -2.9171931783333798        0.0000000000000000     
       (0.35996790393039702,-8.07604671759056868E-016)
  -2.6927937030769660        0.0000000000000000     
        (0.54844684019362178,2.15100634053293085E-015)
  -2.4683942278205522        0.0000000000000000     
       (0.30379624533654576,-9.52119938146387290E-016)
  -2.2439947525641384        0.0000000000000000     
        (0.30189585970227284,2.02589601522558106E-015)
  -2.0195952773077246        0.0000000000000000     
       (0.19174692010498776,-2.30433792442106116E-015)
  -1.7951958020513106        0.0000000000000000     
        (0.21831335940612590,1.26405481126668206E-015)
  -1.5707963267948968        0.0000000000000000     
       (0.12615529725815694,-7.65340603224552587E-016)
  -1.3463968515384830        0.0000000000000000     
        (0.12496050064857446,5.20391657953887351E-016)
  -1.1219973762820692        0.0000000000000000     
       (0.10043881309957532,-9.09855869611883108E-016)
 -0.89759790102565529        0.0000000000000000     
   (6.72066546363888212E-002,2.51379511476144623E-016)
 -0.67319842576924149        0.0000000000000000     
  (8.07276734004499369E-002,-1.96754513284077567E-016)
 -0.44879895051282764        0.0000000000000000     
  (1.15108027828896599E-002,-2.49833690324846577E-017)
 -0.22439947525641382        0.0000000000000000     
   (2.01004821912356760E-002,1.07653658055541466E-016)
   0.0000000000000000        0.0000000000000000     
               (6.9999124277413971,0.0000000000000000)
  0.22439947525641382        0.0000000000000000     
  (2.01004821912356760E-002,-1.07653658055541466E-016)
  0.44879895051282764        0.0000000000000000     
   (1.15108027828896599E-002,2.49833690324846577E-017)
  0.67319842576924149        0.0000000000000000     
   (8.07276734004499369E-002,1.96754513284077567E-016)
  0.89759790102565529        0.0000000000000000     
  (6.72066546363888212E-002,-2.51379511476144623E-016)
   1.1219973762820692        0.0000000000000000     
        (0.10043881309957532,9.09855869611883108E-016)
   1.3463968515384830        0.0000000000000000     
       (0.12496050064857446,-5.20391657953887351E-016)
   1.5707963267948968        0.0000000000000000     
        (0.12615529725815694,7.65340603224552587E-016)
   1.7951958020513106        0.0000000000000000     
       (0.21831335940612590,-1.26405481126668206E-015)
   2.0195952773077246        0.0000000000000000     
        (0.19174692010498776,2.30433792442106116E-015)
   2.2439947525641384        0.0000000000000000     
       (0.30189585970227284,-2.02589601522558106E-015)
   2.4683942278205522        0.0000000000000000     
        (0.30379624533654576,9.52119938146387290E-016)
   2.6927937030769660        0.0000000000000000     
       (0.54844684019362178,-2.15100634053293085E-015)
   2.9171931783333798        0.0000000000000000     
        (0.35996790393039702,8.07604671759056868E-016)
   3.1415926535897936        0.0000000000000000     
        (2.0895528668647541,-1.78444646922057178E-015)
   1.0000000000000000                1          28
              (0.49999999999992861,0.0000000000000000)
  -2.9171931783333798        0.0000000000000000     
       (0.59490324247834836,-4.39063437952358581E-016)
  -2.6927937030769660        0.0000000000000000     
        (0.49016913355549452,1.26000341147013769E-015)
  -2.4683942278205522        0.0000000000000000     
       (0.31576536575893777,-5.43463976791813467E-016)
  -2.2439947525641384        0.0000000000000000     
        (0.28900371704026628,2.09397908077755251E-015)
  -2.0195952773077246        0.0000000000000000     
       (0.20548987966343915,-1.59106783788470205E-015)
  -1.7951958020513106        0.0000000000000000     
        (0.19120529215662252,8.58668074283161069E-016)
  -1.5707963267948968        0.0000000000000000     
       (0.14524841268828759,-8.95008014779672022E-016)
  -1.3463968515384830        0.0000000000000000     
        (0.12616260999038129,8.04465323890450658E-016)
  -1.1219973762820692        0.0000000000000000     
  (9.19882875398517347E-002,-1.09457052715842585E-015)
 -0.89759790102565529        0.0000000000000000     
   (7.36687483978551161E-002,1.59708445446899657E-016)
 -0.67319842576924149        0.0000000000000000     
  (5.31053506287305147E-002,-5.76696280100607141E-016)
 -0.44879895051282764        0.0000000000000000     
   (3.61410039629940089E-002,3.97060801187780263E-016)
 -0.22439947525641382        0.0000000000000000     
  (1.63325290890146135E-002,-4.04714676595704900E-016)
   0.0000000000000000        0.0000000000000000     
               (6.9998872222032427,0.0000000000000000)
  0.22439947525641382        0.0000000000000000     
   (1.63325290890146135E-002,4.04714676595704900E-016)
  0.44879895051282764        0.0000000000000000     
  (3.61410039629940089E-002,-3.97060801187780263E-016)
  0.67319842576924149        0.0000000000000000     
   (5.31053506287305147E-002,5.76696280100607141E-016)
  0.89759790102565529        0.0000000000000000     
  (7.36687483978551161E-002,-1.59708445446899657E-016)
   1.1219973762820692        0.0000000000000000     
   (9.19882875398517347E-002,1.09457052715842585E-015)
   1.3463968515384830        0.0000000000000000     
       (0.12616260999038129,-8.04465323890450658E-016)
   1.5707963267948968        0.0000000000000000     
        (0.14524841268828759,8.95008014779672022E-016)
   1.7951958020513106        0.0000000000000000     
       (0.19120529215662252,-8.58668074283161069E-016)
   2.0195952773077246        0.0000000000000000     
        (0.20548987966343915,1.59106783788470205E-015)
   2.2439947525641384        0.0000000000000000     
       (0.28900371704026628,-2.09397908077755251E-015)
   2.4683942278205522        0.0000000000000000     
        (0.31576536575893777,5.43463976791813467E-016)
   2.6927937030769660        0.0000000000000000     
       (0.49016913355549452,-1.26000341147013769E-015)
   2.9171931783333798        0.0000000000000000     
        (0.59490324247834836,4.39063437952358581E-016)
   3.1415926535897936        0.0000000000000000     
        (1.7417456318943152,-1.59969208248074468E-015)
