   -2.917193      0.000000
  1    1        0.03659037        0.00046390        0.00008318        0.00025401
   -2.692794      0.000000
  1    1        0.04173257        0.00067717        0.00029405        0.00040948
   -2.468394      0.000000
  1    1        0.05247569        0.00084757        0.00062282        0.00049880
   -2.243995      0.000000
  1    1        0.07111329        0.00085539        0.00045301        0.00036068
   -2.019595      0.000000
  1    1        0.10276774        0.00140787        0.00006595        0.00052985
   -1.795196      0.000000
  1    1        0.16574841        0.00196150        0.00006991        0.00098232
   -1.570796      0.000000
  1    1        0.50000000        0.00000000       -0.00000000        0.00000000
   -1.346397      0.000000
  1    1        0.83425159        0.00196150       -0.00006991        0.00098232
   -1.121997      0.000000
  1    1        0.89723226        0.00140787       -0.00006595        0.00052985
   -0.897598      0.000000
  1    1        0.92888671        0.00085539       -0.00045301        0.00036068
   -0.673198      0.000000
  1    1        0.94752431        0.00084757       -0.00062282        0.00049880
   -0.448799      0.000000
  1    1        0.95826743        0.00067717       -0.00029405        0.00040948
   -0.224399      0.000000
  1    1        0.96340963        0.00046390       -0.00008318        0.00025401
    0.000000      0.000000
  1    1        0.96546130        0.00045873        0.00000000        0.00000000
    0.224399      0.000000
  1    1        0.96340963        0.00046390        0.00008318        0.00025401
    0.448799      0.000000
  1    1        0.95826743        0.00067717        0.00029405        0.00040948
    0.673198      0.000000
  1    1        0.94752431        0.00084757        0.00062282        0.00049880
    0.897598      0.000000
  1    1        0.92888671        0.00085539        0.00045301        0.00036068
    1.121997      0.000000
  1    1        0.89723226        0.00140787        0.00006595        0.00052985
    1.346397      0.000000
  1    1        0.83425159        0.00196150        0.00006991        0.00098232
    1.570796      0.000000
  1    1        0.50000000        0.00000000        0.00000000        0.00000000
    1.795196      0.000000
  1    1        0.16574841        0.00196150       -0.00006991        0.00098232
    2.019595      0.000000
  1    1        0.10276774        0.00140787       -0.00006595        0.00052985
    2.243995      0.000000
  1    1        0.07111329        0.00085539       -0.00045301        0.00036068
    2.468394      0.000000
  1    1        0.05247569        0.00084757       -0.00062282        0.00049880
    2.692794      0.000000
  1    1        0.04173257        0.00067717       -0.00029405        0.00040948
    2.917193      0.000000
  1    1        0.03659037        0.00046390       -0.00008318        0.00025401
    3.141593      0.000000
  1    1        0.03453870        0.00045873       -0.00000000        0.00000000
