   1.0000000000000000                1          28
               (0.0000000000000000,0.0000000000000000)
  -2.9171931783333798        0.0000000000000000     
       (0.62089422328358890,-8.19639488923600045E-017)
  -2.6927937030769660        0.0000000000000000     
        (0.42590176244013767,1.76502587443841471E-016)
  -2.4683942278205522        0.0000000000000000     
       (0.34386451376738131,-2.44257097469869770E-017)
  -2.2439947525641384        0.0000000000000000     
        (0.26767761721268374,1.85379475664437634E-016)
  -2.0195952773077246        0.0000000000000000     
       (0.21435965299368162,-1.97748084236343998E-016)
  -1.7951958020513106        0.0000000000000000     
        (0.18967380970020592,1.24972851155572084E-016)
  -1.5707963267948968        0.0000000000000000     
       (0.14910352854699466,-1.29411295265870166E-016)
  -1.3463968515384830        0.0000000000000000     
        (0.11651039168903367,7.43735059141062790E-017)
  -1.1219973762820692        0.0000000000000000     
  (9.60366913853183124E-002,-1.06567525640033274E-016)
 -0.89759790102565529        0.0000000000000000     
   (7.68780967518768177E-002,3.01019211572408445E-018)
 -0.67319842576924149        0.0000000000000000     
  (5.52815777664821054E-002,-3.12391296108469402E-017)
 -0.44879895051282764        0.0000000000000000     
   (3.64839745120164247E-002,1.53828838656764999E-017)
 -0.22439947525641382        0.0000000000000000     
  (1.67612863327258887E-002,-3.14819353176630317E-017)
   0.0000000000000000        0.0000000000000000     
         (2.73376716140194542E-004,0.0000000000000000)
  0.22439947525641382        0.0000000000000000     
   (1.67612863327258887E-002,3.14819353176630317E-017)
  0.44879895051282764        0.0000000000000000     
  (3.64839745120164247E-002,-1.53828838656764999E-017)
  0.67319842576924149        0.0000000000000000     
   (5.52815777664821054E-002,3.12391296108469402E-017)
  0.89759790102565529        0.0000000000000000     
  (7.68780967518768177E-002,-3.01019211572408445E-018)
   1.1219973762820692        0.0000000000000000     
   (9.60366913853183124E-002,1.06567525640033274E-016)
   1.3463968515384830        0.0000000000000000     
       (0.11651039168903367,-7.43735059141062790E-017)
   1.5707963267948968        0.0000000000000000     
        (0.14910352854699466,1.29411295265870166E-016)
   1.7951958020513106        0.0000000000000000     
       (0.18967380970020592,-1.24972851155572084E-016)
   2.0195952773077246        0.0000000000000000     
        (0.21435965299368162,1.97748084236343998E-016)
   2.2439947525641384        0.0000000000000000     
       (0.26767761721268374,-1.85379475664437634E-016)
   2.4683942278205522        0.0000000000000000     
        (0.34386451376738131,2.44257097469869770E-017)
   2.6927937030769660        0.0000000000000000     
       (0.42590176244013767,-1.76502587443841471E-016)
   2.9171931783333798        0.0000000000000000     
        (0.62089422328358890,8.19639488923600045E-017)
   3.1415926535897936        0.0000000000000000     
        (1.7808723705191036,-1.95381274838874444E-016)
   1.0000000000000000                1          28
               (0.0000000000000000,0.0000000000000000)
  -2.9171931783333798        0.0000000000000000     
       (0.60680394190140474,-1.56250531983092805E-016)
  -2.6927937030769660        0.0000000000000000     
        (0.42718814748560252,2.30600418805877201E-016)
  -2.4683942278205522        0.0000000000000000     
       (0.32962399498942513,-2.75805140086126183E-017)
  -2.2439947525641384        0.0000000000000000     
        (0.25829945094160039,2.66481313409768436E-016)
  -2.0195952773077246        0.0000000000000000     
       (0.21489296210539524,-2.79465407923208860E-016)
  -1.7951958020513106        0.0000000000000000     
        (0.19023433070214588,1.61694771088233101E-016)
  -1.5707963267948968        0.0000000000000000     
       (0.14559225528226985,-2.40057408311165822E-017)
  -1.3463968515384830        0.0000000000000000     
        (0.12653359460300037,1.16291479960639629E-016)
  -1.1219973762820692        0.0000000000000000     
  (9.46043195799007031E-002,-8.16945877044305199E-017)
 -0.89759790102565529        0.0000000000000000     
   (7.37040649205192716E-002,4.51616454668793731E-017)
 -0.67319842576924149        0.0000000000000000     
  (5.30610049429661584E-002,-8.19362333651445995E-017)
 -0.44879895051282764        0.0000000000000000     
   (3.26377490354871971E-002,1.06855760410272957E-017)
 -0.22439947525641382        0.0000000000000000     
  (1.65422264709159904E-002,-3.36024690511158234E-018)
   0.0000000000000000        0.0000000000000000     
         (1.63340949068740174E-004,0.0000000000000000)
  0.22439947525641382        0.0000000000000000     
   (1.65422264709159904E-002,3.36024690511158234E-018)
  0.44879895051282764        0.0000000000000000     
  (3.26377490354871971E-002,-1.06855760410272957E-017)
  0.67319842576924149        0.0000000000000000     
   (5.30610049429661584E-002,8.19362333651445995E-017)
  0.89759790102565529        0.0000000000000000     
  (7.37040649205192716E-002,-4.51616454668793731E-017)
   1.1219973762820692        0.0000000000000000     
   (9.46043195799007031E-002,8.16945877044305199E-017)
   1.3463968515384830        0.0000000000000000     
       (0.12653359460300037,-1.16291479960639629E-016)
   1.5707963267948968        0.0000000000000000     
        (0.14559225528226985,2.40057408311165822E-017)
   1.7951958020513106        0.0000000000000000     
       (0.19023433070214588,-1.61694771088233101E-016)
   2.0195952773077246        0.0000000000000000     
        (0.21489296210539524,2.79465407923208860E-016)
   2.2439947525641384        0.0000000000000000     
       (0.25829945094160039,-2.66481313409768436E-016)
   2.4683942278205522        0.0000000000000000     
        (0.32962399498942513,2.75805140086126183E-017)
   2.6927937030769660        0.0000000000000000     
       (0.42718814748560252,-2.30600418805877201E-016)
   2.9171931783333798        0.0000000000000000     
        (0.60680394190140474,1.56250531983092805E-016)
   3.1415926535897936        0.0000000000000000     
        (1.8604005731296636,-2.22475099817614780E-016)
   1.0000000000000000                1          28
               (0.0000000000000000,0.0000000000000000)
  -2.9171931783333798        0.0000000000000000     
       (0.68881649185217941,-9.52158892073279697E-017)
  -2.6927937030769660        0.0000000000000000     
        (0.43916357249856963,1.45969919064149876E-016)
  -2.4683942278205522        0.0000000000000000     
       (0.35452875077065915,-4.85053223079993562E-017)
  -2.2439947525641384        0.0000000000000000     
        (0.27552110256310142,1.43866527261367720E-016)
  -2.0195952773077246        0.0000000000000000     
       (0.22275960295505678,-9.52338445903270727E-017)
  -1.7951958020513106        0.0000000000000000     
        (0.17413037020356487,1.72232865989558304E-016)
  -1.5707963267948968        0.0000000000000000     
        (0.14765280834536440,5.48285170676682173E-017)
  -1.3463968515384830        0.0000000000000000     
        (0.12868205926101967,1.38408816340343093E-016)
  -1.1219973762820692        0.0000000000000000     
  (9.58077812239852694E-002,-6.20205580536735321E-017)
 -0.89759790102565529        0.0000000000000000     
  (7.12018838384729930E-002,-1.69757050061282478E-017)
 -0.67319842576924149        0.0000000000000000     
  (5.67857177093485307E-002,-8.70472782087901321E-017)
 -0.44879895051282764        0.0000000000000000     
  (3.79219958443340333E-002,-6.79640859651260720E-017)
 -0.22439947525641382        0.0000000000000000     
  (1.71216139844898585E-002,-9.09180472877670686E-017)
   0.0000000000000000        0.0000000000000000     
         (2.17765275075320377E-004,0.0000000000000000)
  0.22439947525641382        0.0000000000000000     
   (1.71216139844898585E-002,9.09180472877670686E-017)
  0.44879895051282764        0.0000000000000000     
   (3.79219958443340333E-002,6.79640859651260720E-017)
  0.67319842576924149        0.0000000000000000     
   (5.67857177093485307E-002,8.70472782087901321E-017)
  0.89759790102565529        0.0000000000000000     
   (7.12018838384729930E-002,1.69757050061282478E-017)
   1.1219973762820692        0.0000000000000000     
   (9.58077812239852694E-002,6.20205580536735321E-017)
   1.3463968515384830        0.0000000000000000     
       (0.12868205926101967,-1.38408816340343093E-016)
   1.5707963267948968        0.0000000000000000     
       (0.14765280834536440,-5.48285170676682173E-017)
   1.7951958020513106        0.0000000000000000     
       (0.17413037020356487,-1.72232865989558304E-016)
   2.0195952773077246        0.0000000000000000     
        (0.22275960295505678,9.52338445903270727E-017)
   2.2439947525641384        0.0000000000000000     
       (0.27552110256310142,-1.43866527261367720E-016)
   2.4683942278205522        0.0000000000000000     
        (0.35452875077065915,4.85053223079993562E-017)
   2.6927937030769660        0.0000000000000000     
       (0.43916357249856963,-1.45969919064149876E-016)
   2.9171931783333798        0.0000000000000000     
        (0.68881649185217941,9.52158892073279697E-017)
   3.1415926535897936        0.0000000000000000     
        (1.5795947326245658,-1.28247899712911425E-016)
   1.0000000000000000                1          28
               (0.0000000000000000,0.0000000000000000)
  -2.9171931783333798        0.0000000000000000     
       (0.58600332949500034,-5.94938247542538244E-017)
  -2.6927937030769660        0.0000000000000000     
        (0.43642236486924446,2.55256731350315228E-016)
  -2.4683942278205522        0.0000000000000000     
       (0.34458694867409029,-1.49199435963042371E-016)
  -2.2439947525641384        0.0000000000000000     
        (0.26639945968020379,2.73590862404629445E-016)
  -2.0195952773077246        0.0000000000000000     
       (0.21716924528944487,-2.94653174624198927E-016)
  -1.7951958020513106        0.0000000000000000     
        (0.18119980146414477,1.01364070159235177E-016)
  -1.5707963267948968        0.0000000000000000     
       (0.13803318455020053,-1.54147040225237677E-016)
  -1.3463968515384830        0.0000000000000000     
        (0.11909146360725263,9.59077078287245718E-017)
  -1.1219973762820692        0.0000000000000000     
  (9.69600551611081718E-002,-1.88341500202768408E-016)
 -0.89759790102565529        0.0000000000000000     
  (7.55058593853970977E-002,-8.64033920836110886E-019)
 -0.67319842576924149        0.0000000000000000     
  (5.45843983492589890E-002,-1.15360251838032493E-016)
 -0.44879895051282764        0.0000000000000000     
  (3.36344116001611945E-002,-8.36218142202631711E-018)
 -0.22439947525641382        0.0000000000000000     
  (1.53209183466493457E-002,-2.15919437892136914E-017)
   0.0000000000000000        0.0000000000000000     
        (-2.96886581654625442E-005,0.0000000000000000)
  0.22439947525641382        0.0000000000000000     
   (1.53209183466493457E-002,2.15919437892136914E-017)
  0.44879895051282764        0.0000000000000000     
   (3.36344116001611945E-002,8.36218142202631711E-018)
  0.67319842576924149        0.0000000000000000     
   (5.45843983492589890E-002,1.15360251838032493E-016)
  0.89759790102565529        0.0000000000000000     
   (7.55058593853970977E-002,8.64033920836110886E-019)
   1.1219973762820692        0.0000000000000000     
   (9.69600551611081718E-002,1.88341500202768408E-016)
   1.3463968515384830        0.0000000000000000     
       (0.11909146360725263,-9.59077078287245718E-017)
   1.5707963267948968        0.0000000000000000     
        (0.13803318455020053,1.54147040225237677E-016)
   1.7951958020513106        0.0000000000000000     
       (0.18119980146414477,-1.01364070159235177E-016)
   2.0195952773077246        0.0000000000000000     
        (0.21716924528944487,2.94653174624198927E-016)
   2.2439947525641384        0.0000000000000000     
       (0.26639945968020379,-2.73590862404629445E-016)
   2.4683942278205522        0.0000000000000000     
        (0.34458694867409029,1.49199435963042371E-016)
   2.6927937030769660        0.0000000000000000     
       (0.43642236486924446,-2.55256731350315228E-016)
   2.9171931783333798        0.0000000000000000     
        (0.58600332949500034,5.94938247542538244E-017)
   3.1415926535897936        0.0000000000000000     
        (1.8702068077137561,-2.28992435834392680E-016)
   1.0000000000000000                1          28
               (0.0000000000000000,0.0000000000000000)
  -2.9171931783333798        0.0000000000000000     
       (0.64157149758743259,-1.58746002545131123E-017)
  -2.6927937030769660        0.0000000000000000     
        (0.44323292195611780,1.85618098702438411E-016)
  -2.4683942278205522        0.0000000000000000     
       (0.32504249522582335,-1.01863627436552970E-016)
  -2.2439947525641384        0.0000000000000000     
        (0.27432797980809237,2.27991221345632829E-016)
  -2.0195952773077246        0.0000000000000000     
       (0.23003901625845269,-2.36291265417116622E-016)
  -1.7951958020513106        0.0000000000000000     
        (0.17925183432471378,1.18833595189396056E-016)
  -1.5707963267948968        0.0000000000000000     
       (0.14389849330007792,-9.14478991836426655E-017)
  -1.3463968515384830        0.0000000000000000     
        (0.12227480223851848,1.19573354409147078E-016)
  -1.1219973762820692        0.0000000000000000     
  (9.47936468199445936E-002,-4.85717538645482654E-017)
 -0.89759790102565529        0.0000000000000000     
   (7.65303574284078164E-002,6.13993387101000860E-017)
 -0.67319842576924149        0.0000000000000000     
  (5.30150634578119770E-002,-1.41882315503260430E-017)
 -0.44879895051282764        0.0000000000000000     
   (3.55953758522753183E-002,6.63854094322872201E-017)
 -0.22439947525641382        0.0000000000000000     
   (1.38562394255722122E-002,6.49430804962586286E-017)
   0.0000000000000000        0.0000000000000000     
         (4.63647026256215004E-004,0.0000000000000000)
  0.22439947525641382        0.0000000000000000     
  (1.38562394255722122E-002,-6.49430804962586286E-017)
  0.44879895051282764        0.0000000000000000     
  (3.55953758522753183E-002,-6.63854094322872201E-017)
  0.67319842576924149        0.0000000000000000     
   (5.30150634578119770E-002,1.41882315503260430E-017)
  0.89759790102565529        0.0000000000000000     
  (7.65303574284078164E-002,-6.13993387101000860E-017)
   1.1219973762820692        0.0000000000000000     
   (9.47936468199445936E-002,4.85717538645482654E-017)
   1.3463968515384830        0.0000000000000000     
       (0.12227480223851848,-1.19573354409147078E-016)
   1.5707963267948968        0.0000000000000000     
        (0.14389849330007792,9.14478991836426655E-017)
   1.7951958020513106        0.0000000000000000     
       (0.17925183432471378,-1.18833595189396056E-016)
   2.0195952773077246        0.0000000000000000     
        (0.23003901625845269,2.36291265417116622E-016)
   2.2439947525641384        0.0000000000000000     
       (0.27432797980809237,-2.27991221345632829E-016)
   2.4683942278205522        0.0000000000000000     
        (0.32504249522582335,1.01863627436552970E-016)
   2.6927937030769660        0.0000000000000000     
       (0.44323292195611780,-1.85618098702438411E-016)
   2.9171931783333798        0.0000000000000000     
        (0.64157149758743259,1.58746002545131123E-017)
   3.1415926535897936        0.0000000000000000     
        (1.7326769056072233,-1.90825962828893736E-016)
   1.0000000000000000                1          28
               (0.0000000000000000,0.0000000000000000)
  -2.9171931783333798        0.0000000000000000     
        (0.62876448486698144,4.19125763128711152E-017)
  -2.6927937030769660        0.0000000000000000     
        (0.42780914989088081,3.01984570073697598E-016)
  -2.4683942278205522        0.0000000000000000     
       (0.31393197517566040,-2.59480055289192839E-017)
  -2.2439947525641384        0.0000000000000000     
        (0.22915044544351684,2.68735555029982696E-016)
  -2.0195952773077246        0.0000000000000000     
       (0.21449055913507345,-3.41325397701218160E-016)
  -1.7951958020513106        0.0000000000000000     
        (0.17067069681994271,5.33935864640274408E-017)
  -1.5707963267948968        0.0000000000000000     
       (0.14122405998735063,-1.85459662597324873E-016)
  -1.3463968515384830        0.0000000000000000     
        (0.11897771407043763,1.11341462728807487E-016)
  -1.1219973762820692        0.0000000000000000     
  (8.69520502075142171E-002,-2.35477374400496686E-016)
 -0.89759790102565529        0.0000000000000000     
   (6.36000948431139218E-002,5.84174510784467626E-017)
 -0.67319842576924149        0.0000000000000000     
   (5.37900078697743575E-002,3.80550209765821605E-018)
 -0.44879895051282764        0.0000000000000000     
   (3.32382114486739003E-002,3.51563488854295806E-017)
 -0.22439947525641382        0.0000000000000000     
   (1.45645937946878700E-002,2.24723671130586342E-018)
   0.0000000000000000        0.0000000000000000     
         (2.05661327415285200E-004,0.0000000000000000)
  0.22439947525641382        0.0000000000000000     
  (1.45645937946878700E-002,-2.24723671130586342E-018)
  0.44879895051282764        0.0000000000000000     
  (3.32382114486739003E-002,-3.51563488854295806E-017)
  0.67319842576924149        0.0000000000000000     
  (5.37900078697743575E-002,-3.80550209765821605E-018)
  0.89759790102565529        0.0000000000000000     
  (6.36000948431139218E-002,-5.84174510784467626E-017)
   1.1219973762820692        0.0000000000000000     
   (8.69520502075142171E-002,2.35477374400496686E-016)
   1.3463968515384830        0.0000000000000000     
       (0.11897771407043763,-1.11341462728807487E-016)
   1.5707963267948968        0.0000000000000000     
        (0.14122405998735063,1.85459662597324873E-016)
   1.7951958020513106        0.0000000000000000     
       (0.17067069681994271,-5.33935864640274408E-017)
   2.0195952773077246        0.0000000000000000     
        (0.21449055913507345,3.41325397701218160E-016)
   2.2439947525641384        0.0000000000000000     
       (0.22915044544351684,-2.68735555029982696E-016)
   2.4683942278205522        0.0000000000000000     
        (0.31393197517566040,2.59480055289192839E-017)
   2.6927937030769660        0.0000000000000000     
       (0.42780914989088081,-3.01984570073697598E-016)
   2.9171931783333798        0.0000000000000000     
       (0.62876448486698144,-4.19125763128711152E-017)
   3.1415926535897936        0.0000000000000000     
        (2.0054662515652479,-2.28176364885700963E-016)
   1.0000000000000000                1          28
               (0.0000000000000000,0.0000000000000000)
  -2.9171931783333798        0.0000000000000000     
       (0.62322548411136314,-1.09476283450078471E-016)
  -2.6927937030769660        0.0000000000000000     
        (0.40895552386935491,2.17187854272434304E-016)
  -2.4683942278205522        0.0000000000000000     
       (0.34052165404781309,-7.39632718078956461E-017)
  -2.2439947525641384        0.0000000000000000     
        (0.28311321935081368,1.74735948726344300E-016)
  -2.0195952773077246        0.0000000000000000     
       (0.22055807905580968,-2.18933852761567429E-016)
  -1.7951958020513106        0.0000000000000000     
        (0.18507547575784825,8.30287237335852850E-018)
  -1.5707963267948968        0.0000000000000000     
       (0.13736690136966681,-1.00081763178231207E-016)
  -1.3463968515384830        0.0000000000000000     
        (0.11685989368295195,1.44279667213454323E-016)
  -1.1219973762820692        0.0000000000000000     
  (9.87802225779322168E-002,-1.09175926632594864E-016)
 -0.89759790102565529        0.0000000000000000     
   (7.38851223712274768E-002,9.53483274951742707E-017)
 -0.67319842576924149        0.0000000000000000     
  (5.30320582416291403E-002,-1.66286823754693375E-017)
 -0.44879895051282764        0.0000000000000000     
   (3.46979506777549823E-002,4.76741637475871354E-017)
 -0.22439947525641382        0.0000000000000000     
   (1.66074204377342528E-002,4.05955043767735552E-017)
   0.0000000000000000        0.0000000000000000     
         (2.59333031078334830E-004,0.0000000000000000)
  0.22439947525641382        0.0000000000000000     
  (1.66074204377342528E-002,-4.05955043767735552E-017)
  0.44879895051282764        0.0000000000000000     
  (3.46979506777549823E-002,-4.76741637475871354E-017)
  0.67319842576924149        0.0000000000000000     
   (5.30320582416291403E-002,1.66286823754693375E-017)
  0.89759790102565529        0.0000000000000000     
  (7.38851223712274768E-002,-9.53483274951742707E-017)
   1.1219973762820692        0.0000000000000000     
   (9.87802225779322168E-002,1.09175926632594864E-016)
   1.3463968515384830        0.0000000000000000     
       (0.11685989368295195,-1.44279667213454323E-016)
   1.5707963267948968        0.0000000000000000     
        (0.13736690136966681,1.00081763178231207E-016)
   1.7951958020513106        0.0000000000000000     
       (0.18507547575784825,-8.30287237335852850E-018)
   2.0195952773077246        0.0000000000000000     
        (0.22055807905580968,2.18933852761567429E-016)
   2.2439947525641384        0.0000000000000000     
       (0.28311321935081368,-1.74735948726344300E-016)
   2.4683942278205522        0.0000000000000000     
        (0.34052165404781309,7.39632718078956461E-017)
   2.6927937030769660        0.0000000000000000     
       (0.40895552386935491,-2.17187854272434304E-016)
   2.9171931783333798        0.0000000000000000     
        (0.62322548411136314,1.09476283450078471E-016)
   3.1415926535897936        0.0000000000000000     
        (1.8143826558649698,-2.00163526356462389E-016)
   1.0000000000000000                1          28
               (0.0000000000000000,0.0000000000000000)
  -2.9171931783333798        0.0000000000000000     
       (0.63335454634851462,-3.50465781959143958E-017)
  -2.6927937030769660        0.0000000000000000     
        (0.34706733962408082,1.77294389998979600E-016)
  -2.4683942278205522        0.0000000000000000     
       (0.30130099409439087,-9.36937245192953626E-017)
  -2.2439947525641384        0.0000000000000000     
        (0.28772547218231620,1.74482761744896571E-016)
  -2.0195952773077246        0.0000000000000000     
       (0.25716430803379281,-3.29697695734618173E-016)
  -1.7951958020513106        0.0000000000000000     
        (0.18277565472001564,8.19209640668613260E-018)
  -1.5707963267948968        0.0000000000000000     
       (0.12493103061567766,-1.71337194858015984E-016)
  -1.3463968515384830        0.0000000000000000     
        (0.11234559588593133,4.10662082298402364E-017)
  -1.1219973762820692        0.0000000000000000     
       (0.10601284145641852,-1.72490648834737096E-016)
 -0.89759790102565529        0.0000000000000000     
  (7.88230730667366514E-002,-3.83411625826519503E-018)
 -0.67319842576924149        0.0000000000000000     
  (5.24137131771776552E-002,-7.60442553461779483E-017)
 -0.44879895051282764        0.0000000000000000     
   (3.40898521555460937E-002,9.97818856327979333E-018)
 -0.22439947525641382        0.0000000000000000     
   (1.52157591815451163E-002,2.94107017996836390E-018)
   0.0000000000000000        0.0000000000000000     
         (1.63909617452051570E-004,0.0000000000000000)
  0.22439947525641382        0.0000000000000000     
  (1.52157591815451163E-002,-2.94107017996836390E-018)
  0.44879895051282764        0.0000000000000000     
  (3.40898521555460937E-002,-9.97818856327979333E-018)
  0.67319842576924149        0.0000000000000000     
   (5.24137131771776552E-002,7.60442553461779483E-017)
  0.89759790102565529        0.0000000000000000     
   (7.88230730667366514E-002,3.83411625826519503E-018)
   1.1219973762820692        0.0000000000000000     
        (0.10601284145641852,1.72490648834737096E-016)
   1.3463968515384830        0.0000000000000000     
       (0.11234559588593133,-4.10662082298402364E-017)
   1.5707963267948968        0.0000000000000000     
        (0.12493103061567766,1.71337194858015984E-016)
   1.7951958020513106        0.0000000000000000     
       (0.18277565472001564,-8.19209640668613260E-018)
   2.0195952773077246        0.0000000000000000     
        (0.25716430803379281,3.29697695734618173E-016)
   2.2439947525641384        0.0000000000000000     
       (0.28772547218231620,-1.74482761744896571E-016)
   2.4683942278205522        0.0000000000000000     
        (0.30130099409439087,9.36937245192953626E-017)
   2.6927937030769660        0.0000000000000000     
       (0.34706733962408082,-1.77294389998979600E-016)
   2.9171931783333798        0.0000000000000000     
        (0.63335454634851462,3.50465781959143958E-017)
   3.1415926535897936        0.0000000000000000     
        (1.9333957292945059,-1.99931429407083235E-016)
   1.0000000000000000                1          28
               (0.0000000000000000,0.0000000000000000)
  -2.9171931783333798        0.0000000000000000     
       (0.73626921504487464,-8.80327959189049704E-017)
  -2.6927937030769660        0.0000000000000000     
        (0.31244958834071956,3.37548181795720085E-016)
  -2.4683942278205522        0.0000000000000000     
       (0.27110723715953833,-1.53301541083593233E-016)
  -2.2439947525641384        0.0000000000000000     
   (2.21326326342717143E-002,1.94650109843191509E-016)
  -2.0195952773077246        0.0000000000000000     
       (0.23268433308821859,-3.98774288907814273E-016)
  -1.7951958020513106        0.0000000000000000     
   (6.58719655092111500E-002,4.40291122711098361E-017)
  -1.5707963267948968        0.0000000000000000     
       (0.18238790537772534,-2.24362797950907816E-016)
  -1.3463968515384830        0.0000000000000000     
        (0.15840465397265177,1.27140727474416672E-016)
  -1.1219973762820692        0.0000000000000000     
 (-6.52142869151463479E-005,-1.56801288383657722E-016)
 -0.89759790102565529        0.0000000000000000     
   (1.45140214055515093E-002,6.16653784435962240E-017)
 -0.67319842576924149        0.0000000000000000     
 (-9.24025888611284228E-003,-1.15116432737662034E-016)
 -0.44879895051282764        0.0000000000000000     
  (-4.06834785671280064E-002,5.46231826066228967E-017)
 -0.22439947525641382        0.0000000000000000     
  (1.32761034027339161E-003,-4.71370024573321013E-017)
   0.0000000000000000        0.0000000000000000     
         (3.39430532795947926E-004,0.0000000000000000)
  0.22439947525641382        0.0000000000000000     
   (1.32761034027339161E-003,4.71370024573321013E-017)
  0.44879895051282764        0.0000000000000000     
 (-4.06834785671280064E-002,-5.46231826066228967E-017)
  0.67319842576924149        0.0000000000000000     
  (-9.24025888611284228E-003,1.15116432737662034E-016)
  0.89759790102565529        0.0000000000000000     
  (1.45140214055515093E-002,-6.16653784435962240E-017)
   1.1219973762820692        0.0000000000000000     
  (-6.52142869151463479E-005,1.56801288383657722E-016)
   1.3463968515384830        0.0000000000000000     
       (0.15840465397265177,-1.27140727474416672E-016)
   1.5707963267948968        0.0000000000000000     
        (0.18238790537772534,2.24362797950907816E-016)
   1.7951958020513106        0.0000000000000000     
  (6.58719655092111500E-002,-4.40291122711098361E-017)
   2.0195952773077246        0.0000000000000000     
        (0.23268433308821859,3.98774288907814273E-016)
   2.2439947525641384        0.0000000000000000     
  (2.21326326342717143E-002,-1.94650109843191509E-016)
   2.4683942278205522        0.0000000000000000     
        (0.27110723715953833,1.53301541083593233E-016)
   2.6927937030769660        0.0000000000000000     
       (0.31244958834071956,-3.37548181795720085E-016)
   2.9171931783333798        0.0000000000000000     
        (0.73626921504487464,8.80327959189049704E-017)
   3.1415926535897936        0.0000000000000000     
        (3.1053401472010891,-2.58401648823217353E-016)
   1.0000000000000000                1          28
               (0.0000000000000000,0.0000000000000000)
  -2.9171931783333798        0.0000000000000000     
        (0.53603849066897691,1.28903680426733373E-017)
  -2.6927937030769660        0.0000000000000000     
        (0.43249837636648714,3.36092769955981215E-016)
  -2.4683942278205522        0.0000000000000000     
       (0.29815396335233707,-1.07911565985816918E-016)
  -2.2439947525641384        0.0000000000000000     
        (0.25807577977189416,3.53802565983564035E-016)
  -2.0195952773077246        0.0000000000000000     
       (0.22912448747623962,-3.52744758420345155E-016)
  -1.7951958020513106        0.0000000000000000     
        (0.17745141713657397,1.44388965604201538E-016)
  -1.5707963267948968        0.0000000000000000     
       (0.14349608533244451,-9.57501712713330758E-017)
  -1.3463968515384830        0.0000000000000000     
        (0.12212192309867666,1.02622528169722440E-016)
  -1.1219973762820692        0.0000000000000000     
  (8.69161826366410678E-002,-1.41215542914544847E-016)
 -0.89759790102565529        0.0000000000000000     
   (7.68285612607796514E-002,5.63341538788842420E-017)
 -0.67319842576924149        0.0000000000000000     
  (4.96948758721965228E-002,-1.02857333085314918E-016)
 -0.44879895051282764        0.0000000000000000     
   (3.24004987267321951E-002,7.57480637090916967E-017)
 -0.22439947525641382        0.0000000000000000     
  (1.37565456548088428E-002,-2.00311618159272567E-017)
   0.0000000000000000        0.0000000000000000     
         (2.95622811924253378E-005,0.0000000000000000)
  0.22439947525641382        0.0000000000000000     
   (1.37565456548088428E-002,2.00311618159272567E-017)
  0.44879895051282764        0.0000000000000000     
  (3.24004987267321951E-002,-7.57480637090916967E-017)
  0.67319842576924149        0.0000000000000000     
   (4.96948758721965228E-002,1.02857333085314918E-016)
  0.89759790102565529        0.0000000000000000     
  (7.68285612607796514E-002,-5.63341538788842420E-017)
   1.1219973762820692        0.0000000000000000     
   (8.69161826366410678E-002,1.41215542914544847E-016)
   1.3463968515384830        0.0000000000000000     
       (0.12212192309867666,-1.02622528169722440E-016)
   1.5707963267948968        0.0000000000000000     
        (0.14349608533244451,9.57501712713330758E-017)
   1.7951958020513106        0.0000000000000000     
       (0.17745141713657397,-1.44388965604201538E-016)
   2.0195952773077246        0.0000000000000000     
        (0.22912448747623962,3.52744758420345155E-016)
   2.2439947525641384        0.0000000000000000     
       (0.25807577977189416,-3.53802565983564035E-016)
   2.4683942278205522        0.0000000000000000     
        (0.29815396335233707,1.07911565985816918E-016)
   2.6927937030769660        0.0000000000000000     
       (0.43249837636648714,-3.36092769955981215E-016)
   2.9171931783333798        0.0000000000000000     
       (0.53603849066897691,-1.28903680426733373E-017)
   3.1415926535897936        0.0000000000000000     
        (2.0868560629783168,-3.02522645005181978E-016)
   1.0000000000000000                1          28
               (0.0000000000000000,0.0000000000000000)
  -2.9171931783333798        0.0000000000000000     
        (0.65651830631183239,1.63941662000168379E-017)
  -2.6927937030769660        0.0000000000000000     
        (0.40057150838700789,1.58269554768387468E-016)
  -2.4683942278205522        0.0000000000000000     
       (0.34818787230612547,-3.78057328187856461E-017)
  -2.2439947525641384        0.0000000000000000     
        (0.25149750534394666,2.02556748210179623E-016)
  -2.0195952773077246        0.0000000000000000     
       (0.20512104040295678,-2.30647968277281938E-016)
  -1.7951958020513106        0.0000000000000000     
        (0.18469490724897406,7.84634884812470432E-017)
  -1.5707963267948968        0.0000000000000000     
       (0.13635542999043321,-6.29388040095038674E-017)
  -1.3463968515384830        0.0000000000000000     
        (0.10755804840663637,6.72395306917813475E-017)
  -1.1219973762820692        0.0000000000000000     
  (9.01561734429346257E-002,-5.96450106816464415E-017)
 -0.89759790102565529        0.0000000000000000     
  (7.21269605432892508E-002,-6.36670141362398201E-018)
 -0.67319842576924149        0.0000000000000000     
  (5.16191656803329652E-002,-5.34451764999113236E-017)
 -0.44879895051282764        0.0000000000000000     
   (3.05322468653528925E-002,4.83627182936417065E-017)
 -0.22439947525641382        0.0000000000000000     
  (1.62153229220512000E-002,-9.31230078130536277E-018)
   0.0000000000000000        0.0000000000000000     
         (2.31864331581248855E-005,0.0000000000000000)
  0.22439947525641382        0.0000000000000000     
   (1.62153229220512000E-002,9.31230078130536277E-018)
  0.44879895051282764        0.0000000000000000     
  (3.05322468653528925E-002,-4.83627182936417065E-017)
  0.67319842576924149        0.0000000000000000     
   (5.16191656803329652E-002,5.34451764999113236E-017)
  0.89759790102565529        0.0000000000000000     
   (7.21269605432892508E-002,6.36670141362398201E-018)
   1.1219973762820692        0.0000000000000000     
   (9.01561734429346257E-002,5.96450106816464415E-017)
   1.3463968515384830        0.0000000000000000     
       (0.10755804840663637,-6.72395306917813475E-017)
   1.5707963267948968        0.0000000000000000     
        (0.13635542999043321,6.29388040095038674E-017)
   1.7951958020513106        0.0000000000000000     
       (0.18469490724897406,-7.84634884812470432E-017)
   2.0195952773077246        0.0000000000000000     
        (0.20512104040295678,2.30647968277281938E-016)
   2.2439947525641384        0.0000000000000000     
       (0.25149750534394666,-2.02556748210179623E-016)
   2.4683942278205522        0.0000000000000000     
        (0.34818787230612547,3.78057328187856461E-017)
   2.6927937030769660        0.0000000000000000     
       (0.40057150838700789,-1.58269554768387468E-016)
   2.9171931783333798        0.0000000000000000     
       (0.65651830631183239,-1.63941662000168379E-017)
   3.1415926535897936        0.0000000000000000     
        (1.8976678378630176,-1.89318923711873918E-016)
   1.0000000000000000                1          28
               (0.0000000000000000,0.0000000000000000)
  -2.9171931783333798        0.0000000000000000     
       (0.63790611842282197,-6.54266936048434565E-017)
  -2.6927937030769660        0.0000000000000000     
        (0.45740892822426943,2.17185813301096335E-016)
  -2.4683942278205522        0.0000000000000000     
       (0.34429521972610211,-9.80101387252230388E-017)
  -2.2439947525641384        0.0000000000000000     
        (0.27304808448031742,2.19039871132743892E-016)
  -2.0195952773077246        0.0000000000000000     
       (0.22300876604535155,-1.15883491489959269E-016)
  -1.7951958020513106        0.0000000000000000     
        (0.17681721062066033,9.78174137995913115E-017)
  -1.5707963267948968        0.0000000000000000     
       (0.15509264890555924,-2.63816920032397035E-017)
  -1.3463968515384830        0.0000000000000000     
        (0.12385383612914699,1.01654012746640939E-016)
  -1.1219973762820692        0.0000000000000000     
  (9.47163771749244959E-002,-8.17643599507430323E-017)
 -0.89759790102565529        0.0000000000000000     
   (7.68988666070429955E-002,4.89087068997956558E-017)
 -0.67319842576924149        0.0000000000000000     
  (5.51914845369104595E-002,-6.07397119503307975E-017)
 -0.44879895051282764        0.0000000000000000     
   (3.44865944036206740E-002,2.84194356807019597E-017)
 -0.22439947525641382        0.0000000000000000     
  (1.68199205106625317E-002,-1.81748000711551086E-017)
   0.0000000000000000        0.0000000000000000     
        (-4.87424066184635315E-005,0.0000000000000000)
  0.22439947525641382        0.0000000000000000     
   (1.68199205106625317E-002,1.81748000711551086E-017)
  0.44879895051282764        0.0000000000000000     
  (3.44865944036206740E-002,-2.84194356807019597E-017)
  0.67319842576924149        0.0000000000000000     
   (5.51914845369104595E-002,6.07397119503307975E-017)
  0.89759790102565529        0.0000000000000000     
  (7.68988666070429955E-002,-4.89087068997956558E-017)
   1.1219973762820692        0.0000000000000000     
   (9.47163771749244959E-002,8.17643599507430323E-017)
   1.3463968515384830        0.0000000000000000     
       (0.12385383612914699,-1.01654012746640939E-016)
   1.5707963267948968        0.0000000000000000     
        (0.15509264890555924,2.63816920032397035E-017)
   1.7951958020513106        0.0000000000000000     
       (0.17681721062066033,-9.78174137995913115E-017)
   2.0195952773077246        0.0000000000000000     
        (0.22300876604535155,1.15883491489959269E-016)
   2.2439947525641384        0.0000000000000000     
       (0.27304808448031742,-2.19039871132743892E-016)
   2.4683942278205522        0.0000000000000000     
        (0.34429521972610211,9.80101387252230388E-017)
   2.6927937030769660        0.0000000000000000     
       (0.45740892822426943,-2.17185813301096335E-016)
   2.9171931783333798        0.0000000000000000     
        (0.63790611842282197,6.54266936048434565E-017)
   3.1415926535897936        0.0000000000000000     
        (1.6609606308311027,-1.71715850930603547E-016)
   1.0000000000000000                1          28
               (0.0000000000000000,0.0000000000000000)
  -2.9171931783333798        0.0000000000000000     
        (0.65062253857989205,1.07939761607671938E-017)
  -2.6927937030769660        0.0000000000000000     
        (0.43069239030100226,2.22943645703340952E-016)
  -2.4683942278205522        0.0000000000000000     
       (0.33208968025460489,-9.86260111786068832E-017)
  -2.2439947525641384        0.0000000000000000     
        (0.26496903257739873,2.31254036157209717E-016)
  -2.0195952773077246        0.0000000000000000     
       (0.21627195045423311,-2.15583820230123444E-016)
  -1.7951958020513106        0.0000000000000000     
        (0.18542558983999011,1.15056679090214135E-016)
  -1.5707963267948968        0.0000000000000000     
       (0.14308228007004667,-5.97356408550865488E-017)
  -1.3463968515384830        0.0000000000000000     
        (0.12441889884792350,1.31297234005691132E-016)
  -1.1219973762820692        0.0000000000000000     
  (9.89859322350299803E-002,-5.61507846165429028E-017)
 -0.89759790102565529        0.0000000000000000     
   (6.99951444218015056E-002,1.11056949660962824E-016)
 -0.67319842576924149        0.0000000000000000     
  (5.51149032259244318E-002,-1.21200068869898065E-017)
 -0.44879895051282764        0.0000000000000000     
   (3.48799048467486258E-002,8.13015093307082672E-017)
 -0.22439947525641382        0.0000000000000000     
  (1.63245078439925514E-002,-1.98340729536324454E-017)
   0.0000000000000000        0.0000000000000000     
         (2.05384425546910126E-004,0.0000000000000000)
  0.22439947525641382        0.0000000000000000     
   (1.63245078439925514E-002,1.98340729536324454E-017)
  0.44879895051282764        0.0000000000000000     
  (3.48799048467486258E-002,-8.13015093307082672E-017)
  0.67319842576924149        0.0000000000000000     
   (5.51149032259244318E-002,1.21200068869898065E-017)
  0.89759790102565529        0.0000000000000000     
  (6.99951444218015056E-002,-1.11056949660962824E-016)
   1.1219973762820692        0.0000000000000000     
   (9.89859322350299803E-002,5.61507846165429028E-017)
   1.3463968515384830        0.0000000000000000     
       (0.12441889884792350,-1.31297234005691132E-016)
   1.5707963267948968        0.0000000000000000     
        (0.14308228007004667,5.97356408550865488E-017)
   1.7951958020513106        0.0000000000000000     
       (0.18542558983999011,-1.15056679090214135E-016)
   2.0195952773077246        0.0000000000000000     
        (0.21627195045423311,2.15583820230123444E-016)
   2.2439947525641384        0.0000000000000000     
       (0.26496903257739873,-2.31254036157209717E-016)
   2.4683942278205522        0.0000000000000000     
        (0.33208968025460489,9.86260111786068832E-017)
   2.6927937030769660        0.0000000000000000     
       (0.43069239030100226,-2.22943645703340952E-016)
   2.9171931783333798        0.0000000000000000     
       (0.65062253857989205,-1.07939761607671938E-017)
   3.1415926535897936        0.0000000000000000     
        (1.7540491085766459,-1.82912597403039626E-016)
   1.0000000000000000                1          28
               (0.0000000000000000,0.0000000000000000)
  -2.9171931783333798        0.0000000000000000     
       (0.65385770742644833,-3.10631456134807082E-017)
  -2.6927937030769660        0.0000000000000000     
        (0.41160689007144152,2.25818281394306969E-016)
  -2.4683942278205522        0.0000000000000000     
       (0.32303727265812171,-9.26824371487127711E-017)
  -2.2439947525641384        0.0000000000000000     
        (0.28146443622894735,2.29943880582879153E-016)
  -2.0195952773077246        0.0000000000000000     
       (0.22835001477503392,-1.90373316753721826E-016)
  -1.7951958020513106        0.0000000000000000     
        (0.17823353048721510,1.00853377046973080E-016)
  -1.5707963267948968        0.0000000000000000     
       (0.14848174383011642,-1.16793964449073617E-016)
  -1.3463968515384830        0.0000000000000000     
        (0.11886481840907855,1.04978976235545215E-016)
  -1.1219973762820692        0.0000000000000000     
  (9.39635590798041653E-002,-9.71290702528209788E-017)
 -0.89759790102565529        0.0000000000000000     
   (7.17223767707876603E-002,5.83568529850948038E-017)
 -0.67319842576924149        0.0000000000000000     
  (5.46727951613406524E-002,-5.44720292331746780E-017)
 -0.44879895051282764        0.0000000000000000     
   (3.37738686454485057E-002,3.71085909541556594E-017)
 -0.22439947525641382        0.0000000000000000     
  (1.64079111861288145E-002,-1.65717543616757653E-017)
   0.0000000000000000        0.0000000000000000     
         (1.13610105601489960E-004,0.0000000000000000)
  0.22439947525641382        0.0000000000000000     
   (1.64079111861288145E-002,1.65717543616757653E-017)
  0.44879895051282764        0.0000000000000000     
  (3.37738686454485057E-002,-3.71085909541556594E-017)
  0.67319842576924149        0.0000000000000000     
   (5.46727951613406524E-002,5.44720292331746780E-017)
  0.89759790102565529        0.0000000000000000     
  (7.17223767707876603E-002,-5.83568529850948038E-017)
   1.1219973762820692        0.0000000000000000     
   (9.39635590798041653E-002,9.71290702528209788E-017)
   1.3463968515384830        0.0000000000000000     
       (0.11886481840907855,-1.04978976235545215E-016)
   1.5707963267948968        0.0000000000000000     
        (0.14848174383011642,1.16793964449073617E-016)
   1.7951958020513106        0.0000000000000000     
       (0.17823353048721510,-1.00853377046973080E-016)
   2.0195952773077246        0.0000000000000000     
        (0.22835001477503392,1.90373316753721826E-016)
   2.2439947525641384        0.0000000000000000     
       (0.28146443622894735,-2.29943880582879153E-016)
   2.4683942278205522        0.0000000000000000     
        (0.32303727265812171,9.26824371487127711E-017)
   2.6927937030769660        0.0000000000000000     
       (0.41160689007144152,-2.25818281394306969E-016)
   2.9171931783333798        0.0000000000000000     
        (0.65385770742644833,3.10631456134807082E-017)
   3.1415926535897936        0.0000000000000000     
        (1.7710125404345338,-1.78076777666889209E-016)
   1.0000000000000000                1          28
               (0.0000000000000000,0.0000000000000000)
  -2.9171931783333798        0.0000000000000000     
       (0.59754432363546084,-9.33945780956998217E-017)
  -2.6927937030769660        0.0000000000000000     
        (0.41125340768180141,2.12337524169095192E-016)
  -2.4683942278205522        0.0000000000000000     
       (0.34810861888487110,-9.18047720018080090E-017)
  -2.2439947525641384        0.0000000000000000     
        (0.26021901655702084,1.72088166324863109E-016)
  -2.0195952773077246        0.0000000000000000     
       (0.22341382776416996,-1.96570662499293537E-016)
  -1.7951958020513106        0.0000000000000000     
        (0.17958528349470579,8.19855336782125656E-017)
  -1.5707963267948968        0.0000000000000000     
       (0.14976268574120136,-1.89734756699529734E-016)
  -1.3463968515384830        0.0000000000000000     
        (0.11305518127462579,6.75092103342073253E-017)
  -1.1219973762820692        0.0000000000000000     
  (9.61891852395591468E-002,-1.35607611047483194E-016)
 -0.89759790102565529        0.0000000000000000     
   (7.40900615791170586E-002,4.49578490699104115E-017)
 -0.67319842576924149        0.0000000000000000     
  (5.21901896586155142E-002,-8.53006741675573671E-017)
 -0.44879895051282764        0.0000000000000000     
   (3.60289559456318381E-002,2.44614656503572732E-017)
 -0.22439947525641382        0.0000000000000000     
  (1.65952735283858878E-002,-2.61085206329930918E-017)
   0.0000000000000000        0.0000000000000000     
         (1.08063100630059351E-004,0.0000000000000000)
  0.22439947525641382        0.0000000000000000     
   (1.65952735283858878E-002,2.61085206329930918E-017)
  0.44879895051282764        0.0000000000000000     
  (3.60289559456318381E-002,-2.44614656503572732E-017)
  0.67319842576924149        0.0000000000000000     
   (5.21901896586155142E-002,8.53006741675573671E-017)
  0.89759790102565529        0.0000000000000000     
  (7.40900615791170586E-002,-4.49578490699104115E-017)
   1.1219973762820692        0.0000000000000000     
   (9.61891852395591468E-002,1.35607611047483194E-016)
   1.3463968515384830        0.0000000000000000     
       (0.11305518127462579,-6.75092103342073253E-017)
   1.5707963267948968        0.0000000000000000     
        (0.14976268574120136,1.89734756699529734E-016)
   1.7951958020513106        0.0000000000000000     
       (0.17958528349470579,-8.19855336782125656E-017)
   2.0195952773077246        0.0000000000000000     
        (0.22341382776416996,1.96570662499293537E-016)
   2.2439947525641384        0.0000000000000000     
       (0.26021901655702084,-1.72088166324863109E-016)
   2.4683942278205522        0.0000000000000000     
        (0.34810861888487110,9.18047720018080090E-017)
   2.6927937030769660        0.0000000000000000     
       (0.41125340768180141,-2.12337524169095192E-016)
   2.9171931783333798        0.0000000000000000     
        (0.59754432363546084,9.33945780956998217E-017)
   3.1415926535897936        0.0000000000000000     
        (1.8838199149289812,-2.05005895243677607E-016)
   1.0000000000000000                1          28
               (0.0000000000000000,0.0000000000000000)
  -2.9171931783333798        0.0000000000000000     
       (0.59756853389706499,-8.14721058403735334E-017)
  -2.6927937030769660        0.0000000000000000     
        (0.42827206300223331,3.14724740184260502E-016)
  -2.4683942278205522        0.0000000000000000     
       (0.31994065738464850,-4.28291445436411783E-017)
  -2.2439947525641384        0.0000000000000000     
        (0.25388976829478788,3.21680224541775640E-016)
  -2.0195952773077246        0.0000000000000000     
       (0.22471323333928406,-2.43873780989048526E-016)
  -1.7951958020513106        0.0000000000000000     
        (0.17050621975579197,2.09883119196677081E-016)
  -1.5707963267948968        0.0000000000000000     
       (0.14627823805521026,-7.26004421818880121E-017)
  -1.3463968515384830        0.0000000000000000     
        (0.11348160306214385,1.97013192400171538E-016)
  -1.1219973762820692        0.0000000000000000     
  (8.64533598700565342E-002,-5.97305153853824939E-017)
 -0.89759790102565529        0.0000000000000000     
   (7.95505192175427062E-002,7.71859839827096271E-017)
 -0.67319842576924149        0.0000000000000000     
  (4.93698818568776079E-002,-5.88557738920444695E-017)
 -0.44879895051282764        0.0000000000000000     
   (3.39065606687965274E-002,7.22961909531899202E-017)
 -0.22439947525641382        0.0000000000000000     
  (1.35699186507461846E-002,-5.39909655152135456E-017)
   0.0000000000000000        0.0000000000000000     
         (8.74198668958103831E-005,0.0000000000000000)
  0.22439947525641382        0.0000000000000000     
   (1.35699186507461846E-002,5.39909655152135456E-017)
  0.44879895051282764        0.0000000000000000     
  (3.39065606687965274E-002,-7.22961909531899202E-017)
  0.67319842576924149        0.0000000000000000     
   (4.93698818568776079E-002,5.88557738920444695E-017)
  0.89759790102565529        0.0000000000000000     
  (7.95505192175427062E-002,-7.71859839827096271E-017)
   1.1219973762820692        0.0000000000000000     
   (8.64533598700565342E-002,5.97305153853824939E-017)
   1.3463968515384830        0.0000000000000000     
       (0.11348160306214385,-1.97013192400171538E-016)
   1.5707963267948968        0.0000000000000000     
        (0.14627823805521026,7.26004421818880121E-017)
   1.7951958020513106        0.0000000000000000     
       (0.17050621975579197,-2.09883119196677081E-016)
   2.0195952773077246        0.0000000000000000     
        (0.22471323333928406,2.43873780989048526E-016)
   2.2439947525641384        0.0000000000000000     
       (0.25388976829478788,-3.21680224541775640E-016)
   2.4683942278205522        0.0000000000000000     
        (0.31994065738464850,4.28291445436411783E-017)
   2.6927937030769660        0.0000000000000000     
       (0.42827206300223331,-3.14724740184260502E-016)
   2.9171931783333798        0.0000000000000000     
        (0.59756853389706499,8.14721058403735334E-017)
   3.1415926535897936        0.0000000000000000     
        (1.9649114660227291,-2.40362857903074646E-016)
   1.0000000000000000                1          28
               (0.0000000000000000,0.0000000000000000)
  -2.9171931783333798        0.0000000000000000     
       (0.60421464881984333,-6.77660805819536406E-017)
  -2.6927937030769660        0.0000000000000000     
        (0.45976460691888565,9.51651611919316502E-017)
  -2.4683942278205522        0.0000000000000000     
       (0.33665852057385087,-1.39025220080826525E-018)
  -2.2439947525641384        0.0000000000000000     
        (0.27090095465310526,1.67567210888930858E-016)
  -2.0195952773077246        0.0000000000000000     
       (0.22684021747734318,-2.94965127045925479E-016)
  -1.7951958020513106        0.0000000000000000     
        (0.17805561541096224,8.62028333614822774E-017)
  -1.5707963267948968        0.0000000000000000     
       (0.15683202300105356,-1.06543529286765360E-016)
  -1.3463968515384830        0.0000000000000000     
        (0.12105679561094858,6.34429095191823462E-017)
  -1.1219973762820692        0.0000000000000000     
  (9.80353184184633575E-002,-1.55155085598939771E-016)
 -0.89759790102565529        0.0000000000000000     
   (7.73096665196678912E-002,7.08569922963700584E-017)
 -0.67319842576924149        0.0000000000000000     
  (5.40103699542754875E-002,-9.11976882216531289E-017)
 -0.44879895051282764        0.0000000000000000     
   (3.70559928395664331E-002,3.14634139173808943E-017)
 -0.22439947525641382        0.0000000000000000     
  (1.73140911019922551E-002,-6.72777759591441362E-017)
   0.0000000000000000        0.0000000000000000     
        (-1.28419677171389063E-004,0.0000000000000000)
  0.22439947525641382        0.0000000000000000     
   (1.73140911019922551E-002,6.72777759591441362E-017)
  0.44879895051282764        0.0000000000000000     
  (3.70559928395664331E-002,-3.14634139173808943E-017)
  0.67319842576924149        0.0000000000000000     
   (5.40103699542754875E-002,9.11976882216531289E-017)
  0.89759790102565529        0.0000000000000000     
  (7.73096665196678912E-002,-7.08569922963700584E-017)
   1.1219973762820692        0.0000000000000000     
   (9.80353184184633575E-002,1.55155085598939771E-016)
   1.3463968515384830        0.0000000000000000     
       (0.12105679561094858,-6.34429095191823462E-017)
   1.5707963267948968        0.0000000000000000     
        (0.15683202300105356,1.06543529286765360E-016)
   1.7951958020513106        0.0000000000000000     
       (0.17805561541096224,-8.62028333614822774E-017)
   2.0195952773077246        0.0000000000000000     
        (0.22684021747734318,2.94965127045925479E-016)
   2.2439947525641384        0.0000000000000000     
       (0.27090095465310526,-1.67567210888930858E-016)
   2.4683942278205522        0.0000000000000000     
        (0.33665852057385087,1.39025220080826525E-018)
   2.6927937030769660        0.0000000000000000     
       (0.45976460691888565,-9.51651611919316502E-017)
   2.9171931783333798        0.0000000000000000     
        (0.60421464881984333,6.77660805819536406E-017)
   3.1415926535897936        0.0000000000000000     
        (1.7240307770772372,-1.97226729650314008E-016)
   1.0000000000000000                1          28
               (0.0000000000000000,0.0000000000000000)
  -2.9171931783333798        0.0000000000000000     
       (0.35996790393037442,-9.53918568576074845E-017)
  -2.6927937030769660        0.0000000000000000     
        (0.54844684019359302,4.80348113646163570E-016)
  -2.4683942278205522        0.0000000000000000     
       (0.30379624533650951,-5.97223163635484432E-017)
  -2.2439947525641384        0.0000000000000000     
        (0.30189585970228089,5.16050053306578982E-016)
  -2.0195952773077246        0.0000000000000000     
       (0.19174692010492286,-3.59437404981404826E-016)
  -1.7951958020513106        0.0000000000000000     
        (0.21831335940615673,2.56018186163120183E-016)
  -1.5707963267948968        0.0000000000000000     
       (0.12615529725809291,-1.54916689069203903E-016)
  -1.3463968515384830        0.0000000000000000     
        (0.12496050064861554,2.44139139053885902E-016)
  -1.1219973762820692        0.0000000000000000     
       (0.10043881309948591,-1.43037641959969696E-016)
 -0.89759790102565529        0.0000000000000000     
   (6.72066546363919159E-002,9.62884352351270368E-017)
 -0.67319842576924149        0.0000000000000000     
  (8.07276734004483687E-002,-9.82790761421181783E-017)
 -0.44879895051282764        0.0000000000000000     
   (1.15108027828801675E-002,5.60743820791717759E-017)
 -0.22439947525641382        0.0000000000000000     
  (2.01004821912879848E-002,-6.22923877016317294E-018)
   0.0000000000000000        0.0000000000000000     
        (-8.75722473656161306E-005,0.0000000000000000)
  0.22439947525641382        0.0000000000000000     
   (2.01004821912879848E-002,6.22923877016317294E-018)
  0.44879895051282764        0.0000000000000000     
  (1.15108027828801675E-002,-5.60743820791717759E-017)
  0.67319842576924149        0.0000000000000000     
   (8.07276734004483687E-002,9.82790761421181783E-017)
  0.89759790102565529        0.0000000000000000     
  (6.72066546363919159E-002,-9.62884352351270368E-017)
   1.1219973762820692        0.0000000000000000     
        (0.10043881309948591,1.43037641959969696E-016)
   1.3463968515384830        0.0000000000000000     
       (0.12496050064861554,-2.44139139053885902E-016)
   1.5707963267948968        0.0000000000000000     
        (0.12615529725809291,1.54916689069203903E-016)
   1.7951958020513106        0.0000000000000000     
       (0.21831335940615673,-2.56018186163120183E-016)
   2.0195952773077246        0.0000000000000000     
        (0.19174692010492286,3.59437404981404826E-016)
   2.2439947525641384        0.0000000000000000     
       (0.30189585970228089,-5.16050053306578982E-016)
   2.4683942278205522        0.0000000000000000     
        (0.30379624533650951,5.97223163635484432E-017)
   2.6927937030769660        0.0000000000000000     
       (0.54844684019359302,-4.80348113646163570E-016)
   2.9171931783333798        0.0000000000000000     
        (0.35996790393037442,9.53918568576074845E-017)
   3.1415926535897936        0.0000000000000000     
        (2.0895528668646315,-4.36716009524139877E-016)
   1.0000000000000000                1          28
               (0.0000000000000000,0.0000000000000000)
  -2.9171931783333798        0.0000000000000000     
       (0.59490324247830328,-5.39699070915746464E-017)
  -2.6927937030769660        0.0000000000000000     
        (0.49016913355547503,2.35653588202502269E-016)
  -2.4683942278205522        0.0000000000000000     
       (0.31576536575891068,-2.77491669346073315E-017)
  -2.2439947525641384        0.0000000000000000     
        (0.28900371704024763,2.78821787084607281E-016)
  -2.0195952773077246        0.0000000000000000     
       (0.20548987966345530,-2.88510639833247339E-016)
  -1.7951958020513106        0.0000000000000000     
        (0.19120529215662757,8.85363830269606531E-017)
  -1.5707963267948968        0.0000000000000000     
       (0.14524841268833538,-8.63299890831883497E-017)
  -1.3463968515384830        0.0000000000000000     
        (0.12616260999034382,1.15844252985849076E-016)
  -1.1219973762820692        0.0000000000000000     
  (9.19882875398428806E-002,-1.61218845811726355E-016)
 -0.89759790102565529        0.0000000000000000     
   (7.36687483978518548E-002,6.40936026675009702E-017)
 -0.67319842576924149        0.0000000000000000     
  (5.31053506287514146E-002,-7.37824554161410531E-017)
 -0.44879895051282764        0.0000000000000000     
  (3.61410039629849675E-002,-2.54468910129094032E-017)
 -0.22439947525641382        0.0000000000000000     
   (1.63325290889832810E-002,4.04790211220836197E-017)
   0.0000000000000000        0.0000000000000000     
        (-1.12777794604041712E-004,0.0000000000000000)
  0.22439947525641382        0.0000000000000000     
  (1.63325290889832810E-002,-4.04790211220836197E-017)
  0.44879895051282764        0.0000000000000000     
   (3.61410039629849675E-002,2.54468910129094032E-017)
  0.67319842576924149        0.0000000000000000     
   (5.31053506287514146E-002,7.37824554161410531E-017)
  0.89759790102565529        0.0000000000000000     
  (7.36687483978518548E-002,-6.40936026675009702E-017)
   1.1219973762820692        0.0000000000000000     
   (9.19882875398428806E-002,1.61218845811726355E-016)
   1.3463968515384830        0.0000000000000000     
       (0.12616260999034382,-1.15844252985849076E-016)
   1.5707963267948968        0.0000000000000000     
        (0.14524841268833538,8.63299890831883497E-017)
   1.7951958020513106        0.0000000000000000     
       (0.19120529215662757,-8.85363830269606531E-017)
   2.0195952773077246        0.0000000000000000     
        (0.20548987966345530,2.88510639833247339E-016)
   2.2439947525641384        0.0000000000000000     
       (0.28900371704024763,-2.78821787084607281E-016)
   2.4683942278205522        0.0000000000000000     
        (0.31576536575891068,2.77491669346073315E-017)
   2.6927937030769660        0.0000000000000000     
       (0.49016913355547503,-2.35653588202502269E-016)
   2.9171931783333798        0.0000000000000000     
        (0.59490324247830328,5.39699070915746464E-017)
   3.1415926535897936        0.0000000000000000     
        (1.7417456318942850,-2.51961622782459200E-016)
