     0.0000000        0.03553257        0.00214721
     0.1000000        0.01804837        0.00149231
     0.2000000        0.00978137        0.00101715
     0.3000000        0.00570645        0.00080440
     0.4000000        0.00383728        0.00048624
     0.5000000        0.00272473        0.00048958
     0.6000000        0.00192321        0.00044679
     0.7000000        0.00129692        0.00040994
     0.8000000        0.00098871        0.00032850
     0.9000000        0.00054295        0.00026928
     1.0000000        0.00036627        0.00020960
     1.1000000        0.00026306        0.00013135
     1.2000000        0.00026078        0.00012661
     1.3000000        0.00024975        0.00016165
     1.4000000        0.00020411        0.00016554
     1.5000000        0.00010427        0.00011939
     1.6000000       -0.00002497        0.00004478
     1.7000000       -0.00018329        0.00011839
     1.8000000       -0.00016215        0.00010749
     1.9000000       -0.00014699        0.00014322
     2.0000000       -0.00014764        0.00015740
     2.1000000       -0.00013592        0.00014184
     2.2000000       -0.00011106        0.00010677
     2.3000000       -0.00004425        0.00003662
     2.4000000       -0.00002886        0.00002151
     2.5000000       -0.00002697        0.00002205
     2.6000000       -0.00001662        0.00001626
     2.7000000       -0.00001196        0.00001044
     2.8000000       -0.00000782        0.00000781
     2.9000000       -0.00000407        0.00000545
     3.0000000       -0.00000276        0.00000477
     3.1000000       -0.00000234        0.00000423
     3.2000000       -0.00000169        0.00000515
     3.3000000       -0.00000131        0.00000369
     3.4000000       -0.00000019        0.00000316
     3.5000000        0.00000015        0.00000279
     3.6000000        0.00000264        0.00000487
     3.7000000        0.00000264        0.00000535
     3.8000000        0.00000472        0.00000509
     3.9000000        0.00000323        0.00000324
     4.0000000        0.00000429        0.00000457
     4.1000000        0.00000498        0.00000585
     4.2000000        0.00000347        0.00000573
     4.3000000        0.00000343        0.00000481
     4.4000000        0.00000146        0.00000306
     4.5000000        0.00000300        0.00000347
     4.6000000        0.00000260        0.00000265
     4.7000000        0.00000253        0.00000260
     4.8000000        0.00000152        0.00000165
     4.9000000       -0.00000036        0.00000057
     5.0000000       -0.00000123        0.00000089
     5.1000000       -0.00000197        0.00000173
     5.2000000       -0.00000149        0.00000246
     5.3000000       -0.00000096        0.00000244
     5.4000000       -0.00000036        0.00000224
     5.5000000       -0.00000131        0.00000330
     5.6000000       -0.00000281        0.00000334
     5.7000000       -0.00000375        0.00000348
     5.8000000       -0.00000265        0.00000237
     5.9000000        0.00000031        0.00000209
     6.0000000        0.00000243        0.00000318
     6.1000000        0.00000312        0.00000338
     6.2000000        0.00000371        0.00000390
     6.3000000        0.00000291        0.00000368
     6.4000000        0.00000033        0.00000184
     6.5000000       -0.00000006        0.00000332
     6.6000000       -0.00000133        0.00000340
     6.7000000       -0.00000037        0.00000327
     6.8000000       -0.00000145        0.00000346
     6.9000000       -0.00000222        0.00000360
     7.0000000       -0.00000370        0.00000424
     7.1000000       -0.00000636        0.00000897
     7.2000000       -0.00000426        0.00001186
     7.3000000       -0.00000149        0.00001465
     7.4000000       -0.00001182        0.00002439
     7.5000000       -0.00000667        0.00001658
     7.6000000        0.00000951        0.00000498
     7.7000000        0.00002543        0.00002767
     7.8000000        0.00001827        0.00003503
     7.9000000        0.00004360        0.00004189
     8.0000000        0.00007427        0.00005553
     8.1000000        0.00002233        0.00001026
     8.2000000       -0.00002145        0.00002932
     8.3000000        0.00004433        0.00007652
     8.4000000        0.00003484        0.00011749
     8.5000000        0.00017080        0.00021363
     8.6000000        0.00014998        0.00018017
     8.7000000        0.00012225        0.00018007
     8.8000000        0.00021947        0.00019141
     8.9000000        0.00028072        0.00019274
     9.0000000        0.00011322        0.00038681
     9.1000000        0.00004682        0.00044829
     9.2000000        0.00004082        0.00038779
     9.3000000       -0.00004537        0.00038053
     9.4000000        0.00006224        0.00043418
     9.5000000        0.00060782        0.00047991
     9.6000000        0.00169753        0.00064586
     9.7000000        0.00353649        0.00092059
     9.8000000        0.00793251        0.00122830
     9.9000000        0.01683348        0.00156115
    10.0000000        0.03553257        0.00214721
