         101           5   20.000000000000000                1
     0.0000000        0.59253099        0.38330740
     0.1000000        0.47170637        0.30619998
     0.2000000        0.19154547        0.15420745
     0.3000000        0.24246628        0.16393217
     0.4000000        0.35125586        0.29694467
     0.5000000        0.28063828        0.22584554
     0.6000000        0.04143257        0.03540620
     0.7000000        0.17436412        0.11952232
     0.8000000        0.14700702        0.14365489
     0.9000000       -0.00377084        0.02922816
     1.0000000        0.13323643        0.11844836
     1.1000000        0.09112218        0.06521228
     1.2000000        0.00861596        0.03318576
     1.3000000        0.01091695        0.01102483
     1.4000000        0.02630103        0.02763046
     1.5000000       -0.00999165        0.03381862
     1.6000000        0.01910448        0.02415015
     1.7000000        0.14027939        0.11002507
     1.8000000        0.04985495        0.03795026
     1.9000000        0.05729223        0.03676552
     2.0000000        0.01433580        0.04077581
     2.1000000        0.02686347        0.06129424
     2.2000000        0.03911948        0.05050979
     2.3000000       -0.02148708        0.00823121
     2.4000000        0.01050224        0.03743414
     2.5000000        0.01609628        0.05432846
     2.6000000        0.14132036        0.30316036
     2.7000000       -0.06620986        0.15804158
     2.8000000       -0.01589742        0.05037423
     2.9000000       -0.01478999        0.00840790
     3.0000000        0.00937208        0.00848497
     3.1000000        0.00094033        0.02536125
     3.2000000       -0.00213174        0.00964502
     3.3000000       -0.01359097        0.01276344
     3.4000000       -0.00361207        0.01299375
     3.5000000        0.00688279        0.01558141
     3.6000000       -0.00219425        0.01296386
     3.7000000        0.02661397        0.01923270
     3.8000000        0.05065497        0.03920059
     3.9000000        0.00803611        0.01310785
     4.0000000        0.01085820        0.01948019
     4.1000000        0.02717959        0.02044471
     4.2000000        0.04385077        0.02539055
     4.3000000        0.02649093        0.01715737
     4.4000000        0.02293206        0.01389506
     4.5000000        0.01850594        0.00674564
     4.6000000        0.00959012        0.01334162
     4.7000000        0.01655834        0.02119742
     4.8000000       -0.03653989        0.02899380
     4.9000000       -0.05961735        0.07328998
     5.0000000       -0.03105548        0.04975832
     5.1000000        0.01510566        0.03380647
     5.2000000        0.04379016        0.02241630
     5.3000000        0.01367383        0.00771385
     5.4000000        0.00642366        0.01371516
     5.5000000       -0.03865237        0.05410661
     5.6000000        0.08486513        0.13567130
     5.7000000        0.15337311        0.15229742
     5.8000000        0.27178021        0.24621043
     5.9000000        0.05619557        0.12733892
     6.0000000        0.03407145        0.03815748
     6.1000000        0.02014186        0.03985358
     6.2000000        0.02300547        0.02276050
     6.3000000        0.01822475        0.03345817
     6.4000000        0.00548772        0.02717659
     6.5000000        0.01505451        0.02448124
     6.6000000        0.01315906        0.02940772
     6.7000000       -0.00795246        0.01781856
     6.8000000       -0.10073062        0.09881188
     6.9000000       -0.03310055        0.02520285
     7.0000000       -0.01037138        0.00996621
     7.1000000       -0.02149136        0.02417711
     7.2000000       -0.03606220        0.03278786
     7.3000000       -0.05557363        0.06310480
     7.4000000       -0.02015947        0.01651917
     7.5000000       -0.00558332        0.00856212
     7.6000000       -0.00789899        0.02045181
     7.7000000       -0.02333345        0.02970134
     7.8000000       -0.00840135        0.01940189
     7.9000000        0.00587473        0.00523097
     8.0000000        0.02526003        0.01941983
     8.1000000        0.00583019        0.01626881
     8.2000000       -0.00130876        0.00533095
     8.3000000        0.00500984        0.00633969
     8.4000000        0.00446327        0.01298791
     8.5000000        0.00891533        0.00717224
     8.6000000        0.00020625        0.00417998
     8.7000000       -0.00653596        0.00901303
     8.8000000       -0.00446168        0.00747746
     8.9000000        0.00545073        0.00687787
     9.0000000       -0.00385603        0.00485301
     9.1000000       -0.00070655        0.00158828
     9.2000000        0.00281888        0.00388968
     9.3000000       -0.00414386        0.00312087
     9.4000000       -0.00240930        0.00337684
     9.5000000       -0.00861066        0.00591641
     9.6000000       -0.00615095        0.00211715
     9.7000000       -0.00938644        0.00453732
     9.8000000       -0.00809712        0.01306540
     9.9000000       -0.01508962        0.01915319
    10.0000000       -0.01445356        0.02200580
