     0.0000000        0.71602993        0.07435726
     0.1000000        0.56693162        0.06241989
     0.2000000        0.46847410        0.09436305
     0.3000000        0.38692586        0.09654207
     0.4000000        0.23124988        0.08873433
     0.5000000        0.26454940        0.05652741
     0.6000000        0.24464296        0.05992019
     0.7000000        0.19663365        0.07431356
     0.8000000        0.15166385        0.05234567
     0.9000000        0.13987773        0.04549332
     1.0000000        0.11236455        0.03811764
     1.1000000        0.11989077        0.02886925
     1.2000000        0.11840483        0.02931639
     1.3000000        0.12523416        0.03822337
     1.4000000        0.09786186        0.02450578
     1.5000000        0.06571564        0.02566037
     1.6000000        0.07445520        0.02811116
     1.7000000        0.02971808        0.03041279
     1.8000000        0.05874224        0.03417316
     1.9000000       -0.07226858        0.07582793
     2.0000000       -0.01543087        0.03063018
     2.1000000       -0.01336663        0.04190989
     2.2000000        0.01826862        0.03909844
     2.3000000        0.07376289        0.05078980
     2.4000000        0.08269203        0.05284054
     2.5000000        0.04881244        0.05443050
     2.6000000       -0.01486784        0.05142229
     2.7000000       -0.02655654        0.05169532
     2.8000000        0.03787848        0.01480718
     2.9000000        0.00157833        0.02467667
     3.0000000        0.01520326        0.02804268
     3.1000000       -0.00877008        0.03120313
     3.2000000       -0.05350217        0.04841072
     3.3000000       -0.01551252        0.04206726
     3.4000000        0.00344268        0.05638945
     3.5000000        0.04305707        0.04802269
     3.6000000        0.02586429        0.04155616
     3.7000000        0.07524126        0.04820114
     3.8000000        0.03656840        0.02802670
     3.9000000        0.02662742        0.02020603
     4.0000000        0.01487047        0.02427103
     4.1000000        0.00862636        0.01600897
     4.2000000        0.03146015        0.02177053
     4.3000000        0.02568749        0.01791962
     4.4000000        0.03375592        0.02501135
     4.5000000        0.00494287        0.02847709
     4.6000000        0.02177653        0.02038828
     4.7000000        0.01398852        0.02181539
     4.8000000        0.00287504        0.03031157
     4.9000000        0.00060429        0.03491763
     5.0000000        0.02788887        0.04617214
     5.1000000       -0.00729226        0.03337008
     5.2000000        0.00703319        0.04724470
     5.3000000       -0.02474998        0.05937609
     5.4000000       -0.00544062        0.02786570
     5.5000000       -0.03160295        0.03617530
     5.6000000       -0.04450109        0.04675650
     5.7000000       -0.03633547        0.02679348
     5.8000000       -0.02228732        0.02328317
     5.9000000       -0.00291985        0.03205470
     6.0000000        0.03654018        0.05441873
     6.1000000        0.03673242        0.06807349
     6.2000000        0.04431428        0.05436398
     6.3000000        0.01370086        0.03596159
     6.4000000        0.04044426        0.05121635
     6.5000000        0.04984532        0.06578475
     6.6000000        0.05151892        0.08153290
     6.7000000        0.00932809        0.06832158
     6.8000000        0.01100915        0.05678915
     6.9000000       -0.00619426        0.03437252
     7.0000000        0.01213307        0.01579961
     7.1000000        0.03608776        0.04345956
     7.2000000        0.00851594        0.03060732
     7.3000000        0.01616430        0.01909854
     7.4000000       -0.01074195        0.03748129
     7.5000000       -0.03964699        0.04424246
     7.6000000        0.04898433        0.07632405
     7.7000000        0.14289811        0.15865981
     7.8000000        0.05616968        0.06391243
     7.9000000        0.13758283        0.16058992
     8.0000000        0.10269399        0.13418363
     8.1000000        0.09145850        0.11029777
     8.2000000        0.05317391        0.07675876
     8.3000000        0.00249020        0.03029182
     8.4000000        0.01812709        0.01167463
     8.5000000        0.00868145        0.00881973
     8.6000000       -0.00902586        0.01958456
     8.7000000       -0.01717434        0.02230327
     8.8000000       -0.00856724        0.01536493
     8.9000000       -0.01773259        0.01251757
     9.0000000       -0.02289406        0.01457744
     9.1000000       -0.02296099        0.01169541
     9.2000000       -0.02669324        0.01363331
     9.3000000       -0.02214733        0.01045501
     9.4000000        0.00940376        0.00719091
     9.5000000        0.01650753        0.01312664
     9.6000000       -0.01205504        0.01063336
     9.7000000       -0.00456502        0.02032179
     9.8000000       -0.01478804        0.01565188
     9.9000000       -0.01026094        0.01057653
    10.0000000       -0.02887008        0.02071044
    10.1000000       -0.00706728        0.00806718
    10.2000000        0.00341909        0.01647825
    10.3000000       -0.00324559        0.03525873
    10.4000000        0.00392915        0.02264422
    10.5000000       -0.02063559        0.02032794
    10.6000000       -0.02103724        0.03262537
    10.7000000       -0.01542920        0.02066221
    10.8000000       -0.04739633        0.01703730
    10.9000000       -0.03401692        0.01208495
    11.0000000       -0.01874723        0.01366406
    11.1000000       -0.01896298        0.01412980
    11.2000000       -0.02379677        0.02125444
    11.3000000       -0.01813149        0.01594871
    11.4000000       -0.02037578        0.02626451
    11.5000000       -0.03493335        0.03066603
    11.6000000       -0.04581360        0.03115978
    11.7000000       -0.01327619        0.01502509
    11.8000000       -0.03590308        0.02825187
    11.9000000       -0.03383625        0.02677494
    12.0000000       -0.01819350        0.02345598
    12.1000000       -0.05718078        0.03347282
    12.2000000       -0.05636400        0.03512904
    12.3000000       -0.04466168        0.03754583
    12.4000000       -0.01524695        0.01760063
    12.5000000        0.02359227        0.02013091
    12.6000000        0.01304910        0.01405383
    12.7000000        0.03766114        0.02365115
    12.8000000       -0.00093499        0.01519802
    12.9000000        0.01027759        0.00783457
    13.0000000        0.01059208        0.00874961
    13.1000000        0.00967602        0.01165092
    13.2000000       -0.00157405        0.01834445
    13.3000000        0.00102978        0.02052107
    13.4000000        0.04164905        0.04286374
    13.5000000       -0.00586685        0.08274896
    13.6000000       -0.01541107        0.08321272
    13.7000000       -0.02502325        0.04875283
    13.8000000       -0.04238847        0.09500069
    13.9000000       -0.13980915        0.10768166
    14.0000000       -0.25152304        0.25104784
    14.1000000       -0.17864880        0.17875142
    14.2000000        0.02848496        0.05378332
    14.3000000       -0.18324386        0.15161169
    14.4000000       -1.27931021        1.29641413
    14.5000000       -0.67907299        0.68286448
    14.6000000       -1.72780720        1.76225115
    14.7000000       -0.50345757        0.49637445
    14.8000000       -0.46767388        0.45681735
    14.9000000       -0.27046326        0.26900040
    15.0000000        0.24162466        0.25014185
    15.1000000        0.64809318        0.66971558
    15.2000000        1.40514524        1.40595321
    15.3000000        3.32703942        3.40721293
    15.4000000        2.35626465        2.40015703
    15.5000000        1.11139552        1.10673312
    15.6000000        0.89594440        0.79955201
    15.7000000        1.19237882        1.01926321
    15.8000000        1.67856509        1.61175722
    15.9000000        0.48500538        0.44612480
    16.0000000        1.12530516        1.09493419
    16.1000000        0.91290297        0.89214568
    16.2000000        0.55267646        0.51949158
    16.3000000        0.49977508        0.46648916
    16.4000000        0.36167147        0.32625559
    16.5000000        0.19968242        0.13204087
    16.6000000        0.44222611        0.41022977
    16.7000000        0.44132041        0.44070764
    16.8000000        0.15417558        0.11632160
    16.9000000        0.09775440        0.03924207
    17.0000000        0.06280538        0.03155968
    17.1000000        0.11145548        0.04877146
    17.2000000        0.25592609        0.18080834
    17.3000000        0.56666248        0.50277934
    17.4000000        0.25222025        0.16682013
    17.5000000        0.11943367        0.02555484
    17.6000000        0.10279712        0.01868259
    17.7000000        0.13040781        0.02877408
    17.8000000        0.10083412        0.02305120
    17.9000000        0.12295802        0.03253666
    18.0000000        0.09285541        0.05243500
    18.1000000        0.04143283        0.09950891
    18.2000000       -0.00297583        0.13692315
    18.3000000        0.03008275        0.09997649
    18.4000000        0.13422758        0.03209668
    18.5000000        0.16847069        0.04911700
    18.6000000        0.18660444        0.04981638
    18.7000000        0.19389304        0.04433726
    18.8000000        0.18275144        0.05387371
    18.9000000        0.11623600        0.04891578
    19.0000000        0.14578987        0.03103465
    19.1000000        0.12137001        0.05393272
    19.2000000        0.21524867        0.04333134
    19.3000000        0.18569599        0.11386874
    19.4000000        0.24775342        0.05177628
    19.5000000        0.31844911        0.04227869
    19.6000000        0.38356998        0.07389006
    19.7000000        0.49930704        0.07350937
    19.8000000        0.54336996        0.11221408
    19.9000000        0.59815349        0.07040332
    20.0000000        0.71602993        0.07435726
