     0.0000000        0.25000000        0.00000002
     0.1000000        0.20669740        0.00394069
     0.2000000        0.16961039        0.00541956
     0.3000000        0.15608666        0.01576184
     0.4000000        0.12141752        0.00681634
     0.5000000        0.10678667        0.00569444
     0.6000000        0.10473264        0.01228191
     0.7000000        0.09654104        0.01553522
     0.8000000        0.07871860        0.01028747
     0.9000000        0.06929442        0.00622177
     1.0000000        0.06043571        0.00451521
     1.1000000        0.06164103        0.00597075
     1.2000000        0.05813708        0.00493880
     1.3000000        0.05273326        0.00572834
     1.4000000        0.05021298        0.00523919
     1.5000000        0.05658468        0.00843556
     1.6000000        0.05588911        0.01049724
     1.7000000        0.05075568        0.00913109
     1.8000000        0.05135847        0.01119556
     1.9000000        0.06387791        0.02869897
     2.0000000        0.04860603        0.01625144
     2.1000000        0.04604776        0.01121468
     2.2000000        0.04400824        0.00994010
     2.3000000        0.05334018        0.01663502
     2.4000000        0.05519734        0.01571665
     2.5000000        0.04517341        0.01053804
     2.6000000        0.04568431        0.01240137
     2.7000000        0.03419917        0.00420164
     2.8000000        0.03457438        0.00313206
     2.9000000        0.02845093        0.00231763
     3.0000000        0.03005325        0.00481026
     3.1000000        0.03030870        0.00527533
     3.2000000        0.03137825        0.00463058
     3.3000000        0.02718950        0.00362966
     3.4000000        0.03229241        0.00523408
     3.5000000        0.03140934        0.00468490
     3.6000000        0.03156906        0.00673152
     3.7000000        0.04488798        0.01354712
     3.8000000        0.02979227        0.00672560
     3.9000000        0.02517060        0.00313140
     4.0000000        0.02941377        0.00476258
     4.1000000        0.02661866        0.00324607
     4.2000000        0.02627700        0.00556150
     4.3000000        0.02675623        0.00377061
     4.4000000        0.02925117        0.00653220
     4.5000000        0.02692180        0.00639213
     4.6000000        0.03013522        0.00929924
     4.7000000        0.02804381        0.00444256
     4.8000000        0.02935217        0.00439353
     4.9000000        0.03128713        0.00893959
     5.0000000        0.04152441        0.01282501
     5.1000000        0.03347150        0.00968204
     5.2000000        0.03736724        0.01412556
     5.3000000        0.03009089        0.00488334
     5.4000000        0.02595724        0.00550477
     5.5000000        0.02698564        0.00575360
     5.6000000        0.02415832        0.00414495
     5.7000000        0.02114143        0.00397138
     5.8000000        0.01988507        0.00343228
     5.9000000        0.02214409        0.00536841
     6.0000000        0.02556371        0.00901429
     6.1000000        0.02855209        0.01107871
     6.2000000        0.02133841        0.00565925
     6.3000000        0.02183262        0.00548605
     6.4000000        0.02861518        0.00933590
     6.5000000        0.03543649        0.01895521
     6.6000000        0.03051311        0.01350655
     6.7000000        0.03885700        0.01951474
     6.8000000        0.03173339        0.01191930
     6.9000000        0.02646645        0.00649989
     7.0000000        0.01877887        0.00299051
     7.1000000        0.02044194        0.00386345
     7.2000000        0.01979413        0.00409073
     7.3000000        0.02052553        0.00407721
     7.4000000        0.02368817        0.00617498
     7.5000000        0.01859760        0.00360278
     7.6000000        0.02370783        0.00504502
     7.7000000        0.04050474        0.01818038
     7.8000000        0.03039011        0.01232884
     7.9000000        0.04291955        0.02669718
     8.0000000        0.04661052        0.02695142
     8.1000000        0.04274378        0.02431587
     8.2000000        0.03305258        0.01618284
     8.3000000        0.01761855        0.00453082
     8.4000000        0.01664582        0.00533099
     8.5000000        0.01347795        0.00280241
     8.6000000        0.01256953        0.00229078
     8.7000000        0.01234440        0.00229155
     8.8000000        0.01237072        0.00335401
     8.9000000        0.01004196        0.00207668
     9.0000000        0.01067663        0.00203079
     9.1000000        0.01198583        0.00264352
     9.2000000        0.01286172        0.00233840
     9.3000000        0.01297878        0.00325750
     9.4000000        0.01098885        0.00237892
     9.5000000        0.01190620        0.00277589
     9.6000000        0.01189556        0.00257641
     9.7000000        0.01179818        0.00246884
     9.8000000        0.01163320        0.00286318
     9.9000000        0.01140453        0.00231964
    10.0000000        0.01299676        0.00302610
    10.1000000        0.01349388        0.00380238
    10.2000000        0.01508930        0.00482132
    10.3000000        0.02095423        0.00986312
    10.4000000        0.01972108        0.00853160
    10.5000000        0.01368157        0.00397871
    10.6000000        0.01447689        0.00400947
    10.7000000        0.01219331        0.00314165
    10.8000000        0.01143735        0.00266840
    10.9000000        0.01159963        0.00216753
    11.0000000        0.01354137        0.00276782
    11.1000000        0.01147730        0.00221689
    11.2000000        0.01346698        0.00338414
    11.3000000        0.01137866        0.00259552
    11.4000000        0.01315609        0.00332909
    11.5000000        0.01307888        0.00394689
    11.6000000        0.01126378        0.00251561
    11.7000000        0.01110015        0.00231986
    11.8000000        0.01046481        0.00219680
    11.9000000        0.01212487        0.00321111
    12.0000000        0.01558376        0.00504317
    12.1000000        0.01382695        0.00351655
    12.2000000        0.01261441        0.00303280
    12.3000000        0.01233101        0.00265450
    12.4000000        0.01296418        0.00381307
    12.5000000        0.01805130        0.00601032
    12.6000000        0.01666922        0.00496693
    12.7000000        0.01777642        0.00511212
    12.8000000        0.01403687        0.00296819
    12.9000000        0.01421088        0.00261208
    13.0000000        0.01511783        0.00275284
    13.1000000        0.01542994        0.00296033
    13.2000000        0.01443536        0.00266312
    13.3000000        0.01658486        0.00340861
    13.4000000        0.02471166        0.00888949
    13.5000000        0.03040978        0.01108856
    13.6000000        0.02980524        0.01123852
    13.7000000        0.02414772        0.00745596
    13.8000000        0.02476280        0.00672581
    13.9000000        0.04681621        0.02882832
    14.0000000        0.05185157        0.03376878
    14.1000000        0.04912535        0.02955980
    14.2000000        0.05331725        0.03087575
    14.3000000        0.04492242        0.02633530
    14.4000000        0.05029578        0.03256894
    14.5000000        0.03607826        0.01693162
    14.6000000        0.03269392        0.01429854
    14.7000000        0.03536946        0.01431250
    14.8000000        0.03713162        0.01569896
    14.9000000        0.04775388        0.02839958
    15.0000000        0.09624387        0.07186859
    15.1000000        0.15047552        0.13210688
    15.2000000        0.57195831        0.55962654
    15.3000000        0.87975471        0.88420768
    15.4000000        0.15881707        0.13793562
    15.5000000        0.23507552        0.21555747
    15.6000000        0.17518464        0.13129093
    15.7000000        0.28730555        0.20549667
    15.8000000        0.45689281        0.41146521
    15.9000000        0.13928973        0.10556026
    16.0000000        0.35937768        0.33340486
    16.1000000        0.22957486        0.20244214
    16.2000000        0.07103049        0.04353580
    16.3000000        0.09176659        0.06459852
    16.4000000        0.11373826        0.08375171
    16.5000000        0.10454250        0.06580364
    16.6000000        0.14396368        0.11266680
    16.7000000        0.18091034        0.15402844
    16.8000000        0.05433068        0.02451726
    16.9000000        0.04186848        0.00775424
    17.0000000        0.04376059        0.00843660
    17.1000000        0.04797274        0.01145879
    17.2000000        0.05710850        0.01935389
    17.3000000        0.10471274        0.07070946
    17.4000000        0.06417832        0.02497619
    17.5000000        0.04802276        0.00755163
    17.6000000        0.04671284        0.00650454
    17.7000000        0.04990643        0.00644972
    17.8000000        0.04770491        0.00637469
    17.9000000        0.05999129        0.00985932
    18.0000000        0.05663829        0.00980657
    18.1000000        0.04635880        0.00684268
    18.2000000        0.04759250        0.00692288
    18.3000000        0.04793623        0.00718452
    18.4000000        0.04997715        0.00730928
    18.5000000        0.06048874        0.01184452
    18.6000000        0.05134033        0.00627838
    18.7000000        0.06330844        0.01005474
    18.8000000        0.07111477        0.01273131
    18.9000000        0.05902900        0.00544486
    19.0000000        0.06407216        0.00553105
    19.1000000        0.07822947        0.01632977
    19.2000000        0.08144318        0.01118971
    19.3000000        0.09139284        0.01007937
    19.4000000        0.09974940        0.00881679
    19.5000000        0.11296810        0.01018892
    19.6000000        0.14551925        0.02498750
    19.7000000        0.15646321        0.02046377
    19.8000000        0.17684510        0.01305854
    19.9000000        0.20675315        0.00736638
    20.0000000        0.25000000        0.00000000
