         201           5   20.000000000000000                1
     0.0000000        0.05403840        0.00826117
     0.1000000        0.03852197        0.00919872
     0.2000000        0.03936909        0.01432879
     0.3000000        0.03658392        0.01097428
     0.4000000        0.02426018        0.00689047
     0.5000000        0.01865317        0.00692780
     0.6000000        0.01342621        0.00376424
     0.7000000        0.00561056        0.00655006
     0.8000000        0.00032367        0.01128759
     0.9000000       -0.00853624        0.01039761
     1.0000000       -0.00093636        0.00588938
     1.1000000        0.00035149        0.00400019
     1.2000000       -0.00721893        0.00558156
     1.3000000       -0.00783747        0.00712648
     1.4000000        0.00073955        0.00374386
     1.5000000       -0.00134957        0.00456266
     1.6000000        0.00420728        0.00282371
     1.7000000        0.00339714        0.00231199
     1.8000000        0.00088005        0.00490293
     1.9000000        0.00541079        0.00551538
     2.0000000        0.00557545        0.00396259
     2.1000000        0.00086688        0.00894038
     2.2000000       -0.00136570        0.01258041
     2.3000000        0.00087232        0.00920626
     2.4000000        0.00742193        0.00505220
     2.5000000        0.00180775        0.00399483
     2.6000000        0.00504279        0.00507717
     2.7000000        0.00065198        0.00265067
     2.8000000        0.00278694        0.00372617
     2.9000000        0.00504810        0.00552927
     3.0000000        0.00601473        0.00174589
     3.1000000       -0.00012348        0.00311157
     3.2000000       -0.00000588        0.00490197
     3.3000000       -0.00133373        0.00401317
     3.4000000       -0.00433437        0.00262024
     3.5000000       -0.00811877        0.00473042
     3.6000000        0.00306209        0.00365312
     3.7000000        0.00039213        0.00179128
     3.8000000       -0.00228143        0.00245775
     3.9000000       -0.00113971        0.00274336
     4.0000000       -0.00291645        0.00294339
     4.1000000       -0.00319249        0.00327133
     4.2000000        0.00014971        0.00827363
     4.3000000        0.00063855        0.00406772
     4.4000000        0.00110987        0.00463952
     4.5000000       -0.00068169        0.00358831
     4.6000000       -0.00410340        0.00635277
     4.7000000       -0.01171062        0.00970345
     4.8000000       -0.01280232        0.00711899
     4.9000000       -0.00584741        0.00255385
     5.0000000       -0.00581281        0.00255699
     5.1000000       -0.00529975        0.00295136
     5.2000000       -0.00708309        0.00286106
     5.3000000       -0.00605968        0.00276645
     5.4000000       -0.00206139        0.00174692
     5.5000000        0.00247828        0.00488089
     5.6000000        0.00278651        0.00806565
     5.7000000        0.00778638        0.00921203
     5.8000000        0.00961230        0.01321247
     5.9000000        0.00507153        0.00871765
     6.0000000        0.00527786        0.00727788
     6.1000000        0.00286234        0.00519252
     6.2000000        0.00179293        0.00340201
     6.3000000        0.00202761        0.00239614
     6.4000000        0.00375890        0.00288385
     6.5000000       -0.00195167        0.00165415
     6.6000000       -0.00364912        0.00164831
     6.7000000       -0.00068094        0.00231045
     6.8000000       -0.00086764        0.00223505
     6.9000000       -0.00247467        0.00289855
     7.0000000        0.00244528        0.00166098
     7.1000000        0.00356544        0.00127532
     7.2000000       -0.00153337        0.00274680
     7.3000000       -0.00101416        0.00315820
     7.4000000       -0.00012947        0.00151600
     7.5000000       -0.00043713        0.00179903
     7.6000000        0.00093921        0.00263552
     7.7000000       -0.00096235        0.00236972
     7.8000000        0.00110278        0.00160013
     7.9000000        0.00210384        0.00129623
     8.0000000        0.00086320        0.00218109
     8.1000000       -0.00132806        0.00336018
     8.2000000       -0.00006905        0.00267694
     8.3000000       -0.00113200        0.00191312
     8.4000000       -0.00073879        0.00190638
     8.5000000       -0.00296337        0.00118786
     8.6000000       -0.00175433        0.00259298
     8.7000000       -0.00405545        0.00046539
     8.8000000       -0.00452292        0.00061594
     8.9000000       -0.00460656        0.00226593
     9.0000000       -0.00016899        0.00088218
     9.1000000        0.00171669        0.00137247
     9.2000000        0.00025200        0.00091268
     9.3000000        0.00122870        0.00264556
     9.4000000        0.00213925        0.00119225
     9.5000000       -0.00097144        0.00169984
     9.6000000       -0.00156566        0.00162483
     9.7000000        0.00056687        0.00088722
     9.8000000       -0.00328977        0.00147433
     9.9000000       -0.00278878        0.00223321
    10.0000000       -0.00213963        0.00212266
    10.1000000       -0.00200747        0.00196018
    10.2000000       -0.00191559        0.00090594
    10.3000000        0.00155975        0.00171199
    10.4000000        0.00027315        0.00149613
    10.5000000        0.00170758        0.00172202
    10.6000000        0.00320998        0.00211269
    10.7000000        0.00196948        0.00199046
    10.8000000        0.00245631        0.00081321
    10.9000000        0.00160023        0.00144667
    11.0000000        0.00234114        0.00157373
    11.1000000        0.00058879        0.00124664
    11.2000000       -0.00123959        0.00133431
    11.3000000        0.00011604        0.00129644
    11.4000000       -0.00091618        0.00252095
    11.5000000       -0.00483710        0.00363232
    11.6000000       -0.00423810        0.00288616
    11.7000000       -0.00375466        0.00190361
    11.8000000       -0.00169445        0.00124442
    11.9000000       -0.00100115        0.00057209
    12.0000000       -0.00218248        0.00135508
    12.1000000       -0.00183302        0.00126146
    12.2000000       -0.00105261        0.00139139
    12.3000000        0.00063437        0.00173870
    12.4000000        0.00438769        0.00357436
    12.5000000        0.00405739        0.00407159
    12.6000000        0.00006377        0.00116690
    12.7000000       -0.00012470        0.00217583
    12.8000000       -0.00058823        0.00162533
    12.9000000        0.00020441        0.00129711
    13.0000000        0.00126931        0.00258919
    13.1000000       -0.00104257        0.00163501
    13.2000000        0.00026837        0.00174827
    13.3000000       -0.00017671        0.00137532
    13.4000000        0.00034500        0.00145311
    13.5000000       -0.00007597        0.00136310
    13.6000000        0.00009436        0.00068888
    13.7000000       -0.00155999        0.00077408
    13.8000000       -0.00191846        0.00114509
    13.9000000        0.00032335        0.00199837
    14.0000000       -0.00100321        0.00224049
    14.1000000       -0.00074248        0.00181845
    14.2000000        0.00055218        0.00190723
    14.3000000       -0.00209587        0.00290532
    14.4000000       -0.00483680        0.00347704
    14.5000000       -0.00088128        0.00319870
    14.6000000       -0.00553092        0.00674592
    14.7000000       -0.00262334        0.00530005
    14.8000000       -0.00101572        0.00491251
    14.9000000        0.00095704        0.00385490
    15.0000000        0.00005251        0.00264283
    15.1000000       -0.00100658        0.00191116
    15.2000000       -0.00337963        0.00180664
    15.3000000       -0.00462566        0.00214690
    15.4000000       -0.00088881        0.00217513
    15.5000000       -0.00144235        0.00190828
    15.6000000       -0.00032172        0.00346353
    15.7000000       -0.00065287        0.00191178
    15.8000000        0.00091271        0.00214567
    15.9000000       -0.00435728        0.00345502
    16.0000000       -0.00419725        0.00496546
    16.1000000       -0.00230691        0.00415620
    16.2000000        0.00122486        0.00356234
    16.3000000        0.00568483        0.00330306
    16.4000000        0.00332740        0.00489322
    16.5000000        0.00030048        0.00371414
    16.6000000       -0.00053384        0.00217704
    16.7000000       -0.00318947        0.00376592
    16.8000000       -0.00682628        0.00605379
    16.9000000       -0.00911292        0.00764050
    17.0000000       -0.00930205        0.00456045
    17.1000000       -0.00769570        0.00522200
    17.2000000       -0.00360795        0.00780452
    17.3000000       -0.00336868        0.01258579
    17.4000000        0.00516151        0.00574548
    17.5000000        0.00468905        0.00344073
    17.6000000        0.00194692        0.00418025
    17.7000000        0.00328702        0.00602191
    17.8000000        0.00222952        0.00440548
    17.9000000        0.00598342        0.00489038
    18.0000000        0.00045591        0.00428116
    18.1000000        0.00154334        0.00609650
    18.2000000        0.00448275        0.00910219
    18.3000000        0.00246619        0.00502020
    18.4000000        0.00053007        0.00208264
    18.5000000       -0.00076592        0.00325921
    18.6000000        0.00323929        0.00491499
    18.7000000        0.01000679        0.00238101
    18.8000000        0.02033205        0.00582714
    18.9000000        0.02745161        0.00363852
    19.0000000        0.03299957        0.00591659
    19.1000000        0.04541654        0.00145899
    19.2000000        0.06951264        0.00211513
    19.3000000        0.11393800        0.00753976
    19.4000000        0.13917290        0.00837488
    19.5000000        0.17052977        0.00700082
    19.6000000        0.23359763        0.00668562
    19.7000000        0.33801745        0.00480468
    19.8000000        0.48583951        0.00977596
    19.9000000        0.67167813        0.00862766
    20.0000000        0.94596160        0.00826117
