     0.0000000        0.96591595        0.00259457
     0.1000000        0.74022380        0.00452527
     0.2000000        0.56727753        0.00456550
     0.3000000        0.43448303        0.00359898
     0.4000000        0.33329653        0.00396800
     0.5000000        0.25843719        0.00436024
     0.6000000        0.19869868        0.00488647
     0.7000000        0.15202714        0.00431934
     0.8000000        0.11531049        0.00308310
     0.9000000        0.08839919        0.00281475
     1.0000000        0.07005655        0.00265382
     1.1000000        0.05565768        0.00257466
     1.2000000        0.04477371        0.00224645
     1.3000000        0.03315909        0.00185656
     1.4000000        0.02678483        0.00186269
     1.5000000        0.02035604        0.00217942
     1.6000000        0.01451745        0.00162807
     1.7000000        0.01295637        0.00175204
     1.8000000        0.01068117        0.00133980
     1.9000000        0.00805007        0.00182037
     2.0000000        0.00442376        0.00216696
     2.1000000        0.00217583        0.00239749
     2.2000000        0.00337321        0.00213840
     2.3000000       -0.00117633        0.00252204
     2.4000000        0.00063440        0.00142731
     2.5000000       -0.00209216        0.00234931
     2.6000000       -0.00093834        0.00221885
     2.7000000       -0.00123070        0.00232052
     2.8000000       -0.00054281        0.00235377
     2.9000000        0.00031844        0.00226635
     3.0000000       -0.00137455        0.00231147
     3.1000000       -0.00180573        0.00201413
     3.2000000        0.00043654        0.00201615
     3.3000000        0.00150012        0.00216493
     3.4000000        0.00073738        0.00133475
     3.5000000        0.00193466        0.00143569
     3.6000000        0.00391678        0.00148694
     3.7000000        0.00023835        0.00215521
     3.8000000        0.00093644        0.00172614
     3.9000000       -0.00167271        0.00118428
     4.0000000       -0.00260407        0.00176726
     4.1000000       -0.00254421        0.00192267
     4.2000000       -0.00278775        0.00161325
     4.3000000       -0.00156315        0.00173532
     4.4000000       -0.00165607        0.00176815
     4.5000000        0.00046110        0.00150862
     4.6000000       -0.00071918        0.00181997
     4.7000000       -0.00118238        0.00158463
     4.8000000       -0.00009242        0.00140063
     4.9000000       -0.00029998        0.00145436
     5.0000000       -0.00072934        0.00153031
     5.1000000       -0.00081151        0.00175308
     5.2000000       -0.00065373        0.00183116
     5.3000000       -0.00081517        0.00161439
     5.4000000       -0.00031877        0.00160263
     5.5000000        0.00019837        0.00119676
     5.6000000        0.00017275        0.00143227
     5.7000000       -0.00022895        0.00160985
     5.8000000        0.00280567        0.00160953
     5.9000000        0.00301854        0.00215966
     6.0000000        0.00162931        0.00180475
     6.1000000        0.00143055        0.00154047
     6.2000000        0.00187099        0.00114679
     6.3000000        0.00011450        0.00148917
     6.4000000       -0.00090933        0.00164070
     6.5000000       -0.00158875        0.00127202
     6.6000000       -0.00111494        0.00140752
     6.7000000       -0.00091098        0.00153171
     6.8000000        0.00126939        0.00235552
     6.9000000        0.00198721        0.00264417
     7.0000000        0.00053361        0.00206677
     7.1000000       -0.00009054        0.00134612
     7.2000000       -0.00002853        0.00097815
     7.3000000       -0.00068431        0.00104323
     7.4000000       -0.00047125        0.00152471
     7.5000000        0.00007985        0.00162695
     7.6000000        0.00072505        0.00178150
     7.7000000        0.00075795        0.00235062
     7.8000000        0.00081735        0.00193395
     7.9000000        0.00013233        0.00137837
     8.0000000       -0.00058045        0.00233675
     8.1000000       -0.00207113        0.00196555
     8.2000000       -0.00125455        0.00208903
     8.3000000       -0.00121275        0.00362891
     8.4000000       -0.00001515        0.00292223
     8.5000000       -0.00250153        0.00310247
     8.6000000       -0.00661693        0.00687307
     8.7000000       -0.00458074        0.00475121
     8.8000000       -0.00439759        0.00507430
     8.9000000        0.00261814        0.00242622
     9.0000000        0.00583122        0.00331443
     9.1000000        0.00199685        0.00215601
     9.2000000        0.00097683        0.00198927
     9.3000000        0.00240441        0.00224995
     9.4000000        0.00228934        0.00183013
     9.5000000       -0.00021720        0.00143742
     9.6000000       -0.00073219        0.00157424
     9.7000000       -0.00048907        0.00230778
     9.8000000        0.00140440        0.00466841
     9.9000000       -0.00344774        0.00277441
    10.0000000       -0.00221109        0.00245707
    10.1000000       -0.00349746        0.00223029
    10.2000000       -0.00026651        0.00367970
    10.3000000       -0.00059334        0.00254584
    10.4000000       -0.00031825        0.00148874
    10.5000000       -0.00066621        0.00237386
    10.6000000        0.00210646        0.00181189
    10.7000000        0.00353879        0.00215100
    10.8000000        0.00307246        0.00178160
    10.9000000        0.00217381        0.00147515
    11.0000000        0.00120527        0.00164717
    11.1000000        0.00306579        0.00224669
    11.2000000        0.00280329        0.00269483
    11.3000000        0.00120787        0.00222332
    11.4000000        0.00158649        0.00189020
    11.5000000        0.00280586        0.00241316
    11.6000000        0.00267910        0.00325411
    11.7000000       -0.00094216        0.00242007
    11.8000000        0.00011608        0.00180363
    11.9000000        0.00068099        0.00175377
    12.0000000        0.00005604        0.00238715
    12.1000000       -0.00044505        0.00214818
    12.2000000       -0.00111504        0.00178861
    12.3000000       -0.00014462        0.00133649
    12.4000000       -0.00176874        0.00169940
    12.5000000       -0.00150103        0.00202646
    12.6000000       -0.00037053        0.00202109
    12.7000000       -0.00082449        0.00213430
    12.8000000        0.00020129        0.00194767
    12.9000000        0.00101980        0.00182479
    13.0000000        0.00148053        0.00119044
    13.1000000        0.00214858        0.00125201
    13.2000000        0.00157549        0.00130369
    13.3000000        0.00142986        0.00131614
    13.4000000        0.00232554        0.00183205
    13.5000000        0.00147442        0.00162851
    13.6000000       -0.00038787        0.00147381
    13.7000000        0.00038070        0.00178574
    13.8000000       -0.00069833        0.00214929
    13.9000000       -0.00039424        0.00186710
    14.0000000        0.00122782        0.00173371
    14.1000000        0.00024047        0.00156516
    14.2000000       -0.00112837        0.00118766
    14.3000000        0.00033800        0.00405643
    14.4000000        0.00005419        0.00501759
    14.5000000        0.00108137        0.00398600
    14.6000000        0.00140500        0.00284302
    14.7000000        0.00157725        0.00249993
    14.8000000        0.00267923        0.00233295
    14.9000000        0.00277942        0.00337660
    15.0000000        0.00190791        0.00255706
    15.1000000       -0.00009021        0.00194120
    15.2000000        0.00111561        0.00197543
    15.3000000        0.00163334        0.00174017
    15.4000000        0.00061836        0.00207079
    15.5000000        0.00115307        0.00184843
    15.6000000       -0.00054018        0.00156001
    15.7000000       -0.00013183        0.00176357
    15.8000000       -0.00182694        0.00137645
    15.9000000        0.00092621        0.00147919
    16.0000000       -0.00067867        0.00135928
    16.1000000       -0.00383644        0.00260905
    16.2000000       -0.00094254        0.00202112
    16.3000000        0.00006813        0.00125732
    16.4000000        0.00208096        0.00181041
    16.5000000        0.00562644        0.00235145
    16.6000000        0.00495240        0.00208075
    16.7000000        0.00415655        0.00167811
    16.8000000        0.00496079        0.00260785
    16.9000000        0.00125131        0.00311752
    17.0000000        0.00103106        0.00229697
    17.1000000        0.00157776        0.00260262
    17.2000000       -0.00124498        0.00276453
    17.3000000        0.00173166        0.00269508
    17.4000000        0.00089513        0.00183361
    17.5000000        0.00215389        0.00316846
    17.6000000        0.00176987        0.00321047
    17.7000000        0.00012042        0.00161569
    17.8000000        0.00394576        0.00222449
    17.9000000        0.00011445        0.00286279
    18.0000000       -0.00257239        0.00353405
    18.1000000       -0.00332734        0.00361279
    18.2000000       -0.00081065        0.00242201
    18.3000000       -0.00118015        0.00215499
    18.4000000       -0.00147542        0.00218949
    18.5000000       -0.00255255        0.00206749
    18.6000000       -0.00359118        0.00345079
    18.7000000       -0.00123931        0.00346245
    18.8000000       -0.00329692        0.00414668
    18.9000000       -0.00054627        0.00336300
    19.0000000       -0.00139078        0.00298221
    19.1000000       -0.00358961        0.00404212
    19.2000000        0.00065956        0.00220580
    19.3000000        0.00375320        0.00259133
    19.4000000        0.00519759        0.00269056
    19.5000000        0.00600150        0.00209151
    19.6000000        0.00815146        0.00201218
    19.7000000        0.01084852        0.00234311
    19.8000000        0.01403653        0.00226465
    19.9000000        0.02366839        0.00235654
    20.0000000        0.03408405        0.00259457
