     0.0000000        0.45986797        0.00616590
     0.1000000        0.45802802        0.00428565
     0.2000000        0.46346778        0.00449789
     0.3000000        0.47302322        0.00444062
     0.4000000        0.45970223        0.00559359
     0.5000000        0.46286752        0.00830762
     0.6000000        0.44101649        0.00865657
     0.7000000        0.45125137        0.00779854
     0.8000000        0.45260908        0.00887912
     0.9000000        0.46254527        0.01156046
     1.0000000        0.46032274        0.01325868
     1.1000000        0.47013234        0.01220663
     1.2000000        0.46296484        0.01007558
     1.3000000        0.46865734        0.00887725
     1.4000000        0.45987660        0.00862750
     1.5000000        0.45176469        0.00693627
     1.6000000        0.45474607        0.00507927
     1.7000000        0.45664357        0.00398383
     1.8000000        0.45933533        0.00419060
     1.9000000        0.45750459        0.00389283
     2.0000000        0.45986797        0.00616590
