     0.0000000        1.00000000        0.00000000
     0.0500000        0.90558428        0.00046761
     0.1000000        0.82491739        0.00063607
     0.1500000        0.75522053        0.00069531
     0.2000000        0.69415917        0.00073818
     0.2500000        0.64120567        0.00077173
     0.3000000        0.59515303        0.00090469
     0.3500000        0.55460263        0.00097732
     0.4000000        0.51958642        0.00088427
     0.4500000        0.48909389        0.00093468
     0.5000000        0.46195619        0.00093043
     0.5500000        0.43954370        0.00098262
     0.6000000        0.41999434        0.00100922
     0.6500000        0.40423775        0.00103491
     0.7000000        0.39014238        0.00101708
     0.7500000        0.37896757        0.00105069
     0.8000000        0.36954861        0.00109308
     0.8500000        0.36256385        0.00106778
     0.9000000        0.35776403        0.00104202
     0.9500000        0.35455864        0.00106806
     1.0000000        0.35334335        0.00105212
     1.0500000        0.35526583        0.00107965
     1.1000000        0.35851157        0.00111667
     1.1500000        0.36375296        0.00114496
     1.2000000        0.36986995        0.00115192
     1.2500000        0.37896749        0.00120723
     1.3000000        0.39077947        0.00122533
     1.3500000        0.40424708        0.00115452
     1.4000000        0.42114647        0.00112703
     1.4500000        0.44069563        0.00114676
     1.5000000        0.46307999        0.00106839
     1.5500000        0.48915699        0.00101559
     1.6000000        0.51935178        0.00095461
     1.6500000        0.55501890        0.00095278
     1.7000000        0.59504483        0.00090451
     1.7500000        0.64112645        0.00088511
     1.8000000        0.69404397        0.00086634
     1.8500000        0.75485688        0.00079391
     1.9000000        0.82541178        0.00062187
     1.9500000        0.90655251        0.00044191
     2.0000000        1.00000000        0.00000000
