     0.0000000        1.89837365        0.00478927
     0.1000000        1.37429601        0.00591444
     0.2000000        1.00245623        0.00663108
     0.3000000        0.73753517        0.00639232
     0.4000000        0.54554496        0.00540409
     0.5000000        0.40300226        0.00519834
     0.6000000        0.31586518        0.00368687
     0.7000000        0.23275649        0.00519378
     0.8000000        0.17108774        0.00573339
     0.9000000        0.13272366        0.00567563
     1.0000000        0.10429865        0.00382642
     1.1000000        0.08169663        0.00590002
     1.2000000        0.06077605        0.00454484
     1.3000000        0.04490179        0.00299189
     1.4000000        0.03470556        0.00342794
     1.5000000        0.02924816        0.00340831
     1.6000000        0.02211408        0.00374415
     1.7000000        0.01840281        0.00314594
     1.8000000        0.01524298        0.00354332
     1.9000000        0.00995614        0.00314810
     2.0000000        0.00722499        0.00286537
     2.1000000        0.00586115        0.00385079
     2.2000000        0.00355481        0.00383319
     2.3000000        0.00060844        0.00272429
     2.4000000       -0.00020209        0.00340771
     2.5000000        0.00129418        0.00437368
     2.6000000        0.00451786        0.00425849
     2.7000000        0.00553890        0.00348858
     2.8000000        0.00402143        0.00311295
     2.9000000        0.00686201        0.00344473
     3.0000000        0.00485957        0.00252599
     3.1000000        0.00469797        0.00204869
     3.2000000        0.00548077        0.00242923
     3.3000000        0.00439977        0.00196755
     3.4000000        0.00170551        0.00213614
     3.5000000        0.00368109        0.00137467
     3.6000000        0.00511674        0.00084438
     3.7000000        0.00624869        0.00127169
     3.8000000        0.00440626        0.00063933
     3.9000000        0.00218542        0.00150709
     4.0000000        0.00623589        0.00337160
     4.1000000        0.00328582        0.00148173
     4.2000000        0.00300684        0.00277550
     4.3000000        0.00370930        0.00206051
     4.4000000        0.00050538        0.00177550
     4.5000000       -0.00662240        0.00822708
     4.6000000       -0.00531645        0.00617319
     4.7000000       -0.00364924        0.00340388
     4.8000000       -0.00111323        0.00245167
     4.9000000       -0.00204753        0.00177986
     5.0000000       -0.00139559        0.00078682
     5.1000000       -0.00015900        0.00192310
     5.2000000        0.00256404        0.00319288
     5.3000000        0.00243152        0.00290320
     5.4000000       -0.00176638        0.00274759
     5.5000000       -0.00056359        0.00370441
     5.6000000       -0.00059400        0.00220662
     5.7000000       -0.00236063        0.00310810
     5.8000000       -0.00118614        0.00203937
     5.9000000       -0.00342528        0.00171091
     6.0000000       -0.00609608        0.00177631
     6.1000000       -0.00541861        0.00141348
     6.2000000       -0.00271033        0.00179387
     6.3000000       -0.00141465        0.00350999
     6.4000000        0.00242877        0.00356797
     6.5000000        0.00402896        0.00354092
     6.6000000        0.00857814        0.00480311
     6.7000000        0.00540648        0.00291741
     6.8000000        0.00643300        0.00400910
     6.9000000        0.00456239        0.00186016
     7.0000000        0.00390029        0.00478784
     7.1000000        0.00504424        0.00492249
     7.2000000        0.00465866        0.00397979
     7.3000000        0.00320477        0.00550301
     7.4000000        0.00295593        0.00693281
     7.5000000        0.00299436        0.00714229
     7.6000000        0.00968228        0.01089445
     7.7000000        0.00979415        0.01325570
     7.8000000        0.00211843        0.00717364
     7.9000000       -0.00113893        0.00390401
     8.0000000       -0.00458652        0.00309335
     8.1000000       -0.00016849        0.00426483
     8.2000000       -0.00530773        0.00374034
     8.3000000       -0.00689654        0.00621117
     8.4000000       -0.00431521        0.00613378
     8.5000000       -0.00302747        0.00508282
     8.6000000       -0.00461513        0.00376306
     8.7000000       -0.00451470        0.00193136
     8.8000000       -0.00461975        0.00281975
     8.9000000       -0.00379486        0.00315835
     9.0000000       -0.00664659        0.00506017
     9.1000000        0.00104610        0.00666751
     9.2000000        0.00553411        0.00507456
     9.3000000        0.00459974        0.00328787
     9.4000000        0.00596209        0.00431151
     9.5000000        0.01522819        0.00428363
     9.6000000        0.01971279        0.00608248
     9.7000000        0.02901673        0.00450046
     9.8000000        0.04526678        0.00777222
     9.9000000        0.06433030        0.00670023
    10.0000000        0.10162635        0.00478927
