         201           5   20.000000000000000                1
     0.0000000        0.03219641        0.00469365
     0.1000000        0.02611438        0.00620537
     0.2000000        0.01868171        0.00417700
     0.3000000        0.01325794        0.00468758
     0.4000000        0.01333461        0.00400059
     0.5000000        0.00965159        0.00249397
     0.6000000        0.00539118        0.00346069
     0.7000000        0.00134587        0.00303508
     0.8000000        0.00471145        0.00351611
     0.9000000        0.00337719        0.00349268
     1.0000000       -0.00052594        0.00423765
     1.1000000        0.00332454        0.00157747
     1.2000000        0.00335972        0.00217179
     1.3000000        0.00120667        0.00180431
     1.4000000        0.00154943        0.00119341
     1.5000000       -0.00148394        0.00184946
     1.6000000       -0.00254346        0.00339435
     1.7000000       -0.00535391        0.00306624
     1.8000000       -0.00240834        0.00350228
     1.9000000       -0.00260126        0.00181297
     2.0000000       -0.00114865        0.00272046
     2.1000000       -0.00077484        0.00472379
     2.2000000       -0.00029469        0.00349082
     2.3000000        0.00096024        0.00376732
     2.4000000       -0.00260784        0.00255942
     2.5000000       -0.00160024        0.00104033
     2.6000000       -0.00139231        0.00385614
     2.7000000       -0.00038455        0.00187092
     2.8000000       -0.00160625        0.00087232
     2.9000000        0.00014412        0.00126699
     3.0000000       -0.00053515        0.00194122
     3.1000000        0.00044276        0.00281612
     3.2000000        0.00064951        0.00307517
     3.3000000       -0.00218162        0.00240076
     3.4000000       -0.00059212        0.00207200
     3.5000000        0.00017456        0.00272183
     3.6000000       -0.00091429        0.00334238
     3.7000000       -0.00164884        0.00613987
     3.8000000       -0.00384320        0.00580672
     3.9000000       -0.00314640        0.00214374
     4.0000000       -0.00374624        0.00445973
     4.1000000       -0.00444029        0.00353473
     4.2000000       -0.00456442        0.00355096
     4.3000000       -0.00403537        0.00347383
     4.4000000       -0.00331274        0.00211365
     4.5000000       -0.00089125        0.00182565
     4.6000000       -0.00115394        0.00168732
     4.7000000       -0.00003494        0.00129916
     4.8000000       -0.00016048        0.00178904
     4.9000000        0.00006049        0.00273930
     5.0000000       -0.00119468        0.00179553
     5.1000000       -0.00089612        0.00177225
     5.2000000       -0.00237796        0.00193382
     5.3000000       -0.00205760        0.00157446
     5.4000000       -0.00153574        0.00235495
     5.5000000        0.00224001        0.00258476
     5.6000000        0.00289942        0.00447350
     5.7000000       -0.00017426        0.00348442
     5.8000000        0.00119985        0.00241434
     5.9000000        0.00023227        0.00225763
     6.0000000       -0.00170858        0.00243536
     6.1000000       -0.00105246        0.00191787
     6.2000000       -0.00057193        0.00251604
     6.3000000       -0.00294493        0.00257353
     6.4000000       -0.00335340        0.00193983
     6.5000000       -0.00192130        0.00058437
     6.6000000       -0.00073513        0.00131249
     6.7000000       -0.00034177        0.00140720
     6.8000000       -0.00125343        0.00120377
     6.9000000       -0.00108851        0.00117351
     7.0000000       -0.00300084        0.00220302
     7.1000000       -0.00453515        0.00165339
     7.2000000       -0.00439016        0.00225228
     7.3000000       -0.00184043        0.00161529
     7.4000000       -0.00354318        0.00145928
     7.5000000       -0.00438823        0.00228720
     7.6000000       -0.00462765        0.00400516
     7.7000000       -0.00659816        0.00463440
     7.8000000       -0.00570508        0.00490896
     7.9000000       -0.00795617        0.00559360
     8.0000000       -0.00747970        0.00705359
     8.1000000       -0.00325560        0.00461139
     8.2000000       -0.00143867        0.00353187
     8.3000000       -0.00079687        0.00261046
     8.4000000       -0.00126387        0.00130650
     8.5000000       -0.00054849        0.00073320
     8.6000000        0.00061381        0.00216129
     8.7000000       -0.00013654        0.00254823
     8.8000000        0.00009412        0.00205186
     8.9000000       -0.00086175        0.00200625
     9.0000000       -0.00100843        0.00121748
     9.1000000       -0.00034223        0.00043130
     9.2000000       -0.00179114        0.00164637
     9.3000000       -0.00122395        0.00149999
     9.4000000       -0.00143183        0.00142636
     9.5000000        0.00025446        0.00211913
     9.6000000       -0.00131413        0.00180561
     9.7000000       -0.00370218        0.00210531
     9.8000000       -0.00211192        0.00191331
     9.9000000       -0.00184921        0.00062981
    10.0000000       -0.00193342        0.00075852
    10.1000000       -0.00175859        0.00107601
    10.2000000       -0.00101063        0.00188767
    10.3000000       -0.00134678        0.00117241
    10.4000000       -0.00142038        0.00129698
    10.5000000       -0.00049002        0.00146811
    10.6000000       -0.00083673        0.00129133
    10.7000000       -0.00053177        0.00140255
    10.8000000        0.00080179        0.00221059
    10.9000000        0.00207074        0.00319001
    11.0000000        0.00073538        0.00110167
    11.1000000        0.00137254        0.00077578
    11.2000000        0.00110282        0.00067914
    11.3000000        0.00135953        0.00086184
    11.4000000        0.00048699        0.00084548
    11.5000000       -0.00010192        0.00170066
    11.6000000       -0.00188598        0.00156240
    11.7000000       -0.00093490        0.00148617
    11.8000000       -0.00020673        0.00150777
    11.9000000       -0.00001329        0.00093383
    12.0000000       -0.00082852        0.00124051
    12.1000000       -0.00031738        0.00163383
    12.2000000        0.00234633        0.00034028
    12.3000000        0.00265322        0.00146643
    12.4000000        0.00199064        0.00108212
    12.5000000        0.00204172        0.00141294
    12.6000000        0.00314390        0.00110111
    12.7000000        0.00153883        0.00187430
    12.8000000        0.00265476        0.00186841
    12.9000000        0.00294143        0.00148729
    13.0000000        0.00055507        0.00305775
    13.1000000       -0.00142808        0.00334516
    13.2000000       -0.00092953        0.00296532
    13.3000000       -0.00236810        0.00350330
    13.4000000       -0.00328207        0.00316080
    13.5000000       -0.00245737        0.00212781
    13.6000000       -0.00356042        0.00259195
    13.7000000       -0.00199106        0.00319350
    13.8000000       -0.00146541        0.00273433
    13.9000000        0.00207303        0.00294739
    14.0000000       -0.00074703        0.00219246
    14.1000000        0.00198554        0.00150956
    14.2000000        0.00056294        0.00160483
    14.3000000        0.00191929        0.00135955
    14.4000000        0.00109725        0.00244276
    14.5000000        0.00186562        0.00324847
    14.6000000        0.00047398        0.00302945
    14.7000000        0.00328886        0.00267561
    14.8000000        0.00481328        0.00267193
    14.9000000        0.00284325        0.00255932
    15.0000000        0.00357391        0.00318040
    15.1000000        0.00519600        0.00314002
    15.2000000        0.00190876        0.00250152
    15.3000000        0.00253651        0.00270169
    15.4000000        0.00213645        0.00325126
    15.5000000        0.00527532        0.00349149
    15.6000000        0.00444092        0.00297489
    15.7000000        0.00138421        0.00314549
    15.8000000        0.00117167        0.00325957
    15.9000000        0.00198430        0.00188411
    16.0000000        0.00133737        0.00390083
    16.1000000       -0.00074276        0.00660828
    16.2000000        0.00030743        0.00302089
    16.3000000        0.00171068        0.00460588
    16.4000000       -0.00074572        0.00208392
    16.5000000       -0.00153596        0.00316693
    16.6000000       -0.00004678        0.00399664
    16.7000000       -0.00265427        0.00312320
    16.8000000       -0.00481907        0.00167937
    16.9000000       -0.00391585        0.00284866
    17.0000000       -0.00320333        0.00230952
    17.1000000       -0.00015863        0.00251191
    17.2000000        0.00124230        0.00282506
    17.3000000        0.00458432        0.00725052
    17.4000000       -0.00047845        0.00418811
    17.5000000        0.00075664        0.00384718
    17.6000000       -0.00037763        0.00294810
    17.7000000       -0.00062825        0.00420335
    17.8000000        0.00399485        0.00684267
    17.9000000        0.00044301        0.00363321
    18.0000000       -0.00043119        0.00138275
    18.1000000       -0.00120124        0.00280502
    18.2000000        0.00371481        0.00241557
    18.3000000        0.00787314        0.00233780
    18.4000000        0.01347463        0.00271677
    18.5000000        0.02014762        0.00527277
    18.6000000        0.02329193        0.00606962
    18.7000000        0.03077713        0.00821290
    18.8000000        0.03221740        0.00510389
    18.9000000        0.03605193        0.00561372
    19.0000000        0.04734014        0.00437147
    19.1000000        0.06763272        0.00375705
    19.2000000        0.09054985        0.00287103
    19.3000000        0.12588127        0.00342739
    19.4000000        0.16867054        0.00483723
    19.5000000        0.22697140        0.00301847
    19.6000000        0.30328108        0.00671794
    19.7000000        0.39673597        0.00823053
    19.8000000        0.53338994        0.00437201
    19.9000000        0.71968046        0.00719496
    20.0000000        0.96780359        0.00469365
