     0.0000000        0.21153097        0.00900757
     0.1000000        0.14374862        0.00806897
     0.2000000        0.10750693        0.00561805
     0.3000000        0.07920512        0.00671569
     0.4000000        0.05835973        0.00797572
     0.5000000        0.04301074        0.01113593
     0.6000000        0.02406453        0.00896978
     0.7000000        0.02259904        0.00399002
     0.8000000        0.01426203        0.00447214
     0.9000000        0.01434122        0.01881743
     1.0000000        0.00895690        0.01170075
     1.1000000        0.00536204        0.00372530
     1.2000000       -0.00154124        0.00409880
     1.3000000        0.00107886        0.00350406
     1.4000000        0.00727105        0.00497894
     1.5000000        0.01039161        0.00588091
     1.6000000        0.00450416        0.00585138
     1.7000000        0.00890283        0.00551275
     1.8000000       -0.00018853        0.00410434
     1.9000000        0.00993468        0.00689517
     2.0000000       -0.00186930        0.00664584
     2.1000000       -0.00346082        0.01129602
     2.2000000       -0.00427547        0.01650998
     2.3000000       -0.01097775        0.01483568
     2.4000000       -0.01386818        0.00898771
     2.5000000       -0.05366737        0.03611429
     2.6000000       -0.02947397        0.01463348
     2.7000000       -0.04094934        0.02791314
     2.8000000       -0.01342543        0.01554820
     2.9000000       -0.03729890        0.02894288
     3.0000000       -0.00426427        0.00686336
     3.1000000        0.00190612        0.00605214
     3.2000000        0.00104999        0.00505236
     3.3000000        0.00162739        0.00548410
     3.4000000        0.00282748        0.00606583
     3.5000000        0.00773925        0.00559337
     3.6000000        0.00236038        0.00430441
     3.7000000        0.01085479        0.00800402
     3.8000000        0.00926283        0.00547350
     3.9000000       -0.00344590        0.00321393
     4.0000000       -0.00906275        0.00477113
     4.1000000       -0.01608760        0.01189758
     4.2000000       -0.00229899        0.00432264
     4.3000000       -0.00753958        0.00869743
     4.4000000        0.00060977        0.00607816
     4.5000000        0.00056344        0.00293793
     4.6000000       -0.00156024        0.00456784
     4.7000000        0.00338158        0.00583130
     4.8000000       -0.00034534        0.00387515
     4.9000000        0.00000815        0.00189131
     5.0000000       -0.00501263        0.00417851
     5.1000000       -0.00286564        0.00348183
     5.2000000       -0.00653855        0.00503377
     5.3000000       -0.00289183        0.00423127
     5.4000000       -0.00783366        0.00408806
     5.5000000       -0.00661266        0.00588311
     5.6000000       -0.00258951        0.00317877
     5.7000000        0.01103214        0.00584457
     5.8000000        0.00752480        0.00418076
     5.9000000        0.00487571        0.00742041
     6.0000000       -0.01499147        0.00791292
     6.1000000       -0.00525066        0.00561842
     6.2000000       -0.02614887        0.02274170
     6.3000000       -0.00927684        0.01820762
     6.4000000        0.01669320        0.02769624
     6.5000000        0.00462738        0.00960138
     6.6000000       -0.00954305        0.00833338
     6.7000000        0.00013262        0.00932514
     6.8000000       -0.07122230        0.06209291
     6.9000000       -0.01003248        0.00571362
     7.0000000       -0.02161081        0.02448611
     7.1000000        0.02507442        0.02527967
     7.2000000        0.03991688        0.04054999
     7.3000000        0.02997008        0.01669822
     7.4000000        0.03707149        0.02183177
     7.5000000        0.06063189        0.03953027
     7.6000000        0.08585992        0.06624700
     7.7000000        0.11910942        0.10325265
     7.8000000        0.04773455        0.04220744
     7.9000000        0.05757317        0.05750583
     8.0000000        0.10838796        0.10603507
     8.1000000        0.10137499        0.10070055
     8.2000000        0.30259368        0.30701198
     8.3000000        0.03310829        0.03962504
     8.4000000        0.04729479        0.06780064
     8.5000000       -0.02843606        0.02710680
     8.6000000       -0.12561768        0.12686785
     8.7000000       -0.11999803        0.11907626
     8.8000000        0.05620969        0.05430874
     8.9000000        0.10742843        0.10575872
     9.0000000        0.04556429        0.06470864
     9.1000000        0.22880932        0.24379022
     9.2000000        0.03523373        0.02787255
     9.3000000       -0.05118758        0.07133530
     9.4000000        0.04440130        0.03007487
     9.5000000        0.13800747        0.13059068
     9.6000000        0.01684486        0.01926417
     9.7000000       -0.05929202        0.06310367
     9.8000000       -0.28635416        0.29582148
     9.9000000       -1.92081897        1.98516401
    10.0000000       -1.12633615        1.16594283
    10.1000000       -0.82464214        0.84731367
    10.2000000       -0.36527998        0.37827170
    10.3000000       -0.14593317        0.14817221
    10.4000000       -0.08715924        0.09549435
    10.5000000       -0.02947751        0.03154433
    10.6000000       -0.03272582        0.03773438
    10.7000000       -0.04720999        0.05409754
    10.8000000        0.02310878        0.01978892
    10.9000000        0.08299854        0.07652695
    11.0000000        0.02740342        0.03305044
    11.1000000        0.00894023        0.01171472
    11.2000000        0.10788745        0.11256313
    11.3000000        0.03661526        0.04424165
    11.4000000        0.01306026        0.01038972
    11.5000000       -0.00861472        0.01098821
    11.6000000       -0.00850507        0.01238093
    11.7000000       -0.02982804        0.01971951
    11.8000000       -0.00187162        0.01715486
    11.9000000        0.00856174        0.01498186
    12.0000000        0.00088651        0.01156396
    12.1000000       -0.01605506        0.00995735
    12.2000000       -0.02153935        0.01417521
    12.3000000       -0.02413398        0.01590525
    12.4000000       -0.01926771        0.01019621
    12.5000000       -0.00987501        0.01062787
    12.6000000       -0.00582611        0.00950364
    12.7000000       -0.00339057        0.00988996
    12.8000000       -0.01530127        0.00750331
    12.9000000       -0.02380883        0.01179382
    13.0000000        0.00088847        0.00354236
    13.1000000       -0.00420434        0.00496869
    13.2000000       -0.00176521        0.00521880
    13.3000000       -0.00248867        0.00617598
    13.4000000        0.00695285        0.00840757
    13.5000000       -0.00092124        0.01047397
    13.6000000        0.00323850        0.00772551
    13.7000000        0.00605565        0.00839248
    13.8000000        0.00411777        0.00688873
    13.9000000       -0.00090804        0.01149590
    14.0000000        0.00064844        0.00701933
    14.1000000       -0.01092372        0.00871339
    14.2000000        0.00081186        0.00466886
    14.3000000       -0.00162308        0.00873545
    14.4000000        0.01562710        0.02101348
    14.5000000        0.01282589        0.01953445
    14.6000000       -0.01967452        0.00904111
    14.7000000       -0.01492289        0.01314943
    14.8000000       -0.01507220        0.01843379
    14.9000000       -0.02048379        0.00943334
    15.0000000       -0.00639569        0.00804443
    15.1000000       -0.01189204        0.00840732
    15.2000000       -0.00730160        0.00880983
    15.3000000       -0.00658165        0.01158800
    15.4000000       -0.00867867        0.00704125
    15.5000000       -0.01680117        0.01343787
    15.6000000       -0.00079664        0.00380438
    15.7000000       -0.00733565        0.00816489
    15.8000000       -0.00723847        0.00481994
    15.9000000       -0.01411446        0.00733005
    16.0000000       -0.01025777        0.00585283
    16.1000000       -0.00831535        0.00772156
    16.2000000        0.00201861        0.00709952
    16.3000000        0.01719726        0.01860476
    16.4000000        0.07277304        0.07502143
    16.5000000        0.03567816        0.05014728
    16.6000000        0.02978522        0.03742268
    16.7000000        0.00381031        0.00682730
    16.8000000       -0.00170348        0.00551118
    16.9000000        0.02214387        0.01458264
    17.0000000        0.00150517        0.00865502
    17.1000000        0.00290006        0.00506862
    17.2000000       -0.00893194        0.00903618
    17.3000000       -0.00602041        0.00617342
    17.4000000        0.01764345        0.02023847
    17.5000000        0.00866848        0.01601721
    17.6000000        0.00065190        0.00781046
    17.7000000        0.00053176        0.00841076
    17.8000000        0.00714374        0.01304630
    17.9000000        0.00954884        0.01734444
    18.0000000        0.00038722        0.00614415
    18.1000000       -0.00419311        0.01264667
    18.2000000        0.00694237        0.01262619
    18.3000000        0.01284371        0.01402472
    18.4000000       -0.00277357        0.01339610
    18.5000000        0.00105625        0.02221784
    18.6000000        0.03071224        0.01640352
    18.7000000        0.02246590        0.02495360
    18.8000000        0.04037633        0.03648985
    18.9000000        0.01899872        0.01337822
    19.0000000        0.00924515        0.01029899
    19.1000000        0.02142933        0.01359529
    19.2000000        0.00379843        0.01235131
    19.3000000        0.02041284        0.01098777
    19.4000000        0.01463434        0.00706530
    19.5000000        0.02330219        0.00611350
    19.6000000        0.04166958        0.00964890
    19.7000000        0.06731081        0.00595207
    19.8000000        0.10192259        0.00614039
    19.9000000        0.14275413        0.00882174
    20.0000000        0.21153097        0.00900757
