         201           5   20.000000000000000                1
     0.0000000        0.96039907        0.00344870
     0.1000000        0.73718374        0.00551058
     0.2000000        0.56015965        0.00958909
     0.3000000        0.43553160        0.00841743
     0.4000000        0.33854071        0.00474682
     0.5000000        0.26192959        0.00292733
     0.6000000        0.20277102        0.00413535
     0.7000000        0.15807961        0.00214740
     0.8000000        0.11744303        0.00340908
     0.9000000        0.09208339        0.00551132
     1.0000000        0.07102951        0.00262980
     1.1000000        0.05421295        0.00223739
     1.2000000        0.04109320        0.00640025
     1.3000000        0.03171910        0.00397914
     1.4000000        0.02332484        0.00309186
     1.5000000        0.01575098        0.00446702
     1.6000000        0.01533560        0.00594109
     1.7000000        0.01160043        0.00459364
     1.8000000        0.00886043        0.00361991
     1.9000000        0.00981640        0.00395612
     2.0000000        0.00864517        0.00309325
     2.1000000        0.00699300        0.00371312
     2.2000000        0.00647912        0.00277181
     2.3000000        0.00498555        0.00252112
     2.4000000        0.00317247        0.00216975
     2.5000000        0.00399572        0.00315514
     2.6000000        0.00406404        0.00247550
     2.7000000        0.00316412        0.00240921
     2.8000000        0.00028512        0.00334101
     2.9000000       -0.00111822        0.00345380
     3.0000000        0.00255999        0.00370083
     3.1000000        0.00156348        0.00290638
     3.2000000       -0.00017937        0.00166963
     3.3000000       -0.00061115        0.00284429
     3.4000000        0.00052207        0.00322461
     3.5000000       -0.00087959        0.00315810
     3.6000000        0.00063085        0.00259455
     3.7000000        0.00078037        0.00302174
     3.8000000        0.00103437        0.00198510
     3.9000000        0.00156932        0.00161675
     4.0000000       -0.00042809        0.00417537
     4.1000000        0.00169113        0.00479750
     4.2000000       -0.00046122        0.00395270
     4.3000000       -0.00261214        0.00369837
     4.4000000       -0.00620556        0.00584705
     4.5000000       -0.00576277        0.00497570
     4.6000000       -0.00297595        0.00395978
     4.7000000       -0.00206972        0.00416608
     4.8000000       -0.00062543        0.00336969
     4.9000000       -0.00191272        0.00288592
     5.0000000       -0.00436107        0.00180139
     5.1000000       -0.00229155        0.00213939
     5.2000000       -0.00111109        0.00218693
     5.3000000       -0.00174109        0.00142473
     5.4000000       -0.00221388        0.00255717
     5.5000000       -0.00296374        0.00265247
     5.6000000       -0.00518500        0.00344643
     5.7000000       -0.00472895        0.00458986
     5.8000000       -0.00340852        0.00298116
     5.9000000       -0.00057538        0.00332660
     6.0000000       -0.00186186        0.00268220
     6.1000000       -0.00201044        0.00223700
     6.2000000       -0.00195523        0.00210133
     6.3000000       -0.00290026        0.00212608
     6.4000000        0.00056489        0.00149082
     6.5000000        0.00095443        0.00125490
     6.6000000        0.00071971        0.00119266
     6.7000000        0.00055824        0.00195266
     6.8000000        0.00067107        0.00175909
     6.9000000        0.00009066        0.00086526
     7.0000000        0.00006128        0.00155245
     7.1000000       -0.00029791        0.00089127
     7.2000000       -0.00010541        0.00124299
     7.3000000        0.00025130        0.00265423
     7.4000000       -0.00080970        0.00322979
     7.5000000        0.00044060        0.00291798
     7.6000000       -0.00008747        0.00317844
     7.7000000       -0.00154972        0.00384675
     7.8000000       -0.00313052        0.00338332
     7.9000000       -0.00388705        0.00309241
     8.0000000       -0.00182767        0.00476382
     8.1000000       -0.00119725        0.00250319
     8.2000000        0.00050263        0.00107643
     8.3000000       -0.00084780        0.00136682
     8.4000000       -0.00186330        0.00133568
     8.5000000       -0.00248780        0.00224941
     8.6000000       -0.00163029        0.00093796
     8.7000000       -0.00172654        0.00212558
     8.8000000        0.00006028        0.00262708
     8.9000000       -0.00090455        0.00216478
     9.0000000        0.00080553        0.00315186
     9.1000000        0.00323226        0.00420140
     9.2000000        0.00249840        0.00332620
     9.3000000        0.00602946        0.00540136
     9.4000000        0.00231073        0.00305660
     9.5000000       -0.00139944        0.00131684
     9.6000000        0.00027017        0.00153045
     9.7000000        0.00069211        0.00240176
     9.8000000        0.00109120        0.00160063
     9.9000000       -0.00129597        0.00055928
    10.0000000        0.00213336        0.00257942
    10.1000000        0.00085819        0.00307073
    10.2000000        0.00086239        0.00271873
    10.3000000       -0.00072919        0.00293625
    10.4000000       -0.00182412        0.00229615
    10.5000000       -0.00176818        0.00133975
    10.6000000       -0.00199368        0.00145093
    10.7000000       -0.00211368        0.00173871
    10.8000000       -0.00325285        0.00206915
    10.9000000       -0.00135491        0.00201402
    11.0000000       -0.00248758        0.00222285
    11.1000000       -0.00203924        0.00186313
    11.2000000       -0.00214421        0.00236309
    11.3000000        0.00063843        0.00185852
    11.4000000       -0.00134898        0.00240082
    11.5000000        0.00104175        0.00292911
    11.6000000        0.00106634        0.00205296
    11.7000000        0.00032548        0.00038153
    11.8000000        0.00375214        0.00142276
    11.9000000        0.00251227        0.00197695
    12.0000000        0.00295882        0.00259005
    12.1000000        0.00107636        0.00240019
    12.2000000       -0.00067947        0.00246894
    12.3000000        0.00021150        0.00207281
    12.4000000        0.00131996        0.00217035
    12.5000000        0.00063088        0.00115473
    12.6000000        0.00391729        0.00096588
    12.7000000        0.00293347        0.00187819
    12.8000000        0.00237655        0.00142197
    12.9000000        0.00149155        0.00243888
    13.0000000        0.00263748        0.00184623
    13.1000000        0.00218325        0.00330288
    13.2000000        0.00302968        0.00477719
    13.3000000        0.00230506        0.00297776
    13.4000000        0.00446879        0.00284514
    13.5000000        0.00357740        0.00228399
    13.6000000        0.00229073        0.00318977
    13.7000000        0.00390351        0.00155799
    13.8000000        0.00176570        0.00196315
    13.9000000        0.00245937        0.00144965
    14.0000000        0.00319129        0.00277724
    14.1000000        0.00027473        0.00120885
    14.2000000        0.00136066        0.00205194
    14.3000000        0.00021656        0.00110936
    14.4000000        0.00142254        0.00079185
    14.5000000       -0.00180965        0.00228139
    14.6000000       -0.00572727        0.00351218
    14.7000000       -0.00430916        0.00326060
    14.8000000       -0.00668275        0.00598408
    14.9000000       -0.00577614        0.00425840
    15.0000000       -0.00534145        0.00292086
    15.1000000       -0.00780197        0.00472705
    15.2000000       -0.00806719        0.00628657
    15.3000000       -0.00146147        0.00197357
    15.4000000       -0.00046497        0.00207070
    15.5000000       -0.00149305        0.00325752
    15.6000000       -0.00415260        0.00257626
    15.7000000       -0.00353780        0.00273276
    15.8000000       -0.00263028        0.00296457
    15.9000000       -0.00836928        0.00564440
    16.0000000       -0.00799561        0.00552620
    16.1000000       -0.01156354        0.00608026
    16.2000000       -0.01284905        0.00656830
    16.3000000       -0.00767525        0.00481520
    16.4000000       -0.00836627        0.00526699
    16.5000000       -0.00908487        0.00756002
    16.6000000       -0.00792441        0.00511552
    16.7000000       -0.00651725        0.00215029
    16.8000000       -0.00825905        0.00301026
    16.9000000       -0.00745616        0.00199730
    17.0000000       -0.00812758        0.00499749
    17.1000000       -0.00703533        0.00478057
    17.2000000       -0.00258330        0.00351825
    17.3000000       -0.00392998        0.00209598
    17.4000000       -0.00101669        0.00215982
    17.5000000       -0.00055721        0.00317727
    17.6000000       -0.00027347        0.00251388
    17.7000000       -0.00332982        0.00114765
    17.8000000       -0.00152261        0.00249865
    17.9000000        0.00092556        0.00259786
    18.0000000        0.00177441        0.00125268
    18.1000000        0.00292994        0.00557311
    18.2000000       -0.00138075        0.00649446
    18.3000000       -0.00014416        0.00598390
    18.4000000        0.00342274        0.00761139
    18.5000000        0.00203141        0.00636162
    18.6000000        0.00505237        0.00644382
    18.7000000        0.00404258        0.00514431
    18.8000000        0.00305024        0.00446822
    18.9000000        0.00376233        0.00654977
    19.0000000        0.00425685        0.00609487
    19.1000000        0.00345402        0.00507429
    19.2000000        0.00141024        0.00504513
    19.3000000        0.00045746        0.00557746
    19.4000000        0.00269411        0.00819612
    19.5000000        0.00075330        0.00856717
    19.6000000        0.00361552        0.00730325
    19.7000000        0.00900238        0.00376091
    19.8000000        0.01767900        0.00314096
    19.9000000        0.02775459        0.00248098
    20.0000000        0.03960093        0.00344870
