         101           5   20.000000000000000                1
     0.0000000        0.11637036        0.00332269
     0.1000000        0.08869835        0.00150308
     0.2000000        0.06547127        0.00256993
     0.3000000        0.04837637        0.00206076
     0.4000000        0.03481435        0.00287674
     0.5000000        0.02591840        0.00229875
     0.6000000        0.01790113        0.00285029
     0.7000000        0.01140527        0.00144699
     0.8000000        0.00926817        0.00228784
     0.9000000        0.00536593        0.00220637
     1.0000000        0.00118486        0.00350587
     1.1000000        0.00529045        0.00227256
     1.2000000        0.00793990        0.00269378
     1.3000000       -0.00231832        0.00253543
     1.4000000       -0.00704567        0.01010129
     1.5000000       -0.00681709        0.00906802
     1.6000000        0.00032869        0.00276188
     1.7000000       -0.00466148        0.00443999
     1.8000000       -0.00047668        0.00285988
     1.9000000       -0.02972353        0.02644913
     2.0000000       -0.00158693        0.00567121
     2.1000000       -0.00000844        0.00724266
     2.2000000       -0.00159424        0.00312687
     2.3000000        0.00422129        0.00654607
     2.4000000       -0.00345876        0.00294316
     2.5000000       -0.00253455        0.00177224
     2.6000000       -0.00184106        0.00140366
     2.7000000       -0.00195305        0.00538896
     2.8000000       -0.00233953        0.00287625
     2.9000000        0.00155176        0.00608622
     3.0000000        0.00151635        0.00241547
     3.1000000       -0.01742038        0.01381635
     3.2000000       -0.01285618        0.01015832
     3.3000000       -0.01778892        0.02168681
     3.4000000        0.00904426        0.00619871
     3.5000000        0.00689043        0.00666266
     3.6000000       -0.00535072        0.00843448
     3.7000000        0.00365166        0.00151284
     3.8000000        0.00146018        0.00582056
     3.9000000       -0.00259980        0.00692638
     4.0000000        0.00617449        0.00380962
     4.1000000        0.01436938        0.00983476
     4.2000000        0.00386743        0.00483923
     4.3000000        0.00170519        0.00230757
     4.4000000       -0.00112095        0.00200810
     4.5000000        0.00061799        0.00268772
     4.6000000       -0.00363438        0.00317476
     4.7000000       -0.00248575        0.00165087
     4.8000000       -0.00500826        0.00692286
     4.9000000       -0.00419434        0.00390364
     5.0000000        0.00258146        0.00205255
     5.1000000        0.00273218        0.00245638
     5.2000000        0.00447935        0.00767744
     5.3000000       -0.00167575        0.00237189
     5.4000000        0.00180092        0.00285065
     5.5000000        0.00119738        0.00364144
     5.6000000       -0.00009838        0.00330868
     5.7000000        0.00113783        0.00324839
     5.8000000       -0.00061927        0.00407387
     5.9000000       -0.00355008        0.00267172
     6.0000000       -0.00120807        0.00118061
     6.1000000       -0.00292995        0.00235952
     6.2000000       -0.00269384        0.00157783
     6.3000000       -0.00530264        0.00305422
     6.4000000       -0.00396748        0.00247486
     6.5000000       -0.00240078        0.00326190
     6.6000000       -0.00151052        0.00287131
     6.7000000       -0.00189971        0.00184969
     6.8000000       -0.00283822        0.00366165
     6.9000000        0.00100868        0.01329513
     7.0000000        0.00783713        0.01078324
     7.1000000       -0.00090539        0.00638627
     7.2000000       -0.00093746        0.00414255
     7.3000000        0.00167610        0.00150703
     7.4000000        0.00288209        0.00151737
     7.5000000        0.00101460        0.00247255
     7.6000000       -0.00018141        0.00149588
     7.7000000       -0.00275348        0.00197597
     7.8000000       -0.00208907        0.00140847
     7.9000000       -0.00689278        0.00460914
     8.0000000        0.00709587        0.01557454
     8.1000000        0.00088658        0.00581612
     8.2000000       -0.00213329        0.00168187
     8.3000000       -0.00216027        0.00122831
     8.4000000       -0.00074137        0.00091934
     8.5000000        0.00048653        0.00119922
     8.6000000        0.00069542        0.00114272
     8.7000000        0.00169709        0.00378250
     8.8000000       -0.00263321        0.00474789
     8.9000000       -0.00091185        0.00543638
     9.0000000        0.00204901        0.00454256
     9.1000000        0.00096556        0.00068205
     9.2000000        0.00656709        0.00720940
     9.3000000       -0.00067642        0.00225046
     9.4000000       -0.00176159        0.00434734
     9.5000000       -0.00072168        0.00219659
     9.6000000        0.00056137        0.00067230
     9.7000000        0.00235910        0.00201913
     9.8000000       -0.00153139        0.00142631
     9.9000000        0.00068096        0.00081267
    10.0000000        0.00049687        0.00073922
