     0.0000000        0.06093487        0.00456268
     0.1000000        0.04095392        0.00372919
     0.2000000        0.02866600        0.00305241
     0.3000000        0.02017099        0.00222959
     0.4000000        0.01363687        0.00150717
     0.5000000        0.00881587        0.00136358
     0.6000000        0.00625212        0.00119130
     0.7000000        0.00497903        0.00118547
     0.8000000        0.00444378        0.00105140
     0.9000000        0.00307978        0.00090367
     1.0000000        0.00219014        0.00078346
     1.1000000        0.00146594        0.00072594
     1.2000000        0.00122470        0.00070267
     1.3000000        0.00126470        0.00054455
     1.4000000        0.00098007        0.00069057
     1.5000000        0.00054378        0.00077226
     1.6000000        0.00017909        0.00056339
     1.7000000       -0.00047213        0.00055790
     1.8000000       -0.00086001        0.00071554
     1.9000000       -0.00083704        0.00076514
     2.0000000       -0.00072978        0.00082407
     2.1000000       -0.00058785        0.00078363
     2.2000000       -0.00067578        0.00066086
     2.3000000       -0.00073521        0.00054906
     2.4000000       -0.00081747        0.00058140
     2.5000000       -0.00087674        0.00058446
     2.6000000       -0.00066262        0.00059820
     2.7000000       -0.00061330        0.00058637
     2.8000000       -0.00043113        0.00049647
     2.9000000       -0.00026048        0.00044543
     3.0000000       -0.00032168        0.00040428
     3.1000000       -0.00056545        0.00041545
     3.2000000       -0.00069916        0.00053138
     3.3000000       -0.00065508        0.00097483
     3.4000000       -0.00052522        0.00093441
     3.5000000       -0.00070706        0.00090607
     3.6000000       -0.00076364        0.00070570
     3.7000000       -0.00072261        0.00076060
     3.8000000       -0.00014425        0.00099006
     3.9000000        0.00007846        0.00088693
     4.0000000        0.00020729        0.00058772
     4.1000000        0.00003189        0.00058386
     4.2000000        0.00018798        0.00065622
     4.3000000        0.00061469        0.00094408
     4.4000000        0.00057323        0.00105311
     4.5000000        0.00035458        0.00078101
     4.6000000        0.00015915        0.00050941
     4.7000000       -0.00047547        0.00037963
     4.8000000       -0.00057671        0.00071866
     4.9000000       -0.00043542        0.00092149
     5.0000000       -0.00046282        0.00092023
     5.1000000       -0.00033152        0.00113308
     5.2000000        0.00023041        0.00122416
     5.3000000        0.00015603        0.00110534
     5.4000000        0.00014588        0.00118866
     5.5000000        0.00011982        0.00119829
     5.6000000        0.00009466        0.00096420
     5.7000000        0.00012468        0.00096856
     5.8000000        0.00038076        0.00091722
     5.9000000        0.00047236        0.00086118
     6.0000000        0.00068287        0.00075707
     6.1000000        0.00067219        0.00079407
     6.2000000        0.00035234        0.00072943
     6.3000000       -0.00013587        0.00082466
     6.4000000       -0.00056155        0.00060134
     6.5000000       -0.00059486        0.00062972
     6.6000000       -0.00111945        0.00085728
     6.7000000       -0.00072101        0.00081434
     6.8000000       -0.00071547        0.00091174
     6.9000000       -0.00071817        0.00078242
     7.0000000       -0.00068896        0.00068282
     7.1000000       -0.00005457        0.00053817
     7.2000000        0.00051984        0.00067798
     7.3000000        0.00084974        0.00072589
     7.4000000        0.00083913        0.00077234
     7.5000000       -0.00002081        0.00082305
     7.6000000       -0.00006174        0.00085458
     7.7000000       -0.00016851        0.00095194
     7.8000000       -0.00073657        0.00100955
     7.9000000       -0.00094617        0.00104499
     8.0000000       -0.00098118        0.00074745
     8.1000000       -0.00077230        0.00070647
     8.2000000       -0.00043898        0.00056661
     8.3000000       -0.00038877        0.00062761
     8.4000000       -0.00026571        0.00071334
     8.5000000       -0.00011378        0.00073709
     8.6000000        0.00023844        0.00081911
     8.7000000        0.00085095        0.00089372
     8.8000000        0.00146752        0.00099089
     8.9000000        0.00187078        0.00132476
     9.0000000        0.00218275        0.00158269
     9.1000000        0.00235954        0.00177050
     9.2000000        0.00297845        0.00161583
     9.3000000        0.00436631        0.00184973
     9.4000000        0.00699613        0.00272042
     9.5000000        0.01009594        0.00338709
     9.6000000        0.01389764        0.00393601
     9.7000000        0.01883333        0.00424706
     9.8000000        0.02660416        0.00464964
     9.9000000        0.03942402        0.00457107
    10.0000000        0.06093487        0.00456268
