         101         161   20.000000000000000                1
     0.0000000        0.42857143        0.00000000
     0.1000000        0.32501185        0.00000000
     0.2000000        0.24882875        0.00000000
     0.3000000        0.19239784        0.00000000
     0.4000000        0.15028751        0.00000000
     0.5000000        0.11861472        0.00000000
     0.6000000        0.09459287        0.00000000
     0.7000000        0.07621394        0.00000000
     0.8000000        0.06202444        0.00000000
     0.9000000        0.05096714        0.00000000
     1.0000000        0.04226903        0.00000000
     1.1000000        0.03536175        0.00000000
     1.2000000        0.02982487        0.00000000
     1.3000000        0.02534542        0.00000000
     1.4000000        0.02168888        0.00000000
     1.5000000        0.01867827        0.00000000
     1.6000000        0.01617905        0.00000000
     1.7000000        0.01408818        0.00000000
     1.8000000        0.01232612        0.00000000
     1.9000000        0.01083103        0.00000000
     2.0000000        0.00955442        0.00000000
     2.1000000        0.00845795        0.00000000
     2.2000000        0.00751113        0.00000000
     2.3000000        0.00668947        0.00000000
     2.4000000        0.00597317        0.00000000
     2.5000000        0.00534612        0.00000000
     2.6000000        0.00479510        0.00000000
     2.7000000        0.00430920        0.00000000
     2.8000000        0.00387936        0.00000000
     2.9000000        0.00349799        0.00000000
     3.0000000        0.00315872        0.00000000
     3.1000000        0.00285616        0.00000000
     3.2000000        0.00258574        0.00000000
     3.3000000        0.00234354        0.00000000
     3.4000000        0.00212622        0.00000000
     3.5000000        0.00193087        0.00000000
     3.6000000        0.00175499        0.00000000
     3.7000000        0.00159642        0.00000000
     3.8000000        0.00145325        0.00000000
     3.9000000        0.00132384        0.00000000
     4.0000000        0.00120673        0.00000000
     4.1000000        0.00110064        0.00000000
     4.2000000        0.00100443        0.00000000
     4.3000000        0.00091712        0.00000000
     4.4000000        0.00083782        0.00000000
     4.5000000        0.00076573        0.00000000
     4.6000000        0.00070016        0.00000000
     4.7000000        0.00064048        0.00000000
     4.8000000        0.00058613        0.00000000
     4.9000000        0.00053661        0.00000000
     5.0000000        0.00049146        0.00000000
     5.1000000        0.00045028        0.00000000
     5.2000000        0.00041271        0.00000000
     5.3000000        0.00037842        0.00000000
     5.4000000        0.00034711        0.00000000
     5.5000000        0.00031851        0.00000000
     5.6000000        0.00029238        0.00000000
     5.7000000        0.00026850        0.00000000
     5.8000000        0.00024667        0.00000000
     5.9000000        0.00022671        0.00000000
     6.0000000        0.00020846        0.00000000
     6.1000000        0.00019177        0.00000000
     6.2000000        0.00017650        0.00000000
     6.3000000        0.00016253        0.00000000
     6.4000000        0.00014975        0.00000000
     6.5000000        0.00013805        0.00000000
     6.6000000        0.00012735        0.00000000
     6.7000000        0.00011756        0.00000000
     6.8000000        0.00010859        0.00000000
     6.9000000        0.00010039        0.00000000
     7.0000000        0.00009288        0.00000000
     7.1000000        0.00008601        0.00000000
     7.2000000        0.00007972        0.00000000
     7.3000000        0.00007397        0.00000000
     7.4000000        0.00006871        0.00000000
     7.5000000        0.00006390        0.00000000
     7.6000000        0.00005950        0.00000000
     7.7000000        0.00005548        0.00000000
     7.8000000        0.00005181        0.00000000
     7.9000000        0.00004846        0.00000000
     8.0000000        0.00004541        0.00000000
     8.1000000        0.00004262        0.00000000
     8.2000000        0.00004008        0.00000000
     8.3000000        0.00003778        0.00000000
     8.4000000        0.00003568        0.00000000
     8.5000000        0.00003379        0.00000000
     8.6000000        0.00003207        0.00000000
     8.7000000        0.00003053        0.00000000
     8.8000000        0.00002914        0.00000000
     8.9000000        0.00002790        0.00000000
     9.0000000        0.00002679        0.00000000
     9.1000000        0.00002582        0.00000000
     9.2000000        0.00002496        0.00000000
     9.3000000        0.00002423        0.00000000
     9.4000000        0.00002360        0.00000000
     9.5000000        0.00002307        0.00000000
     9.6000000        0.00002265        0.00000000
     9.7000000        0.00002232        0.00000000
     9.8000000        0.00002209        0.00000000
     9.9000000        0.00002195        0.00000000
    10.0000000        0.00002191        0.00000000
