         101           4   20.000000000000000                1
     0.0000000        0.17567789        0.00155059
     0.1000000        0.13472571        0.00126556
     0.2000000        0.10117635        0.00184336
     0.3000000        0.07708000        0.00104512
     0.4000000        0.05885842        0.00125927
     0.5000000        0.04480171        0.00099368
     0.6000000        0.03324500        0.00066612
     0.7000000        0.02469973        0.00122208
     0.8000000        0.01988833        0.00091491
     0.9000000        0.01553063        0.00072155
     1.0000000        0.01100170        0.00100842
     1.1000000        0.00817644        0.00057897
     1.2000000        0.00578328        0.00056999
     1.3000000        0.00439986        0.00038912
     1.4000000        0.00350358        0.00042592
     1.5000000        0.00207084        0.00032414
     1.6000000        0.00131140        0.00041303
     1.7000000        0.00112889        0.00039196
     1.8000000        0.00083395        0.00050309
     1.9000000        0.00030818        0.00048615
     2.0000000        0.00040486        0.00062596
     2.1000000        0.00026783        0.00085848
     2.2000000        0.00021080        0.00109719
     2.3000000       -0.00040964        0.00065665
     2.4000000       -0.00005110        0.00077363
     2.5000000       -0.00096469        0.00063354
     2.6000000       -0.00153228        0.00063723
     2.7000000       -0.00094202        0.00095065
     2.8000000       -0.00148646        0.00106429
     2.9000000       -0.00116100        0.00107323
     3.0000000       -0.00093507        0.00043340
     3.1000000       -0.00084946        0.00089229
     3.2000000       -0.00023798        0.00042675
     3.3000000        0.00015379        0.00063267
     3.4000000        0.00024095        0.00063435
     3.5000000       -0.00036363        0.00048525
     3.6000000       -0.00001615        0.00053182
     3.7000000        0.00010276        0.00060752
     3.8000000       -0.00017498        0.00056848
     3.9000000       -0.00017486        0.00045446
     4.0000000       -0.00016256        0.00054806
     4.1000000       -0.00017041        0.00063225
     4.2000000       -0.00074112        0.00105975
     4.3000000       -0.00093124        0.00122004
     4.4000000       -0.00056806        0.00062362
     4.5000000       -0.00019507        0.00072016
     4.6000000       -0.00153921        0.00163748
     4.7000000       -0.00206287        0.00171462
     4.8000000       -0.00244860        0.00192462
     4.9000000       -0.00298454        0.00275881
     5.0000000       -0.00023610        0.00049791
     5.1000000       -0.00156229        0.00159152
     5.2000000       -0.00180446        0.00211978
     5.3000000       -0.00936940        0.01076925
     5.4000000       -0.00082182        0.00210566
     5.5000000       -0.00026256        0.00155996
     5.6000000        0.00097101        0.00136922
     5.7000000       -0.00073055        0.00217646
     5.8000000       -0.00027663        0.00090035
     5.9000000        0.00123006        0.00169299
     6.0000000        0.00087854        0.00131449
     6.1000000       -0.00077824        0.00079295
     6.2000000       -0.00086941        0.00155782
     6.3000000       -0.00080217        0.00197135
     6.4000000        0.00028435        0.00171069
     6.5000000        0.00007672        0.00170269
     6.6000000       -0.00049140        0.00181202
     6.7000000       -0.00357318        0.00202064
     6.8000000       -0.00054159        0.00120389
     6.9000000       -0.00170241        0.00112163
     7.0000000       -0.00221169        0.00168711
     7.1000000       -0.00058639        0.00146818
     7.2000000       -0.00058398        0.00037753
     7.3000000       -0.00108033        0.00081210
     7.4000000       -0.00215673        0.00176749
     7.5000000       -0.00380894        0.00288902
     7.6000000       -0.00757485        0.00802671
     7.7000000       -0.00790678        0.00874307
     7.8000000       -0.00331147        0.00222787
     7.9000000       -0.00161933        0.00048435
     8.0000000       -0.00051940        0.00012622
     8.1000000       -0.00090578        0.00086830
     8.2000000       -0.00028938        0.00022285
     8.3000000        0.00013386        0.00027655
     8.4000000        0.00067652        0.00086744
     8.5000000        0.00068718        0.00165384
     8.6000000        0.00033340        0.00111900
     8.7000000        0.00148643        0.00187365
     8.8000000        0.00125403        0.00122238
     8.9000000        0.00088542        0.00101654
     9.0000000        0.00031390        0.00032617
     9.1000000        0.00025066        0.00030171
     9.2000000        0.00071405        0.00095829
     9.3000000        0.00108582        0.00115062
     9.4000000        0.00118076        0.00077247
     9.5000000        0.00103025        0.00050562
     9.6000000        0.00102285        0.00026483
     9.7000000        0.00044005        0.00044970
     9.8000000        0.00004768        0.00053191
     9.9000000        0.00072572        0.00033853
    10.0000000        0.00206697        0.00141544
