     0.0000000        0.32140482        0.00602791
     0.0500000        0.32140482        0.00602791
     0.1000000        0.32140482        0.00602791
     0.1500000        0.32140482        0.00602791
     0.2000000        0.32140482        0.00602791
     0.2500000        0.32140482        0.00602791
     0.3000000        0.32140482        0.00602791
     0.3500000        0.32140482        0.00602791
     0.4000000        0.32140482        0.00602791
     0.4500000        0.32140482        0.00602791
     0.5000000        0.32140482        0.00602791
     0.5500000        0.32140482        0.00602791
     0.6000000        0.32140482        0.00602791
     0.6500000        0.32140482        0.00602791
     0.7000000        0.32140482        0.00602791
     0.7500000        0.32140482        0.00602791
     0.8000000        0.32140482        0.00602791
     0.8500000        0.32140482        0.00602791
     0.9000000        0.32140482        0.00602791
     0.9500000        0.32140482        0.00602791
     1.0000000        0.32140482        0.00602791
     1.0500000        0.32140482        0.00602791
     1.1000000        0.32140482        0.00602791
     1.1500000        0.32140482        0.00602791
     1.2000000        0.32140482        0.00602791
     1.2500000        0.32140482        0.00602791
     1.3000000        0.32140482        0.00602791
     1.3500000        0.32140482        0.00602791
     1.4000000        0.32140482        0.00602791
     1.4500000        0.32140482        0.00602791
     1.5000000        0.32140482        0.00602791
     1.5500000        0.32140482        0.00602791
     1.6000000        0.32140482        0.00602791
     1.6500000        0.32140482        0.00602791
     1.7000000        0.32140482        0.00602791
     1.7500000        0.32140482        0.00602791
     1.8000000        0.32140482        0.00602791
     1.8500000        0.32140482        0.00602791
     1.9000000        0.32140482        0.00602791
     1.9500000        0.32140482        0.00602791
     2.0000000        0.32140482        0.00602791
     2.0500000        0.32140482        0.00602791
     2.1000000        0.32140482        0.00602791
     2.1500000        0.32140482        0.00602791
     2.2000000        0.32140482        0.00602791
     2.2500000        0.32140482        0.00602791
     2.3000000        0.32140482        0.00602791
     2.3500000        0.32140482        0.00602791
     2.4000000        0.32140482        0.00602791
     2.4500000        0.32140482        0.00602791
     2.5000000        0.32140482        0.00602791
     2.5500000        0.32140482        0.00602791
     2.6000000        0.32140482        0.00602791
     2.6500000        0.32140482        0.00602791
     2.7000000        0.32140482        0.00602791
     2.7500000        0.32140482        0.00602791
     2.8000000        0.32140482        0.00602791
     2.8500000        0.32140482        0.00602791
     2.9000000        0.32140482        0.00602791
     2.9500000        0.32140482        0.00602791
     3.0000000        0.32140482        0.00602791
     3.0500000        0.32140482        0.00602791
     3.1000000        0.32140482        0.00602791
     3.1500000        0.32140482        0.00602791
     3.2000000        0.32140482        0.00602791
     3.2500000        0.32140482        0.00602791
     3.3000000        0.32140482        0.00602791
     3.3500000        0.32140482        0.00602791
     3.4000000        0.32140482        0.00602791
     3.4500000        0.32140482        0.00602791
     3.5000000        0.32140482        0.00602791
     3.5500000        0.32140482        0.00602791
     3.6000000        0.32140482        0.00602791
     3.6500000        0.32140482        0.00602791
     3.7000000        0.32140482        0.00602791
     3.7500000        0.32140482        0.00602791
     3.8000000        0.32140482        0.00602791
     3.8500000        0.32140482        0.00602791
     3.9000000        0.32140482        0.00602791
     3.9500000        0.32140482        0.00602791
     4.0000000        0.32140482        0.00602791
