     0.0000000        0.50000000        0.00000004
     0.1000000        0.48919411        0.00137606
     0.2000000        0.47893107        0.00194610
     0.3000000        0.47249032        0.00292285
     0.4000000        0.46517884        0.00344532
     0.5000000        0.46137290        0.00437023
     0.6000000        0.45629979        0.00427192
     0.7000000        0.45205102        0.00506931
     0.8000000        0.44660966        0.00541327
     0.9000000        0.44491585        0.00552737
     1.0000000        0.43960674        0.00538336
     1.1000000        0.43725278        0.00531229
     1.2000000        0.43705365        0.00570506
     1.3000000        0.43258665        0.00544499
     1.4000000        0.43222530        0.00498782
     1.5000000        0.42667615        0.00499353
     1.6000000        0.42198608        0.00574920
     1.7000000        0.41996838        0.00582483
     1.8000000        0.41901516        0.00587667
     1.9000000        0.41849764        0.00500986
     2.0000000        0.41922487        0.00543262
     2.1000000        0.41577939        0.00578867
     2.2000000        0.41329961        0.00619058
     2.3000000        0.40907982        0.00613855
     2.4000000        0.40765881        0.00607308
     2.5000000        0.40620427        0.00673924
     2.6000000        0.40373588        0.00664767
     2.7000000        0.40098148        0.00696953
     2.8000000        0.40196579        0.00729047
     2.9000000        0.39926972        0.00752851
     3.0000000        0.39743993        0.00725782
     3.1000000        0.39774813        0.00721090
     3.2000000        0.39667556        0.00772351
     3.3000000        0.39513892        0.00734021
     3.4000000        0.39271628        0.00756605
     3.5000000        0.39189236        0.00774917
     3.6000000        0.39068320        0.00791377
     3.7000000        0.38808771        0.00882967
     3.8000000        0.38738949        0.00934234
     3.9000000        0.38594411        0.00966219
     4.0000000        0.38383633        0.01016037
     4.1000000        0.38297015        0.01074331
     4.2000000        0.38180796        0.01074164
     4.3000000        0.38409989        0.01105286
     4.4000000        0.38230328        0.01083817
     4.5000000        0.37985116        0.01036546
     4.6000000        0.37766794        0.00985979
     4.7000000        0.37477269        0.01022099
     4.8000000        0.37040444        0.01030852
     4.9000000        0.37007850        0.00998795
     5.0000000        0.36959527        0.01014226
     5.1000000        0.36744199        0.00948849
     5.2000000        0.36743473        0.01007382
     5.3000000        0.36750358        0.01028945
     5.4000000        0.36530452        0.01044873
     5.5000000        0.36374645        0.01049676
     5.6000000        0.36103418        0.01093891
     5.7000000        0.35760275        0.01016831
     5.8000000        0.35689913        0.01046601
     5.9000000        0.35295177        0.01041862
     6.0000000        0.35024255        0.01056878
     6.1000000        0.34971436        0.01062821
     6.2000000        0.34930360        0.01029461
     6.3000000        0.34780206        0.00970632
     6.4000000        0.34581606        0.00917804
     6.5000000        0.34294763        0.00951812
     6.6000000        0.34103555        0.00947233
     6.7000000        0.33904528        0.00956472
     6.8000000        0.33655536        0.00954935
     6.9000000        0.33672789        0.00932139
     7.0000000        0.33727017        0.00910221
     7.1000000        0.33606382        0.00978645
     7.2000000        0.33469849        0.00937209
     7.3000000        0.33464822        0.00899233
     7.4000000        0.33471063        0.00901825
     7.5000000        0.33553366        0.00875465
     7.6000000        0.33690693        0.00864575
     7.7000000        0.33703033        0.00908922
     7.8000000        0.33278034        0.00901975
     7.9000000        0.33366640        0.00926896
     8.0000000        0.33271686        0.00974861
     8.1000000        0.32972034        0.00912926
     8.2000000        0.32879513        0.00918901
     8.3000000        0.32903494        0.00949010
     8.4000000        0.32726608        0.00918706
     8.5000000        0.32615538        0.00921680
     8.6000000        0.32619521        0.00950859
     8.7000000        0.32492398        0.00880376
     8.8000000        0.32447230        0.00885602
     8.9000000        0.32392622        0.00943497
     9.0000000        0.32340939        0.00973877
     9.1000000        0.32336156        0.00934625
     9.2000000        0.32464774        0.00945829
     9.3000000        0.32358478        0.00998617
     9.4000000        0.32489565        0.00963141
     9.5000000        0.32271630        0.00921337
     9.6000000        0.32338700        0.00879683
     9.7000000        0.32336566        0.00919832
     9.8000000        0.32507588        0.00904088
     9.9000000        0.32256438        0.00885923
    10.0000000        0.32405790        0.00905523
    10.1000000        0.32465560        0.00896137
    10.2000000        0.32892357        0.00884413
    10.3000000        0.33103052        0.00908769
    10.4000000        0.33145793        0.00922806
    10.5000000        0.33110528        0.00920922
    10.6000000        0.32934822        0.00854053
    10.7000000        0.33068669        0.00891194
    10.8000000        0.32900649        0.00854360
    10.9000000        0.32980076        0.00904477
    11.0000000        0.33146316        0.00975166
    11.1000000        0.33196391        0.00947260
    11.2000000        0.33019620        0.00930501
    11.3000000        0.32930211        0.00946829
    11.4000000        0.32811203        0.00994575
    11.5000000        0.32742293        0.01007845
    11.6000000        0.32695812        0.00987441
    11.7000000        0.32967201        0.01048857
    11.8000000        0.33123644        0.01097515
    11.9000000        0.32853593        0.01072004
    12.0000000        0.32723743        0.00995288
    12.1000000        0.32742287        0.00960339
    12.2000000        0.32842663        0.00948673
    12.3000000        0.32717904        0.00913258
    12.4000000        0.32772142        0.00980840
    12.5000000        0.32740695        0.00992392
    12.6000000        0.32829799        0.00997544
    12.7000000        0.33077907        0.00905908
    12.8000000        0.33158904        0.00875428
    12.9000000        0.33246393        0.00849675
    13.0000000        0.32926589        0.00859678
    13.1000000        0.33026967        0.00827684
    13.2000000        0.33009127        0.00837281
    13.3000000        0.33167713        0.00928629
    13.4000000        0.33237403        0.00833426
    13.5000000        0.33487742        0.00775570
    13.6000000        0.33616682        0.00706412
    13.7000000        0.33771694        0.00744352
    13.8000000        0.33581472        0.00747788
    13.9000000        0.33637173        0.00739799
    14.0000000        0.33929161        0.00694772
    14.1000000        0.34243765        0.00679220
    14.2000000        0.34341797        0.00730373
    14.3000000        0.34540733        0.00703058
    14.4000000        0.34656519        0.00703613
    14.5000000        0.34814748        0.00652203
    14.6000000        0.35032175        0.00658462
    14.7000000        0.35273948        0.00580978
    14.8000000        0.35346686        0.00564788
    14.9000000        0.35572465        0.00556561
    15.0000000        0.35608527        0.00538211
    15.1000000        0.35657580        0.00486677
    15.2000000        0.35882405        0.00501833
    15.3000000        0.36127522        0.00489070
    15.4000000        0.36298425        0.00512387
    15.5000000        0.36225581        0.00579177
    15.6000000        0.36513075        0.00588515
    15.7000000        0.36543601        0.00666914
    15.8000000        0.36564799        0.00629971
    15.9000000        0.36595226        0.00632884
    16.0000000        0.37123214        0.00642998
    16.1000000        0.36965038        0.00631049
    16.2000000        0.37100456        0.00732395
    16.3000000        0.37289605        0.00721297
    16.4000000        0.37280835        0.00703769
    16.5000000        0.37510417        0.00763102
    16.6000000        0.37736281        0.00697155
    16.7000000        0.37842520        0.00646003
    16.8000000        0.37890544        0.00647334
    16.9000000        0.38101397        0.00733124
    17.0000000        0.38110622        0.00768370
    17.1000000        0.38453156        0.00756837
    17.2000000        0.38604078        0.00742568
    17.3000000        0.38714857        0.00703839
    17.4000000        0.38682530        0.00666808
    17.5000000        0.38751466        0.00656677
    17.6000000        0.38930888        0.00620463
    17.7000000        0.39026412        0.00656936
    17.8000000        0.39403067        0.00650967
    17.9000000        0.39664486        0.00631861
    18.0000000        0.39750812        0.00611336
    18.1000000        0.40157855        0.00582615
    18.2000000        0.40487719        0.00545721
    18.3000000        0.40681771        0.00554250
    18.4000000        0.41388421        0.00591641
    18.5000000        0.41950982        0.00566714
    18.6000000        0.42035209        0.00522596
    18.7000000        0.42120494        0.00500510
    18.8000000        0.42613598        0.00494224
    18.9000000        0.42991662        0.00496695
    19.0000000        0.43367291        0.00498476
    19.1000000        0.43929844        0.00474036
    19.2000000        0.44359968        0.00428390
    19.3000000        0.44830910        0.00396362
    19.4000000        0.45348556        0.00386080
    19.5000000        0.46071770        0.00372956
    19.6000000        0.46639368        0.00320370
    19.7000000        0.47198572        0.00262366
    19.8000000        0.47855649        0.00248994
    19.9000000        0.48769093        0.00161878
    20.0000000        0.50000000        0.00000000
