     0.0000000        0.68274982        0.01650976
     0.1000000        0.58919766        0.01565326
     0.2000000        0.51121131        0.01788180
     0.3000000        0.44189648        0.02257065
     0.4000000        0.38899800        0.02168077
     0.5000000        0.34335695        0.02333531
     0.6000000        0.31373424        0.02162336
     0.7000000        0.28700842        0.02681559
     0.8000000        0.26194912        0.02872785
     0.9000000        0.23060728        0.01747485
     1.0000000        0.20219499        0.01858497
     1.1000000        0.18443155        0.01372854
     1.2000000        0.17367519        0.01434943
     1.3000000        0.15020267        0.01871462
     1.4000000        0.13486133        0.01727212
     1.5000000        0.13252496        0.01193024
     1.6000000        0.11674672        0.00915825
     1.7000000        0.10716366        0.00866974
     1.8000000        0.09618181        0.00964133
     1.9000000        0.08627408        0.01041408
     2.0000000        0.08339539        0.01143658
     2.1000000        0.08209483        0.01115562
     2.2000000        0.07300446        0.00995855
     2.3000000        0.06141048        0.01319571
     2.4000000        0.06125815        0.01515336
     2.5000000        0.06333936        0.01213583
     2.6000000        0.06350392        0.01280838
     2.7000000        0.06304486        0.01043454
     2.8000000        0.06089724        0.00962345
     2.9000000        0.06240015        0.01089004
     3.0000000        0.05270456        0.00940665
     3.1000000        0.05187588        0.00828233
     3.2000000        0.04999301        0.00906824
     3.3000000        0.04130972        0.00629555
     3.4000000        0.03880464        0.00573295
     3.5000000        0.03772169        0.00507820
     3.6000000        0.03361546        0.00580674
     3.7000000        0.03255847        0.00580993
     3.8000000        0.03567395        0.00646876
     3.9000000        0.03268360        0.00453014
     4.0000000        0.03438147        0.00463572
     4.1000000        0.03531471        0.00505092
     4.2000000        0.03145305        0.00661609
     4.3000000        0.02056813        0.00796550
     4.4000000        0.01365899        0.01665474
     4.5000000        0.00232587        0.02432191
     4.6000000        0.00988015        0.01911618
     4.7000000        0.01165537        0.01536811
     4.8000000        0.01144066        0.01799401
     4.9000000        0.01788000        0.01315253
     5.0000000        0.02002506        0.01010715
     5.1000000        0.02470156        0.00956465
     5.2000000        0.02436582        0.01118133
     5.3000000        0.01990030        0.01229598
     5.4000000        0.01735554        0.01097593
     5.5000000        0.02491789        0.00797561
     5.6000000        0.03395962        0.00758352
     5.7000000        0.03614185        0.00741311
     5.8000000        0.03875582        0.00957535
     5.9000000        0.03684159        0.01029134
     6.0000000        0.04091806        0.00948711
     6.1000000        0.04778901        0.00805451
     6.2000000        0.04937962        0.00762602
     6.3000000        0.05605675        0.00988120
     6.4000000        0.05478032        0.01016315
     6.5000000        0.06025039        0.01016376
     6.6000000        0.06595634        0.01254218
     6.7000000        0.07361066        0.01283522
     6.8000000        0.07748720        0.01010316
     6.9000000        0.08711009        0.01342219
     7.0000000        0.10317039        0.01757731
     7.1000000        0.10642288        0.01826856
     7.2000000        0.11342446        0.01708375
     7.3000000        0.12125502        0.01755034
     7.4000000        0.13156738        0.01748685
     7.5000000        0.13569316        0.01176716
     7.6000000        0.14752951        0.01288355
     7.7000000        0.15755808        0.01691250
     7.8000000        0.17351464        0.01926756
     7.9000000        0.20326486        0.02008801
     8.0000000        0.21955825        0.01796104
     8.1000000        0.23675058        0.01951743
     8.2000000        0.25388708        0.02002813
     8.3000000        0.27470202        0.01748095
     8.4000000        0.29063092        0.01882182
     8.5000000        0.31553919        0.02203115
     8.6000000        0.33685992        0.01847205
     8.7000000        0.36861421        0.01444260
     8.8000000        0.41286774        0.01791419
     8.9000000        0.44161165        0.01828679
     9.0000000        0.48333386        0.01885828
     9.1000000        0.52841962        0.01693353
     9.2000000        0.57523240        0.01562537
     9.3000000        0.61813917        0.01653336
     9.4000000        0.68835676        0.01552449
     9.5000000        0.76500747        0.01306160
     9.6000000        0.84695757        0.01553510
     9.7000000        0.93210477        0.02377027
     9.8000000        1.03622393        0.01523214
     9.9000000        1.16141411        0.01955244
    10.0000000        1.31725018        0.01650976
