     0.0000000        1.61063086        0.01760538
     0.1000000        1.48879052        0.02174725
     0.2000000        1.37703608        0.01907491
     0.3000000        1.26797346        0.01733647
     0.4000000        1.17889957        0.01803106
     0.5000000        1.09227946        0.02227102
     0.6000000        1.01337451        0.02155189
     0.7000000        0.93086292        0.01981809
     0.8000000        0.86912387        0.01137915
     0.9000000        0.80467156        0.01712341
     1.0000000        0.74089343        0.01583693
     1.1000000        0.68609680        0.01235145
     1.2000000        0.63382391        0.01102079
     1.3000000        0.59129951        0.01348305
     1.4000000        0.54237513        0.01274634
     1.5000000        0.50636321        0.01774683
     1.6000000        0.47488920        0.01821678
     1.7000000        0.43929258        0.01201467
     1.8000000        0.40451797        0.01022117
     1.9000000        0.38144313        0.01313238
     2.0000000        0.35640407        0.01461923
     2.1000000        0.32499716        0.01236356
     2.2000000        0.30011705        0.01228791
     2.3000000        0.27160127        0.01168848
     2.4000000        0.25538017        0.01085602
     2.5000000        0.23564804        0.01195830
     2.6000000        0.21571510        0.01093702
     2.7000000        0.20262889        0.01123735
     2.8000000        0.18897348        0.01153641
     2.9000000        0.17216905        0.01162954
     3.0000000        0.16431380        0.01243284
     3.1000000        0.15085848        0.01185135
     3.2000000        0.14172451        0.01043192
     3.3000000        0.12867364        0.00771633
     3.4000000        0.11633563        0.00498407
     3.5000000        0.10985589        0.00534567
     3.6000000        0.09924797        0.00364455
     3.7000000        0.08634437        0.00324063
     3.8000000        0.08032493        0.00325287
     3.9000000        0.07239085        0.00478111
     4.0000000        0.07211032        0.00402600
     4.1000000        0.06813799        0.00460755
     4.2000000        0.06331818        0.00425787
     4.3000000        0.05942170        0.00430817
     4.4000000        0.05562618        0.00417863
     4.5000000        0.04978572        0.00468183
     4.6000000        0.04593998        0.00403369
     4.7000000        0.04308695        0.00395606
     4.8000000        0.03859277        0.00356681
     4.9000000        0.03688545        0.00332986
     5.0000000        0.03510801        0.00420483
     5.1000000        0.03468936        0.00534092
     5.2000000        0.03054726        0.00334764
     5.3000000        0.02709887        0.00214630
     5.4000000        0.02693032        0.00225490
     5.5000000        0.02491559        0.00262616
     5.6000000        0.02168533        0.00237597
     5.7000000        0.02027656        0.00248373
     5.8000000        0.01993643        0.00249790
     5.9000000        0.01714127        0.00179932
     6.0000000        0.01573963        0.00188739
     6.1000000        0.01465393        0.00202295
     6.2000000        0.01372817        0.00182046
     6.3000000        0.01353077        0.00183456
     6.4000000        0.01387495        0.00204653
     6.5000000        0.01435446        0.00221125
     6.6000000        0.01402658        0.00267515
     6.7000000        0.01184527        0.00290788
     6.8000000        0.00878400        0.00178904
     6.9000000        0.00854935        0.00235084
     7.0000000        0.00924830        0.00295450
     7.1000000        0.01025184        0.00311642
     7.2000000        0.01150640        0.00393229
     7.3000000        0.01086114        0.00407844
     7.4000000        0.00954455        0.00403636
     7.5000000        0.00486536        0.00350812
     7.6000000        0.00753964        0.00345236
     7.7000000        0.01038773        0.00382246
     7.8000000        0.01129734        0.00436844
     7.9000000        0.00952604        0.00453274
     8.0000000        0.01239997        0.00623732
     8.1000000        0.01159675        0.00702904
     8.2000000        0.01435072        0.00759851
     8.3000000        0.02067483        0.00749069
     8.4000000        0.02472655        0.00752216
     8.5000000        0.03237888        0.00616851
     8.6000000        0.03666189        0.00805742
     8.7000000        0.04228232        0.00835873
     8.8000000        0.04230902        0.01079915
     8.9000000        0.04818938        0.01075592
     9.0000000        0.04943229        0.00989729
     9.1000000        0.05747853        0.01276958
     9.2000000        0.07239227        0.01379234
     9.3000000        0.09193108        0.01427634
     9.4000000        0.10952632        0.01451593
     9.5000000        0.12444564        0.01715343
     9.6000000        0.14218370        0.01807657
     9.7000000        0.17129871        0.02086462
     9.8000000        0.21706858        0.01737290
     9.9000000        0.28760182        0.01598464
    10.0000000        0.38936914        0.01760538
