         201           5   20.000000000000000                1
     0.0000000        0.11684266        0.02072201
     0.1000000        0.08903495        0.01576028
     0.2000000        0.06054612        0.00668306
     0.3000000        0.05997325        0.00888544
     0.4000000        0.03672912        0.00624222
     0.5000000        0.03175075        0.01045690
     0.6000000        0.02033626        0.00661379
     0.7000000        0.02100910        0.00733196
     0.8000000        0.01314024        0.00466070
     0.9000000        0.01746563        0.00757860
     1.0000000        0.01187989        0.00521241
     1.1000000        0.00801313        0.00825922
     1.2000000        0.00811914        0.00670714
     1.3000000        0.00178584        0.00908995
     1.4000000        0.00582897        0.00533549
     1.5000000        0.00537730        0.00501102
     1.6000000        0.00577616        0.00425641
     1.7000000        0.00680531        0.00564329
     1.8000000        0.00349606        0.00768738
     1.9000000        0.00305204        0.00657515
     2.0000000        0.00418212        0.00584352
     2.1000000        0.00194111        0.00391439
     2.2000000       -0.00127017        0.00897252
     2.3000000       -0.00452073        0.00805300
     2.4000000       -0.00466998        0.00743770
     2.5000000       -0.00806910        0.00872615
     2.6000000       -0.01789560        0.01867131
     2.7000000       -0.01329699        0.01085935
     2.8000000        0.00201458        0.00969188
     2.9000000        0.00202488        0.00694440
     3.0000000        0.00289516        0.00527097
     3.1000000        0.00767551        0.00482463
     3.2000000        0.00617035        0.00542813
     3.3000000       -0.00491288        0.00572249
     3.4000000       -0.00499586        0.00294848
     3.5000000       -0.00379755        0.00767444
     3.6000000       -0.00102614        0.00885188
     3.7000000        0.00208952        0.00988257
     3.8000000        0.00807804        0.01421598
     3.9000000        0.00682281        0.00848876
     4.0000000        0.00780296        0.00571421
     4.1000000        0.00842950        0.00677314
     4.2000000        0.00953529        0.00857238
     4.3000000        0.00776878        0.00937497
     4.4000000        0.00285092        0.00766857
     4.5000000        0.00127036        0.00620633
     4.6000000       -0.00096658        0.00618683
     4.7000000        0.00365580        0.00873571
     4.8000000        0.00789153        0.01074372
     4.9000000        0.00247473        0.00712980
     5.0000000        0.00683075        0.00822037
     5.1000000        0.00583254        0.00742341
     5.2000000        0.00448791        0.00401833
     5.3000000       -0.00434982        0.00336148
     5.4000000        0.00083280        0.00255011
     5.5000000       -0.00274136        0.00175775
     5.6000000       -0.00597598        0.00535641
     5.7000000       -0.00388314        0.00467188
     5.8000000       -0.00090442        0.00639917
     5.9000000       -0.00002331        0.00393028
     6.0000000       -0.00055165        0.00263452
     6.1000000        0.00230843        0.00734858
     6.2000000        0.00404356        0.00856364
     6.3000000        0.00951625        0.00850331
     6.4000000        0.00659495        0.00693396
     6.5000000        0.00588081        0.00716941
     6.6000000        0.00478426        0.00682557
     6.7000000        0.00309032        0.00636367
     6.8000000       -0.00296287        0.00181849
     6.9000000       -0.00104329        0.00296835
     7.0000000        0.00329591        0.00260686
     7.1000000        0.00204938        0.00135517
     7.2000000        0.00916548        0.00652172
     7.3000000        0.00735068        0.00298175
     7.4000000        0.01044561        0.00695725
     7.5000000        0.01167168        0.00704755
     7.6000000        0.00371598        0.00566255
     7.7000000        0.00647526        0.00327459
     7.8000000        0.00730713        0.00687245
     7.9000000        0.00529185        0.00332470
     8.0000000        0.00382874        0.00559224
     8.1000000       -0.00052154        0.00609559
     8.2000000        0.00282393        0.00529111
     8.3000000        0.00048311        0.00551437
     8.4000000        0.00283530        0.00284595
     8.5000000        0.00223283        0.00271330
     8.6000000        0.00232338        0.00367584
     8.7000000        0.00318574        0.00502019
     8.8000000        0.00006060        0.00489843
     8.9000000       -0.00017311        0.00576720
     9.0000000        0.00087533        0.00352583
     9.1000000        0.00235022        0.00377581
     9.2000000        0.00470912        0.00446517
     9.3000000        0.00684086        0.00531552
     9.4000000        0.00446169        0.00437857
     9.5000000        0.00270245        0.00411991
     9.6000000        0.00051709        0.00603732
     9.7000000        0.00674061        0.00707924
     9.8000000        0.00668447        0.00785590
     9.9000000        0.00618492        0.00551591
    10.0000000        0.00498589        0.00492472
    10.1000000        0.00452695        0.00563475
    10.2000000        0.00384197        0.00495186
    10.3000000        0.00360161        0.00276615
    10.4000000        0.00084921        0.00183593
    10.5000000        0.00145747        0.00238268
    10.6000000        0.00174941        0.00219697
    10.7000000        0.00216953        0.00238677
    10.8000000        0.00406328        0.00313762
    10.9000000        0.00136601        0.00212735
    11.0000000        0.00098011        0.00245431
    11.1000000       -0.00005022        0.00314044
    11.2000000        0.00056345        0.00360910
    11.3000000        0.00161982        0.00276839
    11.4000000       -0.00554537        0.00383970
    11.5000000       -0.00398100        0.00320063
    11.6000000       -0.00218549        0.00292672
    11.7000000       -0.00227596        0.00499124
    11.8000000       -0.00358995        0.00457033
    11.9000000       -0.00107728        0.00395454
    12.0000000       -0.00320761        0.00506438
    12.1000000       -0.00897783        0.00384286
    12.2000000       -0.01340005        0.00397450
    12.3000000       -0.01062892        0.00405584
    12.4000000       -0.00913991        0.00467978
    12.5000000       -0.00546145        0.00712283
    12.6000000       -0.00190254        0.00598294
    12.7000000       -0.00569708        0.00593399
    12.8000000       -0.00327064        0.00422180
    12.9000000       -0.00348748        0.00475195
    13.0000000       -0.00468492        0.00293634
    13.1000000       -0.00130696        0.00557818
    13.2000000       -0.00462784        0.00216220
    13.3000000       -0.00084093        0.00253953
    13.4000000       -0.00008472        0.00355995
    13.5000000        0.00032855        0.00431168
    13.6000000        0.00003447        0.00169886
    13.7000000        0.00007033        0.00107832
    13.8000000       -0.00051925        0.00242621
    13.9000000       -0.00352765        0.00323327
    14.0000000       -0.00095145        0.00398509
    14.1000000       -0.00069995        0.00249957
    14.2000000       -0.00293633        0.00130813
    14.3000000        0.00188504        0.00249578
    14.4000000        0.00389290        0.00325706
    14.5000000        0.00325574        0.00502889
    14.6000000        0.00146202        0.00491658
    14.7000000        0.00256928        0.00612134
    14.8000000        0.00470778        0.00386982
    14.9000000        0.00497151        0.00569682
    15.0000000        0.00480557        0.00468761
    15.1000000        0.00036709        0.00289613
    15.2000000        0.00337234        0.00537450
    15.3000000        0.00561709        0.00737356
    15.4000000        0.00585665        0.00715618
    15.5000000        0.00328910        0.00566878
    15.6000000        0.00566044        0.00497633
    15.7000000        0.00532795        0.00556753
    15.8000000        0.00633050        0.00733727
    15.9000000        0.00526172        0.00628515
    16.0000000        0.00523899        0.00397826
    16.1000000        0.00544606        0.00645660
    16.2000000        0.00551859        0.00324852
    16.3000000        0.00580358        0.00533924
    16.4000000        0.00426959        0.00458024
    16.5000000       -0.00161293        0.00671623
    16.6000000        0.00197692        0.00562518
    16.7000000        0.00235343        0.00508700
    16.8000000       -0.00002463        0.00452829
    16.9000000       -0.00425526        0.00756669
    17.0000000       -0.00251472        0.00553611
    17.1000000       -0.00067058        0.00842162
    17.2000000        0.00328834        0.00721308
    17.3000000        0.00494675        0.00891322
    17.4000000        0.00272168        0.01044963
    17.5000000        0.00657178        0.00787788
    17.6000000        0.01988222        0.01074657
    17.7000000        0.00948621        0.00960091
    17.8000000        0.01584357        0.01096657
    17.9000000        0.02388267        0.01117120
    18.0000000        0.03709110        0.01021764
    18.1000000        0.03923251        0.01126439
    18.2000000        0.04969215        0.00886763
    18.3000000        0.05404916        0.00487555
    18.4000000        0.06080947        0.00535401
    18.5000000        0.06984562        0.00531990
    18.6000000        0.07757727        0.00738686
    18.7000000        0.08979122        0.00691051
    18.8000000        0.09894748        0.00714128
    18.9000000        0.12447480        0.00174744
    19.0000000        0.14475289        0.00297026
    19.1000000        0.17644677        0.01258798
    19.2000000        0.20933230        0.01038233
    19.3000000        0.25200364        0.00878287
    19.4000000        0.28347584        0.01050648
    19.5000000        0.33825860        0.01057596
    19.6000000        0.39957086        0.01311407
    19.7000000        0.48235300        0.00928682
    19.8000000        0.58910617        0.01235698
    19.9000000        0.72333396        0.02310282
    20.0000000        0.88315734        0.02072201
