     0.0000000        3.02147532        2.72245742
     0.1000000        1.31866387        1.06933926
     0.2000000        2.17836007        1.98109938
     0.3000000        2.38865453        2.35056898
     0.4000000        0.49956589        0.40878003
     0.5000000        1.72611498        1.75617209
     0.6000000        1.13257088        1.17017816
     0.7000000        1.63372778        1.90746424
     0.8000000        0.27115282        0.13398923
     0.9000000        0.30369823        0.10420507
     1.0000000       -0.19197733        0.33065464
     1.1000000        0.29979015        0.48873190
     1.2000000        0.81918169        0.86253766
     1.3000000       -0.39312895        0.22541011
     1.4000000       -0.45645392        0.53941254
     1.5000000       -0.01006751        0.08017706
     1.6000000        0.00703931        0.03304708
     1.7000000       -0.15216736        0.14167746
     1.8000000       -0.02048923        0.11045143
     1.9000000       -0.17684665        0.13925500
     2.0000000       -0.08758877        0.04667780
     2.1000000       -0.11057637        0.09173509
     2.2000000       -0.14193310        0.07439108
     2.3000000       -0.01917689        0.06879129
     2.4000000        0.11915763        0.21904375
     2.5000000       -0.01533930        0.06514404
     2.6000000        0.14595360        0.12438273
     2.7000000        0.12054550        0.06139642
     2.8000000        0.19157411        0.11219114
     2.9000000        0.05677256        0.03310418
     3.0000000        0.08951336        0.04489573
     3.1000000        0.06187750        0.04303675
     3.2000000       -0.00951503        0.04644938
     3.3000000        0.02764834        0.02706813
     3.4000000       -0.00410979        0.04110884
     3.5000000        0.04909907        0.02117346
     3.6000000        0.03515344        0.03818733
     3.7000000        0.05441384        0.04686881
     3.8000000        0.04441224        0.03339739
     3.9000000        0.02550678        0.04734823
     4.0000000        0.02644466        0.06755535
     4.1000000        0.04553761        0.01977113
     4.2000000        0.35186873        0.34759614
     4.3000000        0.78269079        0.53868884
     4.4000000        1.37617543        1.47419187
     4.5000000       -1.65569370        1.73606525
     4.6000000       -0.38432238        0.46465793
     4.7000000       -0.25152892        0.19835458
     4.8000000       -0.53951378        0.62819002
     4.9000000       -0.26964821        0.25671125
     5.0000000       -0.09254962        0.07010781
     5.1000000        0.00777341        0.03988157
     5.2000000        0.10628602        0.13501044
     5.3000000        0.06487141        0.06662937
     5.4000000        0.22439261        0.18943977
     5.5000000       -0.03635845        0.09092966
     5.6000000       -0.02203291        0.03896724
     5.7000000       -0.08457242        0.03849092
     5.8000000       -0.24609921        0.15491887
     5.9000000       -0.13861848        0.09312162
     6.0000000       -0.01678630        0.04103339
     6.1000000       -0.01116263        0.05477684
     6.2000000        0.00983552        0.05805241
     6.3000000       -0.00877698        0.06046086
     6.4000000        0.00987363        0.08060904
     6.5000000       -0.05458232        0.12928416
     6.6000000       -0.34382424        0.37246793
     6.7000000       -0.24098916        0.15574703
     6.8000000       -0.51905175        0.52901342
     6.9000000       -0.35129476        0.23861630
     7.0000000       -0.25346706        0.45666380
     7.1000000       -0.54103826        1.50139348
     7.2000000        0.44907813        0.80893279
     7.3000000        0.40136799        0.24832393
     7.4000000        1.30549402        1.09634303
     7.5000000        0.79766193        0.56088470
     7.6000000        1.21019678        1.10245054
     7.7000000        2.44094161        2.49633507
     7.8000000        0.68834316        0.57889962
     7.9000000        0.40276646        0.30893518
     8.0000000        0.08145012        0.14033782
     8.1000000        0.29620319        0.30596861
     8.2000000        0.08337522        0.05070850
     8.3000000        0.14501421        0.15157892
     8.4000000       -0.28082167        0.44173445
     8.5000000       -0.01374296        0.29796918
     8.6000000        0.15524807        0.11264239
     8.7000000        0.14827237        0.10083368
     8.8000000       -0.08448122        0.11432553
     8.9000000       -0.21932084        0.13975027
     9.0000000       -0.09648470        0.12592452
     9.1000000        0.30414027        0.16666655
     9.2000000        0.14468999        0.07158608
     9.3000000        0.18361653        0.12142408
     9.4000000        0.44889723        0.28858492
     9.5000000        0.25473285        0.07699968
     9.6000000        0.10589558        0.36483222
     9.7000000       -0.12587214        0.21484923
     9.8000000       -1.80030845        2.00105604
     9.9000000        0.57736425        0.39930226
    10.0000000        3.02147532        2.72245742
