     0.0000000        0.75344364        0.00157716
     0.1000000        0.60093250        0.00213590
     0.2000000        0.49231155        0.00394276
     0.3000000        0.41259024        0.00382674
     0.4000000        0.35193668        0.00274335
     0.5000000        0.30695853        0.00363533
     0.6000000        0.26988406        0.00353994
     0.7000000        0.23603360        0.00340083
     0.8000000        0.21151182        0.00203126
     0.9000000        0.19028344        0.00252223
     1.0000000        0.17321275        0.00264437
     1.1000000        0.15679713        0.00280669
     1.2000000        0.14301611        0.00323231
     1.3000000        0.13028790        0.00408939
     1.4000000        0.11841671        0.00544690
     1.5000000        0.10533398        0.00628215
     1.6000000        0.09562415        0.00600399
     1.7000000        0.08766429        0.00637604
     1.8000000        0.08014825        0.00774302
     1.9000000        0.07334724        0.00750190
     2.0000000        0.06778831        0.00827530
     2.1000000        0.06290247        0.00933266
     2.2000000        0.05698815        0.00952371
     2.3000000        0.05187270        0.01067133
     2.4000000        0.04845398        0.01117826
     2.5000000        0.04503221        0.01206211
     2.6000000        0.04195068        0.01361464
     2.7000000        0.04040880        0.01399296
     2.8000000        0.03764940        0.01347613
     2.9000000        0.03245041        0.01289671
     3.0000000        0.02689723        0.01278056
     3.1000000        0.02495880        0.01236367
     3.2000000        0.02447964        0.01216773
     3.3000000        0.02125956        0.01188012
     3.4000000        0.02015298        0.01131287
     3.5000000        0.02100124        0.01047105
     3.6000000        0.01725037        0.00929089
     3.7000000        0.01487268        0.00816446
     3.8000000        0.01604007        0.00726594
     3.9000000        0.01587291        0.00704287
     4.0000000        0.01308292        0.00625647
     4.1000000        0.01380695        0.00557592
     4.2000000        0.01283136        0.00565835
     4.3000000        0.01070751        0.00642638
     4.4000000        0.01262868        0.00664336
     4.5000000        0.01297704        0.00638462
     4.6000000        0.01054957        0.00592999
     4.7000000        0.00982267        0.00704116
     4.8000000        0.00460962        0.00701870
     4.9000000        0.00415697        0.00805356
     5.0000000        0.00469653        0.00898255
     5.1000000        0.00584305        0.00853708
     5.2000000        0.00990313        0.00782255
     5.3000000        0.01408179        0.00767375
     5.4000000        0.01900289        0.00705659
     5.5000000        0.02088952        0.00576675
     5.6000000        0.02062288        0.00466954
     5.7000000        0.01979075        0.00580362
     5.8000000        0.02057358        0.00730820
     5.9000000        0.02176314        0.00733872
     6.0000000        0.02409381        0.00656566
     6.1000000        0.02406753        0.00652236
     6.2000000        0.02588455        0.00642970
     6.3000000        0.02730640        0.00639421
     6.4000000        0.02923799        0.00609924
     6.5000000        0.02961042        0.00524957
     6.6000000        0.02826226        0.00520142
     6.7000000        0.02756151        0.00557809
     6.8000000        0.03020765        0.00486976
     6.9000000        0.03419374        0.00497305
     7.0000000        0.03854046        0.00404820
     7.1000000        0.04188672        0.00465319
     7.2000000        0.04402030        0.00583782
     7.3000000        0.04561470        0.00617920
     7.4000000        0.04588475        0.00584940
     7.5000000        0.04422997        0.00546006
     7.6000000        0.04842300        0.00515312
     7.7000000        0.05332367        0.00581877
     7.8000000        0.05555314        0.00589845
     7.9000000        0.06059611        0.00562645
     8.0000000        0.06732633        0.00607194
     8.1000000        0.07349010        0.00626124
     8.2000000        0.07869247        0.00671952
     8.3000000        0.08711174        0.00560392
     8.4000000        0.09761030        0.00426893
     8.5000000        0.10733601        0.00498625
     8.6000000        0.11767418        0.00497828
     8.7000000        0.12572947        0.00474680
     8.8000000        0.13582232        0.00520134
     8.9000000        0.14938063        0.00370690
     9.0000000        0.16657895        0.00257750
     9.1000000        0.18732433        0.00344887
     9.2000000        0.21063375        0.00405920
     9.3000000        0.23654663        0.00469879
     9.4000000        0.26819379        0.00446935
     9.5000000        0.30534950        0.00489492
     9.6000000        0.35197457        0.00432956
     9.7000000        0.41142990        0.00378993
     9.8000000        0.49373457        0.00298075
     9.9000000        0.60101198        0.00214003
    10.0000000        0.75344364        0.00157716
