   -2.692794      0.000000
  1    1        0.03339181        0.00096594        0.00000000        0.00000000
   -2.692794      3.141593
  1    1        0.46615460        0.00067202        0.00000000        0.00000000
   -2.243995      0.000000
  1    1        0.03016329        0.00090517       -0.00000000        0.00000000
   -2.243995      3.141593
  1    1        0.46853191        0.00071098        0.00000000        0.00000000
   -1.795196      0.000000
  1    1        0.02480970        0.00078990        0.00000000        0.00000000
   -1.795196      3.141593
  1    1        0.47185634        0.00076453        0.00000000        0.00000000
   -1.346397      0.000000
  1    1        0.01763164        0.00060285       -0.00000000        0.00000000
   -1.346397      3.141593
  1    1        0.47542163        0.00081650        0.00000000        0.00000000
   -0.897598      0.000000
  1    1        0.00958938        0.00035193        0.00000000        0.00000000
   -0.897598      3.141593
  1    1        0.47852712        0.00085188        0.00000000        0.00000000
   -0.448799      0.000000
  1    1        0.00280478        0.00010975       -0.00000000        0.00000000
   -0.448799      3.141593
  1    1        0.48062584        0.00086876        0.00000000        0.00000000
    0.000000      0.000000
  1    1        0.00007756        0.00001985        0.00000000        0.00000000
    0.000000      3.141593
  1    1        0.48136589        0.00087419        0.00000000        0.00000000
    0.448799      0.000000
  1    1        0.00280478        0.00010975        0.00000000        0.00000000
    0.448799      3.141593
  1    1        0.48062584        0.00086876        0.00000000        0.00000000
    0.897598      0.000000
  1    1        0.00958938        0.00035193       -0.00000000        0.00000000
    0.897598      3.141593
  1    1        0.47852712        0.00085188        0.00000000        0.00000000
    1.346397      0.000000
  1    1        0.01763164        0.00060285        0.00000000        0.00000000
    1.346397      3.141593
  1    1        0.47542163        0.00081650        0.00000000        0.00000000
    1.795196      0.000000
  1    1        0.02480970        0.00078990       -0.00000000        0.00000000
    1.795196      3.141593
  1    1        0.47185634        0.00076453        0.00000000        0.00000000
    2.243995      0.000000
  1    1        0.03016329        0.00090517        0.00000000        0.00000000
    2.243995      3.141593
  1    1        0.46853191        0.00071098       -0.00000000        0.00000000
    2.692794      0.000000
  1    1        0.03339181        0.00096594       -0.00000000        0.00000000
    2.692794      3.141593
  1    1        0.46615460        0.00067202        0.00000000        0.00000000
    3.141593      0.000000
  1    1        0.03445948        0.00098598        0.00000000        0.00000000
    3.141593      3.141593
  1    1        0.46528442        0.00065897       -0.00000000        0.00000000
