           2              (-36.631794345398099,0.0000000000000000)   1.0000000000000000     
           2              (-36.632521175702692,0.0000000000000000)   1.0000000000000000     
           2              (-36.557443007248487,0.0000000000000000)   1.0000000000000000     
           2              (-36.678791968941916,0.0000000000000000)   1.0000000000000000     
           2              (-36.580455364428218,0.0000000000000000)   1.0000000000000000     
           2              (-36.573733293740723,0.0000000000000000)   1.0000000000000000     
           2              (-36.640887082157349,0.0000000000000000)   1.0000000000000000     
           2              (-36.579974334205815,0.0000000000000000)   1.0000000000000000     
           2              (-36.598904567536074,0.0000000000000000)   1.0000000000000000     
           2              (-36.627879653240136,0.0000000000000000)   1.0000000000000000     
