           2              (-50.382435824510864,0.0000000000000000)   1.0000000000000000     
           2              (-50.468461306074680,0.0000000000000000)   1.0000000000000000     
           2              (-50.344678487555186,0.0000000000000000)   1.0000000000000000     
           2              (-50.441486078179409,0.0000000000000000)   1.0000000000000000     
           2              (-50.348280136064993,0.0000000000000000)   1.0000000000000000     
           2              (-50.454182244718019,0.0000000000000000)   1.0000000000000000     
           2              (-50.423552608560925,0.0000000000000000)   1.0000000000000000     
           2              (-50.286199393878235,0.0000000000000000)   1.0000000000000000     
           2              (-50.417147337001381,0.0000000000000000)   1.0000000000000000     
           2              (-50.525797106939280,0.0000000000000000)   1.0000000000000000     
