           2               (13.750641479113051,0.0000000000000000)   1.0000000000000000     
           2               (13.835940130372043,0.0000000000000000)   1.0000000000000000     
           2               (13.787235480307125,0.0000000000000000)   1.0000000000000000     
           2               (13.762694109237463,0.0000000000000000)   1.0000000000000000     
           2               (13.767824771636638,0.0000000000000000)   1.0000000000000000     
           2               (13.880448950977204,0.0000000000000000)   1.0000000000000000     
           2               (13.782665526403690,0.0000000000000000)   1.0000000000000000     
           2               (13.706225059672423,0.0000000000000000)   1.0000000000000000     
           2               (13.818242769465185,0.0000000000000000)   1.0000000000000000     
           2               (13.897917453698962,0.0000000000000000)   1.0000000000000000     
