   -2.692794      0.000000
  1    1        0.05785216        0.00224964       -0.00000000        0.00000000
   -2.692794      3.141593
  1    1        1.69650924        0.04656301       -0.00000000        0.00000000
   -2.243995      0.000000
  1    1        0.05266105        0.00219517        0.00000000        0.00000000
   -2.243995      3.141593
  1    1        1.60699257        0.01741333       -0.00000000        0.00000000
   -1.795196      0.000000
  1    1        0.04413709        0.00191928       -0.00000000        0.00000000
   -1.795196      3.141593
  1    1        1.44719747        0.01425944       -0.00000000        0.00000000
   -1.346397      0.000000
  1    1        0.03209256        0.00163109       -0.00000000        0.00000000
   -1.346397      3.141593
  1    1        1.36717546        0.01066132       -0.00000000        0.00000000
   -0.897598      0.000000
  1    1        0.01792377        0.00097434        0.00000000        0.00000000
   -0.897598      3.141593
  1    1        1.31133742        0.01268499       -0.00000000        0.00000000
   -0.448799      0.000000
  1    1        0.00545601        0.00037683       -0.00000000        0.00000000
   -0.448799      3.141593
  1    1        1.27033348        0.00695078       -0.00000000        0.00000000
    0.000000      0.000000
  1    1        0.00040059        0.00033455        0.00000000        0.00000000
    0.000000      3.141593
  1    1        1.27887963        0.01723408       -0.00000000        0.00000000
    0.448799      0.000000
  1    1        0.00545601        0.00037683        0.00000000        0.00000000
    0.448799      3.141593
  1    1        1.27033348        0.00695078       -0.00000000        0.00000000
    0.897598      0.000000
  1    1        0.01792377        0.00097434       -0.00000000        0.00000000
    0.897598      3.141593
  1    1        1.31133742        0.01268499       -0.00000000        0.00000000
    1.346397      0.000000
  1    1        0.03209256        0.00163109        0.00000000        0.00000000
    1.346397      3.141593
  1    1        1.36717546        0.01066132       -0.00000000        0.00000000
    1.795196      0.000000
  1    1        0.04413709        0.00191928        0.00000000        0.00000000
    1.795196      3.141593
  1    1        1.44719747        0.01425944       -0.00000000        0.00000000
    2.243995      0.000000
  1    1        0.05266105        0.00219517       -0.00000000        0.00000000
    2.243995      3.141593
  1    1        1.60699257        0.01741333       -0.00000000        0.00000000
    2.692794      0.000000
  1    1        0.05785216        0.00224964        0.00000000        0.00000000
    2.692794      3.141593
  1    1        1.69650924        0.04656301       -0.00000000        0.00000000
    3.141593      0.000000
  1    1        0.05953288        0.00223914        0.00000000        0.00000000
    3.141593      3.141593
  1    1        1.94164695        0.07266921       -0.00000000        0.00000000
