   1.0000000000000000                1          28
               (0.0000000000000000,0.0000000000000000)
  -2.6927937030769660        0.0000000000000000     
   (6.53775798956452020E-002,1.51026808583382193E-018)
  -2.6927937030769660        3.1415926535897936     
        (1.7805725148180898,-3.02750006129606551E-016)
  -2.2439947525641384        0.0000000000000000     
  (6.03395941747255846E-002,-1.36043609485611699E-018)
  -2.2439947525641384        3.1415926535897936     
        (1.5697035311460485,-2.14221024763407619E-016)
  -1.7951958020513106        0.0000000000000000     
   (4.68019308781902968E-002,2.34540606305392912E-018)
  -1.7951958020513106        3.1415926535897936     
        (1.4283513420946263,-2.23028629258526953E-016)
  -1.3463968515384830        0.0000000000000000     
  (3.06515986224531710E-002,-8.29808344292320655E-018)
  -1.3463968515384830        3.1415926535897936     
        (1.3532004757418483,-2.31244538859896911E-016)
 -0.89759790102565529        0.0000000000000000     
  (1.65766907502838678E-002,-6.91234745472208315E-018)
 -0.89759790102565529        3.1415926535897936     
        (1.3070393920643899,-1.87402310159286401E-016)
 -0.44879895051282764        0.0000000000000000     
  (5.97905521389190120E-003,-1.51566766360820043E-018)
 -0.44879895051282764        3.1415926535897936     
        (1.2785812086592550,-2.10151879658683458E-016)
   0.0000000000000000        0.0000000000000000     
         (2.03467618433093595E-003,0.0000000000000000)
   0.0000000000000000        3.1415926535897936     
        (1.2689531972628458,-2.03736036904118687E-016)
  0.44879895051282764        0.0000000000000000     
   (5.97905521389190120E-003,1.51566766360820043E-018)
  0.44879895051282764        3.1415926535897936     
        (1.2785812086592550,-2.05877997521060683E-016)
  0.89759790102565529        0.0000000000000000     
   (1.65766907502838678E-002,6.91234745472208315E-018)
  0.89759790102565529        3.1415926535897936     
        (1.3070393920643899,-1.94229278271622406E-016)
   1.3463968515384830        0.0000000000000000     
   (3.06515986224531710E-002,8.29808344292320655E-018)
   1.3463968515384830        3.1415926535897936     
        (1.3532004757418485,-2.20855170879892851E-016)
   1.7951958020513106        0.0000000000000000     
  (4.68019308781902968E-002,-2.34540606305392912E-018)
   1.7951958020513106        3.1415926535897936     
        (1.4283513420946261,-2.10014314618849106E-016)
   2.2439947525641384        0.0000000000000000     
   (6.03395941747255846E-002,1.36043609485611699E-018)
   2.2439947525641384        3.1415926535897936     
        (1.5697035311460488,-1.99064247201401059E-016)
   2.6927937030769660        0.0000000000000000     
  (6.53775798956452020E-002,-1.51026808583382193E-018)
   2.6927937030769660        3.1415926535897936     
        (1.7805725148180898,-2.83800476769252860E-016)
   3.1415926535897936        0.0000000000000000     
   (6.50288127762720797E-002,1.11239830403669086E-019)
   3.1415926535897936        3.1415926535897936     
        (1.9023127461014335,-2.95403564320071395E-016)
   1.0000000000000000                1          28
               (0.0000000000000000,0.0000000000000000)
  -2.6927937030769660        0.0000000000000000     
  (6.21922352736535219E-002,-1.04113541391856490E-018)
  -2.6927937030769660        3.1415926535897936     
        (1.7525512971031270,-2.59387696986432698E-016)
  -2.2439947525641384        0.0000000000000000     
  (5.39133327674164095E-002,-4.16086792923958141E-018)
  -2.2439947525641384        3.1415926535897936     
        (1.5669126489744569,-1.99914592022001705E-016)
  -1.7951958020513106        0.0000000000000000     
  (4.60270643183354339E-002,-1.24756017244557136E-017)
  -1.7951958020513106        3.1415926535897936     
        (1.4343762391627262,-1.98217337677092105E-016)
  -1.3463968515384830        0.0000000000000000     
  (3.65496778991238822E-002,-6.72809824622951848E-018)
  -1.3463968515384830        3.1415926535897936     
        (1.3566302785519788,-2.19854291571965004E-016)
 -0.89759790102565529        0.0000000000000000     
   (2.36407186312832182E-002,6.30796713367583747E-018)
 -0.89759790102565529        3.1415926535897936     
        (1.3098004836147774,-1.96195819075472301E-016)
 -0.44879895051282764        0.0000000000000000     
  (1.23325848198402831E-002,-1.04753363172322457E-018)
 -0.44879895051282764        3.1415926535897936     
        (1.2821043187366450,-2.15366556263405942E-016)
   0.0000000000000000        0.0000000000000000     
         (7.61319877157942519E-003,0.0000000000000000)
   0.0000000000000000        3.1415926535897936     
        (1.2727475492422624,-2.03449120387584538E-016)
  0.44879895051282764        0.0000000000000000     
   (1.23325848198402831E-002,1.04753363172322457E-018)
  0.44879895051282764        3.1415926535897936     
        (1.2821043187366450,-2.01611138602065707E-016)
  0.89759790102565529        0.0000000000000000     
  (2.36407186312832182E-002,-6.30796713367583747E-018)
  0.89759790102565529        3.1415926535897936     
        (1.3098004836147774,-1.95910562623067759E-016)
   1.3463968515384830        0.0000000000000000     
   (3.65496778991238822E-002,6.72809824622951848E-018)
   1.3463968515384830        3.1415926535897936     
        (1.3566302785519788,-2.16248238030051898E-016)
   1.7951958020513106        0.0000000000000000     
   (4.60270643183354339E-002,1.24756017244557136E-017)
   1.7951958020513106        3.1415926535897936     
        (1.4343762391627262,-2.37564542628805484E-016)
   2.2439947525641384        0.0000000000000000     
   (5.39133327674164095E-002,4.16086792923958141E-018)
   2.2439947525641384        3.1415926535897936     
        (1.5669126489744569,-2.54464488487627947E-016)
   2.6927937030769660        0.0000000000000000     
   (6.21922352736535219E-002,1.04113541391856490E-018)
   2.6927937030769660        3.1415926535897936     
        (1.7525512971031270,-2.63254265938017896E-016)
   3.1415926535897936        0.0000000000000000     
  (6.59897825061656895E-002,-4.76977714452509211E-020)
   3.1415926535897936        3.1415926535897936     
        (1.8616176445869743,-2.90851004529576554E-016)
   1.0000000000000000                1          28
               (0.0000000000000000,0.0000000000000000)
  -2.6927937030769660        0.0000000000000000     
  (5.77028944326749768E-002,-8.10668849402851593E-018)
  -2.6927937030769660        3.1415926535897936     
        (1.7341115835310270,-2.83820940272843246E-016)
  -2.2439947525641384        0.0000000000000000     
  (5.64076816377341653E-002,-1.31252257496128367E-017)
  -2.2439947525641384        3.1415926535897936     
        (1.5704760053804188,-2.58665662500302294E-016)
  -1.7951958020513106        0.0000000000000000     
  (5.56042576677800021E-002,-2.02901841959902503E-017)
  -1.7951958020513106        3.1415926535897936     
        (1.4430964514672089,-2.17632233751243038E-016)
  -1.3463968515384830        0.0000000000000000     
  (4.78403985528804698E-002,-1.86761798690211404E-017)
  -1.3463968515384830        3.1415926535897936     
        (1.3610307446783185,-2.12422603735155741E-016)
 -0.89759790102565529        0.0000000000000000     
  (3.06899498056599010E-002,-1.75796212807528712E-017)
 -0.89759790102565529        3.1415926535897936     
        (1.3110965107881367,-1.87203949726907984E-016)
 -0.44879895051282764        0.0000000000000000     
  (1.35013493610506279E-002,-1.50936143592328199E-017)
 -0.44879895051282764        3.1415926535897936     
        (1.2867212441309916,-2.16127630521475497E-016)
   0.0000000000000000        0.0000000000000000     
         (6.21967568634382035E-003,0.0000000000000000)
   0.0000000000000000        3.1415926535897936     
        (1.2803312589435636,-2.04892769525129531E-016)
  0.44879895051282764        0.0000000000000000     
   (1.35013493610506279E-002,1.50936143592328199E-017)
  0.44879895051282764        3.1415926535897936     
        (1.2867212441309916,-2.07935415383065402E-016)
  0.89759790102565529        0.0000000000000000     
   (3.06899498056599010E-002,1.75796212807528712E-017)
  0.89759790102565529        3.1415926535897936     
        (1.3110965107881367,-1.83925930257015228E-016)
   1.3463968515384830        0.0000000000000000     
   (4.78403985528804698E-002,1.86761798690211404E-017)
   1.3463968515384830        3.1415926535897936     
        (1.3610307446783183,-1.98553235250108598E-016)
   1.7951958020513106        0.0000000000000000     
   (5.56042576677800021E-002,2.02901841959902503E-017)
   1.7951958020513106        3.1415926535897936     
        (1.4430964514672087,-1.97368119467878026E-016)
   2.2439947525641384        0.0000000000000000     
   (5.64076816377341653E-002,1.31252257496128367E-017)
   2.2439947525641384        3.1415926535897936     
        (1.5704760053804188,-2.21079571425471225E-016)
   2.6927937030769660        0.0000000000000000     
   (5.77028944326749768E-002,8.10668849402851593E-018)
   2.6927937030769660        3.1415926535897936     
        (1.7341115835310270,-2.67014456556247400E-016)
   3.1415926535897936        0.0000000000000000     
  (5.90533733356603668E-002,-6.51440805612541565E-020)
   3.1415926535897936        3.1415926535897936     
        (1.8242198090120902,-2.87674627807181700E-016)
   1.0000000000000000                1          28
               (0.0000000000000000,0.0000000000000000)
  -2.6927937030769660        0.0000000000000000     
  (4.41261737808896354E-002,-9.98548604788202697E-018)
  -2.6927937030769660        3.1415926535897936     
        (1.7776813711232535,-2.68794898826557798E-016)
  -2.2439947525641384        0.0000000000000000     
  (3.93484094890887287E-002,-1.57857317175153383E-017)
  -2.2439947525641384        3.1415926535897936     
        (1.5984510351572510,-1.92456073947471648E-016)
  -1.7951958020513106        0.0000000000000000     
  (2.90096082131937605E-002,-2.10526070443610719E-017)
  -1.7951958020513106        3.1415926535897936     
        (1.4581685714566643,-1.78857322148035064E-016)
  -1.3463968515384830        0.0000000000000000     
  (1.72008518234642097E-002,-2.10745749231033291E-017)
  -1.3463968515384830        3.1415926535897936     
        (1.3700773667914488,-1.72455550335964281E-016)
 -0.89759790102565529        0.0000000000000000     
  (6.75524015382448269E-003,-1.98659308080199538E-017)
 -0.89759790102565529        3.1415926535897936     
        (1.3218958865397767,-1.52530723462138767E-016)
 -0.44879895051282764        0.0000000000000000     
 (-2.68692399374097224E-003,-1.13483743816340679E-017)
 -0.44879895051282764        3.1415926535897936     
        (1.2978681948435151,-1.77116086170751227E-016)
   0.0000000000000000        0.0000000000000000     
        (-7.32291327536966231E-003,0.0000000000000000)
   0.0000000000000000        3.1415926535897936     
        (1.2895235753613863,-2.08548821153038243E-016)
  0.44879895051282764        0.0000000000000000     
  (-2.68692399374097224E-003,1.13483743816340679E-017)
  0.44879895051282764        3.1415926535897936     
        (1.2978681948435151,-2.40392794016321303E-016)
  0.89759790102565529        0.0000000000000000     
   (6.75524015382448269E-003,1.98659308080199538E-017)
  0.89759790102565529        3.1415926535897936     
        (1.3218958865397765,-2.55032553292639705E-016)
   1.3463968515384830        0.0000000000000000     
   (1.72008518234642097E-002,2.10745749231033291E-017)
   1.3463968515384830        3.1415926535897936     
        (1.3700773667914488,-2.71542936027911087E-016)
   1.7951958020513106        0.0000000000000000     
   (2.90096082131937605E-002,2.10526070443610719E-017)
   1.7951958020513106        3.1415926535897936     
        (1.4581685714566643,-2.89144081777967747E-016)
   2.2439947525641384        0.0000000000000000     
   (3.93484094890887287E-002,1.57857317175153383E-017)
   2.2439947525641384        3.1415926535897936     
        (1.5984510351572510,-2.63468636313744220E-016)
   2.6927937030769660        0.0000000000000000     
   (4.41261737808896354E-002,9.98548604788202697E-018)
   2.6927937030769660        3.1415926535897936     
        (1.7776813711232535,-3.25794853038359681E-016)
   3.1415926535897936        0.0000000000000000     
  (4.49421431022129642E-002,-3.99865311140655001E-020)
   3.1415926535897936        3.1415926535897936     
        (1.8757185694364555,-2.97151586514226364E-016)
   1.0000000000000000                1          28
               (0.0000000000000000,0.0000000000000000)
  -2.6927937030769660        0.0000000000000000     
   (6.62401704103240258E-002,5.38181903511598999E-018)
  -2.6927937030769660        3.1415926535897936     
        (1.7653800520312821,-2.75057273325371089E-016)
  -2.2439947525641384        0.0000000000000000     
   (5.30427102019042432E-002,7.62897083969876663E-018)
  -2.2439947525641384        3.1415926535897936     
        (1.5885734340268522,-2.38291590720022667E-016)
  -1.7951958020513106        0.0000000000000000     
   (3.88956211752507566E-002,4.83644476382159036E-018)
  -1.7951958020513106        3.1415926535897936     
        (1.4453118763076209,-2.22452393154576080E-016)
  -1.3463968515384830        0.0000000000000000     
   (2.63612661776558670E-002,2.73784564610156627E-018)
  -1.3463968515384830        3.1415926535897936     
        (1.3584070691652645,-2.34301117487074294E-016)
 -0.89759790102565529        0.0000000000000000     
   (1.32435862078317482E-002,1.78913362435253526E-017)
 -0.89759790102565529        3.1415926535897936     
        (1.3104009755503854,-2.09775194482124926E-016)
 -0.44879895051282764        0.0000000000000000     
   (4.64372543381993432E-004,5.41226636243821913E-018)
 -0.44879895051282764        3.1415926535897936     
        (1.2877545203414300,-2.30014636722837525E-016)
   0.0000000000000000        0.0000000000000000     
        (-4.23451405161828689E-003,0.0000000000000000)
   0.0000000000000000        3.1415926535897936     
        (1.2803497181738608,-2.06576899925926565E-016)
  0.44879895051282764        0.0000000000000000     
  (4.64372543381993432E-004,-5.41226636243821913E-018)
  0.44879895051282764        3.1415926535897936     
        (1.2877545203414300,-1.98213952941447523E-016)
  0.89759790102565529        0.0000000000000000     
  (1.32435862078317482E-002,-1.78913362435253526E-017)
  0.89759790102565529        3.1415926535897936     
        (1.3104009755503854,-1.81565510460839505E-016)
   1.3463968515384830        0.0000000000000000     
  (2.63612661776558670E-002,-2.73784564610156627E-018)
   1.3463968515384830        3.1415926535897936     
        (1.3584070691652645,-2.10201272410478621E-016)
   1.7951958020513106        0.0000000000000000     
  (3.88956211752507566E-002,-4.83644476382159036E-018)
   1.7951958020513106        3.1415926535897936     
        (1.4453118763076209,-2.29494550363814245E-016)
   2.2439947525641384        0.0000000000000000     
  (5.30427102019042432E-002,-7.62897083969876663E-018)
   2.2439947525641384        3.1415926535897936     
        (1.5885734340268520,-2.40874291492138167E-016)
   2.6927937030769660        0.0000000000000000     
  (6.62401704103240258E-002,-5.38181903511598999E-018)
   2.6927937030769660        3.1415926535897936     
        (1.7653800520312821,-2.93425915132746913E-016)
   3.1415926535897936        0.0000000000000000     
   (7.10584968751380996E-002,3.32898436815064170E-019)
   3.1415926535897936        3.1415926535897936     
        (1.8607626049060433,-2.92079573466889588E-016)
   1.0000000000000000                1          28
               (0.0000000000000000,0.0000000000000000)
  -2.6927937030769660        0.0000000000000000     
  (5.46359962168617014E-002,-5.07112296905300928E-018)
  -2.6927937030769660        3.1415926535897936     
        (1.7178058060504091,-2.72321904320363699E-016)
  -2.2439947525641384        0.0000000000000000     
  (5.36721725512313563E-002,-1.72059232618051248E-017)
  -2.2439947525641384        3.1415926535897936     
        (1.5518408551677616,-2.26754572002392804E-016)
  -1.7951958020513106        0.0000000000000000     
  (4.52834162765256218E-002,-1.71767267005938704E-017)
  -1.7951958020513106        3.1415926535897936     
        (1.4385210102741364,-2.01820292771200484E-016)
  -1.3463968515384830        0.0000000000000000     
  (3.58014200056816154E-002,-1.28136435573754210E-017)
  -1.3463968515384830        3.1415926535897936     
        (1.3700195422977060,-1.93699387476726270E-016)
 -0.89759790102565529        0.0000000000000000     
  (2.93385068207807423E-002,-1.91825674357267207E-017)
 -0.89759790102565529        3.1415926535897936     
        (1.3232390336269264,-1.85343514350745316E-016)
 -0.44879895051282764        0.0000000000000000     
  (2.01763805487474406E-002,-8.03474588625812579E-018)
 -0.44879895051282764        3.1415926535897936     
        (1.2964252956016711,-2.09314557880987016E-016)
   0.0000000000000000        0.0000000000000000     
         (1.58859212212944904E-002,0.0000000000000000)
   0.0000000000000000        3.1415926535897936     
        (1.2896812237875710,-2.04841907710853417E-016)
  0.44879895051282764        0.0000000000000000     
   (2.01763805487474406E-002,8.03474588625812579E-018)
  0.44879895051282764        3.1415926535897936     
        (1.2964252956016711,-2.11685788349544413E-016)
  0.89759790102565529        0.0000000000000000     
   (2.93385068207807423E-002,1.91825674357267207E-017)
  0.89759790102565529        3.1415926535897936     
        (1.3232390336269264,-2.10049455590721904E-016)
   1.3463968515384830        0.0000000000000000     
   (3.58014200056816154E-002,1.28136435573754210E-017)
   1.3463968515384830        3.1415926535897936     
        (1.3700195422977060,-2.28704070761327940E-016)
   1.7951958020513106        0.0000000000000000     
   (4.52834162765256218E-002,1.71767267005938704E-017)
   1.7951958020513106        3.1415926535897936     
        (1.4385210102741361,-2.21330034709726139E-016)
   2.2439947525641384        0.0000000000000000     
   (5.36721725512313563E-002,1.72059232618051248E-017)
   2.2439947525641384        3.1415926535897936     
        (1.5518408551677616,-2.45831958219276161E-016)
   2.6927937030769660        0.0000000000000000     
   (5.46359962168617014E-002,5.07112296905300928E-018)
   2.6927937030769660        3.1415926535897936     
        (1.7178058060504091,-2.82512521310159488E-016)
   3.1415926535897936        0.0000000000000000     
   (5.45947088532730759E-002,9.76343664361899781E-020)
   3.1415926535897936        3.1415926535897936     
        (1.8260947997715287,-2.85909720593883378E-016)
   1.0000000000000000                1          28
               (0.0000000000000000,0.0000000000000000)
  -2.6927937030769660        0.0000000000000000     
   (6.57664444867334386E-002,1.42753603377976982E-017)
  -2.6927937030769660        3.1415926535897936     
        (1.8181095008520995,-3.09823900270569194E-016)
  -2.2439947525641384        0.0000000000000000     
   (5.91536177996465490E-002,1.99573665892139653E-017)
  -2.2439947525641384        3.1415926535897936     
        (1.5579304536372554,-2.36642731024593436E-016)
  -1.7951958020513106        0.0000000000000000     
   (4.58068339969892602E-002,1.08455208684198591E-018)
  -1.7951958020513106        3.1415926535897936     
        (1.4054542267834391,-2.04039387649147708E-016)
  -1.3463968515384830        0.0000000000000000     
  (3.17278256371187686E-002,-4.24131150811614582E-018)
  -1.3463968515384830        3.1415926535897936     
        (1.3315748929252980,-2.18735264367882917E-016)
 -0.89759790102565529        0.0000000000000000     
  (1.78155079204804639E-002,-1.86635910120365163E-017)
 -0.89759790102565529        3.1415926535897936     
        (1.2923198212976768,-1.74348610588289438E-016)
 -0.44879895051282764        0.0000000000000000     
 (-1.39109891556679914E-003,-1.08653421071402822E-017)
 -0.44879895051282764        3.1415926535897936     
        (1.2759947261881324,-1.94324812890885525E-016)
   0.0000000000000000        0.0000000000000000     
        (-1.27707372356985153E-002,0.0000000000000000)
   0.0000000000000000        3.1415926535897936     
        (1.2727236798657502,-2.06723268817370607E-016)
  0.44879895051282764        0.0000000000000000     
  (-1.39109891556679914E-003,1.08653421071402822E-017)
  0.44879895051282764        3.1415926535897936     
        (1.2759947261881324,-2.28055427111071248E-016)
  0.89759790102565529        0.0000000000000000     
   (1.78155079204804639E-002,1.86635910120365163E-017)
  0.89759790102565529        3.1415926535897936     
        (1.2923198212976765,-2.06584828125395111E-016)
   1.3463968515384830        0.0000000000000000     
   (3.17278256371187686E-002,4.24131150811614582E-018)
   1.3463968515384830        3.1415926535897936     
        (1.3315748929252980,-2.23929668694422563E-016)
   1.7951958020513106        0.0000000000000000     
  (4.58068339969892602E-002,-1.08455208684198591E-018)
   1.7951958020513106        3.1415926535897936     
        (1.4054542267834391,-1.93273568120459298E-016)
   2.2439947525641384        0.0000000000000000     
  (5.91536177996465490E-002,-1.99573665892139653E-017)
   2.2439947525641384        3.1415926535897936     
        (1.5579304536372551,-2.14757773827452429E-016)
   2.6927937030769660        0.0000000000000000     
  (6.57664444867334386E-002,-1.42753603377976982E-017)
   2.6927937030769660        3.1415926535897936     
        (1.8181095008520995,-2.67745410975985023E-016)
   3.1415926535897936        0.0000000000000000     
  (6.73594405020811471E-002,-6.41700625412216445E-020)
   3.1415926535897936        3.1415926535897936     
        (1.9808293484471970,-3.08198315845627007E-016)
   1.0000000000000000                1          28
               (0.0000000000000000,0.0000000000000000)
  -2.6927937030769660        0.0000000000000000     
  (6.84662858606695651E-002,-1.76517581041042658E-017)
  -2.6927937030769660        3.1415926535897936     
        (1.7831710145102837,-3.11317393699612815E-016)
  -2.2439947525641384        0.0000000000000000     
  (5.95257681494618454E-002,-2.99213793099940457E-017)
  -2.2439947525641384        3.1415926535897936     
        (1.5764033305920222,-2.31289904606327519E-016)
  -1.7951958020513106        0.0000000000000000     
  (5.03133982354153145E-002,-3.70072861811239917E-017)
  -1.7951958020513106        3.1415926535897936     
        (1.4300492505797648,-2.03214676663893302E-016)
  -1.3463968515384830        0.0000000000000000     
  (3.78396903788892555E-002,-3.23738035023970310E-017)
  -1.3463968515384830        3.1415926535897936     
        (1.3504598872316662,-2.03588555237005651E-016)
 -0.89759790102565529        0.0000000000000000     
  (2.25825349359206513E-002,-1.51581049583210134E-017)
 -0.89759790102565529        3.1415926535897936     
        (1.3033075043318070,-1.97719607917999060E-016)
 -0.44879895051282764        0.0000000000000000     
   (3.44400639036153465E-003,5.59651136375844154E-018)
 -0.44879895051282764        3.1415926535897936     
        (1.2706849123072417,-2.06520784143270736E-016)
   0.0000000000000000        0.0000000000000000     
        (-1.26138487186646768E-002,0.0000000000000000)
   0.0000000000000000        3.1415926535897936     
        (1.2633509588414125,-2.05190790722765103E-016)
  0.44879895051282764        0.0000000000000000     
  (3.44400639036153465E-003,-5.59651136375844154E-018)
  0.44879895051282764        3.1415926535897936     
        (1.2706849123072417,-2.06992154919756126E-016)
  0.89759790102565529        0.0000000000000000     
   (2.25825349359206513E-002,1.51581049583210134E-017)
  0.89759790102565529        3.1415926535897936     
        (1.3033075043318070,-1.82955642196022818E-016)
   1.3463968515384830        0.0000000000000000     
   (3.78396903788892555E-002,3.23738035023970310E-017)
   1.3463968515384830        3.1415926535897936     
        (1.3504598872316664,-2.22552301894614649E-016)
   1.7951958020513106        0.0000000000000000     
   (5.03133982354153145E-002,3.70072861811239917E-017)
   1.7951958020513106        3.1415926535897936     
        (1.4300492505797648,-2.23384963466799662E-016)
   2.2439947525641384        0.0000000000000000     
   (5.95257681494618454E-002,2.99213793099940457E-017)
   2.2439947525641384        3.1415926535897936     
        (1.5764033305920224,-2.15543725417301840E-016)
   2.6927937030769660        0.0000000000000000     
   (6.84662858606695651E-002,1.76517581041042658E-017)
   2.6927937030769660        3.1415926535897936     
        (1.7831710145102837,-2.99286843704334276E-016)
   3.1415926535897936        0.0000000000000000     
  (6.93889874378519761E-002,-1.72765169072324214E-019)
   3.1415926535897936        3.1415926535897936     
        (1.9142662055959130,-2.98711284172901815E-016)
   1.0000000000000000                1          28
               (0.0000000000000000,0.0000000000000000)
  -2.6927937030769660        0.0000000000000000     
   (4.95145486349303776E-002,2.31734673271609598E-018)
  -2.6927937030769660        3.1415926535897936     
        (1.7433802082202063,-2.77138772554872945E-016)
  -2.2439947525641384        0.0000000000000000     
  (4.87135596597003673E-002,-4.65519427766923366E-018)
  -2.2439947525641384        3.1415926535897936     
        (1.5752863178473402,-2.45555695706317189E-016)
  -1.7951958020513106        0.0000000000000000     
  (4.62242721082137334E-002,-3.20043680015735186E-018)
  -1.7951958020513106        3.1415926535897936     
        (1.4417020701772945,-2.18939962286206167E-016)
  -1.3463968515384830        0.0000000000000000     
   (3.61939801691183380E-002,2.05521164493826906E-018)
  -1.3463968515384830        3.1415926535897936     
        (1.3609077202588755,-2.14865416433636678E-016)
 -0.89759790102565529        0.0000000000000000     
  (2.10078115171440059E-002,-9.65185699051451850E-019)
 -0.89759790102565529        3.1415926535897936     
        (1.3187338441235628,-1.95834868074765441E-016)
 -0.44879895051282764        0.0000000000000000     
   (7.84864509978167903E-003,1.39642039490636550E-018)
 -0.44879895051282764        3.1415926535897936     
        (1.3027943833381854,-2.09070510696923279E-016)
   0.0000000000000000        0.0000000000000000     
         (2.42886221432529531E-003,0.0000000000000000)
   0.0000000000000000        3.1415926535897936     
        (1.3000954069653303,-2.08680696234171204E-016)
  0.44879895051282764        0.0000000000000000     
  (7.84864509978167903E-003,-1.39642039490636550E-018)
  0.44879895051282764        3.1415926535897936     
        (1.3027943833381854,-2.14016041194454477E-016)
  0.89759790102565529        0.0000000000000000     
   (2.10078115171440059E-002,9.65185699051451850E-019)
  0.89759790102565529        3.1415926535897936     
        (1.3187338441235628,-1.95245535534604954E-016)
   1.3463968515384830        0.0000000000000000     
  (3.61939801691183380E-002,-2.05521164493826906E-018)
   1.3463968515384830        3.1415926535897936     
        (1.3609077202588755,-2.12094931424206136E-016)
   1.7951958020513106        0.0000000000000000     
   (4.62242721082137334E-002,3.20043680015735186E-018)
   1.7951958020513106        3.1415926535897936     
        (1.4417020701772945,-2.31064361372083330E-016)
   2.2439947525641384        0.0000000000000000     
   (4.87135596597003673E-002,4.65519427766923366E-018)
   2.2439947525641384        3.1415926535897936     
        (1.5752863178473404,-2.41624338531863322E-016)
   2.6927937030769660        0.0000000000000000     
  (4.95145486349303776E-002,-2.31734673271609598E-018)
   2.6927937030769660        3.1415926535897936     
        (1.7433802082202068,-2.77909253014797857E-016)
   3.1415926535897936        0.0000000000000000     
  (5.05162363926708394E-002,-2.05008122370403304E-020)
   3.1415926535897936        3.1415926535897936     
        (1.8332233873860562,-2.90998010129675429E-016)
   1.0000000000000000                1          28
               (0.0000000000000000,0.0000000000000000)
  -2.6927937030769660        0.0000000000000000     
  (6.37608683785636371E-002,-1.19614184775996671E-017)
  -2.6927937030769660        3.1415926535897936     
        (1.7535655455675718,-2.55613402827870220E-016)
  -2.2439947525641384        0.0000000000000000     
  (5.46847959322344992E-002,-9.52579490367354449E-018)
  -2.2439947525641384        3.1415926535897936     
        (1.5744904245401403,-2.13136214314329240E-016)
  -1.7951958020513106        0.0000000000000000     
  (4.46480823848701067E-002,-2.58106421564166329E-017)
  -1.7951958020513106        3.1415926535897936     
        (1.4391867469377122,-2.33163219942489760E-016)
  -1.3463968515384830        0.0000000000000000     
  (3.17832437135891280E-002,-4.02527691164748938E-017)
  -1.3463968515384830        3.1415926535897936     
        (1.3587479779191172,-2.24109342773827403E-016)
 -0.89759790102565529        0.0000000000000000     
  (1.81431901003218828E-002,-3.01286470182637587E-017)
 -0.89759790102565529        3.1415926535897936     
        (1.3100433760379564,-1.91367125595190935E-016)
 -0.44879895051282764        0.0000000000000000     
  (2.37905364895022635E-003,-1.67802431570137977E-017)
 -0.44879895051282764        3.1415926535897936     
        (1.2797508847725261,-2.09906918306320769E-016)
   0.0000000000000000        0.0000000000000000     
        (-4.45949906382167235E-003,0.0000000000000000)
   0.0000000000000000        3.1415926535897936     
        (1.2681475851087762,-2.04650827619689607E-016)
  0.44879895051282764        0.0000000000000000     
   (2.37905364895022635E-003,1.67802431570137977E-017)
  0.44879895051282764        3.1415926535897936     
        (1.2797508847725261,-2.12189893995329255E-016)
  0.89759790102565529        0.0000000000000000     
   (1.81431901003218828E-002,3.01286470182637587E-017)
  0.89759790102565529        3.1415926535897936     
        (1.3100433760379564,-1.88301874883763841E-016)
   1.3463968515384830        0.0000000000000000     
   (3.17832437135891280E-002,4.02527691164748938E-017)
   1.3463968515384830        3.1415926535897936     
        (1.3587479779191174,-2.19884965867178231E-016)
   1.7951958020513106        0.0000000000000000     
   (4.46480823848701067E-002,2.58106421564166329E-017)
   1.7951958020513106        3.1415926535897936     
        (1.4391867469377124,-2.20066234955651726E-016)
   2.2439947525641384        0.0000000000000000     
   (5.46847959322344992E-002,9.52579490367354449E-018)
   2.2439947525641384        3.1415926535897936     
        (1.5744904245401403,-2.42722363814160667E-016)
   2.6927937030769660        0.0000000000000000     
   (6.37608683785636371E-002,1.19614184775996671E-017)
   2.6927937030769660        3.1415926535897936     
        (1.7535655455675718,-2.95565974053104591E-016)
   3.1415926535897936        0.0000000000000000     
   (6.86630375304201762E-002,4.40430332531161336E-019)
   3.1415926535897936        3.1415926535897936     
        (1.8563217697080872,-2.90364234244006615E-016)
