   -6.000000      0.000000
  1    1        0.00041336        0.00008798       -0.00000000        0.00000000
   -6.000000      1.000000
  1    1       -0.00045949        0.00014661        0.00000000        0.00000000
   -5.000000      0.000000
  1    1       -0.00102451        0.00016716        0.00000000        0.00000000
   -5.000000      1.000000
  1    1        0.00087493        0.00012662       -0.00000000        0.00000000
   -4.000000      0.000000
  1    1        0.00272674        0.00036845       -0.00000000        0.00000000
   -4.000000      1.000000
  1    1       -0.00307302        0.00054666        0.00000000        0.00000000
   -3.000000      0.000000
  1    1       -0.00861920        0.00104427        0.00000000        0.00000000
   -3.000000      1.000000
  1    1        0.00771511        0.00092053       -0.00000000        0.00000000
   -2.000000      0.000000
  1    1        0.02139577        0.00167134       -0.00000000        0.00000000
   -2.000000      1.000000
  1    1       -0.02379336        0.00171627        0.00000000        0.00000000
   -1.000000      0.000000
  1    1       -0.07193946        0.00252329        0.00000000        0.00000000
   -1.000000      1.000000
  1    1        0.05728000        0.00139703       -0.00000000        0.00000000
    0.000000      0.000000
  1    1        0.75356416        0.00042744       -0.00000000        0.00000000
    0.000000      1.000000
  1    1       -0.71868982        0.00241475       -0.00000000        0.00000000
    1.000000      0.000000
  1    1       -0.07193946        0.00252329       -0.00000000        0.00000000
    1.000000      1.000000
  1    1        0.05728000        0.00139703        0.00000000        0.00000000
    2.000000      0.000000
  1    1        0.02139577        0.00167134        0.00000000        0.00000000
    2.000000      1.000000
  1    1       -0.02379336        0.00171627       -0.00000000        0.00000000
    3.000000      0.000000
  1    1       -0.00861920        0.00104427       -0.00000000        0.00000000
    3.000000      1.000000
  1    1        0.00771511        0.00092053        0.00000000        0.00000000
    4.000000      0.000000
  1    1        0.00272674        0.00036845        0.00000000        0.00000000
    4.000000      1.000000
  1    1       -0.00307302        0.00054666       -0.00000000        0.00000000
    5.000000      0.000000
  1    1       -0.00102451        0.00016716       -0.00000000        0.00000000
    5.000000      1.000000
  1    1        0.00087493        0.00012662        0.00000000        0.00000000
    6.000000      0.000000
  1    1        0.00041336        0.00008798        0.00000000        0.00000000
    6.000000      1.000000
  1    1       -0.00045949        0.00014661       -0.00000000        0.00000000
    7.000000      0.000000
  1    1       -0.00026103        0.00005581       -0.00000000        0.00000000
    7.000000      1.000000
  1    1        0.00028461        0.00005882        0.00000000        0.00000000
