   -2.692794      0.000000
  1    1        0.05877667        0.00332588       -0.00000000        0.00000000
   -2.692794      3.141593
  1    1        1.76165064        0.01195363       -0.00000000        0.00000000
   -2.243995      0.000000
  1    1        0.05306859        0.00247460       -0.00000000        0.00000000
   -2.243995      3.141593
  1    1        1.57418148        0.00567724       -0.00000000        0.00000000
   -1.795196      0.000000
  1    1        0.04447319        0.00297531       -0.00000000        0.00000000
   -1.795196      3.141593
  1    1        1.43768628        0.00575565       -0.00000000        0.00000000
   -1.346397      0.000000
  1    1        0.03309358        0.00337586       -0.00000000        0.00000000
   -1.346397      3.141593
  1    1        1.35765315        0.00465739       -0.00000000        0.00000000
   -0.897598      0.000000
  1    1        0.01994704        0.00299127       -0.00000000        0.00000000
   -0.897598      3.141593
  1    1        1.31137962        0.00387715       -0.00000000        0.00000000
   -0.448799      0.000000
  1    1        0.00546697        0.00299238       -0.00000000        0.00000000
   -0.448799      3.141593
  1    1        1.28724927        0.00427717       -0.00000000        0.00000000
    0.000000      0.000000
  1    1       -0.00210838        0.00371162        0.00000000        0.00000000
    0.000000      3.141593
  1    1        1.28052543        0.00464426       -0.00000000        0.00000000
    0.448799      0.000000
  1    1        0.00546697        0.00299238        0.00000000        0.00000000
    0.448799      3.141593
  1    1        1.28724927        0.00427717       -0.00000000        0.00000000
    0.897598      0.000000
  1    1        0.01994704        0.00299127        0.00000000        0.00000000
    0.897598      3.141593
  1    1        1.31137962        0.00387715       -0.00000000        0.00000000
    1.346397      0.000000
  1    1        0.03309358        0.00337586        0.00000000        0.00000000
    1.346397      3.141593
  1    1        1.35765315        0.00465739       -0.00000000        0.00000000
    1.795196      0.000000
  1    1        0.04447319        0.00297531        0.00000000        0.00000000
    1.795196      3.141593
  1    1        1.43768628        0.00575565       -0.00000000        0.00000000
    2.243995      0.000000
  1    1        0.05306859        0.00247460        0.00000000        0.00000000
    2.243995      3.141593
  1    1        1.57418148        0.00567724       -0.00000000        0.00000000
    2.692794      0.000000
  1    1        0.05877667        0.00332588        0.00000000        0.00000000
    2.692794      3.141593
  1    1        1.76165064        0.01195363       -0.00000000        0.00000000
    3.141593      0.000000
  1    1        0.06069705        0.00373226        0.00000000        0.00000000
    3.141593      3.141593
  1    1        1.87142956        0.02015624       -0.00000000        0.00000000
