   -2.692794      0.000000
  1    1        0.05846850        0.00276500       -0.00000000        0.00000000
   -2.692794      3.141593
  1    1        1.73993684        0.02189057       -0.00000000        0.00000000
   -2.243995      0.000000
  1    1        0.05293274        0.00222131       -0.00000000        0.00000000
   -2.243995      3.141593
  1    1        1.58511851        0.00842227       -0.00000000        0.00000000
   -1.795196      0.000000
  1    1        0.04436115        0.00237271       -0.00000000        0.00000000
   -1.795196      3.141593
  1    1        1.44085667        0.00694619       -0.00000000        0.00000000
   -1.346397      0.000000
  1    1        0.03275991        0.00249367       -0.00000000        0.00000000
   -1.346397      3.141593
  1    1        1.36082725        0.00495838       -0.00000000        0.00000000
   -0.897598      0.000000
  1    1        0.01927262        0.00209802       -0.00000000        0.00000000
   -0.897598      3.141593
  1    1        1.31136555        0.00456461       -0.00000000        0.00000000
   -0.448799      0.000000
  1    1        0.00546332        0.00200039       -0.00000000        0.00000000
   -0.448799      3.141593
  1    1        1.28161067        0.00425345       -0.00000000        0.00000000
    0.000000      0.000000
  1    1       -0.00127206        0.00250544        0.00000000        0.00000000
    0.000000      3.141593
  1    1        1.27997683        0.00533859       -0.00000000        0.00000000
    0.448799      0.000000
  1    1        0.00546332        0.00200039        0.00000000        0.00000000
    0.448799      3.141593
  1    1        1.28161067        0.00425345       -0.00000000        0.00000000
    0.897598      0.000000
  1    1        0.01927262        0.00209802        0.00000000        0.00000000
    0.897598      3.141593
  1    1        1.31136555        0.00456461       -0.00000000        0.00000000
    1.346397      0.000000
  1    1        0.03275991        0.00249367        0.00000000        0.00000000
    1.346397      3.141593
  1    1        1.36082725        0.00495838       -0.00000000        0.00000000
    1.795196      0.000000
  1    1        0.04436115        0.00237271        0.00000000        0.00000000
    1.795196      3.141593
  1    1        1.44085667        0.00694619       -0.00000000        0.00000000
    2.243995      0.000000
  1    1        0.05293274        0.00222131        0.00000000        0.00000000
    2.243995      3.141593
  1    1        1.58511851        0.00842227       -0.00000000        0.00000000
    2.692794      0.000000
  1    1        0.05846850        0.00276500        0.00000000        0.00000000
    2.692794      3.141593
  1    1        1.73993684        0.02189057       -0.00000000        0.00000000
    3.141593      0.000000
  1    1        0.06030900        0.00299437        0.00000000        0.00000000
    3.141593      3.141593
  1    1        1.89483536        0.01637859       -0.00000000        0.00000000
