   -6.000000      0.000000
  1    1        0.00932119        0.00486616       -0.00000000        0.00000000
   -6.000000      1.000000
  1    1       -0.00932487        0.00486703        0.00000000        0.00000000
   -5.000000      0.000000
  1    1       -0.00514250        0.00548800        0.00000000        0.00000000
   -5.000000      1.000000
  1    1        0.00513969        0.00548906       -0.00000000        0.00000000
   -4.000000      0.000000
  1    1        0.00537858        0.00391207       -0.00000000        0.00000000
   -4.000000      1.000000
  1    1       -0.00540528        0.00390190        0.00000000        0.00000000
   -3.000000      0.000000
  1    1       -0.00802616        0.00260223        0.00000000        0.00000000
   -3.000000      1.000000
  1    1        0.00768065        0.00259664       -0.00000000        0.00000000
   -2.000000      0.000000
  1    1        0.01857565        0.00225017       -0.00000000        0.00000000
   -2.000000      1.000000
  1    1       -0.02071114        0.00226415        0.00000000        0.00000000
   -1.000000      0.000000
  1    1       -0.07275795        0.00087981        0.00000000        0.00000000
   -1.000000      1.000000
  1    1        0.05831338        0.00085610       -0.00000000        0.00000000
    0.000000      0.000000
  1    1        0.75356416        0.00042744       -0.00000000        0.00000000
    0.000000      1.000000
  1    1       -0.71926568        0.00153267       -0.00000000        0.00000000
    1.000000      0.000000
  1    1       -0.07275795        0.00087981       -0.00000000        0.00000000
    1.000000      1.000000
  1    1        0.05831338        0.00085610        0.00000000        0.00000000
    2.000000      0.000000
  1    1        0.01857565        0.00225017        0.00000000        0.00000000
    2.000000      1.000000
  1    1       -0.02071114        0.00226415       -0.00000000        0.00000000
    3.000000      0.000000
  1    1       -0.00802616        0.00260223       -0.00000000        0.00000000
    3.000000      1.000000
  1    1        0.00768065        0.00259664        0.00000000        0.00000000
    4.000000      0.000000
  1    1        0.00537858        0.00391207        0.00000000        0.00000000
    4.000000      1.000000
  1    1       -0.00540528        0.00390190       -0.00000000        0.00000000
    5.000000      0.000000
  1    1       -0.00514250        0.00548800       -0.00000000        0.00000000
    5.000000      1.000000
  1    1        0.00513969        0.00548906        0.00000000        0.00000000
    6.000000      0.000000
  1    1        0.00932119        0.00486616        0.00000000        0.00000000
    6.000000      1.000000
  1    1       -0.00932487        0.00486703       -0.00000000        0.00000000
    7.000000      0.000000
  1    1       -0.00862170        0.00653593       -0.00000000        0.00000000
    7.000000      1.000000
  1    1        0.00864131        0.00654050        0.00000000        0.00000000
