   1.0000000000000000                1          28
               (0.0000000000000000,0.0000000000000000)
  -2.6927937030769660        0.0000000000000000     
  (6.50475618180275800E-002,-2.97108218819719648E-017)
  -2.6927937030769660        3.1415926535897936     
        (1.7773563621315833,-2.54157867788687308E-016)
  -2.2439947525641384        0.0000000000000000     
  (6.03665469707049193E-002,-2.39967602148092430E-017)
  -2.2439947525641384        3.1415926535897936     
        (1.5517848893080419,-2.02855381741048583E-016)
  -1.7951958020513106        0.0000000000000000     
  (4.80462723786350063E-002,-6.76346920609343284E-018)
  -1.7951958020513106        3.1415926535897936     
        (1.4392276331462039,-2.33961221304031141E-016)
  -1.3463968515384830        0.0000000000000000     
  (3.30269536775210995E-002,-2.09852151608919798E-017)
  -1.3463968515384830        3.1415926535897936     
        (1.3475839494843513,-2.04403750858954050E-016)
 -0.89759790102565529        0.0000000000000000     
  (1.81129214146663955E-002,-1.14358078843676079E-017)
 -0.89759790102565529        3.1415926535897936     
        (1.2808875662535859,-1.61513431755934718E-016)
 -0.44879895051282764        0.0000000000000000     
  (6.09099070212644998E-003,-6.23929716008490197E-018)
 -0.44879895051282764        3.1415926535897936     
        (1.2957861517060916,-2.19292498256092835E-016)
   0.0000000000000000        0.0000000000000000     
         (1.36929431691148215E-003,0.0000000000000000)
   0.0000000000000000        3.1415926535897936     
        (1.2593280101509301,-2.02295190329082159E-016)
  0.44879895051282764        0.0000000000000000     
   (6.09099070212644998E-003,6.23929716008490197E-018)
  0.44879895051282764        3.1415926535897936     
        (1.2957861517060916,-2.08208958552193030E-016)
  0.89759790102565529        0.0000000000000000     
   (1.81129214146663955E-002,1.14358078843676079E-017)
  0.89759790102565529        3.1415926535897936     
        (1.2808875662535857,-2.13897478407931615E-016)
   1.3463968515384830        0.0000000000000000     
   (3.30269536775210995E-002,2.09852151608919798E-017)
   1.3463968515384830        3.1415926535897936     
        (1.3475839494843513,-2.63706229283705658E-016)
   1.7951958020513106        0.0000000000000000     
   (4.80462723786350063E-002,6.76346920609343284E-018)
   1.7951958020513106        3.1415926535897936     
        (1.4392276331462039,-2.18571329018143167E-016)
   2.2439947525641384        0.0000000000000000     
   (6.03665469707049193E-002,2.39967602148092430E-017)
   2.2439947525641384        3.1415926535897936     
        (1.5517848893080417,-2.48650816560118782E-016)
   2.6927937030769660        0.0000000000000000     
   (6.50475618180275800E-002,2.97108218819719648E-017)
   2.6927937030769660        3.1415926535897936     
        (1.7773563621315838,-2.74268834607472408E-016)
   3.1415926535897936        0.0000000000000000     
  (6.56016212561404133E-002,-1.51677131866451877E-019)
   3.1415926535897936        3.1415926535897936     
        (1.9517447367367187,-3.20034799808111773E-016)
   1.0000000000000000                1          28
               (0.0000000000000000,0.0000000000000000)
  -2.6927937030769660        0.0000000000000000     
   (6.00630100393659480E-002,1.59653982312145651E-017)
  -2.6927937030769660        3.1415926535897936     
        (1.7519037083303155,-3.44777635287950881E-016)
  -2.2439947525641384        0.0000000000000000     
   (5.30542731217338998E-002,4.52517624294210143E-017)
  -2.2439947525641384        3.1415926535897936     
        (1.5736273846935125,-2.56040497417389031E-016)
  -1.7951958020513106        0.0000000000000000     
   (4.51509576667285459E-002,4.90027221630843215E-017)
  -1.7951958020513106        3.1415926535897936     
        (1.4126391305733754,-2.94952266053145704E-016)
  -1.3463968515384830        0.0000000000000000     
   (3.52414932150420385E-002,6.10345134643271169E-017)
  -1.3463968515384830        3.1415926535897936     
        (1.3378958551645970,-2.52089438896913237E-016)
 -0.89759790102565529        0.0000000000000000     
   (2.19063805921144127E-002,2.37579081632663859E-017)
 -0.89759790102565529        3.1415926535897936     
        (1.3237220299205872,-2.14147022304215060E-016)
 -0.44879895051282764        0.0000000000000000     
   (1.00827393978942890E-002,2.05851566830756258E-017)
 -0.44879895051282764        3.1415926535897936     
        (1.2828115006779173,-2.07076649195850345E-016)
   0.0000000000000000        0.0000000000000000     
         (5.09194564945740329E-003,0.0000000000000000)
   0.0000000000000000        3.1415926535897936     
        (1.2684859068038690,-2.03169244439709441E-016)
  0.44879895051282764        0.0000000000000000     
  (1.00827393978942890E-002,-2.05851566830756258E-017)
  0.44879895051282764        3.1415926535897936     
        (1.2828115006779173,-2.17104541366538952E-016)
  0.89759790102565529        0.0000000000000000     
  (2.19063805921144127E-002,-2.37579081632663859E-017)
  0.89759790102565529        3.1415926535897936     
        (1.3237220299205874,-1.76099043582175775E-016)
   1.3463968515384830        0.0000000000000000     
  (3.52414932150420385E-002,-6.10345134643271169E-017)
   1.3463968515384830        3.1415926535897936     
        (1.3378958551645967,-1.73527826457365996E-016)
   1.7951958020513106        0.0000000000000000     
  (4.51509576667285459E-002,-4.90027221630843215E-017)
   1.7951958020513106        3.1415926535897936     
        (1.4126391305733754,-1.67113253013849793E-016)
   2.2439947525641384        0.0000000000000000     
  (5.30542731217338998E-002,-4.52517624294210143E-017)
   2.2439947525641384        3.1415926535897936     
        (1.5736273846935125,-1.94854167158266531E-016)
   2.6927937030769660        0.0000000000000000     
  (6.00630100393659480E-002,-1.59653982312145651E-017)
   2.6927937030769660        3.1415926535897936     
        (1.7519037083303155,-2.40453250573397895E-016)
   3.1415926535897936        0.0000000000000000     
  (6.32848321268008468E-002,-1.36544608830398521E-019)
   3.1415926535897936        3.1415926535897936     
        (1.9289703234472175,-3.12635750793126783E-016)
   1.0000000000000000                1          28
               (0.0000000000000000,0.0000000000000000)
  -2.6927937030769660        0.0000000000000000     
  (5.79197818231905887E-002,-4.89507156530369367E-019)
  -2.6927937030769660        3.1415926535897936     
        (1.6863020195089631,-3.69789296931927968E-016)
  -2.2439947525641384        0.0000000000000000     
   (5.51900294500806757E-002,2.67579106125583966E-017)
  -2.2439947525641384        3.1415926535897936     
        (1.5757231679922163,-1.69429404792560503E-016)
  -1.7951958020513106        0.0000000000000000     
  (5.19114940835599808E-002,-2.77527778775181778E-017)
  -1.7951958020513106        3.1415926535897936     
        (1.4429654639426706,-2.48683395950075389E-016)
  -1.3463968515384830        0.0000000000000000     
   (4.26007526953998197E-002,5.94455928504612427E-018)
  -1.3463968515384830        3.1415926535897936     
        (1.3717637694489027,-1.67122121340634601E-016)
 -0.89759790102565529        0.0000000000000000     
  (2.63692197191068844E-002,-3.96368336174876322E-018)
 -0.89759790102565529        3.1415926535897936     
        (1.2898526343523125,-2.00214072133205992E-016)
 -0.44879895051282764        0.0000000000000000     
   (1.07215058843467600E-002,1.48620640202386513E-018)
 -0.44879895051282764        3.1415926535897936     
        (1.2908469339197963,-1.96940177448915260E-016)
   0.0000000000000000        0.0000000000000000     
         (4.16575166251161467E-003,0.0000000000000000)
   0.0000000000000000        3.1415926535897936     
        (1.2948918223080739,-2.07564582873325591E-016)
  0.44879895051282764        0.0000000000000000     
  (1.07215058843467600E-002,-1.48620640202386513E-018)
  0.44879895051282764        3.1415926535897936     
        (1.2908469339197963,-2.15579465212099668E-016)
  0.89759790102565529        0.0000000000000000     
   (2.63692197191068844E-002,3.96368336174876322E-018)
  0.89759790102565529        3.1415926535897936     
        (1.2898526343523120,-1.70278106466940889E-016)
   1.3463968515384830        0.0000000000000000     
  (4.26007526953998197E-002,-5.94455928504612427E-018)
   1.3463968515384830        3.1415926535897936     
        (1.3717637694489029,-2.26875177357603340E-016)
   1.7951958020513106        0.0000000000000000     
   (5.19114940835599808E-002,2.77527778775181778E-017)
   1.7951958020513106        3.1415926535897936     
        (1.4429654639426706,-1.96925467724461328E-016)
   2.2439947525641384        0.0000000000000000     
  (5.51900294500806757E-002,-2.67579106125583966E-017)
   2.2439947525641384        3.1415926535897936     
        (1.5757231679922161,-2.95939374060151755E-016)
   2.6927937030769660        0.0000000000000000     
   (5.79197818231905887E-002,4.89507156530369367E-019)
   2.6927937030769660        3.1415926535897936     
        (1.6863020195089629,-2.01710927570639865E-016)
   3.1415926535897936        0.0000000000000000     
   (5.95117211563240683E-002,5.86179927078051851E-021)
   3.1415926535897936        3.1415926535897936     
        (1.9434794190774218,-3.48223006527239611E-016)
   1.0000000000000000                1          28
               (0.0000000000000000,0.0000000000000000)
  -2.6927937030769660        0.0000000000000000     
  (4.68193829515939006E-002,-3.32096525286085421E-017)
  -2.6927937030769660        3.1415926535897936     
        (1.7185096639676594,-2.81479935360910917E-016)
  -2.2439947525641384        0.0000000000000000     
  (4.19267131899036735E-002,-9.91052595190987844E-018)
  -2.2439947525641384        3.1415926535897936     
        (1.6206098882827522,-2.27719068476336215E-016)
  -1.7951958020513106        0.0000000000000000     
  (3.24061028856523284E-002,-9.53643335469535239E-022)
  -1.7951958020513106        3.1415926535897936     
        (1.4721285231924170,-2.41366177115853694E-016)
  -1.3463968515384830        0.0000000000000000     
  (2.07973723902266823E-002,-2.57719900774148741E-017)
  -1.3463968515384830        3.1415926535897936     
        (1.3791395189624509,-2.09347863817032523E-016)
 -0.89759790102565529        0.0000000000000000     
   (9.62043557322354685E-003,9.90793736033297913E-019)
 -0.89759790102565529        3.1415926535897936     
        (1.3192273044325560,-2.21239325072740736E-016)
 -0.44879895051282764        0.0000000000000000     
 (-3.01906583241170264E-004,-2.77553372047950466E-017)
 -0.44879895051282764        3.1415926535897936     
        (1.2846107281135122,-2.06948258427817554E-016)
   0.0000000000000000        0.0000000000000000     
        (-4.86442982479905368E-003,0.0000000000000000)
   0.0000000000000000        3.1415926535897936     
        (1.2921508961585420,-2.08575972269153651E-016)
  0.44879895051282764        0.0000000000000000     
  (-3.01906583241170264E-004,2.77553372047950466E-017)
  0.44879895051282764        3.1415926535897936     
        (1.2846107281135122,-2.12813286921448057E-016)
  0.89759790102565529        0.0000000000000000     
  (9.62043557322354685E-003,-9.90793736033297913E-019)
  0.89759790102565529        3.1415926535897936     
        (1.3192273044325558,-1.63526786689564196E-016)
   1.3463968515384830        0.0000000000000000     
   (2.07973723902266823E-002,2.57719900774148741E-017)
   1.3463968515384830        3.1415926535897936     
        (1.3791395189624507,-2.35418644549123971E-016)
   1.7951958020513106        0.0000000000000000     
   (3.24061028856523284E-002,9.53643335469535239E-022)
   1.7951958020513106        3.1415926535897936     
        (1.4721285231924170,-2.25836227602939817E-016)
   2.2439947525641384        0.0000000000000000     
   (4.19267131899036735E-002,9.91052595190987844E-018)
   2.2439947525641384        3.1415926535897936     
        (1.6206098882827522,-2.75532402794181194E-016)
   2.6927937030769660        0.0000000000000000     
   (4.68193829515939006E-002,3.32096525286085421E-017)
   2.6927937030769660        3.1415926535897936     
        (1.7185096639676594,-2.84849525127985849E-016)
   3.1415926535897936        0.0000000000000000     
  (4.79934327918761783E-002,-1.99806614746832553E-021)
   3.1415926535897936        3.1415926535897936     
        (1.8923855915389092,-3.20708022062362009E-016)
   1.0000000000000000                1          28
               (0.0000000000000000,0.0000000000000000)
  -2.6927937030769660        0.0000000000000000     
  (6.13278758862511597E-002,-8.17800679085306490E-018)
  -2.6927937030769660        3.1415926535897936     
        (1.7880550335773608,-2.56744284792226486E-016)
  -2.2439947525641384        0.0000000000000000     
   (5.07634564942371913E-002,2.40278531411453325E-018)
  -2.2439947525641384        3.1415926535897936     
        (1.6139315073759029,-2.06820993910227382E-016)
  -1.7951958020513106        0.0000000000000000     
  (3.86287774399832126E-002,-4.44321400973754078E-018)
  -1.7951958020513106        3.1415926535897936     
        (1.4276514191383562,-1.76515383710162253E-016)
  -1.3463968515384830        0.0000000000000000     
   (2.64203621185787017E-002,2.42551638036569142E-017)
  -1.3463968515384830        3.1415926535897936     
        (1.3667676444350185,-1.70141923593426112E-016)
 -0.89759790102565529        0.0000000000000000     
   (1.35791276814148255E-002,1.32050410493535513E-017)
 -0.89759790102565529        3.1415926535897936     
        (1.3061978474110887,-1.37815923922850699E-016)
 -0.44879895051282764        0.0000000000000000     
   (1.62561557386061806E-003,8.45240107040765780E-018)
 -0.44879895051282764        3.1415926535897936     
        (1.2785342853216748,-1.78410061142067176E-016)
   0.0000000000000000        0.0000000000000000     
        (-2.80865677998224815E-003,0.0000000000000000)
   0.0000000000000000        3.1415926535897936     
        (1.3026450267610219,-2.09932963660608575E-016)
  0.44879895051282764        0.0000000000000000     
  (1.62561557386061806E-003,-8.45240107040765780E-018)
  0.44879895051282764        3.1415926535897936     
        (1.2785342853216748,-2.41872731151510248E-016)
  0.89759790102565529        0.0000000000000000     
  (1.35791276814148255E-002,-1.32050410493535513E-017)
  0.89759790102565529        3.1415926535897936     
        (1.3061978474110887,-2.67982831087275548E-016)
   1.3463968515384830        0.0000000000000000     
  (2.64203621185787017E-002,-2.42551638036569142E-017)
   1.3463968515384830        3.1415926535897936     
        (1.3667676444350187,-2.90498036485679685E-016)
   1.7951958020513106        0.0000000000000000     
   (3.86287774399832126E-002,4.44321400973754078E-018)
   1.7951958020513106        3.1415926535897936     
        (1.4276514191383565,-2.77663472149072441E-016)
   2.2439947525641384        0.0000000000000000     
  (5.07634564942371913E-002,-2.40278531411453325E-018)
   2.2439947525641384        3.1415926535897936     
        (1.6139315073759029,-2.49482157478936397E-016)
   2.6927937030769660        0.0000000000000000     
   (6.13278758862511597E-002,8.17800679085306490E-018)
   2.6927937030769660        3.1415926535897936     
        (1.7880550335773608,-3.18803259975528379E-016)
   3.1415926535897936        0.0000000000000000     
   (6.51051520051287302E-002,2.96285999360720067E-019)
   3.1415926535897936        3.1415926535897936     
        (1.8041801872881682,-2.78954300950200356E-016)
   1.0000000000000000                1          28
               (0.0000000000000000,0.0000000000000000)
  -2.6927937030769660        0.0000000000000000     
  (5.42670178088169378E-002,-4.34373459245639586E-018)
  -2.6927937030769660        3.1415926535897936     
        (1.6765142226576928,-3.47175765515016250E-016)
  -2.2439947525641384        0.0000000000000000     
  (5.20314958992930190E-002,-4.67117831084802647E-017)
  -2.2439947525641384        3.1415926535897936     
        (1.5822509338697905,-2.14739281946390922E-016)
  -1.7951958020513106        0.0000000000000000     
  (4.38107184725097590E-002,-4.85188498480849399E-017)
  -1.7951958020513106        3.1415926535897936     
        (1.4449802497652608,-2.79057949081192717E-016)
  -1.3463968515384830        0.0000000000000000     
  (3.36533309963473332E-002,-4.16918548820425021E-017)
  -1.3463968515384830        3.1415926535897936     
        (1.3697864391962475,-1.95625289302523573E-016)
 -0.89759790102565529        0.0000000000000000     
  (2.50142038876478047E-002,-1.68248957412847270E-017)
 -0.89759790102565529        3.1415926535897936     
        (1.3183072016558073,-2.51197855677877062E-016)
 -0.44879895051282764        0.0000000000000000     
  (1.50820675667197434E-002,-1.09173280045277734E-017)
 -0.44879895051282764        3.1415926535897936     
        (1.2853103219555568,-2.04896776114597129E-016)
   0.0000000000000000        0.0000000000000000     
         (1.06867591287930740E-002,0.0000000000000000)
   0.0000000000000000        3.1415926535897936     
        (1.2726466175345679,-2.02938623128504763E-016)
  0.44879895051282764        0.0000000000000000     
   (1.50820675667197434E-002,1.09173280045277734E-017)
  0.44879895051282764        3.1415926535897936     
        (1.2853103219555568,-2.06108397172296484E-016)
  0.89759790102565529        0.0000000000000000     
   (2.50142038876478047E-002,1.68248957412847270E-017)
  0.89759790102565529        3.1415926535897936     
        (1.3183072016558073,-1.68597531101006257E-016)
   1.3463968515384830        0.0000000000000000     
   (3.36533309963473332E-002,4.16918548820425021E-017)
   1.3463968515384830        3.1415926535897936     
        (1.3697864391962475,-2.32463148889910703E-016)
   1.7951958020513106        0.0000000000000000     
   (4.38107184725097590E-002,4.85188498480849399E-017)
   1.7951958020513106        3.1415926535897936     
        (1.4449802497652606,-1.82023302984199219E-016)
   2.2439947525641384        0.0000000000000000     
   (5.20314958992930190E-002,4.67117831084802647E-017)
   2.2439947525641384        3.1415926535897936     
        (1.5822509338697908,-2.85711906958218775E-016)
   2.6927937030769660        0.0000000000000000     
   (5.42670178088169378E-002,4.34373459245639586E-018)
   2.6927937030769660        3.1415926535897936     
        (1.6765142226576928,-1.97172213397262451E-016)
   3.1415926535897936        0.0000000000000000     
   (5.47556567584897708E-002,1.11898937864792337E-019)
   3.1415926535897936        3.1415926535897936     
        (1.9196700836253129,-3.36762975784089855E-016)
   1.0000000000000000                1          28
               (0.0000000000000000,0.0000000000000000)
  -2.6927937030769660        0.0000000000000000     
  (6.56825174280718377E-002,-7.90457071312230145E-018)
  -2.6927937030769660        3.1415926535897936     
        (1.8235338877305503,-2.34228689299080619E-016)
  -2.2439947525641384        0.0000000000000000     
  (5.94785406413038328E-002,-1.66304878727925713E-017)
  -2.2439947525641384        3.1415926535897936     
        (1.5513438888297828,-2.32351696901321881E-016)
  -1.7951958020513106        0.0000000000000000     
  (4.75232457263984817E-002,-1.58486443317878654E-017)
  -1.7951958020513106        3.1415926535897936     
        (1.4163714407362595,-1.93211420805635444E-016)
  -1.3463968515384830        0.0000000000000000     
  (3.35214120149089079E-002,-1.09167730089543398E-017)
  -1.3463968515384830        3.1415926535897936     
        (1.3496917498509118,-2.17362178884658653E-016)
 -0.89759790102565529        0.0000000000000000     
  (1.89224016985850944E-002,-2.97322744353166454E-017)
 -0.89759790102565529        3.1415926535897936     
        (1.3092893247661526,-1.84687222825330139E-016)
 -0.44879895051282764        0.0000000000000000     
  (1.11357508933956255E-003,-3.91581081770479514E-017)
 -0.44879895051282764        3.1415926535897936     
        (1.2675144644756700,-1.88403958407786042E-016)
   0.0000000000000000        0.0000000000000000     
        (-8.49692155343394033E-003,0.0000000000000000)
   0.0000000000000000        3.1415926535897936     
        (1.2676313014178269,-2.05217069925168156E-016)
  0.44879895051282764        0.0000000000000000     
   (1.11357508933956255E-003,3.91581081770479514E-017)
  0.44879895051282764        3.1415926535897936     
        (1.2675144644756702,-2.33262401300537910E-016)
  0.89759790102565529        0.0000000000000000     
   (1.89224016985850944E-002,2.97322744353166454E-017)
  0.89759790102565529        3.1415926535897936     
        (1.3092893247661526,-2.00445703351920023E-016)
   1.3463968515384830        0.0000000000000000     
   (3.35214120149089079E-002,1.09167730089543398E-017)
   1.3463968515384830        3.1415926535897936     
        (1.3496917498509118,-2.29887319157759356E-016)
   1.7951958020513106        0.0000000000000000     
   (4.75232457263984817E-002,1.58486443317878654E-017)
   1.7951958020513106        3.1415926535897936     
        (1.4163714407362595,-2.51682583082875920E-016)
   2.2439947525641384        0.0000000000000000     
   (5.94785406413038328E-002,1.66304878727925713E-017)
   2.2439947525641384        3.1415926535897936     
        (1.5513438888297828,-2.25058324357531719E-016)
   2.6927937030769660        0.0000000000000000     
   (6.56825174280718377E-002,7.90457071312230145E-018)
   2.6927937030769660        3.1415926535897936     
        (1.8235338877305503,-3.65055703951366552E-016)
   3.1415926535897936        0.0000000000000000     
   (6.74051979634885390E-002,2.44814656716376855E-020)
   3.1415926535897936        3.1415926535897936     
        (1.8941547609941849,-2.69373949342053772E-016)
   1.0000000000000000                1          28
               (0.0000000000000000,0.0000000000000000)
  -2.6927937030769660        0.0000000000000000     
   (6.70046040644968477E-002,3.51307568103255819E-018)
  -2.6927937030769660        3.1415926535897936     
        (1.8093688422416569,-2.49137829615170663E-016)
  -2.2439947525641384        0.0000000000000000     
   (5.91405377311268118E-002,1.35952153178661002E-017)
  -2.2439947525641384        3.1415926535897936     
        (1.5767485970141168,-2.29855291591001063E-016)
  -1.7951958020513106        0.0000000000000000     
  (4.97030215193558014E-002,-1.66970024181096091E-017)
  -1.7951958020513106        3.1415926535897936     
        (1.4249563348899563,-1.87762389744176113E-016)
  -1.3463968515384830        0.0000000000000000     
  (3.72865019238771481E-002,-7.70416118672247490E-018)
  -1.3463968515384830        3.1415926535897936     
        (1.3407730689547481,-2.15274624978153953E-016)
 -0.89759790102565529        0.0000000000000000     
  (2.17735753197107092E-002,-4.03169766949131103E-017)
 -0.89759790102565529        3.1415926535897936     
        (1.3128399232494241,-1.93775991440491910E-016)
 -0.44879895051282764        0.0000000000000000     
  (4.32279530818699582E-003,-2.68649087334861778E-017)
 -0.44879895051282764        3.1415926535897936     
        (1.2703352686999749,-2.27907654873397604E-016)
   0.0000000000000000        0.0000000000000000     
        (-8.38839732979896995E-003,0.0000000000000000)
   0.0000000000000000        3.1415926535897936     
        (1.2715816840148384,-2.05834887871875752E-016)
  0.44879895051282764        0.0000000000000000     
   (4.32279530818699582E-003,2.68649087334861778E-017)
  0.44879895051282764        3.1415926535897936     
        (1.2703352686999747,-1.88734379097976098E-016)
  0.89759790102565529        0.0000000000000000     
   (2.17735753197107092E-002,4.03169766949131103E-017)
  0.89759790102565529        3.1415926535897936     
        (1.3128399232494241,-1.91443836552435969E-016)
   1.3463968515384830        0.0000000000000000     
   (3.72865019238771481E-002,7.70416118672247490E-018)
   1.3463968515384830        3.1415926535897936     
        (1.3407730689547481,-2.11066121728706242E-016)
   1.7951958020513106        0.0000000000000000     
   (4.97030215193558014E-002,1.66970024181096091E-017)
   1.7951958020513106        3.1415926535897936     
        (1.4249563348899568,-2.73455739150525772E-016)
   2.2439947525641384        0.0000000000000000     
  (5.91405377311268118E-002,-1.35952153178661002E-017)
   2.2439947525641384        3.1415926535897936     
        (1.5767485970141166,-2.57076867955334804E-016)
   2.6927937030769660        0.0000000000000000     
  (6.70046040644968477E-002,-3.51307568103255819E-018)
   2.6927937030769660        3.1415926535897936     
        (1.8093688422416567,-3.29979541236097779E-016)
   3.1415926535897936        0.0000000000000000     
  (6.80887845937525604E-002,-1.95315031790500503E-019)
   3.1415926535897936        3.1415926535897936     
        (1.8670992570514677,-2.71036453407291913E-016)
   1.0000000000000000                1          28
               (0.0000000000000000,0.0000000000000000)
  -2.6927937030769660        0.0000000000000000     
  (5.08275867214579430E-002,-1.46537552269005142E-018)
  -2.6927937030769660        3.1415926535897936     
        (1.7127578245511732,-3.08895959710561400E-016)
  -2.2439947525641384        0.0000000000000000     
   (4.87098913256560975E-002,1.96007511218235043E-018)
  -2.2439947525641384        3.1415926535897936     
        (1.5763151661450265,-1.91786300021858554E-016)
  -1.7951958020513106        0.0000000000000000     
  (4.44926308329328321E-002,-2.96398220553056106E-018)
  -1.7951958020513106        3.1415926535897936     
        (1.4386839214969938,-2.30472291331510737E-016)
  -1.3463968515384830        0.0000000000000000     
  (3.41222458178471952E-002,-1.28972824070441731E-017)
  -1.3463968515384830        3.1415926535897936     
        (1.3578162128592919,-2.07264287986893635E-016)
 -0.89759790102565529        0.0000000000000000     
  (1.98597550224008622E-002,-9.41215556437354206E-018)
 -0.89759790102565529        3.1415926535897936     
        (1.3305876908320733,-1.96814479050651846E-016)
 -0.44879895051282764        0.0000000000000000     
  (7.53332136108839697E-003,-1.14020687804550089E-017)
 -0.44879895051282764        3.1415926535897936     
        (1.3013745545884770,-2.09060543135074878E-016)
   0.0000000000000000        0.0000000000000000     
         (2.47985458194714464E-003,0.0000000000000000)
   0.0000000000000000        3.1415926535897936     
        (1.2687838064271766,-2.03637206633734635E-016)
  0.44879895051282764        0.0000000000000000     
   (7.53332136108839697E-003,1.14020687804550089E-017)
  0.44879895051282764        3.1415926535897936     
        (1.3013745545884770,-2.11685994783060491E-016)
  0.89759790102565529        0.0000000000000000     
   (1.98597550224008622E-002,9.41215556437354206E-018)
  0.89759790102565529        3.1415926535897936     
        (1.3305876908320733,-1.81595714472954328E-016)
   1.3463968515384830        0.0000000000000000     
   (3.41222458178471952E-002,1.28972824070441731E-017)
   1.3463968515384830        3.1415926535897936     
        (1.3578162128592919,-2.33445167315255638E-016)
   1.7951958020513106        0.0000000000000000     
   (4.44926308329328321E-002,2.96398220553056106E-018)
   1.7951958020513106        3.1415926535897936     
        (1.4386839214969938,-2.17987943624166227E-016)
   2.2439947525641384        0.0000000000000000     
  (4.87098913256560975E-002,-1.96007511218235043E-018)
   2.2439947525641384        3.1415926535897936     
        (1.5763151661450263,-3.21285905992466090E-016)
   2.6927937030769660        0.0000000000000000     
   (5.08275867214579430E-002,1.46537552269005142E-018)
   2.6927937030769660        3.1415926535897936     
        (1.7127578245511732,-2.58268924529814249E-016)
   3.1415926535897936        0.0000000000000000     
   (5.20019159582624374E-002,2.05946245032783532E-020)
   3.1415926535897936        3.1415926535897936     
        (1.9214514351908691,-3.28273879846419578E-016)
   1.0000000000000000                1          28
               (0.0000000000000000,0.0000000000000000)
  -2.6927937030769660        0.0000000000000000     
  (6.38992377146382212E-002,-2.20756265722168232E-017)
  -2.6927937030769660        3.1415926535897936     
        (1.7044532132505645,-3.14482382117909501E-016)
  -2.2439947525641384        0.0000000000000000     
  (5.62212751947334319E-002,-8.16803243023133301E-018)
  -2.2439947525641384        3.1415926535897936     
        (1.5840249456182538,-1.82503331357385120E-016)
  -1.7951958020513106        0.0000000000000000     
  (4.64132458620519772E-002,-2.26951493316622120E-017)
  -1.7951958020513106        3.1415926535897936     
        (1.4591160376653858,-2.51312017379864587E-016)
  -1.3463968515384830        0.0000000000000000     
  (3.36773085880259435E-002,-2.68782855459560841E-017)
  -1.3463968515384830        3.1415926535897936     
        (1.3508796167576793,-2.19405026316352676E-016)
 -0.89759790102565529        0.0000000000000000     
  (1.90422145616951678E-002,-1.93050436767129522E-018)
 -0.89759790102565529        3.1415926535897936     
        (1.3046224967004920,-2.13587699210320879E-016)
 -0.44879895051282764        0.0000000000000000     
  (3.60957460021872839E-003,-8.45181811432416181E-018)
 -0.44879895051282764        3.1415926535897936     
        (1.2743588293452330,-2.11655305518542806E-016)
   0.0000000000000000        0.0000000000000000     
        (-2.95041154105955914E-003,0.0000000000000000)
   0.0000000000000000        3.1415926535897936     
        (1.2694834610601744,-2.04622973074580120E-016)
  0.44879895051282764        0.0000000000000000     
   (3.60957460021872839E-003,8.45181811432416181E-018)
  0.44879895051282764        3.1415926535897936     
        (1.2743588293452330,-2.01718470891773881E-016)
  0.89759790102565529        0.0000000000000000     
   (1.90422145616951678E-002,1.93050436767129522E-018)
  0.89759790102565529        3.1415926535897936     
        (1.3046224967004922,-1.81835133436742029E-016)
   1.3463968515384830        0.0000000000000000     
   (3.36773085880259435E-002,2.68782855459560841E-017)
   1.3463968515384830        3.1415926535897936     
        (1.3508796167576793,-2.17598911425462781E-016)
   1.7951958020513106        0.0000000000000000     
   (4.64132458620519772E-002,2.26951493316622120E-017)
   1.7951958020513106        3.1415926535897936     
        (1.4591160376653858,-2.06801358482352442E-016)
   2.2439947525641384        0.0000000000000000     
   (5.62212751947334319E-002,8.16803243023133301E-018)
   2.2439947525641384        3.1415926535897936     
        (1.5840249456182536,-2.99107781480976844E-016)
   2.6927937030769660        0.0000000000000000     
   (6.38992377146382212E-002,2.20756265722168232E-017)
   2.6927937030769660        3.1415926535897936     
        (1.7044532132505645,-2.37801696725905613E-016)
   3.1415926535897936        0.0000000000000000     
   (6.76101137016190956E-002,2.18053983489716133E-019)
   3.1415926535897936        3.1415926535897936     
        (1.9162621182118935,-3.18643051107549105E-016)
