         101         157   20.000000000000000                1
     0.0000000        0.35714286        0.00000000
     0.1000000        0.26828821        0.00000000
     0.2000000        0.20241128        0.00000000
     0.3000000        0.15339491        0.00000000
     0.4000000        0.11678624        0.00000000
     0.5000000        0.08933638        0.00000000
     0.6000000        0.06866908        0.00000000
     0.7000000        0.05304182        0.00000000
     0.8000000        0.04117321        0.00000000
     0.9000000        0.03211824        0.00000000
     1.0000000        0.02517778        0.00000000
     1.1000000        0.01983290        0.00000000
     1.2000000        0.01569715        0.00000000
     1.3000000        0.01248165        0.00000000
     1.4000000        0.00996966        0.00000000
     1.5000000        0.00799794        0.00000000
     1.6000000        0.00644304        0.00000000
     1.7000000        0.00521119        0.00000000
     1.8000000        0.00423090        0.00000000
     1.9000000        0.00344741        0.00000000
     2.0000000        0.00281857        0.00000000
     2.1000000        0.00231182        0.00000000
     2.2000000        0.00190187        0.00000000
     2.3000000        0.00156902        0.00000000
     2.4000000        0.00129782        0.00000000
     2.5000000        0.00107612        0.00000000
     2.6000000        0.00089432        0.00000000
     2.7000000        0.00074481        0.00000000
     2.8000000        0.00062151        0.00000000
     2.9000000        0.00051957        0.00000000
     3.0000000        0.00043508        0.00000000
     3.1000000        0.00036490        0.00000000
     3.2000000        0.00030649        0.00000000
     3.3000000        0.00025777        0.00000000
     3.4000000        0.00021707        0.00000000
     3.5000000        0.00018300        0.00000000
     3.6000000        0.00015445        0.00000000
     3.7000000        0.00013048        0.00000000
     3.8000000        0.00011033        0.00000000
     3.9000000        0.00009338        0.00000000
     4.0000000        0.00007909        0.00000000
     4.1000000        0.00006704        0.00000000
     4.2000000        0.00005687        0.00000000
     4.3000000        0.00004827        0.00000000
     4.4000000        0.00004099        0.00000000
     4.5000000        0.00003483        0.00000000
     4.6000000        0.00002962        0.00000000
     4.7000000        0.00002519        0.00000000
     4.8000000        0.00002144        0.00000000
     4.9000000        0.00001826        0.00000000
     5.0000000        0.00001555        0.00000000
     5.1000000        0.00001325        0.00000000
     5.2000000        0.00001130        0.00000000
     5.3000000        0.00000964        0.00000000
     5.4000000        0.00000822        0.00000000
     5.5000000        0.00000702        0.00000000
     5.6000000        0.00000599        0.00000000
     5.7000000        0.00000512        0.00000000
     5.8000000        0.00000437        0.00000000
     5.9000000        0.00000373        0.00000000
     6.0000000        0.00000319        0.00000000
     6.1000000        0.00000273        0.00000000
     6.2000000        0.00000234        0.00000000
     6.3000000        0.00000200        0.00000000
     6.4000000        0.00000171        0.00000000
     6.5000000        0.00000147        0.00000000
     6.6000000        0.00000125        0.00000000
     6.7000000        0.00000108        0.00000000
     6.8000000        0.00000092        0.00000000
     6.9000000        0.00000079        0.00000000
     7.0000000        0.00000068        0.00000000
     7.1000000        0.00000058        0.00000000
     7.2000000        0.00000050        0.00000000
     7.3000000        0.00000043        0.00000000
     7.4000000        0.00000037        0.00000000
     7.5000000        0.00000032        0.00000000
     7.6000000        0.00000027        0.00000000
     7.7000000        0.00000024        0.00000000
     7.8000000        0.00000020        0.00000000
     7.9000000        0.00000018        0.00000000
     8.0000000        0.00000015        0.00000000
     8.1000000        0.00000013        0.00000000
     8.2000000        0.00000011        0.00000000
     8.3000000        0.00000010        0.00000000
     8.4000000        0.00000009        0.00000000
     8.5000000        0.00000007        0.00000000
     8.6000000        0.00000007        0.00000000
     8.7000000        0.00000006        0.00000000
     8.8000000        0.00000005        0.00000000
     8.9000000        0.00000004        0.00000000
     9.0000000        0.00000004        0.00000000
     9.1000000        0.00000004        0.00000000
     9.2000000        0.00000003        0.00000000
     9.3000000        0.00000003        0.00000000
     9.4000000        0.00000003        0.00000000
     9.5000000        0.00000002        0.00000000
     9.6000000        0.00000002        0.00000000
     9.7000000        0.00000002        0.00000000
     9.8000000        0.00000002        0.00000000
     9.9000000        0.00000002        0.00000000
    10.0000000        0.00000002        0.00000000
