     0.0000000        0.15634703        0.00034229
     0.0500000        0.12178783        0.00030243
     0.1000000        0.09521343        0.00026732
     0.1500000        0.07471278        0.00023079
     0.2000000        0.05889049        0.00020186
     0.2500000        0.04660834        0.00017825
     0.3000000        0.03706514        0.00015652
     0.3500000        0.02963738        0.00013598
     0.4000000        0.02384338        0.00011925
     0.4500000        0.01928653        0.00010651
     0.5000000        0.01570996        0.00009383
     0.5500000        0.01290226        0.00008316
     0.6000000        0.01067357        0.00007316
     0.6500000        0.00890427        0.00006549
     0.7000000        0.00750218        0.00005868
     0.7500000        0.00637675        0.00005310
     0.8000000        0.00547064        0.00004883
     0.8500000        0.00475576        0.00004400
     0.9000000        0.00418021        0.00004040
     0.9500000        0.00371663        0.00003663
     1.0000000        0.00334616        0.00003340
     1.0500000        0.00303755        0.00003090
     1.1000000        0.00278905        0.00002867
     1.1500000        0.00259016        0.00002668
     1.2000000        0.00243401        0.00002466
     1.2500000        0.00230008        0.00002395
     1.3000000        0.00218986        0.00002333
     1.3500000        0.00210038        0.00002275
     1.4000000        0.00202860        0.00002221
     1.4500000        0.00197084        0.00002197
     1.5000000        0.00192485        0.00002183
     1.5500000        0.00188496        0.00002176
     1.6000000        0.00185178        0.00002168
     1.6500000        0.00182083        0.00002163
     1.7000000        0.00179552        0.00002171
     1.7500000        0.00177326        0.00002162
     1.8000000        0.00175454        0.00002177
     1.8500000        0.00174083        0.00002195
     1.9000000        0.00172946        0.00002224
     1.9500000        0.00172132        0.00002278
     2.0000000        0.00171904        0.00002346
     2.0500000        0.00172135        0.00002405
     2.1000000        0.00172675        0.00002482
     2.1500000        0.00173645        0.00002539
     2.2000000        0.00175009        0.00002586
     2.2500000        0.00176983        0.00002656
     2.3000000        0.00179152        0.00002707
     2.3500000        0.00181216        0.00002757
     2.4000000        0.00184002        0.00002796
     2.4500000        0.00187651        0.00002866
     2.5000000        0.00192047        0.00002934
     2.5500000        0.00197383        0.00003023
     2.6000000        0.00203537        0.00003092
     2.6500000        0.00211392        0.00003119
     2.7000000        0.00221305        0.00003159
     2.7500000        0.00233622        0.00003142
     2.8000000        0.00248426        0.00003120
     2.8500000        0.00265857        0.00003206
     2.9000000        0.00286424        0.00003361
     2.9500000        0.00311170        0.00003516
     3.0000000        0.00341734        0.00003689
     3.0500000        0.00378734        0.00003888
     3.1000000        0.00424839        0.00004104
     3.1500000        0.00481940        0.00004346
     3.2000000        0.00552016        0.00004679
     3.2500000        0.00639761        0.00005085
     3.3000000        0.00750031        0.00005535
     3.3500000        0.00888233        0.00006140
     3.4000000        0.01063333        0.00006849
     3.4500000        0.01284899        0.00007845
     3.5000000        0.01564623        0.00009025
     3.5500000        0.01919554        0.00010358
     3.6000000        0.02373778        0.00011964
     3.6500000        0.02954751        0.00013694
     3.7000000        0.03696479        0.00015637
     3.7500000        0.04649312        0.00017803
     3.8000000        0.05874256        0.00020439
     3.8500000        0.07456123        0.00023188
     3.9000000        0.09505769        0.00026278
     3.9500000        0.12169141        0.00030196
     4.0000000        0.15634703        0.00034229
