     0.0000000        1.93298572        0.00319155
     0.1000000        1.24181515        0.00339789
     0.2000000        0.80492796        0.00453923
     0.3000000        0.51534772        0.00546377
     0.4000000        0.33057930        0.00441989
     0.5000000        0.21593184        0.00392656
     0.6000000        0.14383082        0.00284038
     0.7000000        0.09520928        0.00378313
     0.8000000        0.06242319        0.00468423
     0.9000000        0.04103711        0.00322330
     1.0000000        0.02529118        0.00238950
     1.1000000        0.01962681        0.00394982
     1.2000000        0.00984667        0.00193166
     1.3000000        0.00653106        0.00288663
     1.4000000        0.01072439        0.00387394
     1.5000000        0.00431062        0.00192155
     1.6000000        0.00464580        0.00171417
     1.7000000        0.00565105        0.00191324
     1.8000000        0.00231477        0.00316813
     1.9000000       -0.00058859        0.00256475
     2.0000000        0.00132156        0.00256459
     2.1000000       -0.00015770        0.00378999
     2.2000000        0.00242567        0.00116355
     2.3000000        0.00246805        0.00145933
     2.4000000        0.00077005        0.00126775
     2.5000000        0.00100060        0.00095639
     2.6000000        0.00112256        0.00103032
     2.7000000       -0.00044587        0.00090627
     2.8000000        0.00195652        0.00167849
     2.9000000        0.00054320        0.00091524
     3.0000000        0.00100556        0.00107344
     3.1000000        0.00048434        0.00066680
     3.2000000        0.00065821        0.00064150
     3.3000000        0.00142784        0.00075647
     3.4000000        0.00037113        0.00093289
     3.5000000        0.00071730        0.00085871
     3.6000000        0.00157467        0.00088160
     3.7000000        0.00071593        0.00143941
     3.8000000        0.00000562        0.00102584
     3.9000000       -0.00185656        0.00134705
     4.0000000       -0.00126186        0.00066923
     4.1000000       -0.00106575        0.00050357
     4.2000000       -0.00073830        0.00078322
     4.3000000       -0.00028531        0.00060983
     4.4000000       -0.00072806        0.00046194
     4.5000000       -0.00072592        0.00061457
     4.6000000       -0.00054116        0.00035700
     4.7000000       -0.00001519        0.00026992
     4.8000000        0.00005512        0.00025241
     4.9000000       -0.00010345        0.00046683
     5.0000000       -0.00057458        0.00060410
     5.1000000       -0.00059280        0.00066798
     5.2000000        0.00025833        0.00036608
     5.3000000        0.00001158        0.00051474
     5.4000000       -0.00018339        0.00034575
     5.5000000       -0.00016019        0.00018013
     5.6000000        0.00003827        0.00047733
     5.7000000        0.00047342        0.00042221
     5.8000000        0.00025814        0.00047230
     5.9000000       -0.00037512        0.00036663
     6.0000000       -0.00014616        0.00033020
     6.1000000       -0.00013144        0.00029447
     6.2000000       -0.00025123        0.00018383
     6.3000000        0.00037489        0.00042222
     6.4000000        0.00044456        0.00070484
     6.5000000        0.00012249        0.00046252
     6.6000000       -0.00002844        0.00069991
     6.7000000       -0.00032359        0.00029296
     6.8000000       -0.00073231        0.00047923
     6.9000000       -0.00163811        0.00071714
     7.0000000       -0.00193537        0.00078219
     7.1000000       -0.00193539        0.00080388
     7.2000000       -0.00016018        0.00051038
     7.3000000        0.00030779        0.00124145
     7.4000000        0.00041268        0.00105796
     7.5000000        0.00062968        0.00097708
     7.6000000        0.00015091        0.00063414
     7.7000000       -0.00136508        0.00094931
     7.8000000       -0.00153778        0.00179777
     7.9000000       -0.00095196        0.00073941
     8.0000000       -0.00091694        0.00129616
     8.1000000       -0.00167863        0.00148243
     8.2000000       -0.00221646        0.00109997
     8.3000000       -0.00187003        0.00150445
     8.4000000       -0.00063667        0.00133792
     8.5000000       -0.00074025        0.00113073
     8.6000000       -0.00035649        0.00173497
     8.7000000       -0.00092948        0.00173982
     8.8000000       -0.00151353        0.00185208
     8.9000000       -0.00125798        0.00266094
     9.0000000       -0.00095068        0.00278304
     9.1000000        0.00015684        0.00206796
     9.2000000        0.00036266        0.00149054
     9.3000000        0.00215209        0.00198242
     9.4000000        0.00143935        0.00191283
     9.5000000        0.00605315        0.00118844
     9.6000000        0.00447064        0.00275435
     9.7000000        0.00947233        0.00305278
     9.8000000        0.01884757        0.00335491
     9.9000000        0.03552244        0.00332568
    10.0000000        0.06701428        0.00319155
