     0.0000000        1.98766541        1.30964101
     0.1000000        1.25772714        0.59737289
     0.2000000        1.56743254        1.09263468
     0.3000000        2.73849392        2.26656887
     0.4000000        0.86574155        0.38542113
     0.5000000        2.07502830        1.83907607
     0.6000000        0.94166903        0.72859694
     0.7000000        2.09564990        1.82508197
     0.8000000        0.43913408        0.18445430
     0.9000000        0.24718814        0.13354178
     1.0000000       -0.13607556        0.36145677
     1.1000000       -0.24247719        0.36918154
     1.2000000       -0.56305869        0.69227638
     1.3000000       -0.25743017        0.30004418
     1.4000000       -0.39859233        0.52911623
     1.5000000       -0.05264324        0.24803677
     1.6000000        0.11140969        0.05845382
     1.7000000        0.24814892        0.10095300
     1.8000000        0.19625771        0.11631627
     1.9000000        0.26058816        0.14067529
     2.0000000        0.17281777        0.11389029
     2.1000000        0.09663703        0.09822344
     2.2000000        0.08392972        0.08792447
     2.3000000        0.01374471        0.03965777
     2.4000000        0.05302018        0.10323163
     2.5000000        0.03676834        0.04263864
     2.6000000        0.06371221        0.08151644
     2.7000000        0.03048263        0.03208783
     2.8000000        0.07421368        0.06821559
     2.9000000        0.02713396        0.04491207
     3.0000000       -0.03632685        0.05100975
     3.1000000       -0.01890509        0.05217070
     3.2000000       -0.05069540        0.05303997
     3.3000000       -0.01866150        0.01440244
     3.4000000       -0.04037568        0.02951977
     3.5000000       -0.01896625        0.02113782
     3.6000000       -0.03677253        0.04308792
     3.7000000       -0.02430994        0.04095873
     3.8000000        0.04860831        0.04390540
     3.9000000       -0.03974009        0.05562559
     4.0000000       -0.06398844        0.07723569
     4.1000000       -0.05826116        0.05430606
     4.2000000       -0.24129262        0.19508999
     4.3000000       -0.59919467        0.33493006
     4.4000000       -0.69275001        0.70483129
     4.5000000        0.94144493        1.04675855
     4.6000000        0.27073976        0.26554704
     4.7000000        0.19103012        0.17704606
     4.8000000        0.25436978        0.26935513
     4.9000000        0.13183945        0.10738128
     5.0000000        0.04069905        0.03850347
     5.1000000       -0.01499114        0.03968414
     5.2000000       -0.05019095        0.03615477
     5.3000000        0.09013686        0.08630722
     5.4000000       -0.23644007        0.23740627
     5.5000000       -0.11996947        0.06719325
     5.6000000        0.00134959        0.05711733
     5.7000000       -0.02183473        0.05031922
     5.8000000        0.02577384        0.08994101
     5.9000000       -0.06617828        0.10080013
     6.0000000       -0.00264803        0.02821452
     6.1000000        0.03822286        0.05717324
     6.2000000        0.15134064        0.08942843
     6.3000000        0.11896984        0.08293903
     6.4000000        0.03595605        0.17070667
     6.5000000        0.13790314        0.22396314
     6.6000000        0.37658955        0.40703384
     6.7000000        0.16004322        0.26359118
     6.8000000        0.58180175        0.68088536
     6.9000000        0.13588927        0.33422699
     7.0000000        0.21871352        0.59431679
     7.1000000       -0.93268199        0.78576193
     7.2000000        0.28891619        0.57219142
     7.3000000        0.18882239        0.17107831
     7.4000000        0.53897324        0.56484202
     7.5000000        0.65856060        0.48964979
     7.6000000        1.19684635        1.07947941
     7.7000000        2.74559874        2.92726827
     7.8000000        1.46803760        1.46285893
     7.9000000        0.45501875        0.60479814
     8.0000000        0.34127272        0.24014564
     8.1000000        0.45674021        0.26633247
     8.2000000        0.03501189        0.07868667
     8.3000000       -0.41172889        0.37005548
     8.4000000       -0.37936777        0.34273535
     8.5000000       -0.20574048        0.25355116
     8.6000000        0.02856123        0.15396705
     8.7000000       -0.05385530        0.10569831
     8.8000000        0.11796360        0.14571352
     8.9000000        0.27432177        0.20141518
     9.0000000        0.24173819        0.09410518
     9.1000000        0.15980844        0.11558173
     9.2000000        0.16216358        0.08539961
     9.3000000        0.25704496        0.13901345
     9.4000000        0.30107302        0.08967084
     9.5000000        0.23951074        0.11136937
     9.6000000        0.43431575        0.37606605
     9.7000000        0.27248747        0.24774215
     9.8000000       -0.48173225        0.99939097
     9.9000000        0.84894363        0.24323068
    10.0000000        1.98766541        1.30964101
