     0.0000000        0.06388347        0.02403935
     0.1000000        0.03887202        0.02173363
     0.2000000        0.05493771        0.01982375
     0.3000000        0.05020778        0.01959510
     0.4000000        0.05608113        0.01323784
     0.5000000        0.07596095        0.03161719
     0.6000000        0.01632208        0.03051803
     0.7000000        0.02926960        0.04991098
     0.8000000        0.09849479        0.14422589
     0.9000000        0.00461969        0.05552104
     1.0000000        0.06421579        0.03403245
     1.1000000        0.08420864        0.05378521
     1.2000000        0.01390357        0.02493487
     1.3000000       -0.02692897        0.06765710
     1.4000000       -0.12130596        0.11767175
     1.5000000       -0.06433669        0.05140962
     1.6000000       -0.01377465        0.02339590
     1.7000000       -0.02956886        0.04943752
     1.8000000       -0.00122563        0.02537832
     1.9000000       -0.06619703        0.07011754
     2.0000000       -0.08265436        0.10678781
     2.1000000        0.11858890        0.09960141
     2.2000000        0.00628805        0.01951089
     2.3000000        0.01222283        0.01713054
     2.4000000        0.00661513        0.01156132
     2.5000000       -0.00868252        0.01289876
     2.6000000        0.01357340        0.01666152
     2.7000000       -0.00637506        0.01210171
     2.8000000       -0.02798568        0.02718463
     2.9000000       -0.00476918        0.00218047
     3.0000000       -0.01704236        0.02530600
     3.1000000        0.00823874        0.00652135
     3.2000000        0.01444707        0.00770973
     3.3000000        0.00550923        0.00846584
     3.4000000        0.00211249        0.00439966
     3.5000000        0.01241295        0.00858574
     3.6000000        0.00296597        0.00341038
     3.7000000        0.00322804        0.02088697
     3.8000000        0.03723792        0.04513682
     3.9000000        0.10292011        0.11313220
     4.0000000        0.00579250        0.00554650
     4.1000000        0.01442565        0.00773014
     4.2000000        0.00372604        0.00824485
     4.3000000        0.00154688        0.00285923
     4.4000000        0.00405764        0.00586768
     4.5000000        0.00366142        0.00194981
     4.6000000        0.00644954        0.00350990
     4.7000000        0.00265513        0.00450840
     4.8000000       -0.00084381        0.00227965
     4.9000000       -0.00251533        0.00335269
     5.0000000       -0.00537888        0.00848906
     5.1000000       -0.01487072        0.01964214
     5.2000000        0.00420483        0.00364418
     5.3000000       -0.00113939        0.00261781
     5.4000000        0.00747804        0.01304168
     5.5000000        0.00406383        0.00548239
     5.6000000        0.01485580        0.01712372
     5.7000000        0.00836227        0.00549684
     5.8000000        0.00380430        0.00279555
     5.9000000        0.00336640        0.00167700
     6.0000000        0.00373116        0.00220293
     6.1000000        0.00263797        0.00121068
     6.2000000       -0.00161726        0.00313300
     6.3000000        0.00538566        0.00560145
     6.4000000        0.00605192        0.01203782
     6.5000000        0.01505974        0.00778429
     6.6000000        0.02500602        0.01318124
     6.7000000        0.00689382        0.00696163
     6.8000000       -0.00876549        0.01133255
     6.9000000        0.00954827        0.01283286
     7.0000000       -0.01334534        0.01198272
     7.1000000        0.00085113        0.01053686
     7.2000000       -0.00869432        0.01060618
     7.3000000       -0.02291768        0.02031111
     7.4000000       -0.01942985        0.01536812
     7.5000000        0.00344174        0.00875182
     7.6000000        0.02108553        0.02062105
     7.7000000        0.00232700        0.00786445
     7.8000000       -0.02500060        0.01987058
     7.9000000        0.00061751        0.00671946
     8.0000000       -0.01046280        0.01010162
     8.1000000        0.01503748        0.03673631
     8.2000000       -0.00586219        0.01332701
     8.3000000       -0.00010287        0.02767733
     8.4000000        0.00447174        0.02312186
     8.5000000       -0.01623969        0.00519026
     8.6000000       -0.01769720        0.01429428
     8.7000000       -0.01482039        0.02364492
     8.8000000       -0.02911123        0.02476103
     8.9000000       -0.03291652        0.04157113
     9.0000000       -0.08543017        0.10482145
     9.1000000       -0.01914230        0.02125978
     9.2000000        0.01229938        0.03245173
     9.3000000        0.07044528        0.02715287
     9.4000000        0.02940954        0.01305570
     9.5000000        0.03376509        0.02873144
     9.6000000        0.05505002        0.02820875
     9.7000000        0.04285031        0.02027753
     9.8000000        0.01860180        0.02170444
     9.9000000        0.04722985        0.02180762
    10.0000000        0.06388347        0.02403935
