     0.0000000        0.20220866        0.00085719
     0.1000000        0.14547862        0.00083466
     0.2000000        0.10620007        0.00083345
     0.3000000        0.07965395        0.00077418
     0.4000000        0.06076879        0.00077639
     0.5000000        0.04809734        0.00074270
     0.6000000        0.03846587        0.00078674
     0.7000000        0.03185956        0.00078480
     0.8000000        0.02745146        0.00086853
     0.9000000        0.02387999        0.00069324
     1.0000000        0.02147375        0.00070124
     1.1000000        0.01936549        0.00066242
     1.2000000        0.01804466        0.00066385
     1.3000000        0.01790650        0.00065920
     1.4000000        0.01795620        0.00061874
     1.5000000        0.01714398        0.00066561
     1.6000000        0.01846748        0.00063648
     1.7000000        0.01982362        0.00063399
     1.8000000        0.02226473        0.00057245
     1.9000000        0.02481121        0.00064990
     2.0000000        0.02824029        0.00064602
     2.1000000        0.03210445        0.00068260
     2.2000000        0.03684152        0.00071613
     2.3000000        0.04299344        0.00076324
     2.4000000        0.05043919        0.00074843
     2.5000000        0.06024133        0.00078622
     2.6000000        0.07325457        0.00080998
     2.7000000        0.08844795        0.00079967
     2.8000000        0.10799268        0.00087254
     2.9000000        0.13170294        0.00092593
     3.0000000        0.16266509        0.00096497
     3.1000000        0.20285529        0.00096535
     3.2000000        0.25355999        0.00104917
     3.3000000        0.31901647        0.00106943
     3.4000000        0.40205266        0.00102151
     3.5000000        0.51030077        0.00099932
     3.6000000        0.65091744        0.00103650
     3.7000000        0.83256111        0.00101195
     3.8000000        1.07060168        0.00099423
     3.9000000        1.38454007        0.00096939
     4.0000000        1.79779134        0.00085719
