     0.0000000        0.45556481        0.02306568
     0.1000000        0.37235474        0.02183774
     0.2000000        0.30582134        0.01965902
     0.3000000        0.25209147        0.01767126
     0.4000000        0.21275516        0.01573756
     0.5000000        0.18324453        0.01347503
     0.6000000        0.16049623        0.01268318
     0.7000000        0.13763128        0.01170064
     0.8000000        0.11660104        0.00970063
     0.9000000        0.10080462        0.00941606
     1.0000000        0.08858158        0.00921732
     1.1000000        0.07529265        0.01013174
     1.2000000        0.05970600        0.01069496
     1.3000000        0.04889327        0.01158659
     1.4000000        0.03965237        0.01077648
     1.5000000        0.03403115        0.01082567
     1.6000000        0.03191997        0.01125536
     1.7000000        0.02920455        0.01057089
     1.8000000        0.02769771        0.01026187
     1.9000000        0.02717805        0.01000172
     2.0000000        0.02413193        0.00892131
     2.1000000        0.02150998        0.00857447
     2.2000000        0.02294065        0.00863903
     2.3000000        0.02365225        0.00976255
     2.4000000        0.02232775        0.00986996
     2.5000000        0.02064186        0.00937682
     2.6000000        0.01535601        0.00876572
     2.7000000        0.01298716        0.00862859
     2.8000000        0.01166606        0.00819375
     2.9000000        0.01142063        0.00874537
     3.0000000        0.01201075        0.00839675
     3.1000000        0.01326700        0.00872423
     3.2000000        0.01401791        0.00902092
     3.3000000        0.01535532        0.00927539
     3.4000000        0.01359060        0.00872682
     3.5000000        0.01094511        0.00855734
     3.6000000        0.00776415        0.00962653
     3.7000000        0.00818519        0.01041847
     3.8000000        0.00683227        0.01174691
     3.9000000        0.00414308        0.01261642
     4.0000000        0.00290493        0.01326456
     4.1000000        0.00685112        0.01341728
     4.2000000        0.00680062        0.01284665
     4.3000000        0.00481119        0.01380215
     4.4000000        0.00576825        0.01482655
     4.5000000        0.00744205        0.01551923
     4.6000000        0.00806911        0.01649676
     4.7000000        0.00927702        0.01583765
     4.8000000        0.00795383        0.01464303
     4.9000000        0.00696041        0.01344953
     5.0000000        0.00343572        0.01183863
     5.1000000        0.00064188        0.01139552
     5.2000000        0.00351810        0.01171994
     5.3000000        0.00396043        0.01164227
     5.4000000        0.00758987        0.01163324
     5.5000000        0.01275266        0.01205647
     5.6000000        0.01345010        0.01258935
     5.7000000        0.01345118        0.01229020
     5.8000000        0.01608013        0.01242160
     5.9000000        0.01842750        0.01304984
     6.0000000        0.01995478        0.01413727
     6.1000000        0.01988478        0.01474279
     6.2000000        0.02266322        0.01419696
     6.3000000        0.02250509        0.01357279
     6.4000000        0.02133927        0.01356196
     6.5000000        0.02182819        0.01498302
     6.6000000        0.02300627        0.01577249
     6.7000000        0.02330491        0.01560030
     6.8000000        0.02622971        0.01528366
     6.9000000        0.02883203        0.01533720
     7.0000000        0.03234104        0.01484042
     7.1000000        0.03650357        0.01419625
     7.2000000        0.03779961        0.01340748
     7.3000000        0.03971329        0.01307707
     7.4000000        0.04061997        0.01252649
     7.5000000        0.04073532        0.01192434
     7.6000000        0.04298554        0.01100426
     7.7000000        0.04580372        0.01107010
     7.8000000        0.04891437        0.01163195
     7.9000000        0.05017556        0.01132018
     8.0000000        0.05031533        0.01078429
     8.1000000        0.05059978        0.01079012
     8.2000000        0.05446841        0.01106106
     8.3000000        0.06069033        0.01047059
     8.4000000        0.06596538        0.00983959
     8.5000000        0.07141991        0.01076838
     8.6000000        0.07657450        0.01111653
     8.7000000        0.08454964        0.01288947
     8.8000000        0.09265937        0.01515950
     8.9000000        0.10260750        0.01592151
     9.0000000        0.11366778        0.01498547
     9.1000000        0.12344865        0.01612578
     9.2000000        0.13770994        0.01757529
     9.3000000        0.15270207        0.01749393
     9.4000000        0.16939228        0.01719462
     9.5000000        0.19311048        0.01690218
     9.6000000        0.22194396        0.01699396
     9.7000000        0.26042910        0.01862258
     9.8000000        0.30785340        0.02067960
     9.9000000        0.37188875        0.02225160
    10.0000000        0.45556481        0.02306568
