     0.0000000        0.05197939        0.00336685
     0.1000000        0.03422919        0.00288086
     0.2000000        0.02278782        0.00305499
     0.3000000        0.01783372        0.00241872
     0.4000000        0.01510481        0.00269603
     0.5000000        0.01102646        0.00318132
     0.6000000        0.01140839        0.00380089
     0.7000000        0.00811810        0.00239710
     0.8000000        0.00691937        0.00284232
     0.9000000        0.00387900        0.00216903
     1.0000000        0.00483236        0.00298130
     1.1000000        0.00349233        0.00235836
     1.2000000        0.00234136        0.00192339
     1.3000000        0.00466243        0.00226828
     1.4000000        0.00533397        0.00228606
     1.5000000        0.00089984        0.00303096
     1.6000000       -0.00046182        0.00325879
     1.7000000       -0.00139785        0.00455594
     1.8000000        0.00097816        0.00354059
     1.9000000        0.00000714        0.00207086
     2.0000000        0.00175576        0.00179826
     2.1000000        0.00302324        0.00235477
     2.2000000        0.00331257        0.00275457
     2.3000000       -0.00039438        0.00286031
     2.4000000        0.00094191        0.00292647
     2.5000000       -0.00126713        0.00245499
     2.6000000       -0.00253462        0.00263005
     2.7000000       -0.00073540        0.00239910
     2.8000000        0.00250933        0.00298606
     2.9000000        0.00006639        0.00255809
     3.0000000        0.00178166        0.00220693
     3.1000000        0.00051044        0.00267755
     3.2000000        0.00223346        0.00171639
     3.3000000        0.00063207        0.00228740
     3.4000000        0.00113456        0.00224703
     3.5000000        0.00262254        0.00289472
     3.6000000        0.00420043        0.00270546
     3.7000000        0.00420361        0.00253183
     3.8000000        0.00061710        0.00229504
     3.9000000        0.00178644        0.00189010
     4.0000000        0.00084648        0.00215341
     4.1000000        0.00047927        0.00234109
     4.2000000       -0.00029060        0.00229158
     4.3000000        0.00273824        0.00158227
     4.4000000        0.00155714        0.00211665
     4.5000000       -0.00027563        0.00315864
     4.6000000        0.00019428        0.00281813
     4.7000000       -0.00088525        0.00308634
     4.8000000        0.00040233        0.00355416
     4.9000000       -0.00030571        0.00314566
     5.0000000       -0.00043213        0.00310999
     5.1000000        0.00215369        0.00265936
     5.2000000        0.00232877        0.00198895
     5.3000000       -0.00069850        0.00203206
     5.4000000        0.00147196        0.00200087
     5.5000000        0.00037745        0.00218499
     5.6000000       -0.00055600        0.00195923
     5.7000000       -0.00010805        0.00136422
     5.8000000       -0.00123652        0.00110741
     5.9000000       -0.00007579        0.00176264
     6.0000000       -0.00146669        0.00229712
     6.1000000       -0.00046918        0.00200390
     6.2000000       -0.00011872        0.00116313
     6.3000000       -0.00220375        0.00142368
     6.4000000       -0.00049765        0.00237674
     6.5000000       -0.00264174        0.00187054
     6.6000000       -0.00169561        0.00217827
     6.7000000       -0.00120302        0.00162407
     6.8000000       -0.00246365        0.00165810
     6.9000000       -0.00207197        0.00236845
     7.0000000       -0.00472305        0.00182323
     7.1000000       -0.00580375        0.00199127
     7.2000000       -0.00320284        0.00148643
     7.3000000       -0.00269664        0.00168437
     7.4000000       -0.00327612        0.00207928
     7.5000000       -0.00235286        0.00211705
     7.6000000       -0.00099863        0.00214403
     7.7000000       -0.00236172        0.00313801
     7.8000000       -0.00129230        0.00302757
     7.9000000        0.00007815        0.00185365
     8.0000000       -0.00167855        0.00256340
     8.1000000        0.00046255        0.00159817
     8.2000000        0.00119695        0.00145461
     8.3000000        0.00160928        0.00159367
     8.4000000        0.00137322        0.00141909
     8.5000000        0.00073606        0.00097636
     8.6000000        0.00185475        0.00136659
     8.7000000        0.00040429        0.00140599
     8.8000000       -0.00028468        0.00134615
     8.9000000       -0.00099969        0.00124191
     9.0000000        0.00057678        0.00095848
     9.1000000        0.00019850        0.00121025
     9.2000000        0.00016665        0.00109159
     9.3000000        0.00016475        0.00117228
     9.4000000        0.00022407        0.00129316
     9.5000000       -0.00098310        0.00099273
     9.6000000       -0.00144507        0.00132849
     9.7000000       -0.00190026        0.00221611
     9.8000000       -0.00340755        0.00179596
     9.9000000       -0.00256146        0.00151161
    10.0000000       -0.00142081        0.00109077
    10.1000000       -0.00217836        0.00132180
    10.2000000       -0.00258534        0.00146969
    10.3000000       -0.00280267        0.00160176
    10.4000000       -0.00250917        0.00103420
    10.5000000       -0.00120565        0.00142048
    10.6000000       -0.00195383        0.00114740
    10.7000000       -0.00218404        0.00198105
    10.8000000       -0.00161735        0.00181501
    10.9000000       -0.00205077        0.00133437
    11.0000000       -0.00134916        0.00124793
    11.1000000        0.00050016        0.00123952
    11.2000000       -0.00013252        0.00113440
    11.3000000        0.00031602        0.00107276
    11.4000000       -0.00057830        0.00132602
    11.5000000       -0.00148276        0.00142242
    11.6000000       -0.00167054        0.00111479
    11.7000000        0.00015307        0.00141157
    11.8000000       -0.00010351        0.00113245
    11.9000000       -0.00116252        0.00126506
    12.0000000       -0.00129495        0.00158707
    12.1000000       -0.00153188        0.00142251
    12.2000000        0.00031665        0.00109215
    12.3000000       -0.00009490        0.00102850
    12.4000000        0.00106312        0.00088310
    12.5000000        0.00088848        0.00156823
    12.6000000        0.00126323        0.00122815
    12.7000000        0.00048044        0.00161903
    12.8000000        0.00035288        0.00145754
    12.9000000       -0.00019786        0.00128814
    13.0000000        0.00031848        0.00128728
    13.1000000       -0.00088887        0.00114145
    13.2000000       -0.00016776        0.00117109
    13.3000000        0.00070498        0.00168829
    13.4000000        0.00084070        0.00175651
    13.5000000        0.00257796        0.00243112
    13.6000000        0.00461335        0.00310992
    13.7000000        0.00269721        0.00306392
    13.8000000        0.00161652        0.00238566
    13.9000000       -0.00105241        0.00228221
    14.0000000       -0.00222394        0.00178179
    14.1000000       -0.00120108        0.00226315
    14.2000000       -0.00089201        0.00310175
    14.3000000       -0.00073928        0.00353893
    14.4000000       -0.00051831        0.00413488
    14.5000000       -0.00117466        0.00281515
    14.6000000        0.00133533        0.00180458
    14.7000000        0.00108312        0.00189928
    14.8000000        0.00554567        0.00457487
    14.9000000        0.00843602        0.00500914
    15.0000000        0.00546796        0.00605268
    15.1000000        0.01509578        0.01509310
    15.2000000        0.03395780        0.03340284
    15.3000000        0.03549190        0.03635779
    15.4000000        0.02379157        0.02378349
    15.5000000        0.01092183        0.00796420
    15.6000000        0.01337921        0.01107374
    15.7000000        0.01182103        0.00702089
    15.8000000        0.00491881        0.00279482
    15.9000000        0.00812742        0.00543024
    16.0000000        0.00565127        0.00198800
    16.1000000        0.00030956        0.00161634
    16.2000000        0.00675369        0.00696092
    16.3000000        0.00559619        0.00491996
    16.4000000        0.00585637        0.00489853
    16.5000000        0.00173055        0.00346715
    16.6000000        0.00793387        0.00777127
    16.7000000        0.00685194        0.00606623
    16.8000000        0.00754713        0.00521537
    16.9000000        0.00516462        0.00330423
    17.0000000        0.00452935        0.00337663
    17.1000000        0.00869288        0.00242904
    17.2000000        0.00609269        0.00286071
    17.3000000        0.00256918        0.00366833
    17.4000000        0.00437573        0.00304160
    17.5000000        0.00309443        0.00187056
    17.6000000       -0.00301135        0.00261850
    17.7000000       -0.00086180        0.00308519
    17.8000000       -0.00309218        0.00265931
    17.9000000       -0.00149907        0.00305955
    18.0000000        0.00383349        0.00298480
    18.1000000        0.00295121        0.00334119
    18.2000000        0.00432058        0.00337265
    18.3000000        0.00771105        0.00254558
    18.4000000        0.00861650        0.00345436
    18.5000000        0.00996225        0.00340743
    18.6000000        0.02021482        0.00293424
    18.7000000        0.02456874        0.00241329
    18.8000000        0.03320228        0.00203044
    18.9000000        0.04305942        0.00230328
    19.0000000        0.06033397        0.00268115
    19.1000000        0.07383850        0.00237859
    19.2000000        0.09965141        0.00397276
    19.3000000        0.12818456        0.00357011
    19.4000000        0.17009466        0.00364833
    19.5000000        0.22410067        0.00534289
    19.6000000        0.29584401        0.00729274
    19.7000000        0.38685024        0.00693484
    19.8000000        0.52024607        0.00511333
    19.9000000        0.70176324        0.00367207
    20.0000000        0.94802061        0.00336685
