     0.0000000        0.47577874        0.00209838
     0.1000000        0.37362210        0.00280667
     0.2000000        0.29413983        0.00301278
     0.3000000        0.23558404        0.00272583
     0.4000000        0.19173226        0.00233472
     0.5000000        0.15723269        0.00242590
     0.6000000        0.12870339        0.00295061
     0.7000000        0.10994684        0.00292421
     0.8000000        0.09067383        0.00222343
     0.9000000        0.07663445        0.00190088
     1.0000000        0.06419022        0.00143028
     1.1000000        0.05568968        0.00182559
     1.2000000        0.04770675        0.00140519
     1.3000000        0.04073047        0.00143171
     1.4000000        0.03645622        0.00180342
     1.5000000        0.03040493        0.00199406
     1.6000000        0.02667752        0.00176532
     1.7000000        0.02390766        0.00158129
     1.8000000        0.02048091        0.00170842
     1.9000000        0.01598168        0.00187144
     2.0000000        0.01357572        0.00183669
     2.1000000        0.01123123        0.00132285
     2.2000000        0.01118956        0.00131443
     2.3000000        0.01040529        0.00138897
     2.4000000        0.00898018        0.00158507
     2.5000000        0.00680901        0.00144513
     2.6000000        0.00568452        0.00144103
     2.7000000        0.00523490        0.00104482
     2.8000000        0.00360138        0.00083443
     2.9000000        0.00353854        0.00099373
     3.0000000        0.00340856        0.00093266
     3.1000000        0.00363211        0.00098968
     3.2000000        0.00366968        0.00100563
     3.3000000        0.00226190        0.00068914
     3.4000000        0.00193525        0.00110121
     3.5000000        0.00168721        0.00110917
     3.6000000        0.00169131        0.00100086
     3.7000000        0.00182877        0.00083101
     3.8000000        0.00156680        0.00103381
     3.9000000       -0.00006662        0.00117544
     4.0000000        0.00027948        0.00132893
     4.1000000        0.00064609        0.00198164
     4.2000000        0.00184580        0.00216138
     4.3000000        0.00158715        0.00111043
     4.4000000        0.00223695        0.00089921
     4.5000000        0.00114537        0.00111248
     4.6000000        0.00132723        0.00098674
     4.7000000       -0.00029533        0.00140568
     4.8000000        0.00007763        0.00109084
     4.9000000       -0.00129231        0.00102373
     5.0000000       -0.00033030        0.00084566
     5.1000000       -0.00096084        0.00114727
     5.2000000        0.00045336        0.00107812
     5.3000000        0.00065696        0.00116105
     5.4000000        0.00115620        0.00121757
     5.5000000        0.00069326        0.00119921
     5.6000000        0.00101199        0.00112474
     5.7000000        0.00150870        0.00089649
     5.8000000        0.00096422        0.00119040
     5.9000000        0.00009316        0.00126866
     6.0000000       -0.00062641        0.00115068
     6.1000000       -0.00014242        0.00138924
     6.2000000        0.00020188        0.00128898
     6.3000000       -0.00134068        0.00133026
     6.4000000       -0.00126445        0.00104574
     6.5000000       -0.00139770        0.00098312
     6.6000000       -0.00139805        0.00078291
     6.7000000       -0.00131304        0.00097615
     6.8000000       -0.00231292        0.00118254
     6.9000000       -0.00117039        0.00120141
     7.0000000       -0.00150254        0.00103665
     7.1000000       -0.00102313        0.00125213
     7.2000000       -0.00128110        0.00070697
     7.3000000       -0.00070405        0.00080190
     7.4000000        0.00030165        0.00090622
     7.5000000        0.00049450        0.00084608
     7.6000000        0.00029412        0.00073593
     7.7000000       -0.00012724        0.00087955
     7.8000000       -0.00126515        0.00079059
     7.9000000       -0.00026389        0.00103936
     8.0000000        0.00119121        0.00300353
     8.1000000       -0.00002686        0.00157063
     8.2000000       -0.00075607        0.00068646
     8.3000000        0.00196470        0.00213940
     8.4000000        0.00096846        0.00115931
     8.5000000        0.00060632        0.00070042
     8.6000000        0.00000497        0.00106727
     8.7000000        0.00042205        0.00083507
     8.8000000        0.00074468        0.00122895
     8.9000000       -0.00021667        0.00077182
     9.0000000       -0.00050421        0.00062110
     9.1000000        0.00006228        0.00069261
     9.2000000        0.00007249        0.00074929
     9.3000000        0.00004596        0.00077735
     9.4000000        0.00071090        0.00131506
     9.5000000        0.00021605        0.00087290
     9.6000000       -0.00078240        0.00061707
     9.7000000        0.00014272        0.00070804
     9.8000000        0.00067758        0.00113156
     9.9000000        0.00044544        0.00079500
    10.0000000       -0.00249029        0.00250618
    10.1000000       -0.00109598        0.00195784
    10.2000000       -0.00281068        0.00287969
    10.3000000       -0.00682591        0.00565730
    10.4000000       -0.00367083        0.00285762
    10.5000000       -0.00650253        0.00489555
    10.6000000       -0.00214103        0.00205307
    10.7000000       -0.00260175        0.00263422
    10.8000000       -0.00147853        0.00123557
    10.9000000       -0.00067967        0.00106705
    11.0000000       -0.00038636        0.00099529
    11.1000000        0.00011572        0.00054028
    11.2000000        0.00023699        0.00058292
    11.3000000        0.00049828        0.00076227
    11.4000000        0.00078947        0.00049838
    11.5000000        0.00130204        0.00070446
    11.6000000        0.00114737        0.00077124
    11.7000000        0.00011787        0.00037724
    11.8000000        0.00010297        0.00096423
    11.9000000       -0.00023759        0.00098147
    12.0000000       -0.00036981        0.00052968
    12.1000000       -0.00055509        0.00079128
    12.2000000        0.00002266        0.00071472
    12.3000000        0.00019317        0.00087138
    12.4000000        0.00038811        0.00088554
    12.5000000        0.00046378        0.00074866
    12.6000000        0.00077040        0.00076880
    12.7000000        0.00044433        0.00098244
    12.8000000       -0.00068891        0.00058814
    12.9000000       -0.00032115        0.00070924
    13.0000000        0.00004448        0.00063907
    13.1000000        0.00057284        0.00049002
    13.2000000        0.00005479        0.00073426
    13.3000000        0.00073248        0.00091822
    13.4000000        0.00035104        0.00073055
    13.5000000       -0.00000995        0.00073034
    13.6000000       -0.00004526        0.00066142
    13.7000000       -0.00048932        0.00096185
    13.8000000        0.00002616        0.00090761
    13.9000000        0.00115339        0.00078126
    14.0000000        0.00128676        0.00065143
    14.1000000        0.00122144        0.00091868
    14.2000000        0.00168665        0.00090272
    14.3000000        0.00210238        0.00084413
    14.4000000        0.00108552        0.00068991
    14.5000000        0.00178743        0.00119319
    14.6000000        0.00012003        0.00068326
    14.7000000        0.00023167        0.00071579
    14.8000000        0.00006963        0.00059850
    14.9000000        0.00147590        0.00096771
    15.0000000        0.00113926        0.00090465
    15.1000000        0.00058759        0.00084524
    15.2000000        0.00030382        0.00065079
    15.3000000        0.00097796        0.00089884
    15.4000000        0.00194085        0.00104730
    15.5000000        0.00337524        0.00113541
    15.6000000        0.00511033        0.00182317
    15.7000000        0.00629938        0.00294840
    15.8000000        0.00310560        0.00107470
    15.9000000        0.00384835        0.00169208
    16.0000000        0.00365669        0.00141562
    16.1000000        0.00305820        0.00103955
    16.2000000        0.00224161        0.00080399
    16.3000000        0.00190991        0.00137022
    16.4000000        0.00279410        0.00107922
    16.5000000        0.00517861        0.00318102
    16.6000000        0.00254858        0.00235605
    16.7000000        0.00311517        0.00399248
    16.8000000        0.00348097        0.00206814
    16.9000000        0.00358397        0.00165664
    17.0000000        0.00309542        0.00167630
    17.1000000        0.00348898        0.00156085
    17.2000000        0.00461008        0.00120039
    17.3000000        0.00593720        0.00154250
    17.4000000        0.00677460        0.00124412
    17.5000000        0.00907446        0.00206661
    17.6000000        0.00944706        0.00179510
    17.7000000        0.01056260        0.00149332
    17.8000000        0.01209770        0.00147559
    17.9000000        0.01304142        0.00108762
    18.0000000        0.01427862        0.00117551
    18.1000000        0.01608312        0.00119958
    18.2000000        0.01986133        0.00169530
    18.3000000        0.02319729        0.00244707
    18.4000000        0.02831860        0.00329981
    18.5000000        0.03117427        0.00232317
    18.6000000        0.03277253        0.00117942
    18.7000000        0.03789383        0.00129722
    18.8000000        0.04547301        0.00167788
    18.9000000        0.05323896        0.00169324
    19.0000000        0.06357456        0.00217455
    19.1000000        0.07717365        0.00278284
    19.2000000        0.09241622        0.00306790
    19.3000000        0.10702185        0.00251361
    19.4000000        0.13059329        0.00305235
    19.5000000        0.15697521        0.00307421
    19.6000000        0.19205350        0.00242158
    19.7000000        0.23681557        0.00223763
    19.8000000        0.29503045        0.00252777
    19.9000000        0.37208500        0.00238008
    20.0000000        0.47577874        0.00209838
