     0.0000000        0.97800556        0.00228474
     0.1000000        0.70902593        0.00514023
     0.2000000        0.51350329        0.00628628
     0.3000000        0.37358015        0.00533523
     0.4000000        0.26918585        0.00506510
     0.5000000        0.19433514        0.00377251
     0.6000000        0.14148876        0.00329135
     0.7000000        0.10069784        0.00315980
     0.8000000        0.07223553        0.00165312
     0.9000000        0.05025892        0.00184466
     1.0000000        0.03732037        0.00184510
     1.1000000        0.02794239        0.00157705
     1.2000000        0.02028336        0.00201540
     1.3000000        0.01326806        0.00137229
     1.4000000        0.01322436        0.00160824
     1.5000000        0.00697519        0.00186374
     1.6000000        0.00608528        0.00141111
     1.7000000        0.00318346        0.00187899
     1.8000000        0.00284095        0.00189163
     1.9000000        0.00138197        0.00238717
     2.0000000        0.00097122        0.00212348
     2.1000000        0.00251303        0.00199010
     2.2000000        0.00190062        0.00159126
     2.3000000        0.00124469        0.00177861
     2.4000000        0.00093423        0.00189886
     2.5000000        0.00047446        0.00220996
     2.6000000       -0.00035304        0.00251112
     2.7000000       -0.00118921        0.00185511
     2.8000000       -0.00099419        0.00154977
     2.9000000       -0.00133392        0.00220481
     3.0000000        0.00045834        0.00152780
     3.1000000        0.00142338        0.00123083
     3.2000000        0.00183089        0.00157091
     3.3000000        0.00022116        0.00131866
     3.4000000        0.00040007        0.00132610
     3.5000000        0.00074579        0.00152837
     3.6000000       -0.00014388        0.00155581
     3.7000000        0.00009617        0.00145570
     3.8000000        0.00052580        0.00156975
     3.9000000       -0.00035347        0.00131691
     4.0000000       -0.00048450        0.00148000
     4.1000000        0.00018785        0.00165432
     4.2000000        0.00164548        0.00139702
     4.3000000        0.00098530        0.00160346
     4.4000000        0.00063072        0.00132917
     4.5000000        0.00077653        0.00121220
     4.6000000        0.00247491        0.00138733
     4.7000000       -0.00050888        0.00162240
     4.8000000        0.00169129        0.00136441
     4.9000000        0.00062629        0.00126212
     5.0000000        0.00043130        0.00100674
     5.1000000       -0.00043657        0.00119014
     5.2000000       -0.00127675        0.00129469
     5.3000000       -0.00101433        0.00092890
     5.4000000       -0.00044514        0.00099259
     5.5000000       -0.00079398        0.00093051
     5.6000000       -0.00167339        0.00096885
     5.7000000       -0.00076415        0.00118985
     5.8000000       -0.00033741        0.00094829
     5.9000000        0.00143454        0.00091765
     6.0000000        0.00336624        0.00195244
     6.1000000        0.00252788        0.00121512
     6.2000000        0.00268380        0.00115822
     6.3000000        0.00108273        0.00119134
     6.4000000        0.00190029        0.00170692
     6.5000000        0.00221699        0.00149027
     6.6000000        0.00237652        0.00136880
     6.7000000        0.00130344        0.00097161
     6.8000000       -0.00004131        0.00102693
     6.9000000        0.00019314        0.00084839
     7.0000000       -0.00088814        0.00101418
     7.1000000       -0.00007271        0.00102147
     7.2000000       -0.00035561        0.00126636
     7.3000000        0.00046427        0.00116249
     7.4000000       -0.00024083        0.00115805
     7.5000000       -0.00067374        0.00146794
     7.6000000       -0.00138621        0.00222056
     7.7000000       -0.00045396        0.00157483
     7.8000000       -0.00188582        0.00159580
     7.9000000       -0.00148287        0.00113706
     8.0000000       -0.00061729        0.00114221
     8.1000000        0.00012987        0.00120873
     8.2000000        0.00036289        0.00116486
     8.3000000        0.00062159        0.00130923
     8.4000000        0.00006036        0.00137276
     8.5000000       -0.00116480        0.00125867
     8.6000000        0.00011830        0.00179834
     8.7000000        0.00101783        0.00196857
     8.8000000        0.00102700        0.00203424
     8.9000000       -0.00059768        0.00191488
     9.0000000        0.00041923        0.00189775
     9.1000000       -0.00081419        0.00127453
     9.2000000       -0.00147606        0.00131476
     9.3000000       -0.00116355        0.00125030
     9.4000000       -0.00215320        0.00121319
     9.5000000       -0.00023747        0.00113067
     9.6000000       -0.00055844        0.00104328
     9.7000000        0.00004620        0.00081167
     9.8000000       -0.00163737        0.00150030
     9.9000000       -0.00124369        0.00090536
    10.0000000        0.00027336        0.00092234
    10.1000000        0.00176766        0.00089147
    10.2000000        0.00176734        0.00094748
    10.3000000        0.00358585        0.00118862
    10.4000000        0.00293789        0.00111804
    10.5000000        0.00261418        0.00103607
    10.6000000        0.00210535        0.00096929
    10.7000000        0.00285585        0.00084908
    10.8000000        0.00079288        0.00116432
    10.9000000        0.00224126        0.00086597
    11.0000000        0.00180335        0.00119085
    11.1000000        0.00039602        0.00102794
    11.2000000        0.00042074        0.00172408
    11.3000000        0.00080021        0.00154104
    11.4000000        0.00054677        0.00125259
    11.5000000        0.00085469        0.00099864
    11.6000000        0.00209168        0.00121250
    11.7000000        0.00059369        0.00097093
    11.8000000        0.00056278        0.00105898
    11.9000000        0.00190214        0.00191013
    12.0000000        0.00171793        0.00165391
    12.1000000        0.00182133        0.00134807
    12.2000000        0.00047765        0.00115949
    12.3000000        0.00004275        0.00123223
    12.4000000        0.00119841        0.00114287
    12.5000000        0.00101903        0.00122590
    12.6000000        0.00157850        0.00122040
    12.7000000        0.00011382        0.00105738
    12.8000000        0.00038440        0.00173635
    12.9000000        0.00065755        0.00207264
    13.0000000        0.00119679        0.00182374
    13.1000000        0.00189385        0.00141649
    13.2000000        0.00023844        0.00088918
    13.3000000       -0.00007708        0.00125273
    13.4000000        0.00008076        0.00147500
    13.5000000        0.00015778        0.00161107
    13.6000000       -0.00028458        0.00141899
    13.7000000       -0.00091108        0.00199304
    13.8000000        0.00044876        0.00220335
    13.9000000        0.00007303        0.00169891
    14.0000000       -0.00111777        0.00187742
    14.1000000       -0.00059048        0.00228195
    14.2000000        0.00060358        0.00137514
    14.3000000        0.00300764        0.00192688
    14.4000000        0.00252273        0.00218920
    14.5000000       -0.00013456        0.00155284
    14.6000000       -0.00037846        0.00154343
    14.7000000       -0.00260625        0.00191558
    14.8000000       -0.00314967        0.00203354
    14.9000000       -0.00124442        0.00184148
    15.0000000       -0.00067073        0.00161025
    15.1000000       -0.00042321        0.00177138
    15.2000000        0.00061414        0.00176757
    15.3000000        0.00077026        0.00168560
    15.4000000        0.00151592        0.00135005
    15.5000000        0.00129183        0.00146364
    15.6000000        0.00124521        0.00151904
    15.7000000        0.00017342        0.00157522
    15.8000000        0.00059320        0.00150892
    15.9000000       -0.00120933        0.00143247
    16.0000000       -0.00187384        0.00139155
    16.1000000       -0.00161994        0.00182693
    16.2000000       -0.00118342        0.00149218
    16.3000000       -0.00078958        0.00118335
    16.4000000       -0.00064959        0.00130801
    16.5000000       -0.00233744        0.00224886
    16.6000000       -0.00204838        0.00228127
    16.7000000       -0.00139296        0.00226135
    16.8000000        0.00140348        0.00108438
    16.9000000        0.00210138        0.00147799
    17.0000000        0.00160310        0.00146925
    17.1000000        0.00182801        0.00124855
    17.2000000        0.00212026        0.00166843
    17.3000000        0.00029681        0.00175390
    17.4000000        0.00099828        0.00252721
    17.5000000        0.00140696        0.00277823
    17.6000000        0.00390504        0.00228804
    17.7000000        0.00236797        0.00143670
    17.8000000        0.00095064        0.00148456
    17.9000000       -0.00099713        0.00136833
    18.0000000        0.00034388        0.00130777
    18.1000000       -0.00078205        0.00170107
    18.2000000       -0.00124505        0.00159383
    18.3000000       -0.00029352        0.00187994
    18.4000000       -0.00030150        0.00184406
    18.5000000       -0.00293464        0.00162622
    18.6000000       -0.00036956        0.00175859
    18.7000000       -0.00040813        0.00163201
    18.8000000        0.00064998        0.00133860
    18.9000000        0.00122254        0.00139001
    19.0000000        0.00199970        0.00111623
    19.1000000       -0.00130794        0.00147942
    19.2000000       -0.00065484        0.00150059
    19.3000000        0.00184262        0.00171165
    19.4000000        0.00257224        0.00172827
    19.5000000        0.00568225        0.00242219
    19.6000000        0.00830386        0.00234189
    19.7000000        0.01027105        0.00192757
    19.8000000        0.01166705        0.00159388
    19.9000000        0.01584834        0.00217526
    20.0000000        0.02199444        0.00228474
