         201           5   20.000000000000000                1
     0.0000000        0.06833403        0.00412303
     0.1000000        0.04715243        0.00471779
     0.2000000        0.02465400        0.00729044
     0.3000000        0.02151215        0.00790460
     0.4000000        0.01958713        0.00421236
     0.5000000        0.01695665        0.00241549
     0.6000000        0.01685878        0.00510003
     0.7000000        0.01241586        0.00583183
     0.8000000        0.00768659        0.00250677
     0.9000000        0.01034991        0.00183496
     1.0000000        0.00995763        0.00388549
     1.1000000        0.00674424        0.00747967
     1.2000000        0.00747403        0.00618304
     1.3000000        0.00860670        0.00414939
     1.4000000        0.01191650        0.00437779
     1.5000000        0.00972825        0.00481359
     1.6000000        0.00475449        0.00328032
     1.7000000        0.00227086        0.00348106
     1.8000000        0.00213244        0.00404079
     1.9000000        0.00178982        0.00337415
     2.0000000        0.00241472        0.00195000
     2.1000000        0.00274225        0.00429787
     2.2000000        0.00484696        0.00511854
     2.3000000        0.00221332        0.00432338
     2.4000000        0.00324425        0.00450016
     2.5000000       -0.00013046        0.00417618
     2.6000000        0.00141826        0.00464430
     2.7000000        0.00415908        0.00422578
     2.8000000        0.00165813        0.00454199
     2.9000000        0.00044368        0.00241396
     3.0000000        0.00197694        0.00126356
     3.1000000        0.00209271        0.00145408
     3.2000000        0.00226721        0.00317446
     3.3000000        0.00267827        0.00445289
     3.4000000        0.00467873        0.00565744
     3.5000000        0.00303953        0.00616966
     3.6000000        0.00211610        0.00535786
     3.7000000        0.00252792        0.00509885
     3.8000000        0.00145237        0.00543935
     3.9000000        0.00138642        0.00408731
     4.0000000       -0.00290114        0.00377966
     4.1000000       -0.00227198        0.00338951
     4.2000000        0.00031184        0.00353977
     4.3000000        0.00064432        0.00356812
     4.4000000       -0.00082021        0.00353882
     4.5000000        0.00059502        0.00495419
     4.6000000        0.00019117        0.00424565
     4.7000000       -0.00018816        0.00509732
     4.8000000       -0.00018783        0.00515244
     4.9000000       -0.00061054        0.00451944
     5.0000000       -0.00140584        0.00385085
     5.1000000       -0.00326992        0.00440385
     5.2000000       -0.00079805        0.00413784
     5.3000000       -0.00130322        0.00317242
     5.4000000        0.00296557        0.00142378
     5.5000000        0.00048266        0.00352944
     5.6000000        0.00300063        0.00239837
     5.7000000        0.00198613        0.00108684
     5.8000000        0.00001027        0.00104045
     5.9000000       -0.00050186        0.00166517
     6.0000000        0.00211107        0.00297410
     6.1000000        0.00114396        0.00213441
     6.2000000        0.00035335        0.00240924
     6.3000000        0.00214084        0.00291289
     6.4000000        0.00197363        0.00272827
     6.5000000        0.00337333        0.00221592
     6.6000000        0.00165895        0.00075216
     6.7000000        0.00141683        0.00114655
     6.8000000        0.00193800        0.00323005
     6.9000000        0.00145417        0.00427574
     7.0000000        0.00085057        0.00405800
     7.1000000        0.00333394        0.00392713
     7.2000000        0.00125343        0.00325335
     7.3000000        0.00171843        0.00259019
     7.4000000        0.00328702        0.00277556
     7.5000000        0.00067796        0.00236926
     7.6000000       -0.00021177        0.00313565
     7.7000000       -0.00053894        0.00324695
     7.8000000       -0.00257110        0.00353642
     7.9000000       -0.00063845        0.00306977
     8.0000000        0.00077570        0.00368645
     8.1000000        0.00367528        0.00370172
     8.2000000        0.00088265        0.00410927
     8.3000000        0.00240210        0.00421971
     8.4000000        0.00269520        0.00451590
     8.5000000        0.00201195        0.00281046
     8.6000000        0.00162847        0.00265360
     8.7000000        0.00043680        0.00312617
     8.8000000        0.00062281        0.00299625
     8.9000000       -0.00072463        0.00293948
     9.0000000       -0.00251220        0.00315606
     9.1000000       -0.00376173        0.00348289
     9.2000000       -0.00281179        0.00221086
     9.3000000       -0.00234172        0.00411586
     9.4000000        0.00090295        0.00316874
     9.5000000        0.00128332        0.00316897
     9.6000000       -0.00054279        0.00326289
     9.7000000       -0.00171480        0.00271277
     9.8000000       -0.00122640        0.00271482
     9.9000000       -0.00170266        0.00393515
    10.0000000       -0.00084962        0.00308768
    10.1000000       -0.00095767        0.00298027
    10.2000000       -0.00088229        0.00083476
    10.3000000       -0.00163309        0.00093931
    10.4000000       -0.00376822        0.00173035
    10.5000000       -0.00475655        0.00147300
    10.6000000       -0.00356268        0.00112539
    10.7000000       -0.00130633        0.00114403
    10.8000000       -0.00190113        0.00289347
    10.9000000       -0.00124803        0.00157520
    11.0000000       -0.00016341        0.00227873
    11.1000000       -0.00188330        0.00236655
    11.2000000       -0.00136126        0.00195883
    11.3000000        0.00028538        0.00072786
    11.4000000        0.00024712        0.00151303
    11.5000000        0.00183561        0.00124289
    11.6000000       -0.00019109        0.00119244
    11.7000000       -0.00052661        0.00149687
    11.8000000        0.00026823        0.00177439
    11.9000000       -0.00097649        0.00154254
    12.0000000       -0.00219610        0.00135794
    12.1000000       -0.00108195        0.00226252
    12.2000000       -0.00039544        0.00159419
    12.3000000       -0.00178179        0.00328324
    12.4000000       -0.00140102        0.00342024
    12.5000000       -0.00077186        0.00545193
    12.6000000        0.00002851        0.00410744
    12.7000000       -0.00051644        0.00279430
    12.8000000        0.00014187        0.00340558
    12.9000000        0.00146169        0.00412580
    13.0000000        0.00032826        0.00318926
    13.1000000       -0.00152425        0.00268161
    13.2000000       -0.00053568        0.00329771
    13.3000000       -0.00084121        0.00502983
    13.4000000        0.00196764        0.00359711
    13.5000000        0.00413989        0.00439473
    13.6000000        0.00450561        0.00449817
    13.7000000        0.00812955        0.00449911
    13.8000000        0.00386754        0.00373295
    13.9000000        0.00137792        0.00254325
    14.0000000        0.00141267        0.00344710
    14.1000000        0.00020525        0.00397859
    14.2000000       -0.00021019        0.00316419
    14.3000000       -0.00429731        0.00286785
    14.4000000       -0.00502798        0.00233940
    14.5000000       -0.00501111        0.00081322
    14.6000000       -0.00488677        0.00337659
    14.7000000       -0.00795399        0.00324861
    14.8000000       -0.00422673        0.00265665
    14.9000000       -0.00318449        0.00312879
    15.0000000       -0.00139362        0.00376885
    15.1000000       -0.00092552        0.00416989
    15.2000000       -0.00209498        0.00486566
    15.3000000        0.00214889        0.00219023
    15.4000000        0.00133061        0.00269363
    15.5000000       -0.00158734        0.00436343
    15.6000000       -0.00074949        0.00271274
    15.7000000        0.00010683        0.00430221
    15.8000000       -0.00013865        0.00587339
    15.9000000       -0.00077604        0.00400458
    16.0000000        0.00183214        0.00180660
    16.1000000        0.00684036        0.00336550
    16.2000000        0.00124538        0.00345381
    16.3000000        0.00458865        0.00397846
    16.4000000        0.00673823        0.00406146
    16.5000000        0.00485222        0.00708827
    16.6000000        0.00647237        0.00883368
    16.7000000        0.00874466        0.00991093
    16.8000000        0.00601105        0.00930448
    16.9000000        0.00451285        0.00839384
    17.0000000        0.00604508        0.00864631
    17.1000000        0.01132456        0.01080501
    17.2000000        0.01723181        0.00456595
    17.3000000        0.01952867        0.00449501
    17.4000000        0.02524062        0.00414471
    17.5000000        0.02601712        0.00822570
    17.6000000        0.02541902        0.01013175
    17.7000000        0.02342193        0.01506354
    17.8000000        0.02690968        0.01385343
    17.9000000        0.03541982        0.01193892
    18.0000000        0.04566917        0.01070147
    18.1000000        0.05586308        0.00850110
    18.2000000        0.06178766        0.01328941
    18.3000000        0.07522139        0.01049970
    18.4000000        0.08244475        0.00961286
    18.5000000        0.09796675        0.00934130
    18.6000000        0.11504928        0.00728546
    18.7000000        0.13549713        0.00934867
    18.8000000        0.15659357        0.00897969
    18.9000000        0.18251311        0.00562157
    19.0000000        0.20283173        0.00533828
    19.1000000        0.23227879        0.00559347
    19.2000000        0.27696717        0.00808877
    19.3000000        0.31421517        0.00860078
    19.4000000        0.36355770        0.00587652
    19.5000000        0.42139393        0.00784513
    19.6000000        0.49335222        0.00546583
    19.7000000        0.56699987        0.00832603
    19.8000000        0.66326651        0.00854342
    19.9000000        0.78855648        0.00771348
    20.0000000        0.93166597        0.00412303
