     0.0000000        0.18582389        0.00026214
     0.1000000        0.12816608        0.00020241
     0.2000000        0.09023074        0.00016045
     0.3000000        0.06497054        0.00012571
     0.4000000        0.04797060        0.00009938
     0.5000000        0.03648987        0.00008040
     0.6000000        0.02873239        0.00006652
     0.7000000        0.02356810        0.00005814
     0.8000000        0.02030522        0.00005387
     0.9000000        0.01850677        0.00005251
     1.0000000        0.01792237        0.00005170
     1.1000000        0.01849508        0.00005241
     1.2000000        0.02026909        0.00005483
     1.3000000        0.02351949        0.00005962
     1.4000000        0.02865907        0.00006647
     1.5000000        0.03639848        0.00007765
     1.6000000        0.04788764        0.00009688
     1.7000000        0.06494324        0.00012551
     1.8000000        0.09026591        0.00015888
     1.9000000        0.12824667        0.00020453
     2.0000000        0.18582389        0.00026214
