         101           5   20.000000000000000                1
     0.0000000        0.58790511        0.10764327
     0.1000000        0.49884634        0.15570107
     0.2000000        0.31612514        0.04188549
     0.3000000        0.30230556        0.08774003
     0.4000000        0.32785934        0.15939306
     0.5000000        0.24619527        0.15010183
     0.6000000        0.44902245        0.39127510
     0.7000000        0.12015064        0.09857322
     0.8000000       -0.12446062        0.16729268
     0.9000000       -0.18728564        0.29417921
     1.0000000       -0.00958643        0.13435303
     1.1000000        0.04488964        0.06058067
     1.2000000        0.12611161        0.07491232
     1.3000000        0.07367900        0.03954188
     1.4000000        0.01546586        0.03120754
     1.5000000        0.00707684        0.06284115
     1.6000000        0.03171342        0.04013289
     1.7000000       -0.00129156        0.07294465
     1.8000000        0.03715542        0.03255172
     1.9000000        0.05536372        0.02320193
     2.0000000        0.04015111        0.02645772
     2.1000000       -0.01033130        0.04533964
     2.2000000       -0.01984405        0.05468375
     2.3000000        0.02937863        0.01958015
     2.4000000       -0.00682936        0.05267978
     2.5000000       -0.05441244        0.10607150
     2.6000000       -0.14884697        0.33195122
     2.7000000        0.08862679        0.24351460
     2.8000000       -0.07131694        0.07602143
     2.9000000        0.00943229        0.03609585
     3.0000000        0.00918144        0.04664026
     3.1000000        0.00511957        0.01471124
     3.2000000        0.02662688        0.02445988
     3.3000000        0.00284922        0.01689631
     3.4000000        0.01289164        0.01349036
     3.5000000        0.01331686        0.02556897
     3.6000000       -0.00075531        0.02768762
     3.7000000       -0.00368243        0.02250730
     3.8000000       -0.03690173        0.03283640
     3.9000000       -0.03533966        0.02505228
     4.0000000       -0.02399869        0.02891668
     4.1000000       -0.01058731        0.02692646
     4.2000000       -0.01798993        0.04545372
     4.3000000       -0.00274115        0.03053286
     4.4000000        0.01184880        0.01653328
     4.5000000        0.01241329        0.01939196
     4.6000000       -0.01175466        0.01999797
     4.7000000       -0.03481679        0.03691101
     4.8000000        0.02537811        0.06037268
     4.9000000        0.01217327        0.02209070
     5.0000000        0.01972239        0.03143968
     5.1000000       -0.00476397        0.02341724
     5.2000000        0.00031693        0.02602497
     5.3000000       -0.01190405        0.01210828
     5.4000000        0.01510224        0.01094218
     5.5000000        0.04854563        0.02755819
     5.6000000        0.01619307        0.06222120
     5.7000000       -0.02380000        0.08624653
     5.8000000       -0.03193910        0.15858365
     5.9000000        0.04268803        0.09809929
     6.0000000        0.01327688        0.02625288
     6.1000000       -0.01843980        0.02990682
     6.2000000       -0.01066925        0.03155201
     6.3000000        0.05673929        0.03583453
     6.4000000        0.04975647        0.04787812
     6.5000000        0.00609225        0.01385648
     6.6000000       -0.01196625        0.04450465
     6.7000000       -0.01600091        0.03020723
     6.8000000       -0.00370095        0.02670280
     6.9000000        0.00317595        0.01245839
     7.0000000        0.02353913        0.01303224
     7.1000000        0.01770241        0.01998869
     7.2000000        0.01427522        0.02487533
     7.3000000       -0.02584039        0.04200931
     7.4000000       -0.00250365        0.02275933
     7.5000000       -0.02008033        0.01642892
     7.6000000       -0.03167987        0.02083299
     7.7000000       -0.02412138        0.02608376
     7.8000000       -0.01450435        0.01250662
     7.9000000       -0.02176603        0.01950074
     8.0000000       -0.03439516        0.04713045
     8.1000000       -0.02555273        0.04116043
     8.2000000       -0.01446619        0.02597821
     8.3000000        0.00561123        0.02443720
     8.4000000        0.00669547        0.01454848
     8.5000000       -0.00181220        0.00889592
     8.6000000       -0.01519681        0.01198525
     8.7000000        0.00803210        0.00799113
     8.8000000        0.00201019        0.00814691
     8.9000000        0.00740893        0.00607093
     9.0000000        0.00707132        0.00336554
     9.1000000       -0.00362148        0.00358434
     9.2000000       -0.00376452        0.00329863
     9.3000000        0.01391626        0.01720751
     9.4000000        0.01170983        0.01709695
     9.5000000        0.02325058        0.02455011
     9.6000000        0.00417490        0.01301908
     9.7000000        0.00326043        0.01490644
     9.8000000        0.02078121        0.02241507
     9.9000000        0.02466646        0.02822751
    10.0000000        0.05109287        0.03690736
