         101           5   20.000000000000000                1
     0.0000000        0.45755003        0.02633635
     0.1000000        0.37255834        0.01744685
     0.2000000        0.30547785        0.01115780
     0.3000000        0.25490749        0.01440123
     0.4000000        0.21563453        0.01507211
     0.5000000        0.19693936        0.03622019
     0.6000000        0.13724821        0.02381787
     0.7000000        0.10714803        0.01543683
     0.8000000        0.10474612        0.04414354
     0.9000000        0.06088604        0.02071433
     1.0000000        0.07501511        0.01974143
     1.1000000        0.06541647        0.02554222
     1.2000000        0.08653848        0.03024437
     1.3000000        0.16705928        0.15301748
     1.4000000        0.03445323        0.04319806
     1.5000000        0.02828892        0.01909034
     1.6000000        0.00435130        0.03760540
     1.7000000       -0.01869891        0.03895109
     1.8000000        0.01922027        0.02250770
     1.9000000       -0.05887509        0.10278814
     2.0000000        0.01580282        0.02232274
     2.1000000        0.03992505        0.02345705
     2.2000000        0.00885608        0.00916067
     2.3000000        0.01530586        0.01820563
     2.4000000        0.02628072        0.01588864
     2.5000000        0.00889933        0.01646003
     2.6000000        0.00665431        0.01092956
     2.7000000        0.02234475        0.01695127
     2.8000000        0.02069971        0.00867285
     2.9000000        0.01481770        0.01193324
     3.0000000       -0.00229681        0.00408389
     3.1000000       -0.01199058        0.02306955
     3.2000000       -0.00584554        0.01089389
     3.3000000       -0.03501639        0.03324978
     3.4000000       -0.01583001        0.01810428
     3.5000000       -0.00417277        0.01585927
     3.6000000        0.00357036        0.00932370
     3.7000000        0.01785321        0.00974173
     3.8000000        0.01834080        0.01397311
     3.9000000       -0.00213335        0.01756038
     4.0000000       -0.00727803        0.00996255
     4.1000000       -0.00327873        0.01629607
     4.2000000       -0.02293048        0.02265941
     4.3000000        0.00635777        0.00902842
     4.4000000        0.01854763        0.00751968
     4.5000000       -0.00850973        0.00928163
     4.6000000        0.01294426        0.01244185
     4.7000000       -0.00515488        0.01031184
     4.8000000       -0.00701909        0.01301992
     4.9000000       -0.01425412        0.01183568
     5.0000000       -0.00172269        0.00609490
     5.1000000       -0.00500619        0.00354561
     5.2000000        0.01347765        0.02722747
     5.3000000        0.00398120        0.01626705
     5.4000000        0.00465354        0.01080238
     5.5000000        0.00873789        0.01521480
     5.6000000        0.01668962        0.01455127
     5.7000000        0.00312602        0.01165301
     5.8000000        0.00411473        0.00827090
     5.9000000        0.01277183        0.00846417
     6.0000000        0.00851627        0.00731892
     6.1000000        0.00658060        0.00604689
     6.2000000        0.00498094        0.00519555
     6.3000000        0.00490885        0.00735142
     6.4000000        0.00391758        0.00471394
     6.5000000        0.00429474        0.00514349
     6.6000000       -0.01046436        0.00933143
     6.7000000        0.00168556        0.00715151
     6.8000000       -0.00666865        0.01071471
     6.9000000        0.00212302        0.02405319
     7.0000000        0.01501267        0.01706372
     7.1000000        0.00140059        0.01961749
     7.2000000       -0.00342495        0.00414353
     7.3000000        0.00368673        0.00420302
     7.4000000       -0.00131853        0.00439921
     7.5000000       -0.00068313        0.00518490
     7.6000000       -0.00151642        0.00497207
     7.7000000        0.00496481        0.00951804
     7.8000000        0.00406518        0.00704106
     7.9000000        0.01095372        0.01283263
     8.0000000        0.05153205        0.03982662
     8.1000000        0.02391038        0.02409021
     8.2000000       -0.00307990        0.00830571
     8.3000000        0.00038425        0.00299504
     8.4000000       -0.00096893        0.00588543
     8.5000000        0.00167393        0.00310038
     8.6000000        0.00013054        0.00301568
     8.7000000       -0.00285564        0.00782510
     8.8000000        0.00667509        0.02697744
     8.9000000        0.00645759        0.01433604
     9.0000000        0.02103112        0.03335112
     9.1000000        0.01445122        0.03244744
     9.2000000        0.02853577        0.04475857
     9.3000000        0.01028741        0.01670740
     9.4000000        0.00772964        0.01148709
     9.5000000        0.00033464        0.00536356
     9.6000000       -0.00044304        0.00491420
     9.7000000       -0.00036187        0.00823172
     9.8000000       -0.00358557        0.00434189
     9.9000000       -0.00037372        0.00518956
    10.0000000       -0.00173539        0.00578240
