     0.0000000        0.96672590        0.00434808
     0.1000000        0.67651163        0.00631664
     0.2000000        0.47237054        0.00560067
     0.3000000        0.33527373        0.00552493
     0.4000000        0.23644903        0.00570056
     0.5000000        0.16205571        0.00377208
     0.6000000        0.12270810        0.00517182
     0.7000000        0.09189471        0.00482688
     0.8000000        0.06309635        0.00487605
     0.9000000        0.04425295        0.00481660
     1.0000000        0.02990256        0.00456366
     1.1000000        0.02040065        0.00603536
     1.2000000        0.01788967        0.00394583
     1.3000000        0.00828505        0.00345951
     1.4000000        0.00550416        0.00374066
     1.5000000        0.00798023        0.00412260
     1.6000000        0.00561115        0.00355103
     1.7000000        0.00857533        0.00692211
     1.8000000        0.00486830        0.00415170
     1.9000000       -0.00246976        0.00428510
     2.0000000       -0.00047002        0.00394192
     2.1000000       -0.00264225        0.00304374
     2.2000000        0.00228206        0.00254195
     2.3000000       -0.00017630        0.00295266
     2.4000000        0.00434712        0.00318713
     2.5000000        0.00064735        0.00268629
     2.6000000       -0.00112413        0.00220820
     2.7000000       -0.00364649        0.00275450
     2.8000000        0.00089284        0.00260500
     2.9000000       -0.00185059        0.00295950
     3.0000000       -0.00260933        0.00214534
     3.1000000       -0.00320310        0.00325168
     3.2000000       -0.00326933        0.00413173
     3.3000000        0.00090846        0.00278477
     3.4000000        0.00104586        0.00228750
     3.5000000        0.00153341        0.00232506
     3.6000000       -0.00349267        0.00316175
     3.7000000       -0.00401142        0.00324878
     3.8000000       -0.00440088        0.00320426
     3.9000000       -0.00224588        0.00244843
     4.0000000       -0.00389345        0.00257669
     4.1000000       -0.00327759        0.00372087
     4.2000000       -0.00302186        0.00273064
     4.3000000       -0.00188600        0.00232960
     4.4000000       -0.00201851        0.00227280
     4.5000000       -0.00168937        0.00256279
     4.6000000       -0.00089666        0.00309102
     4.7000000       -0.00180592        0.00354458
     4.8000000       -0.00192893        0.00357177
     4.9000000       -0.00167868        0.00410848
     5.0000000       -0.00202676        0.00301606
     5.1000000        0.00158020        0.00198511
     5.2000000        0.00064264        0.00265591
     5.3000000        0.00031209        0.00374707
     5.4000000       -0.00069155        0.00154669
     5.5000000       -0.00190145        0.00264763
     5.6000000       -0.00042771        0.00236920
     5.7000000        0.00055628        0.00202404
     5.8000000        0.00167593        0.00229083
     5.9000000        0.00505348        0.00337245
     6.0000000        0.00337035        0.00220837
     6.1000000        0.00300703        0.00174791
     6.2000000        0.00114132        0.00120429
     6.3000000        0.00109407        0.00149319
     6.4000000        0.00053952        0.00184767
     6.5000000       -0.00032407        0.00288922
     6.6000000        0.00102258        0.00249118
     6.7000000        0.00187658        0.00336766
     6.8000000        0.00125944        0.00287222
     6.9000000       -0.00065922        0.00283386
     7.0000000        0.00106643        0.00229417
     7.1000000        0.00254521        0.00201297
     7.2000000        0.00329284        0.00187278
     7.3000000        0.00052483        0.00125185
     7.4000000        0.00099267        0.00181372
     7.5000000        0.00071172        0.00303979
     7.6000000       -0.00053127        0.00369115
     7.7000000        0.00125969        0.00212286
     7.8000000        0.00177598        0.00176089
     7.9000000        0.00154952        0.00247868
     8.0000000        0.00221948        0.00270574
     8.1000000        0.00193161        0.00211896
     8.2000000        0.00061583        0.00156195
     8.3000000       -0.00027759        0.00123539
     8.4000000        0.00227706        0.00131493
     8.5000000       -0.00027601        0.00120303
     8.6000000       -0.00001854        0.00231344
     8.7000000       -0.00171768        0.00152645
     8.8000000       -0.00232306        0.00191444
     8.9000000       -0.00083108        0.00123755
     9.0000000       -0.00120166        0.00121700
     9.1000000       -0.00184598        0.00157240
     9.2000000       -0.00165188        0.00208634
     9.3000000       -0.00240712        0.00141299
     9.4000000       -0.00048613        0.00118166
     9.5000000       -0.00088763        0.00123639
     9.6000000       -0.00114659        0.00186519
     9.7000000        0.00015009        0.00172577
     9.8000000       -0.00116505        0.00158155
     9.9000000       -0.00042907        0.00195339
    10.0000000       -0.00035438        0.00133148
    10.1000000        0.00004464        0.00180826
    10.2000000        0.00007197        0.00164000
    10.3000000        0.00040476        0.00196145
    10.4000000       -0.00071735        0.00155991
    10.5000000       -0.00118800        0.00154406
    10.6000000       -0.00259121        0.00188709
    10.7000000        0.00001961        0.00093020
    10.8000000       -0.00101616        0.00182793
    10.9000000       -0.00068477        0.00165760
    11.0000000       -0.00180331        0.00154492
    11.1000000       -0.00194260        0.00141344
    11.2000000       -0.00160865        0.00179825
    11.3000000       -0.00138495        0.00215993
    11.4000000       -0.00002090        0.00211980
    11.5000000        0.00084342        0.00199431
    11.6000000        0.00052997        0.00214770
    11.7000000        0.00102900        0.00151325
    11.8000000        0.00011678        0.00192547
    11.9000000        0.00000973        0.00202737
    12.0000000        0.00115096        0.00258488
    12.1000000        0.00250899        0.00343221
    12.2000000        0.00461500        0.00303473
    12.3000000        0.00359411        0.00326825
    12.4000000        0.00190708        0.00210362
    12.5000000       -0.00091339        0.00347507
    12.6000000       -0.00042792        0.00191296
    12.7000000       -0.00111215        0.00256257
    12.8000000       -0.00239695        0.00248192
    12.9000000       -0.00107820        0.00178824
    13.0000000        0.00007444        0.00188117
    13.1000000        0.00120359        0.00308953
    13.2000000       -0.00087095        0.00223322
    13.3000000       -0.00282551        0.00236344
    13.4000000        0.00243412        0.00266881
    13.5000000       -0.00120346        0.00336525
    13.6000000        0.00044436        0.00413665
    13.7000000        0.00121506        0.00207937
    13.8000000       -0.00064215        0.00200415
    13.9000000        0.00142537        0.00249316
    14.0000000       -0.00073907        0.00160227
    14.1000000       -0.00046536        0.00153494
    14.2000000       -0.00070288        0.00218811
    14.3000000       -0.00162929        0.00169376
    14.4000000       -0.00338951        0.00358723
    14.5000000       -0.00063375        0.00252594
    14.6000000       -0.00072380        0.00221351
    14.7000000       -0.00064425        0.00284296
    14.8000000        0.00102066        0.00224757
    14.9000000        0.00228806        0.00238858
    15.0000000        0.00404011        0.00306590
    15.1000000        0.00234636        0.00311304
    15.2000000        0.00050620        0.00237659
    15.3000000        0.00190099        0.00218163
    15.4000000       -0.00083168        0.00211834
    15.5000000       -0.00479050        0.00491322
    15.6000000        0.00028078        0.00342348
    15.7000000        0.00344564        0.00233414
    15.8000000        0.00659172        0.00219290
    15.9000000        0.00399484        0.00266628
    16.0000000        0.00120653        0.00200155
    16.1000000        0.00311680        0.00141930
    16.2000000        0.00228871        0.00185471
    16.3000000        0.00197140        0.00208682
    16.4000000        0.00404400        0.00233768
    16.5000000        0.00464763        0.00297127
    16.6000000        0.00516407        0.00264848
    16.7000000        0.00574511        0.00216238
    16.8000000        0.00625770        0.00222430
    16.9000000        0.00639591        0.00313600
    17.0000000        0.00300486        0.00244155
    17.1000000        0.00136433        0.00268723
    17.2000000       -0.00462820        0.00270086
    17.3000000       -0.00598413        0.00361353
    17.4000000       -0.00590534        0.00473889
    17.5000000       -0.00054723        0.00549466
    17.6000000        0.00226665        0.00412282
    17.7000000        0.00470671        0.00402580
    17.8000000        0.00214385        0.00314535
    17.9000000        0.00103223        0.00325656
    18.0000000       -0.00103590        0.00341104
    18.1000000        0.00192882        0.00394605
    18.2000000        0.00550804        0.00536023
    18.3000000        0.00193221        0.00356198
    18.4000000        0.00379564        0.00204238
    18.5000000        0.00404822        0.00232046
    18.6000000       -0.00033198        0.00261591
    18.7000000        0.00132979        0.00331032
    18.8000000       -0.00054674        0.00363654
    18.9000000        0.00266476        0.00373242
    19.0000000        0.00263142        0.00285361
    19.1000000       -0.00456966        0.00498813
    19.2000000       -0.00690672        0.00393639
    19.3000000       -0.00339606        0.00250480
    19.4000000       -0.00214980        0.00234338
    19.5000000       -0.00090715        0.00368054
    19.6000000        0.00625572        0.00291264
    19.7000000        0.00696585        0.00326888
    19.8000000        0.01388873        0.00230475
    19.9000000        0.02341471        0.00281973
    20.0000000        0.03327410        0.00434808
