         101         157   20.000000000000000                1
     0.0000000        0.14285714        0.00000000
     0.1000000        0.12087865        0.00000000
     0.2000000        0.10228581        0.00000000
     0.3000000        0.08655644        0.00000000
     0.4000000        0.07324900        0.00000000
     0.5000000        0.06199012        0.00000000
     0.6000000        0.05246404        0.00000000
     0.7000000        0.04440375        0.00000000
     0.8000000        0.03758342        0.00000000
     0.9000000        0.03181205        0.00000000
     1.0000000        0.02692812        0.00000000
     1.1000000        0.02279499        0.00000000
     1.2000000        0.01929709        0.00000000
     1.3000000        0.01633667        0.00000000
     1.4000000        0.01383103        0.00000000
     1.5000000        0.01171022        0.00000000
     1.6000000        0.00991505        0.00000000
     1.7000000        0.00839545        0.00000000
     1.8000000        0.00710908        0.00000000
     1.9000000        0.00602008        0.00000000
     2.0000000        0.00509813        0.00000000
     2.1000000        0.00431757        0.00000000
     2.2000000        0.00365669        0.00000000
     2.3000000        0.00309711        0.00000000
     2.4000000        0.00262329        0.00000000
     2.5000000        0.00222205        0.00000000
     2.6000000        0.00188228        0.00000000
     2.7000000        0.00159453        0.00000000
     2.8000000        0.00135084        0.00000000
     2.9000000        0.00114445        0.00000000
     3.0000000        0.00096963        0.00000000
     3.1000000        0.00082156        0.00000000
     3.2000000        0.00069613        0.00000000
     3.3000000        0.00058988        0.00000000
     3.4000000        0.00049987        0.00000000
     3.5000000        0.00042362        0.00000000
     3.6000000        0.00035902        0.00000000
     3.7000000        0.00030428        0.00000000
     3.8000000        0.00025790        0.00000000
     3.9000000        0.00021860        0.00000000
     4.0000000        0.00018530        0.00000000
     4.1000000        0.00015708        0.00000000
     4.2000000        0.00013316        0.00000000
     4.3000000        0.00011289        0.00000000
     4.4000000        0.00009571        0.00000000
     4.5000000        0.00008115        0.00000000
     4.6000000        0.00006881        0.00000000
     4.7000000        0.00005835        0.00000000
     4.8000000        0.00004948        0.00000000
     4.9000000        0.00004196        0.00000000
     5.0000000        0.00003559        0.00000000
     5.1000000        0.00003018        0.00000000
     5.2000000        0.00002560        0.00000000
     5.3000000        0.00002171        0.00000000
     5.4000000        0.00001842        0.00000000
     5.5000000        0.00001562        0.00000000
     5.6000000        0.00001325        0.00000000
     5.7000000        0.00001124        0.00000000
     5.8000000        0.00000954        0.00000000
     5.9000000        0.00000809        0.00000000
     6.0000000        0.00000687        0.00000000
     6.1000000        0.00000583        0.00000000
     6.2000000        0.00000495        0.00000000
     6.3000000        0.00000420        0.00000000
     6.4000000        0.00000356        0.00000000
     6.5000000        0.00000302        0.00000000
     6.6000000        0.00000257        0.00000000
     6.7000000        0.00000218        0.00000000
     6.8000000        0.00000185        0.00000000
     6.9000000        0.00000157        0.00000000
     7.0000000        0.00000133        0.00000000
     7.1000000        0.00000113        0.00000000
     7.2000000        0.00000096        0.00000000
     7.3000000        0.00000082        0.00000000
     7.4000000        0.00000069        0.00000000
     7.5000000        0.00000059        0.00000000
     7.6000000        0.00000050        0.00000000
     7.7000000        0.00000042        0.00000000
     7.8000000        0.00000036        0.00000000
     7.9000000        0.00000031        0.00000000
     8.0000000        0.00000026        0.00000000
     8.1000000        0.00000022        0.00000000
     8.2000000        0.00000019        0.00000000
     8.3000000        0.00000016        0.00000000
     8.4000000        0.00000014        0.00000000
     8.5000000        0.00000012        0.00000000
     8.6000000        0.00000010        0.00000000
     8.7000000        0.00000008        0.00000000
     8.8000000        0.00000007        0.00000000
     8.9000000        0.00000006        0.00000000
     9.0000000        0.00000005        0.00000000
     9.1000000        0.00000005        0.00000000
     9.2000000        0.00000004        0.00000000
     9.3000000        0.00000003        0.00000000
     9.4000000        0.00000003        0.00000000
     9.5000000        0.00000003        0.00000000
     9.6000000        0.00000002        0.00000000
     9.7000000        0.00000002        0.00000000
     9.8000000        0.00000002        0.00000000
     9.9000000        0.00000002        0.00000000
    10.0000000        0.00000002        0.00000000
