     0.0000000        0.27309111        0.00045889
     0.0500000        0.21083934        0.00037590
     0.1000000        0.16407085        0.00031959
     0.1500000        0.12884307        0.00027427
     0.2000000        0.10215600        0.00023005
     0.2500000        0.08184865        0.00019780
     0.3000000        0.06639796        0.00017378
     0.3500000        0.05457750        0.00015436
     0.4000000        0.04552063        0.00013740
     0.4500000        0.03860788        0.00012439
     0.5000000        0.03325380        0.00011276
     0.5500000        0.02913116        0.00010569
     0.6000000        0.02593518        0.00010095
     0.6500000        0.02344618        0.00009629
     0.7000000        0.02151654        0.00009005
     0.7500000        0.02004074        0.00008503
     0.8000000        0.01893191        0.00008342
     0.8500000        0.01810351        0.00008165
     0.9000000        0.01755641        0.00007929
     0.9500000        0.01724581        0.00007827
     1.0000000        0.01714813        0.00007842
     1.0500000        0.01724687        0.00007968
     1.1000000        0.01755392        0.00008017
     1.1500000        0.01809806        0.00008026
     1.2000000        0.01888514        0.00008099
     1.2500000        0.01998109        0.00008350
     1.3000000        0.02144984        0.00008635
     1.3500000        0.02336751        0.00008933
     1.4000000        0.02585100        0.00009254
     1.4500000        0.02905753        0.00009755
     1.5000000        0.03320360        0.00010548
     1.5500000        0.03853740        0.00011527
     1.6000000        0.04545627        0.00013030
     1.6500000        0.05448793        0.00014540
     1.7000000        0.06630292        0.00016410
     1.7500000        0.08174825        0.00018435
     1.8000000        0.10203167        0.00021343
     1.8500000        0.12877636        0.00025728
     1.9000000        0.16407828        0.00031432
     1.9500000        0.21092238        0.00037909
     2.0000000        0.27309111        0.00045889
