     0.0000000        0.00453873        0.00003604
     0.1250000        0.00453873        0.00003604
     0.2500000        0.00453873        0.00003604
     0.3750000        0.00453873        0.00003604
     0.5000000        0.00453873        0.00003604
     0.6250000        0.00453873        0.00003604
     0.7500000        0.00453873        0.00003604
     0.8750000        0.00453873        0.00003604
     1.0000000        0.00453873        0.00003604
     1.1250000        0.00453873        0.00003604
     1.2500000        0.00453873        0.00003604
     1.3750000        0.00453873        0.00003604
     1.5000000        0.00453873        0.00003604
     1.6250000        0.00453873        0.00003604
     1.7500000        0.00453873        0.00003604
     1.8750000        0.00453873        0.00003604
     2.0000000        0.00453873        0.00003604
     2.1250000        0.00453873        0.00003604
     2.2500000        0.00453873        0.00003604
     2.3750000        0.00453873        0.00003604
     2.5000000        0.00453873        0.00003604
     2.6250000        0.00453873        0.00003604
     2.7500000        0.00453873        0.00003604
     2.8750000        0.00453873        0.00003604
     3.0000000        0.00453873        0.00003604
     3.1250000        0.00453873        0.00003604
     3.2500000        0.00453873        0.00003604
     3.3750000        0.00453873        0.00003604
     3.5000000        0.00453873        0.00003604
     3.6250000        0.00453873        0.00003604
     3.7500000        0.00453873        0.00003604
     3.8750000        0.00453873        0.00003604
     4.0000000        0.00453873        0.00003604
