     0.0000000        0.20572483        0.00139852
     0.0500000        0.17449667        0.00129765
     0.1000000        0.14989246        0.00126708
     0.1500000        0.12824948        0.00123612
     0.2000000        0.11023220        0.00124047
     0.2500000        0.09604436        0.00128338
     0.3000000        0.08479265        0.00127154
     0.3500000        0.07416923        0.00121591
     0.4000000        0.06517103        0.00116938
     0.4500000        0.05788081        0.00111570
     0.5000000        0.05165113        0.00107402
     0.5500000        0.04630867        0.00103000
     0.6000000        0.04203975        0.00107758
     0.6500000        0.03732816        0.00106630
     0.7000000        0.03322279        0.00101336
     0.7500000        0.03066538        0.00099165
     0.8000000        0.02851857        0.00105101
     0.8500000        0.02611486        0.00103030
     0.9000000        0.02387235        0.00099246
     0.9500000        0.02316438        0.00092782
     1.0000000        0.02244950        0.00093101
     1.0500000        0.02110202        0.00091043
     1.1000000        0.02048448        0.00084822
     1.1500000        0.02009229        0.00086072
     1.2000000        0.02012571        0.00088186
     1.2500000        0.01985045        0.00086802
     1.3000000        0.01976213        0.00089020
     1.3500000        0.01892466        0.00093509
     1.4000000        0.01938283        0.00097539
     1.4500000        0.01897230        0.00094053
     1.5000000        0.01967652        0.00098425
     1.5500000        0.01982781        0.00089283
     1.6000000        0.02052765        0.00096355
     1.6500000        0.02089765        0.00087093
     1.7000000        0.02192598        0.00080840
     1.7500000        0.02229720        0.00080423
     1.8000000        0.02327698        0.00079793
     1.8500000        0.02420616        0.00078538
     1.9000000        0.02501391        0.00078806
     1.9500000        0.02645879        0.00082173
     2.0000000        0.02838470        0.00090946
     2.0500000        0.03080599        0.00092337
     2.1000000        0.03299415        0.00093143
     2.1500000        0.03407429        0.00096943
     2.2000000        0.03718479        0.00099121
     2.2500000        0.03999858        0.00103597
     2.3000000        0.04213933        0.00103816
     2.3500000        0.04585380        0.00100373
     2.4000000        0.05045936        0.00098974
     2.4500000        0.05556758        0.00100726
     2.5000000        0.06067649        0.00105104
     2.5500000        0.06627060        0.00110322
     2.6000000        0.07300977        0.00108613
     2.6500000        0.08037242        0.00108032
     2.7000000        0.08912861        0.00115534
     2.7500000        0.09811703        0.00126964
     2.8000000        0.10742048        0.00119093
     2.8500000        0.11855999        0.00120298
     2.9000000        0.13232215        0.00117427
     2.9500000        0.14747671        0.00116456
     3.0000000        0.16416288        0.00115788
     3.0500000        0.18278320        0.00116424
     3.1000000        0.20364903        0.00113483
     3.1500000        0.22788353        0.00115058
     3.2000000        0.25501206        0.00123576
     3.2500000        0.28618670        0.00127316
     3.3000000        0.32068916        0.00133947
     3.3500000        0.35989677        0.00133429
     3.4000000        0.40483161        0.00133451
     3.4500000        0.45512595        0.00149538
     3.5000000        0.51221190        0.00151184
     3.5500000        0.57798409        0.00153307
     3.6000000        0.65222928        0.00164233
     3.6500000        0.73743237        0.00160334
     3.7000000        0.83462246        0.00158418
     3.7500000        0.94514540        0.00158494
     3.8000000        1.07163467        0.00155532
     3.8500000        1.21647551        0.00154066
     3.9000000        1.38353667        0.00150630
     3.9500000        1.57437948        0.00147257
     4.0000000        1.79427517        0.00139852
