     0.0000000        0.02007743        0.00311930
     0.1000000        0.01599819        0.00297770
     0.2000000        0.01317181        0.00276546
     0.3000000        0.01086002        0.00257419
     0.4000000        0.00893068        0.00229829
     0.5000000        0.00748885        0.00209714
     0.6000000        0.00629146        0.00193860
     0.7000000        0.00534849        0.00174798
     0.8000000        0.00471511        0.00161637
     0.9000000        0.00387597        0.00139641
     1.0000000        0.00313085        0.00110356
     1.1000000        0.00239394        0.00072592
     1.2000000        0.00194302        0.00050006
     1.3000000        0.00159630        0.00036514
     1.4000000        0.00126055        0.00030558
     1.5000000        0.00097613        0.00028963
     1.6000000        0.00073542        0.00025444
     1.7000000        0.00052937        0.00023362
     1.8000000        0.00040265        0.00022850
     1.9000000        0.00028155        0.00020682
     2.0000000        0.00028150        0.00019636
     2.1000000        0.00021424        0.00020879
     2.2000000        0.00019660        0.00022245
     2.3000000        0.00015039        0.00023633
     2.4000000        0.00008843        0.00022502
     2.5000000        0.00000679        0.00023262
     2.6000000        0.00007755        0.00025551
     2.7000000        0.00017893        0.00024214
     2.8000000        0.00021211        0.00021317
     2.9000000        0.00029795        0.00020779
     3.0000000        0.00032203        0.00023252
     3.1000000        0.00031200        0.00025566
     3.2000000        0.00024352        0.00022833
     3.3000000        0.00005036        0.00026853
     3.4000000        0.00000246        0.00028294
     3.5000000       -0.00005220        0.00033242
     3.6000000       -0.00007003        0.00032164
     3.7000000        0.00002028        0.00027415
     3.8000000        0.00017693        0.00025636
     3.9000000        0.00026413        0.00019172
     4.0000000        0.00026373        0.00014258
     4.1000000        0.00025721        0.00014057
     4.2000000        0.00017423        0.00017959
     4.3000000        0.00020947        0.00021934
     4.4000000        0.00023422        0.00023854
     4.5000000        0.00027845        0.00022919
     4.6000000        0.00014782        0.00027292
     4.7000000        0.00009894        0.00029508
     4.8000000       -0.00001447        0.00034073
     4.9000000       -0.00006307        0.00039865
     5.0000000       -0.00006855        0.00038900
     5.1000000       -0.00021959        0.00035351
     5.2000000       -0.00029809        0.00030435
     5.3000000       -0.00032333        0.00022463
     5.4000000       -0.00029457        0.00024551
     5.5000000       -0.00034307        0.00038224
     5.6000000       -0.00025796        0.00039330
     5.7000000       -0.00022347        0.00037881
     5.8000000       -0.00016289        0.00039142
     5.9000000       -0.00018168        0.00038216
     6.0000000       -0.00019646        0.00040368
     6.1000000       -0.00019659        0.00047231
     6.2000000       -0.00016030        0.00051211
     6.3000000       -0.00024445        0.00050242
     6.4000000       -0.00026756        0.00050376
     6.5000000       -0.00029438        0.00050291
     6.6000000       -0.00025623        0.00049898
     6.7000000       -0.00025532        0.00051010
     6.8000000       -0.00015385        0.00054508
     6.9000000       -0.00009553        0.00056386
     7.0000000        0.00001990        0.00055104
     7.1000000        0.00011232        0.00047740
     7.2000000        0.00011132        0.00043491
     7.3000000        0.00012688        0.00041143
     7.4000000        0.00001428        0.00034536
     7.5000000        0.00005130        0.00027779
     7.6000000        0.00014065        0.00021401
     7.7000000        0.00013387        0.00018783
     7.8000000        0.00018589        0.00018449
     7.9000000        0.00021187        0.00020759
     8.0000000        0.00035175        0.00020853
     8.1000000        0.00049039        0.00021659
     8.2000000        0.00074616        0.00028817
     8.3000000        0.00104783        0.00037380
     8.4000000        0.00135879        0.00045174
     8.5000000        0.00161197        0.00057900
     8.6000000        0.00191835        0.00071775
     8.7000000        0.00231253        0.00091435
     8.8000000        0.00277953        0.00100091
     8.9000000        0.00310363        0.00108563
     9.0000000        0.00336635        0.00121406
     9.1000000        0.00369052        0.00145240
     9.2000000        0.00421870        0.00159580
     9.3000000        0.00505267        0.00188109
     9.4000000        0.00625778        0.00229225
     9.5000000        0.00745016        0.00265315
     9.6000000        0.00868095        0.00292011
     9.7000000        0.01008667        0.00305383
     9.8000000        0.01222622        0.00318219
     9.9000000        0.01540419        0.00322862
    10.0000000        0.02007743        0.00311930
