     0.0000000        1.26322164        0.02857679
     0.1000000        0.95410462        0.03208324
     0.2000000        0.72810388        0.03236718
     0.3000000        0.55626074        0.03203285
     0.4000000        0.43525432        0.02750509
     0.5000000        0.34288933        0.02829545
     0.6000000        0.27118947        0.03020883
     0.7000000        0.20125305        0.02974743
     0.8000000        0.16419801        0.02606281
     0.9000000        0.12936139        0.02061309
     1.0000000        0.10519033        0.01714117
     1.1000000        0.07433458        0.02408219
     1.2000000        0.04035728        0.02756419
     1.3000000        0.03055266        0.03258791
     1.4000000        0.02834940        0.03188582
     1.5000000        0.01414788        0.02736010
     1.6000000        0.01189925        0.02456351
     1.7000000        0.00220318        0.02118974
     1.8000000       -0.00536781        0.02047253
     1.9000000       -0.00682195        0.01752210
     2.0000000       -0.01302437        0.01773459
     2.1000000       -0.01204369        0.01959852
     2.2000000       -0.01498782        0.02165300
     2.3000000       -0.02239284        0.02821057
     2.4000000       -0.01246840        0.03151532
     2.5000000        0.00674348        0.02902406
     2.6000000        0.01834654        0.02664995
     2.7000000        0.01961779        0.03128812
     2.8000000        0.01449053        0.02909164
     2.9000000        0.01278214        0.02667316
     3.0000000        0.00258430        0.02551289
     3.1000000       -0.00246217        0.02874720
     3.2000000       -0.00946441        0.02793555
     3.3000000       -0.01342555        0.02214103
     3.4000000       -0.02818549        0.01946897
     3.5000000       -0.03424459        0.01953111
     3.6000000       -0.03404079        0.02192151
     3.7000000       -0.03600986        0.01767000
     3.8000000       -0.02335976        0.02175586
     3.9000000       -0.02613084        0.02110859
     4.0000000       -0.02187652        0.02059072
     4.1000000       -0.00875256        0.01703863
     4.2000000       -0.01766990        0.01942592
     4.3000000       -0.01772396        0.02282804
     4.4000000       -0.02509238        0.02559156
     4.5000000       -0.04437791        0.02554900
     4.6000000       -0.06905253        0.02292887
     4.7000000       -0.07488309        0.02644564
     4.8000000       -0.08243099        0.02370479
     4.9000000       -0.08369122        0.02511848
     5.0000000       -0.08498357        0.03055483
     5.1000000       -0.08681163        0.02937733
     5.2000000       -0.06412684        0.02482188
     5.3000000       -0.03735281        0.02322631
     5.4000000       -0.01446719        0.02477960
     5.5000000       -0.02213659        0.02365710
     5.6000000       -0.03097212        0.02602413
     5.7000000       -0.03454829        0.02348845
     5.8000000       -0.04072973        0.02366764
     5.9000000       -0.03631844        0.02272974
     6.0000000       -0.03626741        0.02677014
     6.1000000       -0.04297280        0.02878630
     6.2000000       -0.04352048        0.02653630
     6.3000000       -0.04157873        0.03037929
     6.4000000       -0.04333542        0.03383055
     6.5000000       -0.04646055        0.03190757
     6.6000000       -0.03592546        0.03315486
     6.7000000       -0.02986244        0.02843441
     6.8000000       -0.01699825        0.02011700
     6.9000000       -0.01078508        0.01647662
     7.0000000       -0.01097961        0.01438493
     7.1000000       -0.00575382        0.01395325
     7.2000000       -0.01297249        0.01242164
     7.3000000       -0.01697984        0.01376185
     7.4000000       -0.01666860        0.01236323
     7.5000000       -0.02590709        0.01129314
     7.6000000       -0.00959880        0.01347490
     7.7000000        0.00150443        0.01462810
     7.8000000        0.02156704        0.01431828
     7.9000000        0.03336434        0.01231443
     8.0000000        0.04102666        0.00837908
     8.1000000        0.04614107        0.00956554
     8.2000000        0.02844198        0.01213635
     8.3000000        0.03687559        0.01070141
     8.4000000        0.04520322        0.01504309
     8.5000000        0.04947003        0.01933613
     8.6000000        0.04345144        0.02618553
     8.7000000        0.03540886        0.02826593
     8.8000000        0.03922146        0.03093221
     8.9000000        0.05303381        0.03598302
     9.0000000        0.08046539        0.03099269
     9.1000000        0.11656831        0.02097402
     9.2000000        0.15619691        0.01656677
     9.3000000        0.20787020        0.01553284
     9.4000000        0.28056979        0.01152526
     9.5000000        0.36621645        0.01665407
     9.6000000        0.47283303        0.02587685
     9.7000000        0.60039909        0.02877662
     9.8000000        0.76593666        0.03177277
     9.9000000        0.98122089        0.02686931
    10.0000000        1.26322164        0.02857679
