     0.0000000        0.10162635        0.00478927
     0.1000000        0.06405795        0.00616675
     0.2000000        0.04312396        0.00465548
     0.3000000        0.02777517        0.00367128
     0.4000000        0.01863731        0.00355692
     0.5000000        0.01305931        0.00324082
     0.6000000        0.01388168        0.00503258
     0.7000000        0.00912340        0.00770902
     0.8000000        0.00707467        0.00680723
     0.9000000        0.00712377        0.00469474
     1.0000000        0.00385184        0.00418177
     1.1000000       -0.00111278        0.00399059
     1.2000000       -0.00168693        0.00460054
     1.3000000       -0.00561434        0.00656844
     1.4000000       -0.00304316        0.00637039
     1.5000000       -0.00082986        0.00451222
     1.6000000        0.00016621        0.00229020
     1.7000000       -0.00090101        0.00205332
     1.8000000       -0.00277381        0.00249074
     1.9000000       -0.00388379        0.00287821
     2.0000000       -0.00069835        0.00387806
     2.1000000        0.00238640        0.00342537
     2.2000000        0.00114137        0.00191379
     2.3000000        0.00201504        0.00183922
     2.4000000       -0.00104214        0.00115950
     2.5000000       -0.00219690        0.00241948
     2.6000000       -0.00258579        0.00137229
     2.7000000       -0.00278102        0.00173488
     2.8000000       -0.00105268        0.00239474
     2.9000000        0.00074584        0.00158068
     3.0000000        0.00022998        0.00059514
     3.1000000       -0.00162312        0.00125922
     3.2000000       -0.00035511        0.00111468
     3.3000000       -0.00031794        0.00076673
     3.4000000       -0.00317672        0.00161804
     3.5000000       -0.00056028        0.00201590
     3.6000000        0.00051110        0.00147625
     3.7000000        0.00034893        0.00075744
     3.8000000        0.00030073        0.00109425
     3.9000000       -0.00185856        0.00187469
     4.0000000       -0.00038511        0.00191211
     4.1000000       -0.00061918        0.00183455
     4.2000000       -0.00020965        0.00060717
     4.3000000       -0.00204878        0.00235710
     4.4000000        0.00113492        0.00107524
     4.5000000       -0.00431437        0.00383009
     4.6000000        0.00122836        0.00112146
     4.7000000        0.00483229        0.00199960
     4.8000000        0.00303270        0.00204929
     4.9000000        0.00228032        0.00267055
     5.0000000        0.00250795        0.00261378
     5.1000000        0.00235848        0.00169268
     5.2000000        0.00253697        0.00139284
     5.3000000       -0.00074131        0.00277632
     5.4000000        0.00161203        0.00436874
     5.5000000       -0.00076455        0.00204676
     5.6000000       -0.00191761        0.00217580
     5.7000000       -0.00455366        0.00164571
     5.8000000       -0.00222265        0.00207070
     5.9000000       -0.00405466        0.00188025
     6.0000000       -0.00388128        0.00160681
     6.1000000       -0.00364492        0.00170514
     6.2000000       -0.00298543        0.00190709
     6.3000000        0.00170680        0.00229328
     6.4000000        0.00368222        0.00298390
     6.5000000       -0.00131009        0.00321206
     6.6000000       -0.00233156        0.00427654
     6.7000000        0.00208019        0.00406328
     6.8000000        0.00315820        0.00510224
     6.9000000        0.00255045        0.00444351
     7.0000000        0.00325228        0.00424408
     7.1000000        0.00745036        0.00612229
     7.2000000        0.00406904        0.00502559
     7.3000000        0.00269345        0.00361719
     7.4000000        0.00340270        0.00272304
     7.5000000        0.00387710        0.00252263
     7.6000000        0.00341602        0.00299685
     7.7000000        0.00437949        0.00524866
     7.8000000        0.00686620        0.00587524
     7.9000000        0.00668393        0.00569299
     8.0000000        0.00487251        0.00698127
     8.1000000        0.01046261        0.00741913
     8.2000000        0.01401399        0.00459277
     8.3000000        0.01855801        0.00507986
     8.4000000        0.02041127        0.00529402
     8.5000000        0.02495840        0.00486377
     8.6000000        0.03182800        0.00331569
     8.7000000        0.04328925        0.00298320
     8.8000000        0.05770264        0.00529813
     8.9000000        0.07746435        0.00473755
     9.0000000        0.10183683        0.00412830
     9.1000000        0.13531048        0.00301952
     9.2000000        0.17361452        0.00205113
     9.3000000        0.22585452        0.00447453
     9.4000000        0.29918882        0.00600097
     9.5000000        0.39609788        0.00348174
     9.6000000        0.53866382        0.00350356
     9.7000000        0.73525484        0.00315753
     9.8000000        1.01090303        0.00510238
     9.9000000        1.37967077        0.00530374
    10.0000000        1.89837365        0.00478927
