         201           5   20.000000000000000                1
     0.0000000        0.50000000        0.00000000
     0.1000000        0.46895013        0.00448805
     0.2000000        0.43233487        0.00580520
     0.3000000        0.40309131        0.01079065
     0.4000000        0.38017513        0.01056807
     0.5000000        0.35586700        0.01353613
     0.6000000        0.34266958        0.01331152
     0.7000000        0.32717727        0.01483335
     0.8000000        0.31943397        0.01200820
     0.9000000        0.30851175        0.00946705
     1.0000000        0.29878070        0.01072014
     1.1000000        0.29181511        0.01057511
     1.2000000        0.28630976        0.00874261
     1.3000000        0.28500547        0.01090793
     1.4000000        0.28097814        0.01184412
     1.5000000        0.27712670        0.00999445
     1.6000000        0.27631951        0.00863466
     1.7000000        0.27729872        0.01267623
     1.8000000        0.26789654        0.01453030
     1.9000000        0.26119894        0.01231286
     2.0000000        0.25320651        0.01141582
     2.1000000        0.24632650        0.01954205
     2.2000000        0.24417120        0.01811648
     2.3000000        0.23495074        0.02224465
     2.4000000        0.23217091        0.02413192
     2.5000000        0.22887264        0.02142078
     2.6000000        0.22215075        0.02176991
     2.7000000        0.22312232        0.02179155
     2.8000000        0.21639084        0.02309845
     2.9000000        0.21237015        0.02219353
     3.0000000        0.19787457        0.01940981
     3.1000000        0.19694103        0.02017752
     3.2000000        0.19576975        0.02239938
     3.3000000        0.19253461        0.02018551
     3.4000000        0.19261027        0.01637793
     3.5000000        0.19222313        0.01440083
     3.6000000        0.18582487        0.01705244
     3.7000000        0.18233166        0.01655644
     3.8000000        0.17660041        0.01435799
     3.9000000        0.17571746        0.01702487
     4.0000000        0.17508003        0.01033850
     4.1000000        0.18030157        0.01383694
     4.2000000        0.17535814        0.01313528
     4.3000000        0.17941620        0.01563846
     4.4000000        0.17967384        0.02135751
     4.5000000        0.17687068        0.01739532
     4.6000000        0.16912521        0.01336135
     4.7000000        0.16172246        0.01228812
     4.8000000        0.15725661        0.00828209
     4.9000000        0.15995851        0.00904202
     5.0000000        0.15334215        0.01000101
     5.1000000        0.14288749        0.01251891
     5.2000000        0.13363972        0.01833472
     5.3000000        0.13065737        0.01606157
     5.4000000        0.13072343        0.01734451
     5.5000000        0.12465048        0.01558223
     5.6000000        0.11943917        0.01685377
     5.7000000        0.12016983        0.01518563
     5.8000000        0.10757192        0.01550759
     5.9000000        0.11463311        0.01360434
     6.0000000        0.10708000        0.01632290
     6.1000000        0.10183338        0.01377821
     6.2000000        0.10146533        0.01464261
     6.3000000        0.09628873        0.01270632
     6.4000000        0.10128459        0.01546985
     6.5000000        0.09996866        0.01162284
     6.6000000        0.10270532        0.01361952
     6.7000000        0.10309414        0.01137790
     6.8000000        0.10192230        0.01159855
     6.9000000        0.10199134        0.01315917
     7.0000000        0.09656875        0.01709628
     7.1000000        0.10158799        0.01586032
     7.2000000        0.09879961        0.01433850
     7.3000000        0.09226614        0.01500508
     7.4000000        0.08747505        0.01094017
     7.5000000        0.08735106        0.00752524
     7.6000000        0.08782156        0.01261581
     7.7000000        0.08523728        0.01286552
     7.8000000        0.07855675        0.01458209
     7.9000000        0.08297895        0.01461371
     8.0000000        0.08675385        0.01422122
     8.1000000        0.07490881        0.00934712
     8.2000000        0.06698842        0.00569761
     8.3000000        0.06928379        0.00635298
     8.4000000        0.06940764        0.00369342
     8.5000000        0.07222746        0.00420209
     8.6000000        0.06764378        0.00511153
     8.7000000        0.06686785        0.00499048
     8.8000000        0.06964338        0.00951608
     8.9000000        0.07183937        0.00884004
     9.0000000        0.07154800        0.01023122
     9.1000000        0.06943945        0.01051880
     9.2000000        0.07655969        0.01614955
     9.3000000        0.07514355        0.01230299
     9.4000000        0.07418471        0.01139238
     9.5000000        0.06724109        0.01224531
     9.6000000        0.06266059        0.01353214
     9.7000000        0.05557153        0.01681959
     9.8000000        0.05538147        0.01427734
     9.9000000        0.05256531        0.01567740
    10.0000000        0.05527464        0.01486543
    10.1000000        0.05706605        0.01479926
    10.2000000        0.06147645        0.01513463
    10.3000000        0.06363047        0.01494248
    10.4000000        0.06384513        0.01447340
    10.5000000        0.06609162        0.01199461
    10.6000000        0.06437820        0.01494277
    10.7000000        0.06710107        0.01263338
    10.8000000        0.06739440        0.01032616
    10.9000000        0.06452509        0.01454067
    11.0000000        0.06791196        0.01462518
    11.1000000        0.06936609        0.01652943
    11.2000000        0.06664823        0.02187257
    11.3000000        0.07221015        0.01668170
    11.4000000        0.07327235        0.01319613
    11.5000000        0.06981496        0.00983624
    11.6000000        0.06528451        0.01062699
    11.7000000        0.06432965        0.00938281
    11.8000000        0.06775485        0.00897703
    11.9000000        0.06795795        0.00777932
    12.0000000        0.06823757        0.00974104
    12.1000000        0.06585257        0.01212171
    12.2000000        0.06904497        0.01238139
    12.3000000        0.06595977        0.01445081
    12.4000000        0.06803205        0.01391764
    12.5000000        0.06983289        0.01427407
    12.6000000        0.06997799        0.01350677
    12.7000000        0.07517836        0.01436947
    12.8000000        0.07696189        0.01570617
    12.9000000        0.07241377        0.02223585
    13.0000000        0.07137658        0.02318365
    13.1000000        0.06508830        0.03097701
    13.2000000        0.07272721        0.02198965
    13.3000000        0.07912913        0.01940746
    13.4000000        0.08490867        0.01858224
    13.5000000        0.08643526        0.01736482
    13.6000000        0.09337830        0.01621593
    13.7000000        0.08721277        0.02388121
    13.8000000        0.08912838        0.02312900
    13.9000000        0.09334620        0.01803029
    14.0000000        0.08930822        0.01576925
    14.1000000        0.09072414        0.01770500
    14.2000000        0.09888313        0.01690521
    14.3000000        0.09790195        0.01898634
    14.4000000        0.09382840        0.01790554
    14.5000000        0.09731016        0.01782409
    14.6000000        0.09715374        0.01985717
    14.7000000        0.09297024        0.02728375
    14.8000000        0.09728067        0.02438417
    14.9000000        0.10257161        0.02222848
    15.0000000        0.10410298        0.02284819
    15.1000000        0.11034138        0.02057296
    15.2000000        0.10968368        0.01715674
    15.3000000        0.11906622        0.01186291
    15.4000000        0.13067466        0.00857406
    15.5000000        0.13154014        0.00708796
    15.6000000        0.13606536        0.00941426
    15.7000000        0.13604698        0.01199308
    15.8000000        0.13755935        0.01615416
    15.9000000        0.13709434        0.01622310
    16.0000000        0.13661376        0.01394939
    16.1000000        0.14873456        0.00712876
    16.2000000        0.14732636        0.00898410
    16.3000000        0.14160544        0.01360208
    16.4000000        0.14486541        0.01137703
    16.5000000        0.15025976        0.01664114
    16.6000000        0.14729087        0.02163782
    16.7000000        0.14853259        0.02240535
    16.8000000        0.16323374        0.02279882
    16.9000000        0.15683149        0.02592197
    17.0000000        0.17010007        0.01485294
    17.1000000        0.18536243        0.01476335
    17.2000000        0.18930368        0.01312951
    17.3000000        0.20118545        0.00903367
    17.4000000        0.19776158        0.00817048
    17.5000000        0.20570195        0.00908155
    17.6000000        0.21067630        0.00925061
    17.7000000        0.20864165        0.01162116
    17.8000000        0.21446795        0.00847658
    17.9000000        0.21134816        0.00977236
    18.0000000        0.21966878        0.01133336
    18.1000000        0.21858126        0.00789279
    18.2000000        0.23697449        0.00648304
    18.3000000        0.23911477        0.00846315
    18.4000000        0.25718798        0.00942266
    18.5000000        0.25994664        0.01067060
    18.6000000        0.27108732        0.00505299
    18.7000000        0.26920965        0.00267796
    18.8000000        0.27303046        0.00228069
    18.9000000        0.28185821        0.00625769
    19.0000000        0.28790524        0.00694021
    19.1000000        0.29669192        0.00666999
    19.2000000        0.30927535        0.00523403
    19.3000000        0.32388199        0.00532737
    19.4000000        0.33734545        0.00583541
    19.5000000        0.35241764        0.00646113
    19.6000000        0.37239282        0.00836801
    19.7000000        0.39205364        0.00679067
    19.8000000        0.42220641        0.00499676
    19.9000000        0.45798295        0.00518362
    20.0000000        0.50000000        0.00000000
