     0.0000000        0.11634418        0.00280682
     0.1000000        0.08678723        0.00289811
     0.2000000        0.06343775        0.00258557
     0.3000000        0.04269328        0.00257409
     0.4000000        0.02704233        0.00371225
     0.5000000        0.01997023        0.00306021
     0.6000000        0.00905933        0.00349144
     0.7000000        0.01022926        0.00380516
     0.8000000        0.00535678        0.00251827
     0.9000000        0.00253234        0.00283361
     1.0000000        0.00713720        0.00305080
     1.1000000        0.00784303        0.00334807
     1.2000000        0.00510950        0.00278847
     1.3000000        0.00279126        0.00301812
     1.4000000        0.00589776        0.00412735
     1.5000000        0.00217143        0.00315502
     1.6000000       -0.00043557        0.00392626
     1.7000000        0.00298234        0.00542681
     1.8000000        0.00033611        0.00380505
     1.9000000        0.00459825        0.00569232
     2.0000000        0.00091120        0.00330219
     2.1000000       -0.00608148        0.00745801
     2.2000000       -0.01315708        0.00848228
     2.3000000       -0.01354198        0.00995530
     2.4000000       -0.00903591        0.00532375
     2.5000000       -0.00161240        0.00158347
     2.6000000       -0.00146140        0.00517504
     2.7000000       -0.00344637        0.00560088
     2.8000000       -0.00217367        0.00443738
     2.9000000        0.00158986        0.00415796
     3.0000000       -0.00119614        0.00305377
     3.1000000       -0.00443779        0.00486399
     3.2000000       -0.00369784        0.00465688
     3.3000000       -0.00729939        0.00567740
     3.4000000       -0.00544265        0.00483642
     3.5000000       -0.00416416        0.00380132
     3.6000000       -0.00840029        0.00678529
     3.7000000        0.00662069        0.01226320
     3.8000000        0.00132797        0.00496233
     3.9000000        0.00199363        0.00681943
     4.0000000       -0.00468530        0.00492254
     4.1000000       -0.00512645        0.00308222
     4.2000000       -0.00275621        0.00353116
     4.3000000       -0.00347224        0.00433567
     4.4000000       -0.00527748        0.00516028
     4.5000000       -0.00084011        0.00335280
     4.6000000        0.00112068        0.00304356
     4.7000000        0.00191100        0.00474752
     4.8000000       -0.00002927        0.00380408
     4.9000000       -0.00071617        0.00256558
     5.0000000        0.00039195        0.00228589
     5.1000000        0.00048474        0.00243139
     5.2000000        0.00203256        0.00276625
     5.3000000       -0.00167524        0.00449517
     5.4000000        0.00040221        0.00413479
     5.5000000       -0.00178834        0.00267969
     5.6000000        0.00214419        0.00249784
     5.7000000        0.00388683        0.00305464
     5.8000000        0.00298368        0.00229025
     5.9000000        0.00470003        0.00401750
     6.0000000        0.00534879        0.00409538
     6.1000000        0.00495584        0.00413780
     6.2000000        0.00187174        0.00337070
     6.3000000        0.00177701        0.00337676
     6.4000000        0.00639867        0.00721941
     6.5000000        0.00380479        0.00698930
     6.6000000        0.00361576        0.00304843
     6.7000000        0.00763740        0.00467635
     6.8000000       -0.00807680        0.01304314
     6.9000000        0.00346094        0.00319612
     7.0000000       -0.00564530        0.00877008
     7.1000000       -0.00891365        0.01126460
     7.2000000       -0.01325734        0.01434421
     7.3000000       -0.00119606        0.00364203
     7.4000000        0.00106833        0.00305878
     7.5000000        0.00124745        0.00527093
     7.6000000        0.00548565        0.00879502
     7.7000000        0.01476348        0.01993078
     7.8000000       -0.00828207        0.00622708
     7.9000000       -0.00609150        0.00562685
     8.0000000        0.00035856        0.00245917
     8.1000000        0.00452169        0.00687273
     8.2000000        0.01739662        0.01726698
     8.3000000        0.05139052        0.04843367
     8.4000000        0.03564824        0.03133176
     8.5000000        0.03895153        0.03395801
     8.6000000        0.02408350        0.02376291
     8.7000000        0.01635343        0.01323864
     8.8000000        0.00802353        0.00654779
     8.9000000       -0.03065225        0.03089417
     9.0000000       -0.03462965        0.03415286
     9.1000000        0.03761608        0.04084258
     9.2000000       -0.00919457        0.01242858
     9.3000000        0.00920953        0.00777017
     9.4000000       -0.00309275        0.00844650
     9.5000000        0.00199478        0.00483406
     9.6000000       -0.01274070        0.01904942
     9.7000000       -0.02074506        0.01971064
     9.8000000       -0.09361763        0.09621115
     9.9000000        0.32265088        0.33096712
    10.0000000        0.20218142        0.20591182
    10.1000000        0.09831777        0.10128692
    10.2000000        0.00691853        0.00916839
    10.3000000        0.04558640        0.04296004
    10.4000000        0.03540223        0.03506846
    10.5000000        0.03632165        0.02927998
    10.6000000        0.02089262        0.01542722
    10.7000000        0.00506521        0.00633247
    10.8000000        0.00676662        0.00863876
    10.9000000       -0.00464198        0.00721661
    11.0000000       -0.00681581        0.00391101
    11.1000000       -0.00239219        0.01184181
    11.2000000        0.00602985        0.01228456
    11.3000000       -0.00272970        0.00649452
    11.4000000       -0.00231084        0.00424033
    11.5000000        0.00272564        0.01036858
    11.6000000       -0.00768533        0.00532529
    11.7000000       -0.00902963        0.00661543
    11.8000000       -0.00420114        0.00502804
    11.9000000       -0.02314664        0.01459917
    12.0000000       -0.01364361        0.00783503
    12.1000000       -0.00611998        0.00717753
    12.2000000       -0.00612796        0.00924342
    12.3000000       -0.02216125        0.01264517
    12.4000000       -0.01628886        0.00931872
    12.5000000       -0.00456876        0.00577127
    12.6000000       -0.00490851        0.00745526
    12.7000000       -0.01867806        0.01271249
    12.8000000        0.00266497        0.00482903
    12.9000000       -0.00357499        0.00386126
    13.0000000       -0.00115180        0.00337289
    13.1000000        0.00181965        0.00299534
    13.2000000       -0.00093809        0.00431932
    13.3000000        0.00496486        0.00505919
    13.4000000        0.00790307        0.00647579
    13.5000000        0.00613509        0.00343770
    13.6000000        0.00535937        0.00446570
    13.7000000        0.00872381        0.00785049
    13.8000000        0.00363245        0.00333025
    13.9000000        0.00041276        0.00149466
    14.0000000        0.00392164        0.00235863
    14.1000000        0.00745292        0.00617642
    14.2000000        0.01413375        0.01267846
    14.3000000        0.01594189        0.01625858
    14.4000000        0.00927489        0.01066140
    14.5000000        0.01520159        0.01125713
    14.6000000        0.01659099        0.00883808
    14.7000000        0.01897674        0.00819419
    14.8000000        0.01119795        0.00800119
    14.9000000        0.00627386        0.00930783
    15.0000000       -0.00342065        0.00478916
    15.1000000       -0.00705761        0.00476807
    15.2000000        0.00897250        0.01255787
    15.3000000        0.01250748        0.01717671
    15.4000000        0.00383407        0.00720460
    15.5000000        0.01040584        0.00940392
    15.6000000        0.00056982        0.00275726
    15.7000000        0.00797626        0.00798250
    15.8000000        0.00000782        0.00475742
    15.9000000        0.00364967        0.00604198
    16.0000000        0.00038115        0.00452760
    16.1000000       -0.00403576        0.00405353
    16.2000000       -0.01008459        0.01126804
    16.3000000       -0.01365286        0.01816206
    16.4000000       -0.04750978        0.05111531
    16.5000000       -0.03665666        0.04117809
    16.6000000       -0.02789631        0.02994976
    16.7000000       -0.00393985        0.00740669
    16.8000000        0.00357738        0.00484290
    16.9000000        0.00632805        0.00709966
    17.0000000        0.00430650        0.00766030
    17.1000000        0.00637601        0.00830247
    17.2000000       -0.00130042        0.01124163
    17.3000000       -0.00663577        0.01082875
    17.4000000       -0.00116919        0.00645942
    17.5000000        0.00126530        0.00483993
    17.6000000        0.01544878        0.00893061
    17.7000000        0.01530850        0.00806799
    17.8000000        0.00528989        0.01916690
    17.9000000        0.01443768        0.00952315
    18.0000000        0.01546188        0.00988195
    18.1000000       -0.00321592        0.00704647
    18.2000000        0.00313349        0.00893569
    18.3000000       -0.00108364        0.00701471
    18.4000000       -0.00285213        0.01085774
    18.5000000       -0.01927165        0.01248358
    18.6000000       -0.01506834        0.01617388
    18.7000000       -0.01009221        0.00990811
    18.8000000       -0.01479454        0.01484771
    18.9000000        0.00085656        0.00627315
    19.0000000        0.00196009        0.00258253
    19.1000000        0.00436664        0.00183663
    19.2000000        0.01590947        0.00650071
    19.3000000        0.02084900        0.00539942
    19.4000000        0.01501362        0.00426923
    19.5000000        0.02179208        0.00361650
    19.6000000        0.03446156        0.00551170
    19.7000000        0.04793873        0.00574285
    19.8000000        0.06433340        0.00457890
    19.9000000        0.08624122        0.00536930
    20.0000000        0.11634418        0.00280682
