     0.0000000        0.02519055        0.00935173
     0.1000000        0.02575587        0.00699079
     0.2000000        0.02128235        0.00472906
     0.3000000        0.01872895        0.00217996
     0.4000000        0.01502557        0.00327145
     0.5000000        0.01324816        0.00324116
     0.6000000        0.00511849        0.01105160
     0.7000000        0.01222262        0.00281606
     0.8000000        0.00504156        0.00644617
     0.9000000        0.00354862        0.00501207
     1.0000000        0.00589939        0.00403409
     1.1000000        0.00190958        0.00604143
     1.2000000        0.01071965        0.00296322
     1.3000000        0.01015656        0.00557470
     1.4000000        0.00799252        0.00245287
     1.5000000        0.00978624        0.00423553
     1.6000000        0.00234670        0.00198608
     1.7000000       -0.00784214        0.00915373
     1.8000000       -0.00661013        0.00635650
     1.9000000       -0.02827318        0.02442870
     2.0000000       -0.01243237        0.01070580
     2.1000000       -0.00677938        0.00612036
     2.2000000       -0.00673684        0.00397121
     2.3000000       -0.00690617        0.00527812
     2.4000000        0.00292574        0.00520248
     2.5000000        0.00463692        0.00580221
     2.6000000        0.00172279        0.00505816
     2.7000000       -0.00190115        0.00248206
     2.8000000        0.00106023        0.00176028
     2.9000000        0.00088358        0.00138453
     3.0000000        0.00056584        0.00147098
     3.1000000       -0.00010776        0.00113154
     3.2000000        0.00209287        0.00133835
     3.3000000        0.00253029        0.00194465
     3.4000000        0.00455223        0.00402866
     3.5000000        0.00250953        0.00281696
     3.6000000        0.00347546        0.00308859
     3.7000000        0.00127953        0.00230631
     3.8000000       -0.00075175        0.00164182
     3.9000000        0.00235447        0.00110938
     4.0000000        0.00287179        0.00124255
     4.1000000        0.00254363        0.00104531
     4.2000000        0.00224125        0.00141652
     4.3000000        0.00070548        0.00134383
     4.4000000       -0.00001364        0.00195862
     4.5000000        0.00080495        0.00180369
     4.6000000        0.00034785        0.00229350
     4.7000000        0.00313409        0.00196315
     4.8000000       -0.00173173        0.00325557
     4.9000000       -0.00108978        0.00244382
     5.0000000       -0.00118271        0.00215077
     5.1000000        0.00826747        0.00805242
     5.2000000       -0.00084596        0.00271077
     5.3000000       -0.00078912        0.00212402
     5.4000000       -0.00054988        0.00254354
     5.5000000       -0.00193064        0.00210061
     5.6000000       -0.00018791        0.00315395
     5.7000000        0.00056837        0.00215479
     5.8000000       -0.00120357        0.00190799
     5.9000000       -0.00077348        0.00161025
     6.0000000       -0.00109581        0.00188028
     6.1000000        0.00019790        0.00231335
     6.2000000        0.00000116        0.00168195
     6.3000000        0.00034533        0.00124155
     6.4000000        0.00013602        0.00147305
     6.5000000        0.00309167        0.00176655
     6.6000000        0.00247781        0.00391769
     6.7000000        0.00374135        0.00329468
     6.8000000       -0.00062078        0.00240317
     6.9000000       -0.00323670        0.00278176
     7.0000000       -0.00409212        0.00257174
     7.1000000       -0.00139100        0.00250422
     7.2000000       -0.00221889        0.00243535
     7.3000000        0.00111953        0.00211123
     7.4000000        0.00025822        0.00181573
     7.5000000        0.00037340        0.00228695
     7.6000000       -0.01665952        0.01745816
     7.7000000       -0.01485429        0.01861924
     7.8000000        0.02116206        0.01919476
     7.9000000        0.01728291        0.01936062
     8.0000000        0.00799095        0.01243261
     8.1000000        0.02524307        0.02541834
     8.2000000        0.01029319        0.00928608
     8.3000000        0.00708721        0.00627890
     8.4000000        0.00221883        0.00144848
     8.5000000        0.00044330        0.00157298
     8.6000000        0.00078549        0.00136126
     8.7000000        0.00061812        0.00107331
     8.8000000       -0.00038030        0.00089292
     8.9000000        0.00029179        0.00083981
     9.0000000        0.00099210        0.00101653
     9.1000000        0.00026606        0.00126142
     9.2000000        0.00057752        0.00132846
     9.3000000       -0.00055548        0.00132723
     9.4000000        0.00085453        0.00113303
     9.5000000        0.00103656        0.00133713
     9.6000000       -0.00148048        0.00235104
     9.7000000        0.00013411        0.00108716
     9.8000000        0.00051783        0.00084676
     9.9000000        0.00027111        0.00087672
    10.0000000        0.00076145        0.00096498
    10.1000000       -0.00083503        0.00074995
    10.2000000       -0.00070839        0.00099765
    10.3000000        0.00266236        0.00281716
    10.4000000        0.00126933        0.00103760
    10.5000000        0.00045973        0.00154207
    10.6000000        0.00230241        0.00143821
    10.7000000        0.00437330        0.00220060
    10.8000000        0.00426618        0.00271670
    10.9000000        0.00490385        0.00284069
    11.0000000        0.00635501        0.00396952
    11.1000000        0.00337919        0.00374974
    11.2000000        0.00292318        0.00324335
    11.3000000        0.00239277        0.00302665
    11.4000000        0.00287279        0.00228471
    11.5000000        0.00422867        0.00344429
    11.6000000        0.00263375        0.00250406
    11.7000000        0.00037836        0.00120197
    11.8000000        0.00106548        0.00249626
    11.9000000        0.00001194        0.00173594
    12.0000000        0.00042448        0.00111405
    12.1000000       -0.00043571        0.00086586
    12.2000000       -0.00065759        0.00208932
    12.3000000       -0.00174682        0.00208688
    12.4000000       -0.00058371        0.00099230
    12.5000000        0.00199579        0.00264917
    12.6000000        0.00118590        0.00210176
    12.7000000        0.00166430        0.00308339
    12.8000000        0.00018520        0.00182076
    12.9000000       -0.00108932        0.00086292
    13.0000000       -0.00227436        0.00164675
    13.1000000       -0.00189595        0.00117972
    13.2000000       -0.00040915        0.00145921
    13.3000000       -0.00065527        0.00172292
    13.4000000       -0.00151871        0.00232522
    13.5000000       -0.00231821        0.00331327
    13.6000000        0.00133094        0.00320203
    13.7000000        0.00352012        0.00425459
    13.8000000        0.00618907        0.00669764
    13.9000000        0.00269013        0.00550251
    14.0000000        0.00900450        0.00873265
    14.1000000       -0.00187544        0.00622863
    14.2000000        0.00081107        0.00263362
    14.3000000       -0.01095763        0.01452732
    14.4000000        0.00143206        0.00315409
    14.5000000       -0.00333578        0.00514660
    14.6000000       -0.04676254        0.04959039
    14.7000000       -0.03531067        0.03836484
    14.8000000       -0.01745657        0.02262084
    14.9000000       -0.02803945        0.03244674
    15.0000000       -0.04398144        0.04835804
    15.1000000       -0.03356315        0.03621084
    15.2000000       -0.32554165        0.34200398
    15.3000000       -0.04097662        0.04774308
    15.4000000       -0.01302532        0.01703777
    15.5000000        0.10532543        0.10894207
    15.6000000        0.05391092        0.05130908
    15.7000000        0.02329490        0.02009821
    15.8000000        0.06353207        0.05971229
    15.9000000        0.02011096        0.01596920
    16.0000000       -0.06339850        0.06402800
    16.1000000       -0.06024022        0.06439325
    16.2000000       -0.04476346        0.04712767
    16.3000000       -0.03779142        0.04080514
    16.4000000       -0.03127657        0.03346230
    16.5000000       -0.03522749        0.03616191
    16.6000000       -0.03413139        0.03065027
    16.7000000       -0.02496153        0.01991868
    16.8000000        0.00306740        0.00911377
    16.9000000       -0.00019563        0.00253027
    17.0000000       -0.00025915        0.00325011
    17.1000000       -0.00230225        0.00340516
    17.2000000        0.00190447        0.00494116
    17.3000000        0.00672068        0.00982586
    17.4000000        0.00170881        0.00447669
    17.5000000       -0.00083164        0.00257964
    17.6000000       -0.00152198        0.00186684
    17.7000000        0.00094840        0.00285374
    17.8000000        0.00122696        0.00249888
    17.9000000        0.00234226        0.00276262
    18.0000000        0.00616606        0.00672445
    18.1000000        0.00534019        0.00626813
    18.2000000        0.01489132        0.01387202
    18.3000000        0.00493779        0.00581372
    18.4000000        0.00320749        0.00445070
    18.5000000        0.00724121        0.00461868
    18.6000000        0.00682020        0.00420076
    18.7000000        0.00733778        0.00380091
    18.8000000        0.00992307        0.00430696
    18.9000000        0.00879319        0.00376430
    19.0000000        0.01019987        0.00268721
    19.1000000        0.01633847        0.00396897
    19.2000000        0.01726404        0.00428671
    19.3000000        0.01673755        0.00347983
    19.4000000        0.01527668        0.00334701
    19.5000000        0.02101612        0.00384058
    19.6000000        0.02742069        0.00480304
    19.7000000        0.02624123        0.00465571
    19.8000000        0.02367480        0.00577931
    19.9000000        0.02530773        0.00537635
    20.0000000        0.02519055        0.00935173
