     0.0000000        1.00000000        0.00000000
     0.1250000        0.78824933        0.00043110
     0.2500000        0.64018562        0.00051705
     0.3750000        0.53584489        0.00059316
     0.5000000        0.46199565        0.00060115
     0.6250000        0.41117281        0.00065123
     0.7500000        0.37797978        0.00064784
     0.8750000        0.35933031        0.00070632
     1.0000000        0.35255500        0.00066743
     1.1250000        0.35836842        0.00067112
     1.2500000        0.37750759        0.00068235
     1.3750000        0.41054869        0.00061193
     1.5000000        0.46215651        0.00060631
     1.6250000        0.53517403        0.00062755
     1.7500000        0.63959261        0.00053767
     1.8750000        0.78861939        0.00038932
     2.0000000        1.00000000        0.00000027
