     0.0000000        0.05398925        0.00037150
     0.1000000        0.04809907        0.00038634
     0.2000000        0.04307995        0.00043260
     0.3000000        0.03834804        0.00037132
     0.4000000        0.03440278        0.00030490
     0.5000000        0.03081500        0.00035177
     0.6000000        0.02728748        0.00033971
     0.7000000        0.02447839        0.00032002
     0.8000000        0.02184622        0.00031370
     0.9000000        0.01954351        0.00027613
     1.0000000        0.01748178        0.00024069
     1.1000000        0.01576544        0.00025461
     1.2000000        0.01401829        0.00025890
     1.3000000        0.01247050        0.00026944
     1.4000000        0.01115386        0.00023638
     1.5000000        0.00979980        0.00019146
     1.6000000        0.00870637        0.00016302
     1.7000000        0.00779084        0.00014963
     1.8000000        0.00706017        0.00015641
     1.9000000        0.00630256        0.00016092
     2.0000000        0.00556440        0.00015711
     2.1000000        0.00499145        0.00014610
     2.2000000        0.00438422        0.00018639
     2.3000000        0.00377985        0.00015924
     2.4000000        0.00322527        0.00014584
     2.5000000        0.00272670        0.00014282
     2.6000000        0.00251467        0.00016165
     2.7000000        0.00220655        0.00014506
     2.8000000        0.00205599        0.00016248
     2.9000000        0.00185018        0.00017762
     3.0000000        0.00167163        0.00014987
     3.1000000        0.00151187        0.00012364
     3.2000000        0.00129785        0.00013432
     3.3000000        0.00116492        0.00013568
     3.4000000        0.00102581        0.00012643
     3.5000000        0.00087219        0.00012859
     3.6000000        0.00070000        0.00013876
     3.7000000        0.00052611        0.00012579
     3.8000000        0.00048531        0.00012190
     3.9000000        0.00038914        0.00013719
     4.0000000        0.00029197        0.00016177
     4.1000000        0.00008230        0.00019715
     4.2000000        0.00001270        0.00021298
     4.3000000        0.00019946        0.00021540
     4.4000000        0.00030589        0.00021245
     4.5000000        0.00032404        0.00017046
     4.6000000        0.00032571        0.00014213
     4.7000000        0.00011021        0.00016335
     4.8000000        0.00011076        0.00020241
     4.9000000       -0.00008275        0.00021822
     5.0000000       -0.00001304        0.00028376
     5.1000000        0.00012646        0.00028037
     5.2000000        0.00010609        0.00024145
     5.3000000        0.00015880        0.00023012
     5.4000000        0.00010501        0.00021373
     5.5000000        0.00001797        0.00019522
     5.6000000        0.00002583        0.00016994
     5.7000000        0.00000885        0.00018916
     5.8000000       -0.00004257        0.00021327
     5.9000000       -0.00007341        0.00020499
     6.0000000        0.00005986        0.00020108
     6.1000000        0.00012434        0.00023001
     6.2000000        0.00006765        0.00023868
     6.3000000        0.00016951        0.00027944
     6.4000000        0.00017179        0.00031097
     6.5000000        0.00005274        0.00027413
     6.6000000        0.00005376        0.00023397
     6.7000000        0.00000962        0.00021701
     6.8000000        0.00005361        0.00024287
     6.9000000        0.00012449        0.00021807
     7.0000000        0.00007294        0.00020536
     7.1000000        0.00004915        0.00019714
     7.2000000        0.00006175        0.00018760
     7.3000000       -0.00000551        0.00018177
     7.4000000       -0.00010063        0.00024131
     7.5000000        0.00001542        0.00020748
     7.6000000        0.00009005        0.00018507
     7.7000000       -0.00002122        0.00020771
     7.8000000        0.00014499        0.00018389
     7.9000000        0.00014714        0.00020025
     8.0000000       -0.00004599        0.00031292
     8.1000000       -0.00001964        0.00034322
     8.2000000        0.00027691        0.00028076
     8.3000000        0.00053831        0.00038268
     8.4000000        0.00038312        0.00026457
     8.5000000        0.00029730        0.00025624
     8.6000000        0.00026129        0.00027868
     8.7000000        0.00017879        0.00030445
     8.8000000        0.00016083        0.00033092
     8.9000000        0.00009700        0.00030999
     9.0000000        0.00004119        0.00024979
     9.1000000        0.00010621        0.00022642
     9.2000000        0.00014089        0.00025155
     9.3000000        0.00005057        0.00030019
     9.4000000        0.00026948        0.00022007
     9.5000000        0.00029478        0.00017598
     9.6000000        0.00018857        0.00018297
     9.7000000        0.00025197        0.00022411
     9.8000000        0.00032316        0.00023221
     9.9000000        0.00036915        0.00024135
    10.0000000        0.00057677        0.00025793
    10.1000000        0.00047437        0.00022270
    10.2000000        0.00031361        0.00023150
    10.3000000        0.00093350        0.00066803
    10.4000000        0.00058196        0.00039374
    10.5000000        0.00057328        0.00034686
    10.6000000        0.00050752        0.00027067
    10.7000000        0.00033179        0.00036593
    10.8000000        0.00005657        0.00021846
    10.9000000       -0.00015364        0.00025274
    11.0000000       -0.00030081        0.00030609
    11.1000000       -0.00024723        0.00029324
    11.2000000       -0.00028741        0.00035272
    11.3000000       -0.00030814        0.00031168
    11.4000000       -0.00011756        0.00028468
    11.5000000       -0.00011818        0.00027655
    11.6000000       -0.00021717        0.00023901
    11.7000000       -0.00028496        0.00022922
    11.8000000       -0.00013901        0.00019949
    11.9000000        0.00000291        0.00022965
    12.0000000       -0.00003549        0.00022938
    12.1000000       -0.00003074        0.00030442
    12.2000000       -0.00003741        0.00032279
    12.3000000        0.00013469        0.00030086
    12.4000000        0.00007245        0.00029943
    12.5000000        0.00012676        0.00026456
    12.6000000        0.00017184        0.00023981
    12.7000000        0.00014646        0.00023892
    12.8000000        0.00018626        0.00022370
    12.9000000        0.00017652        0.00020809
    13.0000000        0.00019890        0.00020352
    13.1000000        0.00008847        0.00019606
    13.2000000        0.00003358        0.00017471
    13.3000000        0.00013172        0.00016564
    13.4000000        0.00016475        0.00014450
    13.5000000        0.00016295        0.00017449
    13.6000000        0.00026728        0.00018644
    13.7000000        0.00028691        0.00015737
    13.8000000        0.00034718        0.00016677
    13.9000000        0.00026112        0.00016664
    14.0000000        0.00024156        0.00017940
    14.1000000        0.00017587        0.00018879
    14.2000000        0.00022639        0.00020174
    14.3000000        0.00026355        0.00015976
    14.4000000        0.00024946        0.00014632
    14.5000000        0.00030452        0.00013801
    14.6000000        0.00033704        0.00013312
    14.7000000        0.00030723        0.00013770
    14.8000000        0.00024641        0.00016027
    14.9000000        0.00025360        0.00014849
    15.0000000        0.00018375        0.00014899
    15.1000000        0.00018554        0.00016568
    15.2000000        0.00020172        0.00018072
    15.3000000        0.00028658        0.00022043
    15.4000000        0.00033727        0.00020968
    15.5000000        0.00054790        0.00022611
    15.6000000        0.00055227        0.00021549
    15.7000000        0.00050305        0.00025831
    15.8000000        0.00051233        0.00018285
    15.9000000        0.00048762        0.00019762
    16.0000000        0.00063929        0.00021803
    16.1000000        0.00067758        0.00026713
    16.2000000        0.00079539        0.00032254
    16.3000000        0.00079846        0.00030560
    16.4000000        0.00090930        0.00023798
    16.5000000        0.00111996        0.00028327
    16.6000000        0.00125935        0.00018582
    16.7000000        0.00131545        0.00029030
    16.8000000        0.00155627        0.00028305
    16.9000000        0.00116247        0.00076383
    17.0000000        0.00122285        0.00087447
    17.1000000        0.00174217        0.00064828
    17.2000000        0.00226265        0.00040806
    17.3000000        0.00239585        0.00036378
    17.4000000        0.00269992        0.00037105
    17.5000000        0.00313768        0.00037552
    17.6000000        0.00354303        0.00028050
    17.7000000        0.00394540        0.00021926
    17.8000000        0.00441601        0.00018627
    17.9000000        0.00485383        0.00020438
    18.0000000        0.00529883        0.00021075
    18.1000000        0.00604926        0.00021487
    18.2000000        0.00686045        0.00026780
    18.3000000        0.00766681        0.00030225
    18.4000000        0.00862411        0.00032161
    18.5000000        0.00967472        0.00028730
    18.6000000        0.01072629        0.00019955
    18.7000000        0.01206477        0.00016755
    18.8000000        0.01357400        0.00015133
    18.9000000        0.01507596        0.00017581
    19.0000000        0.01693591        0.00021674
    19.1000000        0.01922474        0.00021660
    19.2000000        0.02157146        0.00018904
    19.3000000        0.02407436        0.00021419
    19.4000000        0.02715458        0.00027191
    19.5000000        0.03030735        0.00024134
    19.6000000        0.03390961        0.00024067
    19.7000000        0.03802191        0.00028551
    19.8000000        0.04261435        0.00028402
    19.9000000        0.04799097        0.00031694
    20.0000000        0.05398925        0.00037150
