         201           5   20.000000000000000                1
     0.0000000        0.94596160        0.00826117
     0.1000000        0.67115138        0.01497504
     0.2000000        0.48974475        0.00649001
     0.3000000        0.34839816        0.00988745
     0.4000000        0.24483600        0.00578989
     0.5000000        0.16895524        0.00690585
     0.6000000        0.11672003        0.00894581
     0.7000000        0.08143045        0.01048337
     0.8000000        0.05798501        0.01018140
     0.9000000        0.04865210        0.00609984
     1.0000000        0.03062036        0.00576695
     1.1000000        0.02508201        0.00477708
     1.2000000        0.01538591        0.00445489
     1.3000000        0.00525495        0.00935465
     1.4000000        0.00348184        0.00900300
     1.5000000       -0.00298555        0.01179616
     1.6000000       -0.00486130        0.01181995
     1.7000000       -0.01102171        0.01069946
     1.8000000       -0.00216221        0.00639612
     1.9000000       -0.00247821        0.00648336
     2.0000000        0.00051793        0.00622227
     2.1000000        0.00278244        0.00773213
     2.2000000        0.00390020        0.00499334
     2.3000000       -0.00213648        0.00622398
     2.4000000       -0.00452158        0.00796395
     2.5000000       -0.00148499        0.00598073
     2.6000000       -0.00232283        0.00782854
     2.7000000       -0.00319205        0.00411959
     2.8000000       -0.00884847        0.00535288
     2.9000000       -0.00515952        0.00373807
     3.0000000       -0.00256730        0.00240070
     3.1000000       -0.00214094        0.00360172
     3.2000000       -0.00393803        0.00238413
     3.3000000       -0.00403121        0.00367484
     3.4000000       -0.00297250        0.00115455
     3.5000000        0.00087761        0.00179682
     3.6000000       -0.00017550        0.00249891
     3.7000000        0.00156818        0.00168336
     3.8000000        0.00162744        0.00365475
     3.9000000        0.00083373        0.00394876
     4.0000000       -0.00408875        0.00421161
     4.1000000       -0.00169681        0.00134139
     4.2000000       -0.00276433        0.00331450
     4.3000000       -0.00145429        0.00337471
     4.4000000       -0.00086431        0.00295230
     4.5000000       -0.00097985        0.00290145
     4.6000000       -0.00005544        0.00146648
     4.7000000        0.00130857        0.00241296
     4.8000000       -0.00158644        0.00243036
     4.9000000       -0.00199378        0.00126336
     5.0000000       -0.00307908        0.00343214
     5.1000000       -0.00491417        0.00564305
     5.2000000       -0.00127771        0.00543172
     5.3000000       -0.00106858        0.00305827
     5.4000000        0.00096213        0.00353842
     5.5000000       -0.00141861        0.00499145
     5.6000000        0.00400844        0.00385449
     5.7000000        0.00945131        0.00969866
     5.8000000        0.00892403        0.00970104
     5.9000000        0.01072687        0.00528184
     6.0000000        0.00470030        0.00250120
     6.1000000        0.00016088        0.00264825
     6.2000000       -0.00094872        0.00454933
     6.3000000       -0.00038918        0.00323619
     6.4000000       -0.00500758        0.00454806
     6.5000000       -0.00401173        0.00277870
     6.6000000       -0.00593177        0.00601823
     6.7000000       -0.00458820        0.00504294
     6.8000000       -0.00191717        0.00425968
     6.9000000       -0.00422126        0.00638599
     7.0000000       -0.00290638        0.00613297
     7.1000000       -0.00078856        0.00627674
     7.2000000       -0.00004087        0.00340662
     7.3000000       -0.00098478        0.00383561
     7.4000000       -0.00013231        0.00254093
     7.5000000       -0.00088466        0.00306708
     7.6000000       -0.00058495        0.00304924
     7.7000000       -0.00085816        0.00277372
     7.8000000       -0.00206793        0.00304918
     7.9000000        0.00006205        0.00288302
     8.0000000       -0.00163039        0.00348538
     8.1000000       -0.00315369        0.00314291
     8.2000000        0.00146675        0.00352559
     8.3000000        0.00226408        0.00393109
     8.4000000        0.00092690        0.00272217
     8.5000000        0.00108282        0.00157409
     8.6000000        0.00193513        0.00089713
     8.7000000        0.00075974        0.00091689
     8.8000000       -0.00036711        0.00126041
     8.9000000       -0.00030298        0.00134149
     9.0000000        0.00029775        0.00125525
     9.1000000        0.00056991        0.00140191
     9.2000000        0.00151925        0.00178448
     9.3000000       -0.00034797        0.00272382
     9.4000000       -0.00174750        0.00224962
     9.5000000       -0.00123580        0.00105175
     9.6000000        0.00063100        0.00100767
     9.7000000        0.00080564        0.00161650
     9.8000000       -0.00119311        0.00256902
     9.9000000       -0.00031949        0.00051655
    10.0000000        0.00101167        0.00145914
    10.1000000        0.00056807        0.00200621
    10.2000000        0.00290275        0.00252871
    10.3000000        0.00420524        0.00262560
    10.4000000       -0.00094632        0.00155264
    10.5000000       -0.00247796        0.00257825
    10.6000000       -0.00190719        0.00179313
    10.7000000       -0.00027473        0.00274269
    10.8000000        0.00149990        0.00252356
    10.9000000        0.00236977        0.00278648
    11.0000000        0.00229069        0.00189001
    11.1000000        0.00205115        0.00121762
    11.2000000        0.00074334        0.00079969
    11.3000000        0.00171258        0.00057704
    11.4000000        0.00002124        0.00076695
    11.5000000       -0.00223551        0.00073566
    11.6000000       -0.00273466        0.00188086
    11.7000000       -0.00242612        0.00203173
    11.8000000       -0.00074229        0.00126539
    11.9000000       -0.00098971        0.00126293
    12.0000000       -0.00284707        0.00448031
    12.1000000       -0.00082402        0.00617587
    12.2000000       -0.00331562        0.00418501
    12.3000000       -0.00445241        0.00410753
    12.4000000       -0.00433374        0.00279760
    12.5000000       -0.00445719        0.00220323
    12.6000000       -0.00034585        0.00193095
    12.7000000       -0.00001614        0.00085687
    12.8000000       -0.00270378        0.00084997
    12.9000000       -0.00247925        0.00113879
    13.0000000       -0.00192599        0.00117015
    13.1000000       -0.00143744        0.00090149
    13.2000000       -0.00454504        0.00599582
    13.3000000       -0.00137192        0.00102183
    13.4000000       -0.00118344        0.00164374
    13.5000000        0.00059358        0.00105033
    13.6000000        0.00144242        0.00115788
    13.7000000        0.00157147        0.00132263
    13.8000000       -0.00000431        0.00196222
    13.9000000       -0.00032740        0.00299291
    14.0000000       -0.00210967        0.00289933
    14.1000000        0.00083032        0.00213390
    14.2000000        0.00126762        0.00236670
    14.3000000        0.00184549        0.00153790
    14.4000000        0.00125472        0.00168790
    14.5000000        0.00071830        0.00190763
    14.6000000       -0.00146660        0.00119230
    14.7000000       -0.00105629        0.00139585
    14.8000000        0.00094495        0.00178319
    14.9000000       -0.00155179        0.00165794
    15.0000000       -0.00121085        0.00168406
    15.1000000        0.00180169        0.00334690
    15.2000000        0.00276083        0.00266523
    15.3000000        0.00475461        0.00248545
    15.4000000        0.00095737        0.00247813
    15.5000000        0.00383440        0.00104588
    15.6000000        0.00320702        0.00128528
    15.7000000        0.00301274        0.00252559
    15.8000000        0.00037192        0.00214127
    15.9000000        0.00013958        0.00253996
    16.0000000        0.00059373        0.00275406
    16.1000000       -0.00228117        0.00242412
    16.2000000        0.00084026        0.00261328
    16.3000000       -0.00033512        0.00214448
    16.4000000       -0.00388178        0.00329791
    16.5000000       -0.00308582        0.00326191
    16.6000000       -0.00152948        0.00296382
    16.7000000        0.00229244        0.00362468
    16.8000000        0.00183081        0.00330789
    16.9000000        0.00146054        0.00284392
    17.0000000        0.00284935        0.00105834
    17.1000000        0.00287745        0.00205201
    17.2000000        0.00038690        0.00488185
    17.3000000       -0.00044151        0.00556760
    17.4000000        0.00013703        0.00421907
    17.5000000        0.00000316        0.00444117
    17.6000000       -0.00268234        0.00343942
    17.7000000       -0.00306740        0.00310136
    17.8000000       -0.00420007        0.00421188
    17.9000000       -0.00159092        0.00356604
    18.0000000       -0.00101096        0.00377372
    18.1000000        0.00795190        0.00631259
    18.2000000        0.00484028        0.00584250
    18.3000000        0.00055054        0.00467439
    18.4000000       -0.00051652        0.00400802
    18.5000000       -0.00223618        0.00326199
    18.6000000       -0.00128647        0.00363468
    18.7000000        0.00359807        0.00346000
    18.8000000       -0.00186616        0.00644556
    18.9000000       -0.00280589        0.00774298
    19.0000000       -0.00388390        0.00502131
    19.1000000       -0.00280955        0.00535967
    19.2000000        0.00059855        0.00547729
    19.3000000        0.00181010        0.00492184
    19.4000000        0.01019450        0.00993037
    19.5000000        0.00743975        0.00783237
    19.6000000        0.00672655        0.00541845
    19.7000000        0.01274423        0.00554900
    19.8000000        0.02297864        0.00977887
    19.9000000        0.03433448        0.00481329
    20.0000000        0.05403840        0.00826117
