         101           5   20.000000000000000                1
     0.0000000        0.25000000        0.00000000
     0.1000000        0.22745782        0.02725508
     0.2000000        0.19267896        0.02970461
     0.3000000        0.18735587        0.04796205
     0.4000000        0.22351381        0.10511473
     0.5000000        0.15171803        0.04821612
     0.6000000        0.12812174        0.03265327
     0.7000000        0.11070318        0.02802803
     0.8000000        0.11146760        0.04788664
     0.9000000        0.08707607        0.02626302
     1.0000000        0.08595488        0.02380423
     1.1000000        0.08457841        0.02795537
     1.2000000        0.07459327        0.01972898
     1.3000000        0.06379218        0.01439820
     1.4000000        0.05356581        0.01170916
     1.5000000        0.04822878        0.00813977
     1.6000000        0.05032458        0.00728468
     1.7000000        0.04874215        0.00636832
     1.8000000        0.04831950        0.01009231
     1.9000000        0.04730600        0.01087196
     2.0000000        0.04115859        0.01099121
     2.1000000        0.04043505        0.00724822
     2.2000000        0.03842412        0.00738157
     2.3000000        0.03574877        0.00802401
     2.4000000        0.03781401        0.00901772
     2.5000000        0.03458789        0.00934475
     2.6000000        0.04628244        0.01593965
     2.7000000        0.03852362        0.01149108
     2.8000000        0.03752282        0.01181079
     2.9000000        0.03418723        0.00896541
     3.0000000        0.03423758        0.01104882
     3.1000000        0.03457905        0.01126446
     3.2000000        0.03321714        0.00648078
     3.3000000        0.02359946        0.00295494
     3.4000000        0.02654760        0.00667015
     3.5000000        0.02572569        0.00561042
     3.6000000        0.02466897        0.00557606
     3.7000000        0.03092213        0.00533907
     3.8000000        0.02446221        0.00560832
     3.9000000        0.01983497        0.00320936
     4.0000000        0.01875809        0.00341936
     4.1000000        0.01901995        0.00335684
     4.2000000        0.03099423        0.00724323
     4.3000000        0.02159572        0.00252675
     4.4000000        0.01952127        0.00447971
     4.5000000        0.01786083        0.00361678
     4.6000000        0.01682471        0.00450069
     4.7000000        0.01693958        0.00186129
     4.8000000        0.01321112        0.00174369
     4.9000000        0.01557945        0.00358486
     5.0000000        0.01844060        0.00437508
     5.1000000        0.02361305        0.01082594
     5.2000000        0.01879791        0.00602291
     5.3000000        0.01628513        0.00595503
     5.4000000        0.01754685        0.00587633
     5.5000000        0.01416221        0.00363973
     5.6000000        0.02024819        0.00619268
     5.7000000        0.02925823        0.01555661
     5.8000000        0.05288866        0.04389037
     5.9000000        0.03616050        0.02741964
     6.0000000        0.03068946        0.01879339
     6.1000000        0.02198932        0.01184532
     6.2000000        0.01673334        0.00731261
     6.3000000        0.02152122        0.01125866
     6.4000000        0.02646573        0.01486606
     6.5000000        0.01983500        0.00990677
     6.6000000        0.02075022        0.01036726
     6.7000000        0.01705021        0.00799191
     6.8000000        0.02787520        0.01854571
     6.9000000        0.02801937        0.01721081
     7.0000000        0.02157755        0.01089400
     7.1000000        0.01911787        0.00979810
     7.2000000        0.02112354        0.01267916
     7.3000000        0.02815209        0.02067203
     7.4000000        0.02053108        0.01114759
     7.5000000        0.01580504        0.00664078
     7.6000000        0.01600150        0.00871742
     7.7000000        0.01704020        0.01144690
     7.8000000        0.01269842        0.00579500
     7.9000000        0.01061540        0.00343564
     8.0000000        0.01677370        0.00676275
     8.1000000        0.01446020        0.00532282
     8.2000000        0.01360142        0.00454628
     8.3000000        0.01647148        0.00598123
     8.4000000        0.01354624        0.00476516
     8.5000000        0.01111301        0.00381727
     8.6000000        0.00960376        0.00348495
     8.7000000        0.01004132        0.00372635
     8.8000000        0.00947163        0.00277464
     8.9000000        0.00947574        0.00187321
     9.0000000        0.00757428        0.00157480
     9.1000000        0.00659582        0.00167805
     9.2000000        0.00730331        0.00152818
     9.3000000        0.00975127        0.00247187
     9.4000000        0.01020515        0.00345502
     9.5000000        0.00906510        0.00306138
     9.6000000        0.00844270        0.00241031
     9.7000000        0.00859758        0.00262531
     9.8000000        0.01062068        0.00519995
     9.9000000        0.01017138        0.00372845
    10.0000000        0.01264311        0.00523743
