     0.0000000        0.17838455        0.02993490
     0.1000000        0.06757049        0.03333537
     0.2000000        0.03160930        0.03191944
     0.3000000        0.07762405        0.02815685
     0.4000000        0.06230896        0.02108984
     0.5000000        0.03431751        0.01112459
     0.6000000        0.00196833        0.02949957
     0.7000000        0.00532601        0.02244987
     0.8000000        0.04105464        0.02827022
     0.9000000        0.01761194        0.02387829
     1.0000000        0.02785265        0.03321591
     1.1000000        0.00353575        0.01092221
     1.2000000       -0.00649525        0.00562168
     1.3000000       -0.02146612        0.02446079
     1.4000000       -0.02931700        0.02709701
     1.5000000       -0.04546207        0.05032230
     1.6000000        0.01381191        0.01599143
     1.7000000        0.09730041        0.10009589
     1.8000000        0.04571113        0.03171852
     1.9000000        0.10064973        0.09371455
     2.0000000        0.05573547        0.05328371
     2.1000000        0.04715412        0.03568116
     2.2000000        0.00578942        0.01842645
     2.3000000        0.01287728        0.02881048
     2.4000000        0.00343458        0.01343010
     2.5000000        0.00395937        0.01000894
     2.6000000        0.00799327        0.01519313
     2.7000000       -0.02151944        0.01202528
     2.8000000       -0.00361117        0.00654234
     2.9000000       -0.00594168        0.00465010
     3.0000000       -0.00178543        0.00506458
     3.1000000        0.00210870        0.00555342
     3.2000000        0.01415370        0.01075630
     3.3000000       -0.00209442        0.00604185
     3.4000000        0.00346980        0.00604216
     3.5000000        0.00716189        0.01539314
     3.6000000       -0.00035418        0.00942668
     3.7000000        0.01290260        0.00888766
     3.8000000       -0.00738484        0.00381878
     3.9000000        0.00438139        0.00387499
     4.0000000        0.00227516        0.00600955
     4.1000000        0.00534225        0.00511943
     4.2000000        0.00374064        0.00574498
     4.3000000        0.00401413        0.00667337
     4.4000000        0.00076038        0.00747597
     4.5000000       -0.01022986        0.01042778
     4.6000000       -0.01043375        0.01242098
     4.7000000       -0.00645150        0.00765621
     4.8000000       -0.02123472        0.01719329
     4.9000000       -0.02245254        0.01080838
     5.0000000       -0.02348879        0.01929528
     5.1000000       -0.04164135        0.03301728
     5.2000000       -0.00983268        0.00987757
     5.3000000        0.01312595        0.01461144
     5.4000000       -0.00444774        0.00485289
     5.5000000       -0.00085873        0.00614373
     5.6000000        0.00766269        0.00470771
     5.7000000        0.00201717        0.00334572
     5.8000000        0.00121016        0.00551581
     5.9000000       -0.00932186        0.00922511
     6.0000000       -0.00757068        0.01204409
     6.1000000        0.00885291        0.00585663
     6.2000000        0.02123128        0.01014193
     6.3000000        0.01475840        0.00830226
     6.4000000        0.00606658        0.00494769
     6.5000000        0.02094340        0.01412138
     6.6000000        0.00913505        0.00604087
     6.7000000        0.03297876        0.02159358
     6.8000000        0.00126755        0.01903329
     6.9000000       -0.00152715        0.00582846
     7.0000000       -0.01114724        0.00562652
     7.1000000        0.00327460        0.00596384
     7.2000000        0.00445547        0.00485251
     7.3000000       -0.00266976        0.00394047
     7.4000000        0.00324985        0.00571722
     7.5000000        0.01268485        0.00877616
     7.6000000        0.01345785        0.00969131
     7.7000000       -0.00731800        0.01195876
     7.8000000       -0.00006160        0.00389016
     7.9000000        0.01077309        0.01055120
     8.0000000        0.00392202        0.01606020
     8.1000000       -0.01898355        0.02516976
     8.2000000        0.00745531        0.01068127
     8.3000000        0.00824998        0.00670647
     8.4000000       -0.00569794        0.00529888
     8.5000000       -0.00225403        0.00295566
     8.6000000       -0.00668227        0.00445093
     8.7000000        0.00045309        0.00270035
     8.8000000        0.00663086        0.00454389
     8.9000000        0.00429799        0.00341303
     9.0000000        0.00238511        0.00299374
     9.1000000        0.00462063        0.00391432
     9.2000000        0.00615173        0.00467206
     9.3000000        0.01113781        0.00776218
     9.4000000        0.00360292        0.00356262
     9.5000000        0.00081096        0.00427074
     9.6000000        0.00951372        0.00381266
     9.7000000        0.00635463        0.00662612
     9.8000000        0.00699645        0.01068047
     9.9000000       -0.00157358        0.00336021
    10.0000000        0.00302821        0.00473647
    10.1000000       -0.00005507        0.00369363
    10.2000000        0.00770328        0.00853872
    10.3000000        0.00152783        0.00792620
    10.4000000        0.00198822        0.00440237
    10.5000000       -0.00957777        0.00708488
    10.6000000       -0.01301931        0.00698295
    10.7000000        0.00071392        0.00316639
    10.8000000       -0.00267868        0.00708635
    10.9000000       -0.00282609        0.00328359
    11.0000000       -0.00392279        0.00388810
    11.1000000       -0.00344398        0.00509678
    11.2000000       -0.00957654        0.00795872
    11.3000000       -0.00773057        0.00646514
    11.4000000       -0.00493460        0.00869921
    11.5000000        0.00170056        0.00418128
    11.6000000       -0.00573820        0.00421380
    11.7000000       -0.00759851        0.00394409
    11.8000000       -0.00468526        0.00671975
    11.9000000       -0.00919497        0.00921662
    12.0000000        0.00430890        0.00307777
    12.1000000        0.00431419        0.00508203
    12.2000000        0.00653480        0.00525034
    12.3000000        0.00224786        0.00326833
    12.4000000       -0.00039568        0.00297233
    12.5000000        0.00178556        0.00693342
    12.6000000       -0.00256500        0.00603142
    12.7000000       -0.01697749        0.01476164
    12.8000000       -0.00736569        0.00633363
    12.9000000       -0.00061867        0.00616817
    13.0000000        0.00430214        0.00403872
    13.1000000        0.01263589        0.01192260
    13.2000000        0.00090781        0.00621323
    13.3000000        0.00545758        0.00494979
    13.4000000        0.00206831        0.00470309
    13.5000000       -0.00449146        0.00965039
    13.6000000        0.01034746        0.00582953
    13.7000000       -0.00717819        0.00567097
    13.8000000       -0.01386040        0.01717978
    13.9000000       -0.02764315        0.02818690
    14.0000000       -0.09806692        0.09726176
    14.1000000       -0.04476470        0.05405787
    14.2000000       -0.00253380        0.01585462
    14.3000000        0.04466707        0.03670400
    14.4000000        0.39554313        0.40158884
    14.5000000        0.18515131        0.18906743
    14.6000000        0.10859415        0.10834415
    14.7000000       -0.09895927        0.08594312
    14.8000000       -0.14600648        0.14217344
    14.9000000        0.01073005        0.01267833
    15.0000000       -0.23959102        0.24296179
    15.1000000       -0.66825298        0.68090246
    15.2000000       -0.80361361        0.82490169
    15.3000000        0.57429387        0.58890128
    15.4000000       -1.27912938        1.32940413
    15.5000000        0.42666254        0.43797033
    15.6000000       -0.03560054        0.09696428
    15.7000000       -0.33547332        0.31857739
    15.8000000       -0.03785529        0.02447359
    15.9000000       -0.08325465        0.08513820
    16.0000000        0.21436672        0.20694953
    16.1000000        0.09997648        0.09863155
    16.2000000       -0.29079509        0.29630962
    16.3000000       -0.12736158        0.12824429
    16.4000000       -0.08041577        0.08921322
    16.5000000       -0.00581836        0.02941670
    16.6000000       -0.08843020        0.09611216
    16.7000000        0.15511146        0.17476792
    16.8000000        0.00237234        0.01965143
    16.9000000       -0.03040615        0.01276684
    17.0000000       -0.00134055        0.00702045
    17.1000000       -0.00169489        0.01468270
    17.2000000        0.00886644        0.01288939
    17.3000000       -0.01581745        0.01996533
    17.4000000        0.01325267        0.00857439
    17.5000000        0.02096980        0.00791079
    17.6000000        0.02240718        0.00765839
    17.7000000        0.00543275        0.00977212
    17.8000000        0.00924758        0.00538186
    17.9000000        0.00363270        0.00683480
    18.0000000       -0.01132847        0.00936381
    18.1000000        0.00504491        0.00606741
    18.2000000       -0.00457767        0.01063938
    18.3000000       -0.01939156        0.02906575
    18.4000000        0.00907636        0.00864194
    18.5000000        0.01848535        0.01268280
    18.6000000       -0.00698066        0.00949748
    18.7000000        0.00275052        0.00985343
    18.8000000        0.02433990        0.02983866
    18.9000000        0.02037376        0.01880628
    19.0000000        0.02249425        0.01174630
    19.1000000        0.02653766        0.01279732
    19.2000000        0.01181429        0.01103656
    19.3000000        0.04574587        0.03693698
    19.4000000        0.06601490        0.04302064
    19.5000000        0.06558214        0.02645485
    19.6000000        0.08042321        0.03041342
    19.7000000        0.05274866        0.01146252
    19.8000000        0.07011040        0.01057598
    19.9000000        0.14942256        0.04692535
    20.0000000        0.17838455        0.02993490
