         101           5   20.000000000000000                1
     0.0000000        2.87270731        1.32839465
     0.1000000        2.48630017        1.03787230
     0.2000000        2.26154431        0.71374656
     0.3000000        2.18707402        0.76105000
     0.4000000        2.18766188        0.86192302
     0.5000000        2.15707965        0.81396799
     0.6000000        2.97851388        1.79353722
     0.7000000        2.20590430        0.91380417
     0.8000000        1.97822012        0.89571508
     0.9000000        1.79748716        0.75337524
     1.0000000        1.52873701        0.47626407
     1.1000000        1.28364470        0.35798004
     1.2000000        1.34887632        0.32997646
     1.3000000        1.22924807        0.26403399
     1.4000000        1.20558104        0.31925239
     1.5000000        1.17493947        0.26913351
     1.6000000        1.17230120        0.26951748
     1.7000000        1.32191791        0.36059282
     1.8000000        1.16257926        0.30514067
     1.9000000        1.12223064        0.28999141
     2.0000000        1.02906055        0.30394057
     2.1000000        1.06746695        0.29270454
     2.2000000        1.02485493        0.27944340
     2.3000000        1.04507759        0.32466275
     2.4000000        1.13064791        0.37857676
     2.5000000        1.15041842        0.40602703
     2.6000000        1.75196822        0.75594059
     2.7000000        1.30780345        0.41003575
     2.8000000        1.06692938        0.32851477
     2.9000000        0.86954702        0.21914212
     3.0000000        0.82030026        0.24345287
     3.1000000        0.81943202        0.21137314
     3.2000000        0.75558111        0.15892625
     3.3000000        0.64843537        0.14151709
     3.4000000        0.67635842        0.16621298
     3.5000000        0.62459391        0.11767872
     3.6000000        0.65539756        0.13272103
     3.7000000        0.65206627        0.15479760
     3.8000000        0.67516963        0.19809773
     3.9000000        0.60146853        0.15570310
     4.0000000        0.56759994        0.14772767
     4.1000000        0.54193589        0.15253189
     4.2000000        0.65777532        0.19120990
     4.3000000        0.53023854        0.10332164
     4.4000000        0.48643041        0.11479969
     4.5000000        0.43963862        0.08577016
     4.6000000        0.46349106        0.08737074
     4.7000000        0.58791793        0.11517263
     4.8000000        0.55401997        0.19161180
     4.9000000        0.55711509        0.20454450
     5.0000000        0.57513776        0.21566699
     5.1000000        0.58948240        0.22203564
     5.2000000        0.52111240        0.17809718
     5.3000000        0.47829947        0.14007132
     5.4000000        0.50809503        0.19549535
     5.5000000        0.56266203        0.21547164
     5.6000000        0.76671460        0.24612714
     5.7000000        0.88638153        0.29134776
     5.8000000        1.25188473        0.58524960
     5.9000000        0.85487993        0.34995905
     6.0000000        0.61856450        0.26876592
     6.1000000        0.53811314        0.21505588
     6.2000000        0.51301662        0.17942676
     6.3000000        0.61370826        0.23476902
     6.4000000        0.55844856        0.23028683
     6.5000000        0.49314771        0.20588278
     6.6000000        0.56971781        0.21279051
     6.7000000        0.48562309        0.18446387
     6.8000000        0.89955124        0.61309986
     6.9000000        0.61438728        0.29085464
     7.0000000        0.44596962        0.15529038
     7.1000000        0.43963579        0.14140821
     7.2000000        0.48130433        0.22213468
     7.3000000        0.60792306        0.37700294
     7.4000000        0.47476731        0.18823671
     7.5000000        0.41078616        0.14303715
     7.6000000        0.41933802        0.15377683
     7.7000000        0.40939490        0.20839896
     7.8000000        0.37330220        0.14277898
     7.9000000        0.35591059        0.12613048
     8.0000000        0.46663961        0.21212645
     8.1000000        0.44251167        0.17645487
     8.2000000        0.37373488        0.13201623
     8.3000000        0.35977642        0.11680250
     8.4000000        0.33586206        0.10360502
     8.5000000        0.29156742        0.09299850
     8.6000000        0.28472211        0.10719853
     8.7000000        0.28428809        0.10391283
     8.8000000        0.26525754        0.09889896
     8.9000000        0.24221437        0.06194065
     9.0000000        0.19703142        0.04699443
     9.1000000        0.19081822        0.04859982
     9.2000000        0.20179566        0.04655131
     9.3000000        0.24363579        0.06214866
     9.4000000        0.24049984        0.06812660
     9.5000000        0.25861838        0.08810967
     9.6000000        0.25136000        0.06420541
     9.7000000        0.27124940        0.07244494
     9.8000000        0.32906224        0.12868308
     9.9000000        0.36601616        0.18980545
    10.0000000        0.42375152        0.21597169
