     0.0000000       -2.71583090        4.79155325
     0.1000000        0.00963585        1.72845892
     0.2000000       -2.28362365        3.98107344
     0.3000000       -2.71989551        4.29214113
     0.4000000       -1.04180749        2.39768305
     0.5000000       -2.65127453        4.00618060
     0.6000000       -1.89088050        3.21902820
     0.7000000       -2.46307260        3.35963585
     0.8000000       -0.95081730        1.80846132
     0.9000000        0.16668916        0.69261243
     1.0000000       -0.08048924        0.85172455
     1.1000000        0.32256963        0.33669001
     1.2000000        0.35088275        0.28730499
     1.3000000        0.26903352        0.29385025
     1.4000000        0.47046521        0.11834417
     1.5000000        0.41320493        0.08463430
     1.6000000        0.36676425        0.09067287
     1.7000000        0.22662106        0.21247472
     1.8000000        0.36309162        0.17067734
     1.9000000        0.45608199        0.20772981
     2.0000000        0.28914908        0.14943671
     2.1000000        0.18149187        0.14251665
     2.2000000       -0.12865030        0.37603710
     2.3000000        0.07564200        0.16493522
     2.4000000        0.06248973        0.31577365
     2.5000000        0.09773836        0.11757973
     2.6000000        0.22198163        0.07902381
     2.7000000        0.18529267        0.07711242
     2.8000000        0.17619667        0.05359672
     2.9000000        0.08529101        0.07083802
     3.0000000        0.09567247        0.07518481
     3.1000000        0.16453178        0.05989666
     3.2000000        0.14602927        0.05750561
     3.3000000        0.08433361        0.05325796
     3.4000000        0.21518633        0.08667728
     3.5000000        0.14850687        0.05113318
     3.6000000        0.14325562        0.05305607
     3.7000000        0.15988260        0.06755398
     3.8000000        0.11048759        0.04111066
     3.9000000        0.15812387        0.05741769
     4.0000000        0.17386265        0.10207766
     4.1000000        0.11776665        0.05519866
     4.2000000        0.48289027        0.38957233
     4.3000000        1.43768874        1.70702406
     4.4000000        3.96602181        4.11838557
     4.5000000        4.81480324        5.07915447
     4.6000000        1.91564083        1.95299694
     4.7000000        0.76523126        0.65797092
     4.8000000        1.21399601        1.18553211
     4.9000000        0.51918986        0.50390006
     5.0000000        0.19690306        0.17556814
     5.1000000        0.07477395        0.04575571
     5.2000000        0.15994310        0.11026036
     5.3000000        0.17609020        0.14422782
     5.4000000        0.36476024        0.28981472
     5.5000000        0.14115399        0.10616057
     5.6000000        0.06421518        0.05641013
     5.7000000        0.16443078        0.08963503
     5.8000000        0.20904925        0.11248878
     5.9000000        0.00350310        0.09282234
     6.0000000        0.03621163        0.08019735
     6.1000000        0.16159351        0.07815041
     6.2000000        0.13999534        0.07818684
     6.3000000        0.21920416        0.12758754
     6.4000000       -0.03379091        0.16649353
     6.5000000       -0.15658343        0.29919277
     6.6000000       -0.57591159        0.76991754
     6.7000000       -0.31740301        0.41695715
     6.8000000       -0.54761800        0.64865673
     6.9000000       -0.48829603        0.60852218
     7.0000000       -1.02238294        1.01599581
     7.1000000       -1.19821460        0.99603649
     7.2000000       -0.91014627        0.83823855
     7.3000000       -0.38532331        0.43264054
     7.4000000       -0.49484049        0.50918278
     7.5000000       -0.50780819        0.56587246
     7.6000000       -1.09998004        1.24813949
     7.7000000       -2.65154153        2.87610770
     7.8000000       -1.07581028        1.24288108
     7.9000000       -0.47369485        0.53734056
     8.0000000       -0.12700745        0.18158324
     8.1000000       -0.23583561        0.39576308
     8.2000000       -0.04176432        0.22817472
     8.3000000       -0.09458829        0.32359755
     8.4000000       -0.13419213        0.36079231
     8.5000000        0.20911304        0.28396107
     8.6000000        0.32802366        0.10452659
     8.7000000        0.30366980        0.12606434
     8.8000000        0.50677745        0.16002460
     8.9000000        0.57800178        0.17830244
     9.0000000        0.63906331        0.17444537
     9.1000000        0.74345056        0.10916085
     9.2000000        0.89478694        0.10833837
     9.3000000        0.90188755        0.15510014
     9.4000000        0.81658441        0.23725126
     9.5000000        0.80453785        0.31295875
     9.6000000        0.57539650        0.50841120
     9.7000000        0.36852455        0.93258270
     9.8000000       -2.73924351        4.31835991
     9.9000000       -1.55928705        3.29209820
    10.0000000       -2.71583090        4.79155325
