     0.0000000        0.95109555        0.00229796
     0.1000000        0.76422025        0.00428377
     0.2000000        0.61753842        0.00445169
     0.3000000        0.49690776        0.00398822
     0.4000000        0.40016524        0.00375851
     0.5000000        0.32474018        0.00368989
     0.6000000        0.26689716        0.00453975
     0.7000000        0.21864543        0.00376295
     0.8000000        0.17678131        0.00306591
     0.9000000        0.14502250        0.00274136
     1.0000000        0.11640079        0.00344225
     1.1000000        0.09650770        0.00326676
     1.2000000        0.07768181        0.00244145
     1.3000000        0.06252634        0.00228216
     1.4000000        0.05321663        0.00300242
     1.5000000        0.04502177        0.00271417
     1.6000000        0.03614076        0.00322724
     1.7000000        0.02849293        0.00296657
     1.8000000        0.02247228        0.00286898
     1.9000000        0.01775883        0.00261069
     2.0000000        0.01620531        0.00285980
     2.1000000        0.01118886        0.00238110
     2.2000000        0.00954235        0.00251986
     2.3000000        0.00624697        0.00206761
     2.4000000        0.00523870        0.00241189
     2.5000000        0.00372905        0.00200855
     2.6000000        0.00362287        0.00182814
     2.7000000        0.00584655        0.00197564
     2.8000000        0.00369683        0.00207028
     2.9000000        0.00374850        0.00217021
     3.0000000        0.00171639        0.00267203
     3.1000000        0.00039873        0.00212739
     3.2000000        0.00237818        0.00230505
     3.3000000        0.00062334        0.00180942
     3.4000000       -0.00044152        0.00148319
     3.5000000       -0.00118842        0.00194259
     3.6000000       -0.00089987        0.00217131
     3.7000000       -0.00117270        0.00214162
     3.8000000       -0.00410728        0.00177556
     3.9000000       -0.00592540        0.00154871
     4.0000000       -0.00633358        0.00208110
     4.1000000       -0.00461646        0.00213768
     4.2000000       -0.00398616        0.00246299
     4.3000000       -0.00129380        0.00223307
     4.4000000       -0.00184765        0.00231798
     4.5000000       -0.00121342        0.00164208
     4.6000000       -0.00232689        0.00199037
     4.7000000       -0.00255426        0.00159895
     4.8000000       -0.00174986        0.00135563
     4.9000000       -0.00114887        0.00151990
     5.0000000       -0.00116396        0.00188917
     5.1000000       -0.00277175        0.00168462
     5.2000000       -0.00354523        0.00162178
     5.3000000       -0.00340549        0.00179755
     5.4000000       -0.00231778        0.00135233
     5.5000000       -0.00199260        0.00147469
     5.6000000       -0.00166159        0.00153814
     5.7000000       -0.00168403        0.00164184
     5.8000000       -0.00120813        0.00199687
     5.9000000       -0.00180419        0.00158202
     6.0000000       -0.00100247        0.00209842
     6.1000000       -0.00077016        0.00226215
     6.2000000        0.00093853        0.00195856
     6.3000000        0.00209635        0.00170394
     6.4000000        0.00301300        0.00172686
     6.5000000        0.00238737        0.00140494
     6.6000000        0.00117697        0.00199593
     6.7000000        0.00163675        0.00141821
     6.8000000        0.00308034        0.00172661
     6.9000000        0.00233324        0.00140742
     7.0000000        0.00272174        0.00261228
     7.1000000        0.00467774        0.00379129
     7.2000000        0.00544121        0.00544594
     7.3000000        0.00355660        0.00528074
     7.4000000        0.00264249        0.00425281
     7.5000000        0.00114367        0.00488274
     7.6000000        0.00049119        0.00543959
     7.7000000       -0.00016090        0.00463485
     7.8000000        0.00179513        0.00555167
     7.9000000        0.00158315        0.00394508
     8.0000000        0.00651398        0.00543096
     8.1000000        0.00727012        0.00619395
     8.2000000        0.00473289        0.00446486
     8.3000000        0.00513400        0.00514914
     8.4000000       -0.00185694        0.00156097
     8.5000000       -0.00047022        0.00121943
     8.6000000       -0.00285981        0.00237410
     8.7000000       -0.00027827        0.00103273
     8.8000000        0.00470162        0.00537072
     8.9000000        0.00770102        0.00656721
     9.0000000        0.00745820        0.00478351
     9.1000000        0.00904825        0.00621884
     9.2000000        0.00613324        0.00498769
     9.3000000        0.00209345        0.00179130
     9.4000000       -0.00128731        0.00151109
     9.5000000       -0.00326489        0.00186853
     9.6000000        0.00032361        0.00134483
     9.7000000        0.00425801        0.00257866
     9.8000000       -0.00381187        0.00460384
     9.9000000        0.00088473        0.00246877
    10.0000000       -0.00193782        0.00219323
    10.1000000       -0.00322187        0.00427583
    10.2000000       -0.00175327        0.00511420
    10.3000000        0.00215735        0.00282779
    10.4000000        0.00422367        0.00350887
    10.5000000        0.00486435        0.00529299
    10.6000000        0.00616351        0.00500883
    10.7000000        0.00653559        0.00680887
    10.8000000        0.00551279        0.00486929
    10.9000000        0.00529545        0.00533862
    11.0000000        0.00474858        0.00419961
    11.1000000        0.00461375        0.00390958
    11.2000000        0.00583351        0.00486350
    11.3000000        0.00223698        0.00279639
    11.4000000        0.00101418        0.00274344
    11.5000000       -0.00112379        0.00202549
    11.6000000       -0.00305856        0.00145119
    11.7000000       -0.00016696        0.00105539
    11.8000000       -0.00213247        0.00142058
    11.9000000       -0.00030987        0.00182539
    12.0000000        0.00118446        0.00209188
    12.1000000        0.00142003        0.00192169
    12.2000000       -0.00010007        0.00200478
    12.3000000        0.00070163        0.00181887
    12.4000000        0.00011521        0.00129088
    12.5000000        0.00268027        0.00209470
    12.6000000        0.00213256        0.00202673
    12.7000000        0.00123095        0.00156038
    12.8000000        0.00064455        0.00165851
    12.9000000        0.00085639        0.00168770
    13.0000000       -0.00045899        0.00120718
    13.1000000        0.00189702        0.00155246
    13.2000000        0.00050695        0.00162282
    13.3000000        0.00104814        0.00218428
    13.4000000        0.00245591        0.00288332
    13.5000000        0.00239913        0.00239755
    13.6000000        0.00278249        0.00188407
    13.7000000        0.00167590        0.00209965
    13.8000000        0.00058161        0.00245170
    13.9000000        0.00222236        0.00260608
    14.0000000        0.00246755        0.00228664
    14.1000000       -0.00020520        0.00188234
    14.2000000       -0.00175045        0.00176318
    14.3000000       -0.00312750        0.00225187
    14.4000000       -0.00348248        0.00199017
    14.5000000       -0.00258149        0.00216784
    14.6000000       -0.00306629        0.00199440
    14.7000000       -0.00237657        0.00282604
    14.8000000       -0.00041324        0.00252872
    14.9000000        0.00014852        0.00198547
    15.0000000        0.00142607        0.00170709
    15.1000000        0.00108440        0.00181223
    15.2000000        0.00313203        0.00225602
    15.3000000        0.00195298        0.00149243
    15.4000000        0.00346227        0.00176091
    15.5000000        0.00365984        0.00166336
    15.6000000        0.00298038        0.00158838
    15.7000000        0.00347116        0.00183105
    15.8000000        0.00084444        0.00173113
    15.9000000        0.00046719        0.00153538
    16.0000000       -0.00018455        0.00167637
    16.1000000       -0.00150152        0.00180049
    16.2000000       -0.00204513        0.00139498
    16.3000000       -0.00175016        0.00194605
    16.4000000       -0.00242094        0.00199569
    16.5000000       -0.00160505        0.00324639
    16.6000000       -0.00260376        0.00199061
    16.7000000       -0.00232511        0.00206213
    16.8000000       -0.00266500        0.00314235
    16.9000000       -0.00013646        0.00302890
    17.0000000        0.00026975        0.00296384
    17.1000000       -0.00257450        0.00283777
    17.2000000       -0.00228285        0.00239050
    17.3000000       -0.00240397        0.00210086
    17.4000000       -0.00294479        0.00242813
    17.5000000       -0.00214087        0.00236965
    17.6000000       -0.00498947        0.00223619
    17.7000000       -0.00657348        0.00207513
    17.8000000       -0.00529746        0.00188939
    17.9000000       -0.00289427        0.00235270
    18.0000000       -0.00154543        0.00243471
    18.1000000       -0.00231330        0.00251945
    18.2000000       -0.00069764        0.00210723
    18.3000000       -0.00234141        0.00206279
    18.4000000       -0.00161229        0.00206911
    18.5000000        0.00025770        0.00186437
    18.6000000       -0.00254701        0.00219033
    18.7000000       -0.00035473        0.00250109
    18.8000000        0.00042418        0.00197074
    18.9000000        0.00001513        0.00216963
    19.0000000        0.00178903        0.00158216
    19.1000000        0.00332516        0.00180981
    19.2000000        0.00496342        0.00161463
    19.3000000        0.00624935        0.00195075
    19.4000000        0.00740726        0.00221979
    19.5000000        0.01023311        0.00258001
    19.6000000        0.01380784        0.00286269
    19.7000000        0.01749382        0.00250240
    19.8000000        0.02297121        0.00245019
    19.9000000        0.03404203        0.00189448
    20.0000000        0.04890445        0.00229796
