     0.0000000        0.03223505        0.02279766
     0.1000000        0.01141201        0.02981975
     0.2000000        0.01883051        0.02913719
     0.3000000        0.03072841        0.01604005
     0.4000000        0.02140522        0.02361725
     0.5000000        0.00782129        0.03191683
     0.6000000       -0.01551239        0.06611314
     0.7000000        0.04666936        0.02860208
     0.8000000        0.13121751        0.15533573
     0.9000000        0.03467276        0.05042619
     1.0000000        0.06863882        0.02620904
     1.1000000        0.07028021        0.04253052
     1.2000000        0.00459879        0.02122516
     1.3000000       -0.04340888        0.06358394
     1.4000000       -0.15494971        0.15080136
     1.5000000       -0.04902200        0.05564337
     1.6000000       -0.01719092        0.01909832
     1.7000000       -0.03008725        0.03951974
     1.8000000        0.02454565        0.01358431
     1.9000000        0.00831900        0.01274253
     2.0000000       -0.01697187        0.03024076
     2.1000000        0.03221420        0.01240771
     2.2000000        0.02872636        0.01225871
     2.3000000        0.03398914        0.01677241
     2.4000000        0.01247905        0.01245043
     2.5000000       -0.01038821        0.01683777
     2.6000000       -0.01217636        0.02414201
     2.7000000       -0.00139514        0.02895347
     2.8000000       -0.03333778        0.03596418
     2.9000000       -0.00682977        0.00977197
     3.0000000       -0.02054469        0.02515201
     3.1000000        0.00983669        0.01444856
     3.2000000        0.00295586        0.01236712
     3.3000000       -0.00038505        0.00623091
     3.4000000       -0.00321681        0.00459425
     3.5000000       -0.01200857        0.01344551
     3.6000000       -0.00599963        0.00819638
     3.7000000        0.01652952        0.01323281
     3.8000000        0.01931901        0.01550149
     3.9000000        0.04110948        0.04030903
     4.0000000        0.00032169        0.00257020
     4.1000000        0.00361225        0.00515090
     4.2000000        0.00278714        0.00263110
     4.3000000        0.00267345        0.00165263
     4.4000000        0.00278477        0.00302354
     4.5000000       -0.00213022        0.00281625
     4.6000000       -0.00195576        0.00354486
     4.7000000       -0.00463306        0.00291979
     4.8000000       -0.00232505        0.00159423
     4.9000000       -0.00055780        0.00144764
     5.0000000       -0.00144321        0.00356775
     5.1000000       -0.00526086        0.00740062
     5.2000000       -0.00348065        0.00473477
     5.3000000        0.00279536        0.00219919
     5.4000000        0.00585446        0.00719981
     5.5000000        0.00232816        0.00530754
     5.6000000        0.00805905        0.01106568
     5.7000000        0.01362931        0.01358329
     5.8000000        0.00440566        0.00477731
     5.9000000        0.00005675        0.00268767
     6.0000000       -0.00239643        0.00242311
     6.1000000       -0.00077505        0.00129665
     6.2000000       -0.00071348        0.00214623
     6.3000000       -0.00022818        0.00181312
     6.4000000       -0.01133277        0.00672843
     6.5000000       -0.00282312        0.01540266
     6.6000000        0.02447949        0.01836452
     6.7000000        0.01686859        0.01351070
     6.8000000        0.02827164        0.02609517
     6.9000000        0.01637524        0.01561797
     7.0000000        0.02755912        0.02839087
     7.1000000        0.01346104        0.00871794
     7.2000000        0.00981613        0.01116020
     7.3000000       -0.00307751        0.00677367
     7.4000000       -0.00204236        0.00750561
     7.5000000       -0.00036464        0.00970699
     7.6000000       -0.00091893        0.01467999
     7.7000000       -0.00488097        0.00946532
     7.8000000       -0.01300947        0.01981051
     7.9000000       -0.00597232        0.01513011
     8.0000000        0.01185905        0.01125226
     8.1000000        0.02459224        0.04052193
     8.2000000       -0.00816721        0.01125702
     8.3000000       -0.00632985        0.02394344
     8.4000000        0.00777575        0.02427203
     8.5000000        0.00441507        0.01202845
     8.6000000       -0.00420816        0.01304277
     8.7000000       -0.00757901        0.00634800
     8.8000000       -0.01809390        0.01621249
     8.9000000       -0.03101644        0.03466472
     9.0000000       -0.08249992        0.09021603
     9.1000000       -0.02593640        0.02328353
     9.2000000        0.00224618        0.01558304
     9.3000000        0.05689269        0.02332609
     9.4000000        0.02972675        0.01572270
     9.5000000        0.02901992        0.03563234
     9.6000000        0.00018346        0.03499683
     9.7000000        0.02168291        0.01497008
     9.8000000        0.01023313        0.02368833
     9.9000000       -0.01285095        0.03723600
    10.0000000        0.03223505        0.02279766
