     0.0000000        0.26892116        0.00033395
     0.1000000        0.16143805        0.00022164
     0.2000000        0.10041270        0.00015601
     0.3000000        0.06531861        0.00011402
     0.4000000        0.04484634        0.00008802
     0.5000000        0.03276252        0.00007243
     0.6000000        0.02556626        0.00006387
     0.7000000        0.02127234        0.00005924
     0.8000000        0.01876763        0.00005784
     0.9000000        0.01745174        0.00005653
     1.0000000        0.01701480        0.00005503
     1.1000000        0.01740060        0.00005484
     1.2000000        0.01870656        0.00005467
     1.3000000        0.02121723        0.00005628
     1.4000000        0.02552021        0.00006297
     1.5000000        0.03274845        0.00007213
     1.6000000        0.04484280        0.00008823
     1.7000000        0.06537693        0.00011670
     1.8000000        0.10056143        0.00015584
     1.9000000        0.16162122        0.00022317
     2.0000000        0.26892116        0.00033395
