     0.0000000        0.08055400        0.00366729
     0.1000000        0.04599380        0.00384033
     0.2000000        0.02752069        0.00266662
     0.3000000        0.01879774        0.00115459
     0.4000000        0.01394797        0.00231640
     0.5000000        0.00895835        0.00187338
     0.6000000        0.00351504        0.00240603
     0.7000000        0.00082843        0.00166877
     0.8000000        0.00012519        0.00227448
     0.9000000        0.00364230        0.00225726
     1.0000000        0.00565765        0.00143679
     1.1000000        0.00334019        0.00072145
     1.2000000        0.00283569        0.00154765
     1.3000000        0.00053685        0.00145605
     1.4000000       -0.00189806        0.00147081
     1.5000000        0.00012571        0.00091640
     1.6000000        0.00003910        0.00145489
     1.7000000       -0.00049653        0.00147576
     1.8000000       -0.00046732        0.00149012
     1.9000000       -0.00082995        0.00076725
     2.0000000       -0.00012177        0.00107551
     2.1000000        0.00083815        0.00092868
     2.2000000        0.00043597        0.00104754
     2.3000000        0.00098432        0.00055725
     2.4000000        0.00017495        0.00081132
     2.5000000        0.00037028        0.00078555
     2.6000000       -0.00056263        0.00044648
     2.7000000       -0.00018343        0.00083602
     2.8000000       -0.00098763        0.00096004
     2.9000000       -0.00014101        0.00082600
     3.0000000        0.00035518        0.00048080
     3.1000000        0.00027745        0.00039535
     3.2000000        0.00097481        0.00061194
     3.3000000        0.00050619        0.00052322
     3.4000000        0.00017881        0.00049251
     3.5000000        0.00003946        0.00049466
     3.6000000        0.00019523        0.00045178
     3.7000000        0.00051984        0.00050623
     3.8000000        0.00127609        0.00067214
     3.9000000        0.00179417        0.00139412
     4.0000000        0.00072673        0.00072979
     4.1000000        0.00056166        0.00053478
     4.2000000        0.00021152        0.00043681
     4.3000000       -0.00001371        0.00033708
     4.4000000        0.00006420        0.00041119
     4.5000000       -0.00020531        0.00021275
     4.6000000       -0.00004748        0.00016798
     4.7000000       -0.00047890        0.00028356
     4.8000000       -0.00018890        0.00030198
     4.9000000       -0.00007414        0.00024849
     5.0000000        0.00009634        0.00052253
     5.1000000       -0.00000091        0.00046088
     5.2000000        0.00017344        0.00036646
     5.3000000        0.00066927        0.00030646
     5.4000000       -0.00010789        0.00068192
     5.5000000       -0.00038542        0.00057644
     5.6000000       -0.00083716        0.00068959
     5.7000000        0.00018063        0.00038671
     5.8000000        0.00005277        0.00036331
     5.9000000        0.00027920        0.00052974
     6.0000000        0.00001340        0.00058368
     6.1000000        0.00050273        0.00092953
     6.2000000        0.00020231        0.00106702
     6.3000000       -0.00001558        0.00040992
     6.4000000        0.00017489        0.00081453
     6.5000000        0.00061599        0.00091900
     6.6000000        0.00010180        0.00081234
     6.7000000       -0.00050264        0.00134975
     6.8000000        0.00009614        0.00090429
     6.9000000       -0.00023742        0.00113431
     7.0000000       -0.00030994        0.00110483
     7.1000000       -0.00166139        0.00206872
     7.2000000       -0.00213533        0.00147355
     7.3000000       -0.00249490        0.00213485
     7.4000000       -0.00173805        0.00148576
     7.5000000       -0.00016103        0.00131204
     7.6000000        0.00055992        0.00111596
     7.7000000        0.00006027        0.00198639
     7.8000000        0.00220711        0.00091292
     7.9000000        0.00381725        0.00107670
     8.0000000        0.00447447        0.00105647
     8.1000000        0.00467144        0.00132364
     8.2000000        0.00458023        0.00148411
     8.3000000        0.00613677        0.00125354
     8.4000000        0.00560278        0.00074171
     8.5000000        0.00702334        0.00186512
     8.6000000        0.00914610        0.00206371
     8.7000000        0.01553434        0.00292282
     8.8000000        0.01872414        0.00227027
     8.9000000        0.03102448        0.00162355
     9.0000000        0.04421752        0.00222835
     9.1000000        0.06765333        0.00292902
     9.2000000        0.09938511        0.00220809
     9.3000000        0.14491661        0.00168858
     9.4000000        0.20937783        0.00252100
     9.5000000        0.30476843        0.00284866
     9.6000000        0.43992945        0.00247278
     9.7000000        0.63333926        0.00262450
     9.8000000        0.91806365        0.00379960
     9.9000000        1.33083582        0.00492900
    10.0000000        1.91944600        0.00366729
