     0.0000000        0.24471384        0.00336994
     0.1000000        0.15256977        0.00209949
     0.2000000        0.09537468        0.00126424
     0.3000000        0.06054735        0.00085106
     0.4000000        0.03877320        0.00069498
     0.5000000        0.02472162        0.00055777
     0.6000000        0.01562715        0.00045012
     0.7000000        0.00996774        0.00032827
     0.8000000        0.00642120        0.00024578
     0.9000000        0.00404126        0.00016514
     1.0000000        0.00256910        0.00013714
     1.1000000        0.00166134        0.00012454
     1.2000000        0.00107429        0.00009048
     1.3000000        0.00064768        0.00007145
     1.4000000        0.00040746        0.00004581
     1.5000000        0.00026549        0.00003799
     1.6000000        0.00019681        0.00002764
     1.7000000        0.00014967        0.00002053
     1.8000000        0.00010094        0.00002351
     1.9000000        0.00006753        0.00002134
     2.0000000        0.00004274        0.00001911
     2.1000000        0.00002947        0.00001982
     2.2000000        0.00001969        0.00002008
     2.3000000        0.00000733        0.00001975
     2.4000000        0.00000109        0.00001721
     2.5000000        0.00000116        0.00001441
     2.6000000        0.00000151        0.00000895
     2.7000000       -0.00000387        0.00000992
     2.8000000       -0.00000423        0.00001063
     2.9000000       -0.00000315        0.00001192
     3.0000000       -0.00000332        0.00001262
     3.1000000       -0.00000110        0.00001258
     3.2000000       -0.00000090        0.00001096
     3.3000000       -0.00000126        0.00000941
     3.4000000       -0.00000412        0.00000643
     3.5000000       -0.00000145        0.00000713
     3.6000000       -0.00000399        0.00000536
     3.7000000       -0.00000527        0.00000538
     3.8000000       -0.00000429        0.00000512
     3.9000000       -0.00000311        0.00000461
     4.0000000       -0.00000183        0.00000476
     4.1000000       -0.00000253        0.00000473
     4.2000000       -0.00000449        0.00000457
     4.3000000       -0.00000543        0.00000584
     4.4000000       -0.00000373        0.00000552
     4.5000000       -0.00000219        0.00000448
     4.6000000       -0.00000101        0.00000375
     4.7000000        0.00000051        0.00000349
     4.8000000        0.00000073        0.00000247
     4.9000000        0.00000375        0.00000339
     5.0000000        0.00000732        0.00000668
     5.1000000        0.00000688        0.00000653
     5.2000000        0.00000576        0.00000542
     5.3000000        0.00000592        0.00000582
     5.4000000        0.00000488        0.00000581
     5.5000000        0.00000437        0.00000474
     5.6000000        0.00000410        0.00000445
     5.7000000        0.00000241        0.00000379
     5.8000000        0.00000309        0.00000425
     5.9000000        0.00000337        0.00000471
     6.0000000        0.00000452        0.00000488
     6.1000000        0.00000378        0.00000489
     6.2000000        0.00000184        0.00000442
     6.3000000        0.00000008        0.00000433
     6.4000000       -0.00000389        0.00000479
     6.5000000       -0.00000328        0.00000563
     6.6000000       -0.00000257        0.00000632
     6.7000000        0.00000093        0.00000779
     6.8000000        0.00000481        0.00000917
     6.9000000        0.00000645        0.00000749
     7.0000000        0.00000844        0.00000772
     7.1000000        0.00000440        0.00000744
     7.2000000        0.00000399        0.00000867
     7.3000000        0.00000529        0.00001018
     7.4000000        0.00000995        0.00001221
     7.5000000        0.00000253        0.00000805
     7.6000000        0.00000332        0.00000885
     7.7000000        0.00001068        0.00001083
     7.8000000        0.00001789        0.00001222
     7.9000000        0.00003027        0.00001778
     8.0000000        0.00004476        0.00002498
     8.1000000        0.00007714        0.00003123
     8.2000000        0.00010737        0.00003413
     8.3000000        0.00014653        0.00003598
     8.4000000        0.00021341        0.00003776
     8.5000000        0.00031239        0.00003583
     8.6000000        0.00046825        0.00004369
     8.7000000        0.00068093        0.00005134
     8.8000000        0.00098677        0.00006684
     8.9000000        0.00150324        0.00009048
     9.0000000        0.00237858        0.00013356
     9.1000000        0.00375560        0.00019160
     9.2000000        0.00598545        0.00027030
     9.3000000        0.00948145        0.00040386
     9.4000000        0.01496615        0.00058459
     9.5000000        0.02374702        0.00083199
     9.6000000        0.03715582        0.00116784
     9.7000000        0.05915724        0.00166777
     9.8000000        0.09456388        0.00218291
     9.9000000        0.15223615        0.00278446
    10.0000000        0.24471384        0.00336994
