         101           4   20.000000000000000                1
     0.0000000        0.47327098        0.00466456
     0.1000000        0.37342374        0.00576012
     0.2000000        0.29432173        0.00503257
     0.3000000        0.23739376        0.00412497
     0.4000000        0.19298251        0.00353154
     0.5000000        0.15786150        0.00377845
     0.6000000        0.13213814        0.00697585
     0.7000000        0.11201285        0.00816602
     0.8000000        0.09434706        0.00338288
     0.9000000        0.07638985        0.00254687
     1.0000000        0.05999659        0.00072665
     1.1000000        0.05154829        0.00214140
     1.2000000        0.04423009        0.00276135
     1.3000000        0.04099076        0.00270243
     1.4000000        0.03377138        0.00153918
     1.5000000        0.02738139        0.00078544
     1.6000000        0.02221859        0.00061264
     1.7000000        0.01965355        0.00101210
     1.8000000        0.01733919        0.00165029
     1.9000000        0.01677190        0.00156680
     2.0000000        0.01511742        0.00188737
     2.1000000        0.01486823        0.00328261
     2.2000000        0.01154828        0.00114987
     2.3000000        0.01062236        0.00150543
     2.4000000        0.00755308        0.00025209
     2.5000000        0.00401070        0.00176262
     2.6000000        0.00339011        0.00166588
     2.7000000        0.00282020        0.00139226
     2.8000000        0.00414032        0.00168091
     2.9000000        0.00251991        0.00272918
     3.0000000        0.00243778        0.00187674
     3.1000000        0.00307253        0.00321627
     3.2000000        0.00245242        0.00349621
     3.3000000        0.00269372        0.00245211
     3.4000000        0.00274992        0.00322453
     3.5000000        0.00254622        0.00079811
     3.6000000        0.00154066        0.00080638
     3.7000000        0.00266748        0.00041319
     3.8000000        0.00233724        0.00057274
     3.9000000        0.00302642        0.00162547
     4.0000000        0.00146435        0.00041677
     4.1000000        0.00092936        0.00190852
     4.2000000        0.00107039        0.00148925
     4.3000000        0.00088913        0.00260187
     4.4000000        0.00219127        0.00139258
     4.5000000        0.00219187        0.00094557
     4.6000000        0.00391884        0.00181495
     4.7000000        0.00420880        0.00276997
     4.8000000        0.00351095        0.00322385
     4.9000000        0.00454436        0.00310355
     5.0000000        0.00305542        0.00223096
     5.1000000        0.00104842        0.00060514
     5.2000000       -0.00103879        0.00390807
     5.3000000       -0.00833415        0.02078004
     5.4000000       -0.00160004        0.00599521
     5.5000000       -0.00290622        0.00497104
     5.6000000        0.00339404        0.00159239
     5.7000000        0.00608180        0.00307341
     5.8000000        0.00440099        0.00391711
     5.9000000        0.00724466        0.00543101
     6.0000000        0.00695375        0.00505263
     6.1000000        0.00361077        0.00424793
     6.2000000        0.00334235        0.00442191
     6.3000000        0.00326660        0.00356300
     6.4000000        0.00118377        0.00216736
     6.5000000       -0.00154644        0.00057978
     6.6000000       -0.00001275        0.00158406
     6.7000000       -0.00149927        0.00281909
     6.8000000       -0.00296371        0.00229130
     6.9000000       -0.00100377        0.00380562
     7.0000000       -0.00185185        0.00220737
     7.1000000       -0.00057535        0.00374583
     7.2000000        0.00199750        0.00250775
     7.3000000        0.00343640        0.00234393
     7.4000000        0.00489507        0.00329689
     7.5000000        0.00423255        0.00213521
     7.6000000        0.00087334        0.00476021
     7.7000000       -0.00641693        0.01236568
     7.8000000        0.00443734        0.00384725
     7.9000000        0.00372012        0.00272667
     8.0000000       -0.00002806        0.00025872
     8.1000000       -0.00062600        0.00147367
     8.2000000       -0.00334353        0.00149577
     8.3000000       -0.00247401        0.00130925
     8.4000000       -0.00100900        0.00119309
     8.5000000       -0.00699443        0.00691808
     8.6000000       -0.00442158        0.00466869
     8.7000000       -0.00299098        0.00218269
     8.8000000       -0.00344900        0.00365172
     8.9000000       -0.00306110        0.00391104
     9.0000000       -0.00371130        0.00466119
     9.1000000       -0.00462763        0.00598963
     9.2000000       -0.00454239        0.00555679
     9.3000000       -0.00406265        0.00494982
     9.4000000       -0.00475363        0.00583017
     9.5000000       -0.00533510        0.00740744
     9.6000000       -0.00721661        0.00842786
     9.7000000       -0.00619799        0.00817382
     9.8000000       -0.00839476        0.00995656
     9.9000000       -0.01185986        0.01370404
    10.0000000       -0.01143562        0.01306532
