     0.0000000        1.89982941        0.00766242
     0.1000000        1.35656253        0.00807872
     0.2000000        0.97152808        0.00952875
     0.3000000        0.69745238        0.00992369
     0.4000000        0.51077892        0.00738227
     0.5000000        0.36682519        0.00816695
     0.6000000        0.27672984        0.01146889
     0.7000000        0.19799254        0.01112944
     0.8000000        0.14678160        0.00938234
     0.9000000        0.10330509        0.00848153
     1.0000000        0.08560372        0.00642242
     1.1000000        0.05657997        0.00727706
     1.2000000        0.04083928        0.00780775
     1.3000000        0.03401878        0.00424567
     1.4000000        0.02922773        0.00494766
     1.5000000        0.02447740        0.00598470
     1.6000000        0.01980785        0.00447272
     1.7000000        0.02015266        0.00683916
     1.8000000        0.01518363        0.00673033
     1.9000000        0.00737018        0.00477811
     2.0000000        0.00731300        0.00387244
     2.1000000        0.00238278        0.00388074
     2.2000000        0.00562257        0.00409689
     2.3000000        0.00163950        0.00302883
     2.4000000        0.00266200        0.00522163
     2.5000000        0.00520361        0.00346951
     2.6000000        0.00471765        0.00453441
     2.7000000        0.00324321        0.00339590
     2.8000000        0.00171907        0.00353285
     2.9000000       -0.00151037        0.00321934
     3.0000000       -0.00116558        0.00258029
     3.1000000        0.00033343        0.00364597
     3.2000000        0.00206642        0.00294126
     3.3000000        0.00083296        0.00224032
     3.4000000       -0.00188451        0.00259860
     3.5000000        0.00144613        0.00176443
     3.6000000        0.00470152        0.00161343
     3.7000000        0.00364104        0.00310410
     3.8000000        0.00035067        0.00403132
     3.9000000        0.00333769        0.00352167
     4.0000000        0.00211418        0.00341938
     4.1000000        0.00273299        0.00186094
     4.2000000        0.00684596        0.00318377
     4.3000000        0.00301730        0.00491022
     4.4000000       -0.00252404        0.00380363
     4.5000000       -0.01238812        0.01341304
     4.6000000       -0.01106058        0.01159966
     4.7000000       -0.00963356        0.00948428
     4.8000000       -0.00169951        0.00669025
     4.9000000        0.00243656        0.00194092
     5.0000000        0.00414298        0.00281493
     5.1000000        0.00216162        0.00328511
     5.2000000        0.00717177        0.00355330
     5.3000000        0.00562473        0.00210033
     5.4000000        0.00441842        0.00211714
     5.5000000        0.00562276        0.00325203
     5.6000000        0.00384744        0.00218631
     5.7000000        0.00041561        0.00142587
     5.8000000       -0.00112317        0.00154357
     5.9000000       -0.00376002        0.00233795
     6.0000000       -0.00404810        0.00300366
     6.1000000       -0.00707667        0.00469165
     6.2000000       -0.00709067        0.00362013
     6.3000000       -0.00522217        0.00501198
     6.4000000       -0.00952066        0.00365318
     6.5000000       -0.00824341        0.00422234
     6.6000000       -0.00589995        0.00487215
     6.7000000       -0.00533179        0.00599216
     6.8000000       -0.00377517        0.00676292
     6.9000000       -0.00240597        0.00330332
     7.0000000       -0.00382158        0.00684245
     7.1000000       -0.00306721        0.01014341
     7.2000000       -0.00065714        0.00547957
     7.3000000       -0.00034849        0.00540500
     7.4000000        0.00427305        0.00755030
     7.5000000       -0.00232324        0.00684838
     7.6000000       -0.00620228        0.00875973
     7.7000000       -0.01306487        0.01066000
     7.8000000       -0.00556671        0.00451124
     7.9000000        0.00119844        0.00419881
     8.0000000       -0.00203094        0.00313854
     8.1000000       -0.00202658        0.00418295
     8.2000000        0.00127382        0.00383413
     8.3000000        0.01033283        0.00580395
     8.4000000        0.00529237        0.00422719
     8.5000000        0.00360862        0.00479296
     8.6000000        0.00707516        0.00495446
     8.7000000        0.00351431        0.00759887
     8.8000000        0.00722820        0.00831617
     8.9000000        0.00763055        0.00951140
     9.0000000        0.00408304        0.00547908
     9.1000000        0.00193635        0.00721566
     9.2000000        0.00343351        0.00641528
     9.3000000       -0.00327475        0.00335246
     9.4000000        0.00292722        0.00521095
     9.5000000        0.00586092        0.00526221
     9.6000000        0.02484127        0.00480357
     9.7000000        0.02764569        0.00613818
     9.8000000        0.04332450        0.00758917
     9.9000000        0.06617041        0.00609471
    10.0000000        0.10017059        0.00766242
