     0.0000000        1.00000000        0.00000000
     0.0500000        0.89897453        0.00051067
     0.1000000        0.81109445        0.00069335
     0.1500000        0.73320938        0.00079377
     0.2000000        0.66465333        0.00079651
     0.2500000        0.60427908        0.00082202
     0.3000000        0.55117260        0.00090766
     0.3500000        0.50270710        0.00090513
     0.4000000        0.46101158        0.00093544
     0.4500000        0.42370643        0.00100784
     0.5000000        0.38930235        0.00103744
     0.5500000        0.35923876        0.00103818
     0.6000000        0.33150407        0.00106321
     0.6500000        0.30677900        0.00110130
     0.7000000        0.28409094        0.00108744
     0.7500000        0.26474143        0.00107969
     0.8000000        0.24671379        0.00114958
     0.8500000        0.22973688        0.00109295
     0.9000000        0.21433503        0.00099677
     0.9500000        0.20035708        0.00099048
     1.0000000        0.18864122        0.00098144
     1.0500000        0.17681522        0.00093543
     1.1000000        0.16661386        0.00094961
     1.1500000        0.15713153        0.00094814
     1.2000000        0.14885892        0.00095317
     1.2500000        0.14148944        0.00095473
     1.3000000        0.13472734        0.00097600
     1.3500000        0.12822471        0.00093552
     1.4000000        0.12243654        0.00097169
     1.4500000        0.11717326        0.00099188
     1.5000000        0.11320499        0.00097926
     1.5500000        0.10932245        0.00095887
     1.6000000        0.10592481        0.00092456
     1.6500000        0.10300144        0.00092140
     1.7000000        0.10057119        0.00094401
     1.7500000        0.09811177        0.00092469
     1.8000000        0.09634756        0.00093078
     1.8500000        0.09520220        0.00095632
     1.9000000        0.09432137        0.00094950
     1.9500000        0.09391584        0.00100978
     2.0000000        0.09380728        0.00098787
     2.0500000        0.09447399        0.00101233
     2.1000000        0.09518913        0.00107479
     2.1500000        0.09572777        0.00108037
     2.2000000        0.09709514        0.00105485
     2.2500000        0.09874613        0.00114474
     2.3000000        0.10056192        0.00103605
     2.3500000        0.10324288        0.00105727
     2.4000000        0.10671292        0.00101971
     2.4500000        0.11061957        0.00107241
     2.5000000        0.11445681        0.00104837
     2.5500000        0.11852954        0.00098568
     2.6000000        0.12330265        0.00096739
     2.6500000        0.12928253        0.00095924
     2.7000000        0.13546127        0.00097788
     2.7500000        0.14245413        0.00102944
     2.8000000        0.14996777        0.00108548
     2.8500000        0.15826049        0.00108411
     2.9000000        0.16799744        0.00110144
     2.9500000        0.17843519        0.00109081
     3.0000000        0.18982010        0.00107087
     3.0500000        0.20164623        0.00103810
     3.1000000        0.21528392        0.00099843
     3.1500000        0.23072848        0.00102333
     3.2000000        0.24732642        0.00106334
     3.2500000        0.26576278        0.00105606
     3.3000000        0.28558797        0.00106969
     3.3500000        0.30807356        0.00104063
     3.4000000        0.33290979        0.00101170
     3.4500000        0.36008431        0.00108283
     3.5000000        0.38999111        0.00105237
     3.5500000        0.42454855        0.00106266
     3.6000000        0.46250031        0.00106349
     3.6500000        0.50462396        0.00097798
     3.7000000        0.55195498        0.00091880
     3.7500000        0.60545257        0.00080639
     3.8000000        0.66555236        0.00078018
     3.8500000        0.73327729        0.00077413
     3.9000000        0.81103311        0.00066132
     3.9500000        0.89877483        0.00046069
     4.0000000        1.00000000        0.00000000
