     0.0000000        1.68399014        0.07666418
     0.1000000        1.33838722        0.13302861
     0.2000000        1.26834804        0.04441425
     0.3000000        1.20880726        0.06479611
     0.4000000        1.04776542        0.07062300
     0.5000000        0.99310092        0.07414011
     0.6000000        0.73714563        0.12618967
     0.7000000        0.42510582        0.28362846
     0.8000000        0.52088382        0.11793654
     0.9000000        0.54159502        0.10287705
     1.0000000        0.73397053        0.23874359
     1.1000000        0.44426829        0.13903468
     1.2000000        0.36144524        0.09177014
     1.3000000       -0.12014961        0.38776265
     1.4000000        0.09645473        0.20003709
     1.5000000        0.14825396        0.13179256
     1.6000000        0.27396436        0.10656472
     1.7000000        0.16619677        0.05408401
     1.8000000        0.15109041        0.05886000
     1.9000000        0.13132013        0.08449248
     2.0000000        0.18996652        0.12514831
     2.1000000        0.00834976        0.09736628
     2.2000000        0.06404199        0.08767756
     2.3000000       -0.36903460        0.51397511
     2.4000000       -0.88215890        1.08487991
     2.5000000       -0.29536179        0.38904301
     2.6000000       -0.08570670        0.14645597
     2.7000000       -0.04337708        0.05572644
     2.8000000        0.03616158        0.02790922
     2.9000000        0.08448289        0.07288732
     3.0000000        0.07262686        0.07817486
     3.1000000        0.03146331        0.03154858
     3.2000000        0.02168187        0.05361679
     3.3000000        0.08205356        0.08843898
     3.4000000        0.14520560        0.16315973
     3.5000000        0.04823138        0.06626358
     3.6000000        0.00244208        0.05602547
     3.7000000        0.01416693        0.02415530
     3.8000000       -0.00328489        0.02928165
     3.9000000        0.00761800        0.02599286
     4.0000000        0.03885115        0.02921117
     4.1000000        0.03217964        0.01533533
     4.2000000        0.02905243        0.02353128
     4.3000000        0.01363693        0.01116864
     4.4000000        0.02096868        0.01769955
     4.5000000        0.03570258        0.04554383
     4.6000000        0.09443188        0.09704544
     4.7000000        0.05386049        0.05427228
     4.8000000        0.06362851        0.06256211
     4.9000000        0.12053812        0.12185332
     5.0000000        0.04742462        0.04661995
     5.1000000        0.00646441        0.01018120
     5.2000000        0.01122197        0.01256057
     5.3000000        0.07146946        0.05843379
     5.4000000        0.04442937        0.02661195
     5.5000000        0.03725311        0.02627055
     5.6000000        0.00789560        0.02562411
     5.7000000       -0.02988373        0.05134068
     5.8000000        0.02334012        0.02197393
     5.9000000        0.01611056        0.01139445
     6.0000000        0.01454690        0.01393195
     6.1000000        0.01500909        0.01803528
     6.2000000        0.02547983        0.01577193
     6.3000000        0.04055728        0.03331578
     6.4000000        0.01980261        0.02156058
     6.5000000        0.04171063        0.03948292
     6.6000000        0.08546475        0.07387226
     6.7000000        0.05133412        0.04455653
     6.8000000       -0.02083108        0.14466551
     6.9000000        0.00831532        0.05614275
     7.0000000        0.05946430        0.03273889
     7.1000000        0.02343097        0.03001688
     7.2000000        0.02644346        0.02236757
     7.3000000        0.06357092        0.05823337
     7.4000000        0.02654812        0.02399863
     7.5000000        0.08502590        0.02785943
     7.6000000        0.09343280        0.03109559
     7.7000000        0.13314509        0.07058781
     7.8000000        0.11050720        0.04096947
     7.9000000        0.15878187        0.06227522
     8.0000000        0.23667789        0.10937140
     8.1000000        0.33558040        0.12866709
     8.2000000        0.43940061        0.33972607
     8.3000000        0.31602971        0.18091949
     8.4000000        0.28242507        0.09912674
     8.5000000        0.35092935        0.07040377
     8.6000000        0.35547382        0.06274889
     8.7000000        0.53023374        0.10667501
     8.8000000        0.48894585        0.07267841
     8.9000000        0.66675491        0.11209185
     9.0000000        0.70963203        0.23123174
     9.1000000        0.58873367        0.10898188
     9.2000000        0.58602321        0.08085627
     9.3000000        0.66317527        0.06659398
     9.4000000        0.75270774        0.05080547
     9.5000000        0.87011661        0.05912997
     9.6000000        0.93487498        0.09548859
     9.7000000        1.07080081        0.08782435
     9.8000000        1.29654582        0.08290495
     9.9000000        1.46497092        0.08291685
    10.0000000        1.68399014        0.07666418
