     0.0000000        0.63508931        0.00541543
     0.1250000        0.52952663        0.00855763
     0.2500000        0.45679031        0.00625949
     0.3750000        0.39961632        0.00508281
     0.5000000        0.34195543        0.00611330
     0.6250000        0.27546014        0.01271497
     0.7500000        0.24763777        0.01529439
     0.8750000        0.18573534        0.03479899
     1.0000000        0.22447082        0.01883955
     1.1250000        0.16992385        0.01524119
     1.2500000        0.13638401        0.02063260
     1.3750000        0.07426604        0.04462123
     1.5000000        0.11879504        0.01698900
     1.6250000        0.11437442        0.02120121
     1.7500000        0.12652576        0.02566839
     1.8750000        0.15815680        0.04669455
     2.0000000        0.19671440        0.09075206
     2.1250000       -0.11098506        0.11637388
     2.2500000        0.21393529        0.04028266
     2.3750000        0.27482661        0.04792981
     2.5000000        0.20193287        0.03078697
     2.6250000        0.21133826        0.02130453
     2.7500000        0.20304682        0.01762916
     2.8750000        0.23617999        0.02824221
     3.0000000        0.21211050        0.01533962
     3.1250000        0.24491422        0.01018166
     3.2500000        0.29221530        0.01534175
     3.3750000        0.30943725        0.01952329
     3.5000000        0.34285595        0.01809982
     3.6250000        0.33438932        0.04337646
     3.7500000        0.44351029        0.01619138
     3.8750000        0.53317426        0.01224904
     4.0000000        0.63508931        0.00541543
