     0.0000000        0.04535835        0.02283775
     0.1000000        0.02469541        0.02025231
     0.2000000        0.03417804        0.02260614
     0.3000000        0.03909844        0.01686125
     0.4000000        0.03544844        0.01657493
     0.5000000        0.03641392        0.02176389
     0.6000000        0.00584228        0.04434677
     0.7000000        0.04811920        0.03607581
     0.8000000        0.12145001        0.14862107
     0.9000000        0.01799490        0.05241448
     1.0000000        0.06577527        0.02928950
     1.1000000        0.05619500        0.05031691
     1.2000000       -0.00138073        0.01954549
     1.3000000       -0.04484456        0.06324314
     1.4000000       -0.13756201        0.13267137
     1.5000000       -0.05538844        0.05190381
     1.6000000       -0.01467844        0.01768929
     1.7000000       -0.02905710        0.03993236
     1.8000000        0.01093866        0.01367144
     1.9000000       -0.02487671        0.03539242
     2.0000000       -0.06238849        0.08385843
     2.1000000        0.07407106        0.05623558
     2.2000000        0.03785498        0.01906665
     2.3000000        0.02606775        0.01649233
     2.4000000        0.00849416        0.01338140
     2.5000000       -0.00668549        0.01560380
     2.6000000       -0.00285401        0.01167416
     2.7000000       -0.00451367        0.01652740
     2.8000000       -0.03227449        0.03084615
     2.9000000       -0.00445820        0.00635085
     3.0000000       -0.01417970        0.02546739
     3.1000000        0.00762749        0.00629318
     3.2000000        0.00441635        0.00823305
     3.3000000       -0.00078520        0.00309324
     3.4000000       -0.00387674        0.00325361
     3.5000000       -0.00865165        0.00796694
     3.6000000       -0.00339871        0.00599897
     3.7000000       -0.00502811        0.01057214
     3.8000000       -0.02025709        0.02403952
     3.9000000       -0.05582708        0.06232190
     4.0000000       -0.00201362        0.00434368
     4.1000000        0.00301969        0.00763981
     4.2000000        0.00463397        0.00439405
     4.3000000        0.00189237        0.00133333
     4.4000000        0.00342899        0.00305359
     4.5000000       -0.00052629        0.00105389
     4.6000000        0.00012712        0.00207523
     4.7000000       -0.00540227        0.00276167
     4.8000000       -0.00311641        0.00179475
     4.9000000       -0.00192835        0.00250732
     5.0000000       -0.00356149        0.00615080
     5.1000000       -0.00957638        0.01352551
     5.2000000        0.00089594        0.00225926
     5.3000000        0.00257701        0.00254664
     5.4000000        0.00923979        0.01163574
     5.5000000        0.00376873        0.00599363
     5.6000000        0.01193445        0.01584009
     5.7000000        0.01200867        0.01175538
     5.8000000        0.00406614        0.00454302
     5.9000000        0.00148048        0.00247556
     6.0000000       -0.00070749        0.00098077
     6.1000000        0.00212949        0.00245523
     6.2000000       -0.00046680        0.00175428
     6.3000000        0.00350767        0.00341676
     6.4000000        0.00147240        0.00553572
     6.5000000        0.00936575        0.00618955
     6.6000000        0.02457623        0.01480008
     6.7000000        0.01574993        0.01370796
     6.8000000        0.01517629        0.01497340
     6.9000000        0.01675295        0.01824493
     7.0000000        0.01326088        0.01567066
     7.1000000        0.00933641        0.01073285
     7.2000000        0.00127270        0.00854119
     7.3000000       -0.01365628        0.01323036
     7.4000000       -0.01064298        0.01124688
     7.5000000        0.00267091        0.00849413
     7.6000000        0.00092572        0.01158889
     7.7000000       -0.00805296        0.00958534
     7.8000000       -0.01926146        0.01951076
     7.9000000       -0.00556241        0.00895120
     8.0000000        0.00317629        0.01154292
     8.1000000        0.01865477        0.04256396
     8.2000000       -0.00662240        0.01253393
     8.3000000       -0.00463504        0.02356127
     8.4000000        0.00834636        0.02492631
     8.5000000       -0.00106623        0.01167133
     8.6000000       -0.00114358        0.01488738
     8.7000000       -0.00049210        0.00689442
     8.8000000       -0.02227716        0.01916961
     8.9000000       -0.03465184        0.03565948
     9.0000000       -0.08671911        0.09773553
     9.1000000       -0.02494822        0.02137035
     9.2000000        0.00369466        0.02095053
     9.3000000        0.05924939        0.02163898
     9.4000000        0.02724204        0.01490471
     9.5000000        0.03333294        0.03212168
     9.6000000        0.02359731        0.01537434
     9.7000000        0.03489164        0.01087819
     9.8000000        0.02101794        0.02296442
     9.9000000        0.01118216        0.02585349
    10.0000000        0.04535835        0.02283775
