     0.0000000        0.01186305        0.00496980
     0.1000000        0.01216193        0.00377916
     0.2000000        0.01200363        0.00214471
     0.3000000        0.01075126        0.00229173
     0.4000000        0.00951559        0.00187051
     0.5000000        0.00880861        0.00164070
     0.6000000        0.00724061        0.00225524
     0.7000000        0.00935385        0.00142003
     0.8000000        0.00389495        0.00450430
     0.9000000        0.00293952        0.00485868
     1.0000000        0.00340896        0.00375669
     1.1000000        0.00121058        0.00518587
     1.2000000        0.00017535        0.00548901
     1.3000000       -0.00252833        0.00760661
     1.4000000       -0.00071407        0.00605682
     1.5000000       -0.00353568        0.00848863
     1.6000000       -0.00535479        0.00886281
     1.7000000       -0.00207647        0.00509952
     1.8000000        0.00178654        0.00141518
     1.9000000       -0.00652352        0.00776212
     2.0000000       -0.00287035        0.00437107
     2.1000000       -0.00101115        0.00270246
     2.2000000        0.00022752        0.00219413
     2.3000000        0.00009881        0.00225973
     2.4000000       -0.00024760        0.00114314
     2.5000000        0.00106298        0.00110936
     2.6000000        0.00238010        0.00189956
     2.7000000       -0.00024264        0.00093304
     2.8000000       -0.00056229        0.00097150
     2.9000000       -0.00016060        0.00104425
     3.0000000        0.00046369        0.00120183
     3.1000000       -0.00001343        0.00108454
     3.2000000       -0.00057104        0.00107303
     3.3000000       -0.00098879        0.00131284
     3.4000000       -0.00197835        0.00142460
     3.5000000       -0.00048160        0.00128062
     3.6000000       -0.00044027        0.00151818
     3.7000000       -0.00177517        0.00119558
     3.8000000       -0.00109158        0.00116980
     3.9000000       -0.00074883        0.00128925
     4.0000000       -0.00098489        0.00121358
     4.1000000       -0.00094957        0.00144654
     4.2000000       -0.00076037        0.00142546
     4.3000000       -0.00057777        0.00145669
     4.4000000       -0.00000124        0.00150449
     4.5000000       -0.00041441        0.00155901
     4.6000000       -0.00094066        0.00148090
     4.7000000       -0.00022008        0.00145504
     4.8000000       -0.00123441        0.00151921
     4.9000000       -0.00132962        0.00139382
     5.0000000       -0.00110533        0.00133327
     5.1000000        0.00155103        0.00282059
     5.2000000       -0.00308475        0.00295012
     5.3000000       -0.00274619        0.00188213
     5.4000000       -0.00320580        0.00211661
     5.5000000       -0.00252869        0.00205201
     5.6000000       -0.00316137        0.00226076
     5.7000000       -0.00289483        0.00248103
     5.8000000       -0.00224942        0.00249532
     5.9000000       -0.00206915        0.00272357
     6.0000000       -0.00138930        0.00278228
     6.1000000       -0.00100932        0.00264982
     6.2000000       -0.00042975        0.00315015
     6.3000000        0.00011664        0.00323344
     6.4000000        0.00114151        0.00279464
     6.5000000        0.00117646        0.00202673
     6.6000000       -0.00133804        0.00156128
     6.7000000        0.00009059        0.00195954
     6.8000000       -0.00102623        0.00185405
     6.9000000       -0.00106133        0.00184784
     7.0000000       -0.00150676        0.00194623
     7.1000000        0.00065341        0.00193915
     7.2000000       -0.00059768        0.00156727
     7.3000000       -0.00075843        0.00203628
     7.4000000       -0.00102953        0.00234952
     7.5000000       -0.00156431        0.00190950
     7.6000000       -0.00808499        0.00615090
     7.7000000       -0.00643440        0.00464183
     7.8000000        0.00455834        0.00681882
     7.9000000       -0.00025784        0.00303922
     8.0000000        0.00358852        0.00631664
     8.1000000        0.01145932        0.01386451
     8.2000000        0.00238200        0.00466242
     8.3000000        0.00032754        0.00304955
     8.4000000       -0.00150586        0.00220182
     8.5000000       -0.00083956        0.00204075
     8.6000000       -0.00071283        0.00219753
     8.7000000       -0.00098419        0.00215486
     8.8000000       -0.00107413        0.00220086
     8.9000000       -0.00087386        0.00223737
     9.0000000       -0.00137201        0.00250395
     9.1000000       -0.00113836        0.00251189
     9.2000000       -0.00112311        0.00283531
     9.3000000       -0.00113012        0.00213269
     9.4000000       -0.00071081        0.00218640
     9.5000000       -0.00040976        0.00235845
     9.6000000       -0.00138127        0.00256911
     9.7000000       -0.00102181        0.00293880
     9.8000000       -0.00087829        0.00245013
     9.9000000       -0.00134544        0.00257308
    10.0000000       -0.00156844        0.00228503
    10.1000000       -0.00141435        0.00258411
    10.2000000       -0.00222906        0.00327591
    10.3000000        0.00016070        0.00115248
    10.4000000       -0.00190493        0.00281459
    10.5000000       -0.00222361        0.00313979
    10.6000000       -0.00274648        0.00321129
    10.7000000       -0.00359718        0.00356446
    10.8000000       -0.00383956        0.00379348
    10.9000000       -0.00395569        0.00398176
    11.0000000       -0.00266301        0.00291412
    11.1000000       -0.00291385        0.00327115
    11.2000000       -0.00314270        0.00376700
    11.3000000       -0.00301519        0.00331556
    11.4000000       -0.00183695        0.00238309
    11.5000000       -0.00192323        0.00266191
    11.6000000       -0.00306420        0.00352216
    11.7000000       -0.00264432        0.00304947
    11.8000000       -0.00236846        0.00310002
    11.9000000       -0.00193310        0.00304764
    12.0000000       -0.00264656        0.00342317
    12.1000000       -0.00179028        0.00246578
    12.2000000       -0.00164951        0.00189209
    12.3000000       -0.00173431        0.00198652
    12.4000000       -0.00071765        0.00118326
    12.5000000       -0.00042026        0.00057907
    12.6000000        0.00082452        0.00070781
    12.7000000        0.00092835        0.00064632
    12.8000000        0.00153795        0.00094380
    12.9000000        0.00107993        0.00077669
    13.0000000        0.00080632        0.00071941
    13.1000000        0.00039117        0.00058395
    13.2000000       -0.00004418        0.00081070
    13.3000000        0.00022074        0.00097959
    13.4000000       -0.00018511        0.00084433
    13.5000000        0.00005241        0.00072338
    13.6000000       -0.00031885        0.00086961
    13.7000000       -0.00113914        0.00118978
    13.8000000       -0.00167574        0.00156402
    13.9000000        0.00098504        0.00414102
    14.0000000       -0.00250821        0.00327656
    14.1000000        0.00584238        0.01005199
    14.2000000        0.00262935        0.00638745
    14.3000000        0.00184657        0.00625934
    14.4000000       -0.00462632        0.00229328
    14.5000000       -0.00194746        0.00305976
    14.6000000        0.01854521        0.02340383
    14.7000000        0.01068720        0.01452036
    14.8000000        0.00335305        0.00645376
    14.9000000        0.00460535        0.00755053
    15.0000000        0.04715860        0.05146105
    15.1000000       -0.01826831        0.01549720
    15.2000000        0.03514273        0.03905808
    15.3000000        0.05396548        0.05882980
    15.4000000       -0.15066550        0.15170167
    15.5000000       -0.07660669        0.07566791
    15.6000000       -0.06050266        0.06024409
    15.7000000       -0.02871109        0.02683070
    15.8000000       -0.00938870        0.00807953
    15.9000000       -0.00912312        0.00907969
    16.0000000       -0.03093052        0.03067265
    16.1000000       -0.01514153        0.01538736
    16.2000000       -0.02501939        0.02560553
    16.3000000       -0.02108159        0.02233051
    16.4000000       -0.01638327        0.01710238
    16.5000000       -0.01337930        0.01533666
    16.6000000       -0.01621647        0.01826856
    16.7000000       -0.00517070        0.00685046
    16.8000000        0.00219823        0.00176023
    16.9000000       -0.00084665        0.00162976
    17.0000000        0.00040868        0.00193901
    17.1000000       -0.00019446        0.00161725
    17.2000000        0.00061962        0.00176091
    17.3000000        0.00180274        0.00087521
    17.4000000        0.00169472        0.00099737
    17.5000000        0.00177446        0.00136382
    17.6000000        0.00112345        0.00140709
    17.7000000        0.00216457        0.00144792
    17.8000000        0.00181430        0.00145678
    17.9000000        0.00219463        0.00126903
    18.0000000        0.00318270        0.00148398
    18.1000000        0.00400607        0.00136185
    18.2000000        0.00470010        0.00239177
    18.3000000        0.00411040        0.00103065
    18.4000000        0.00421550        0.00133433
    18.5000000        0.00469553        0.00161315
    18.6000000        0.00478628        0.00145951
    18.7000000        0.00542971        0.00117136
    18.8000000        0.00714775        0.00095974
    18.9000000        0.00543891        0.00162368
    19.0000000        0.00536942        0.00189912
    19.1000000        0.00195187        0.00573253
    19.2000000        0.00472890        0.00417311
    19.3000000        0.00803315        0.00186543
    19.4000000        0.00846271        0.00191113
    19.5000000        0.00698452        0.00416861
    19.6000000        0.00820782        0.00459846
    19.7000000        0.00924397        0.00460126
    19.8000000        0.01067685        0.00422637
    19.9000000        0.01165303        0.00434784
    20.0000000        0.01186305        0.00496980
