     0.0000000        0.17638648        0.00273752
     0.1000000        0.11645365        0.00180455
     0.2000000        0.07725515        0.00114162
     0.3000000        0.05209670        0.00083948
     0.4000000        0.03541376        0.00070120
     0.5000000        0.02402517        0.00057405
     0.6000000        0.01615490        0.00047093
     0.7000000        0.01098689        0.00038577
     0.8000000        0.00754333        0.00032529
     0.9000000        0.00510237        0.00023283
     1.0000000        0.00347827        0.00020055
     1.1000000        0.00239294        0.00016271
     1.2000000        0.00162406        0.00011591
     1.3000000        0.00108529        0.00010226
     1.4000000        0.00073936        0.00008389
     1.5000000        0.00052156        0.00006283
     1.6000000        0.00037939        0.00004882
     1.7000000        0.00027003        0.00003246
     1.8000000        0.00021166        0.00003002
     1.9000000        0.00015516        0.00003024
     2.0000000        0.00011387        0.00002793
     2.1000000        0.00008017        0.00002789
     2.2000000        0.00005789        0.00002809
     2.3000000        0.00003441        0.00002859
     2.4000000        0.00002364        0.00002461
     2.5000000        0.00001409        0.00002019
     2.6000000        0.00000790        0.00001570
     2.7000000        0.00000310        0.00001439
     2.8000000       -0.00000044        0.00001420
     2.9000000       -0.00000387        0.00001312
     3.0000000       -0.00000619        0.00001135
     3.1000000       -0.00000351        0.00000909
     3.2000000       -0.00000042        0.00000784
     3.3000000        0.00000115        0.00000683
     3.4000000        0.00000172        0.00000546
     3.5000000        0.00000718        0.00001158
     3.6000000        0.00000082        0.00000657
     3.7000000       -0.00000308        0.00000536
     3.8000000       -0.00000319        0.00000643
     3.9000000       -0.00000302        0.00000702
     4.0000000       -0.00000428        0.00000668
     4.1000000       -0.00000503        0.00000675
     4.2000000       -0.00000564        0.00000662
     4.3000000       -0.00000590        0.00000704
     4.4000000       -0.00000440        0.00000603
     4.5000000       -0.00000255        0.00000512
     4.6000000       -0.00000177        0.00000420
     4.7000000       -0.00000226        0.00000365
     4.8000000       -0.00000152        0.00000290
     4.9000000        0.00000133        0.00000298
     5.0000000        0.00000396        0.00000530
     5.1000000        0.00000339        0.00000461
     5.2000000        0.00000282        0.00000391
     5.3000000        0.00000258        0.00000397
     5.4000000        0.00000173        0.00000425
     5.5000000       -0.00000092        0.00000512
     5.6000000       -0.00000082        0.00000544
     5.7000000       -0.00000235        0.00000526
     5.8000000       -0.00000196        0.00000467
     5.9000000       -0.00000179        0.00000486
     6.0000000       -0.00000113        0.00000450
     6.1000000        0.00000074        0.00000357
     6.2000000        0.00000188        0.00000315
     6.3000000        0.00000116        0.00000356
     6.4000000        0.00000013        0.00000338
     6.5000000        0.00000124        0.00000317
     6.6000000        0.00000335        0.00000378
     6.7000000        0.00000579        0.00000522
     6.8000000        0.00000803        0.00000699
     6.9000000        0.00001156        0.00000847
     7.0000000        0.00001631        0.00001105
     7.1000000        0.00001536        0.00000968
     7.2000000        0.00000339        0.00000640
     7.3000000       -0.00000257        0.00001051
     7.4000000       -0.00000894        0.00001458
     7.5000000       -0.00001016        0.00001591
     7.6000000       -0.00000248        0.00001497
     7.7000000        0.00000632        0.00001240
     7.8000000        0.00001675        0.00001276
     7.9000000        0.00003208        0.00001451
     8.0000000        0.00006168        0.00001790
     8.1000000        0.00010141        0.00001801
     8.2000000        0.00013825        0.00002196
     8.3000000        0.00019441        0.00002501
     8.4000000        0.00030031        0.00003095
     8.5000000        0.00047168        0.00003744
     8.6000000        0.00069493        0.00005580
     8.7000000        0.00098474        0.00006476
     8.8000000        0.00141205        0.00008734
     8.9000000        0.00211952        0.00011759
     9.0000000        0.00319251        0.00018291
     9.1000000        0.00474298        0.00025193
     9.2000000        0.00706183        0.00033304
     9.3000000        0.01046416        0.00045997
     9.4000000        0.01545442        0.00062970
     9.5000000        0.02307167        0.00084452
     9.6000000        0.03400290        0.00112350
     9.7000000        0.05090536        0.00154590
     9.8000000        0.07654752        0.00195269
     9.9000000        0.11605223        0.00234124
    10.0000000        0.17638648        0.00273752
