     0.0000000        0.01253073        0.00133168
     0.1000000        0.01017326        0.00128891
     0.2000000        0.00767865        0.00133081
     0.3000000        0.00608232        0.00130262
     0.4000000        0.00488597        0.00098107
     0.5000000        0.00353596        0.00087855
     0.6000000        0.00199922        0.00079413
     0.7000000        0.00258021        0.00075490
     0.8000000        0.00231132        0.00072793
     0.9000000        0.00201328        0.00086440
     1.0000000        0.00202886        0.00086168
     1.1000000        0.00179516        0.00067713
     1.2000000        0.00188794        0.00076931
     1.3000000        0.00151105        0.00073453
     1.4000000        0.00150878        0.00057470
     1.5000000        0.00134637        0.00064715
     1.6000000        0.00122134        0.00068318
     1.7000000        0.00135798        0.00080832
     1.8000000        0.00083263        0.00071180
     1.9000000        0.00105345        0.00065771
     2.0000000        0.00069121        0.00061814
     2.1000000        0.00079625        0.00046510
     2.2000000        0.00089359        0.00052020
     2.3000000       -0.00044042        0.00046597
     2.4000000       -0.00063029        0.00056303
     2.5000000       -0.00023618        0.00068733
     2.6000000       -0.00001208        0.00063573
     2.7000000        0.00029971        0.00082890
     2.8000000       -0.00029434        0.00066465
     2.9000000       -0.00041490        0.00062035
     3.0000000       -0.00048553        0.00074769
     3.1000000       -0.00107037        0.00062935
     3.2000000       -0.00168894        0.00080635
     3.3000000       -0.00065497        0.00070990
     3.4000000       -0.00009907        0.00076467
     3.5000000       -0.00015572        0.00069802
     3.6000000        0.00004405        0.00076355
     3.7000000        0.00040304        0.00073801
     3.8000000        0.00004704        0.00069355
     3.9000000        0.00046675        0.00063366
     4.0000000        0.00084775        0.00063409
     4.1000000        0.00070543        0.00050605
     4.2000000        0.00052723        0.00071466
     4.3000000        0.00113767        0.00078284
     4.4000000        0.00031562        0.00093123
     4.5000000        0.00055215        0.00076138
     4.6000000        0.00129409        0.00070325
     4.7000000        0.00087454        0.00071524
     4.8000000        0.00105903        0.00067294
     4.9000000        0.00058028        0.00066492
     5.0000000        0.00076787        0.00068802
     5.1000000        0.00008582        0.00080998
     5.2000000       -0.00001797        0.00078987
     5.3000000        0.00007031        0.00077350
     5.4000000       -0.00011310        0.00078513
     5.5000000       -0.00011655        0.00091736
     5.6000000        0.00008348        0.00071562
     5.7000000        0.00029169        0.00073693
     5.8000000        0.00052303        0.00077929
     5.9000000        0.00077052        0.00070298
     6.0000000        0.00104247        0.00049853
     6.1000000        0.00077011        0.00074632
     6.2000000       -0.00050560        0.00060559
     6.3000000       -0.00066266        0.00065850
     6.4000000       -0.00060123        0.00057610
     6.5000000       -0.00079379        0.00074816
     6.6000000       -0.00091765        0.00079670
     6.7000000       -0.00087928        0.00075881
     6.8000000       -0.00084926        0.00065965
     6.9000000       -0.00076329        0.00064859
     7.0000000       -0.00128946        0.00066430
     7.1000000       -0.00086308        0.00065027
     7.2000000       -0.00080157        0.00054643
     7.3000000       -0.00052832        0.00065742
     7.4000000       -0.00037298        0.00052987
     7.5000000       -0.00058430        0.00048076
     7.6000000       -0.00078948        0.00054354
     7.7000000        0.00033296        0.00058526
     7.8000000        0.00050537        0.00056147
     7.9000000        0.00068583        0.00058937
     8.0000000        0.00082894        0.00049532
     8.1000000        0.00081183        0.00050540
     8.2000000        0.00033552        0.00050355
     8.3000000       -0.00004690        0.00060338
     8.4000000       -0.00004622        0.00063147
     8.5000000       -0.00012229        0.00051173
     8.6000000       -0.00004562        0.00042027
     8.7000000       -0.00037674        0.00046587
     8.8000000       -0.00075433        0.00056652
     8.9000000       -0.00030392        0.00052469
     9.0000000       -0.00087143        0.00056127
     9.1000000       -0.00072169        0.00066044
     9.2000000       -0.00033118        0.00067175
     9.3000000        0.00006313        0.00070427
     9.4000000        0.00006781        0.00079371
     9.5000000        0.00003397        0.00070542
     9.6000000       -0.00020952        0.00070836
     9.7000000       -0.00045020        0.00066646
     9.8000000       -0.00030049        0.00057950
     9.9000000       -0.00003310        0.00063118
    10.0000000        0.00004439        0.00059357
    10.1000000       -0.00021003        0.00073388
    10.2000000        0.00010680        0.00087636
    10.3000000       -0.00028078        0.00069222
    10.4000000        0.00044867        0.00064481
    10.5000000        0.00002372        0.00078016
    10.6000000       -0.00010212        0.00066574
    10.7000000        0.00002607        0.00069711
    10.8000000        0.00016890        0.00063544
    10.9000000        0.00019281        0.00056984
    11.0000000       -0.00005938        0.00055269
    11.1000000        0.00044893        0.00059453
    11.2000000        0.00021155        0.00054925
    11.3000000       -0.00027088        0.00041972
    11.4000000        0.00014234        0.00056619
    11.5000000       -0.00030953        0.00043280
    11.6000000       -0.00048832        0.00048831
    11.7000000       -0.00069610        0.00047073
    11.8000000       -0.00068941        0.00053593
    11.9000000        0.00057485        0.00065437
    12.0000000        0.00022425        0.00053631
    12.1000000        0.00038301        0.00052256
    12.2000000       -0.00013139        0.00055004
    12.3000000        0.00009611        0.00045289
    12.4000000        0.00051045        0.00053851
    12.5000000        0.00067374        0.00067597
    12.6000000        0.00070295        0.00076275
    12.7000000        0.00076625        0.00063839
    12.8000000        0.00033886        0.00061639
    12.9000000        0.00051657        0.00057338
    13.0000000        0.00021331        0.00051148
    13.1000000        0.00055296        0.00058848
    13.2000000        0.00030125        0.00057561
    13.3000000        0.00043913        0.00061796
    13.4000000        0.00047406        0.00062599
    13.5000000        0.00043105        0.00064937
    13.6000000        0.00027051        0.00056411
    13.7000000       -0.00016415        0.00052846
    13.8000000        0.00016846        0.00049899
    13.9000000       -0.00000515        0.00060034
    14.0000000       -0.00036521        0.00073889
    14.1000000       -0.00083627        0.00070777
    14.2000000        0.00000078        0.00078326
    14.3000000       -0.00015063        0.00064487
    14.4000000       -0.00023130        0.00063761
    14.5000000       -0.00023105        0.00072258
    14.6000000        0.00000076        0.00073824
    14.7000000        0.00025571        0.00077873
    14.8000000        0.00013819        0.00079801
    14.9000000        0.00032317        0.00075968
    15.0000000       -0.00028948        0.00079003
    15.1000000       -0.00002605        0.00062583
    15.2000000        0.00059929        0.00055541
    15.3000000        0.00093893        0.00056038
    15.4000000        0.00134543        0.00073742
    15.5000000        0.00197063        0.00069748
    15.6000000        0.00183071        0.00069726
    15.7000000        0.00149821        0.00068344
    15.8000000        0.00131881        0.00072232
    15.9000000        0.00109540        0.00079361
    16.0000000        0.00106677        0.00070882
    16.1000000        0.00173937        0.00076558
    16.2000000        0.00232795        0.00071925
    16.3000000        0.00314073        0.00063670
    16.4000000        0.00407373        0.00088201
    16.5000000        0.00451004        0.00096620
    16.6000000        0.00468118        0.00096247
    16.7000000        0.00581539        0.00081259
    16.8000000        0.00632521        0.00097489
    16.9000000        0.00716275        0.00104935
    17.0000000        0.00788437        0.00115576
    17.1000000        0.00880990        0.00115746
    17.2000000        0.01013363        0.00111346
    17.3000000        0.01171869        0.00091285
    17.4000000        0.01384539        0.00093995
    17.5000000        0.01578090        0.00082877
    17.6000000        0.01871711        0.00099564
    17.7000000        0.02200901        0.00101088
    17.8000000        0.02601682        0.00112560
    17.9000000        0.03034030        0.00092585
    18.0000000        0.03601750        0.00084071
    18.1000000        0.04314361        0.00083256
    18.2000000        0.05058907        0.00101713
    18.3000000        0.05855694        0.00107442
    18.4000000        0.06868829        0.00099865
    18.5000000        0.08211277        0.00088665
    18.6000000        0.09710694        0.00083923
    18.7000000        0.11399061        0.00116340
    18.8000000        0.13430582        0.00120008
    18.9000000        0.15887537        0.00147504
    19.0000000        0.18646533        0.00156479
    19.1000000        0.21980880        0.00163402
    19.2000000        0.25934328        0.00194505
    19.3000000        0.30612139        0.00200209
    19.4000000        0.36197504        0.00229001
    19.5000000        0.42670899        0.00243549
    19.6000000        0.50293316        0.00270571
    19.7000000        0.59292036        0.00213191
    19.8000000        0.70224593        0.00227991
    19.9000000        0.83168820        0.00182549
    20.0000000        0.98746927        0.00133168
