     0.0000000        0.16958012        0.00017312
     0.1250000        0.10462983        0.00012362
     0.2500000        0.06908972        0.00009350
     0.3750000        0.04909283        0.00007309
     0.5000000        0.03759270        0.00006051
     0.6250000        0.03091506        0.00005305
     0.7500000        0.02710630        0.00004818
     0.8750000        0.02514879        0.00004476
     1.0000000        0.02455031        0.00004412
     1.1250000        0.02515313        0.00004534
     1.2500000        0.02711829        0.00004774
     1.3750000        0.03090775        0.00005313
     1.5000000        0.03757574        0.00006105
     1.6250000        0.04906643        0.00007568
     1.7500000        0.06904943        0.00009760
     1.8750000        0.10457481        0.00012547
     2.0000000        0.16958012        0.00017312
