     0.0000000        0.21103968        0.00582538
     0.1000000        0.15701679        0.00574206
     0.2000000        0.12611242        0.00632917
     0.3000000        0.10564889        0.00731642
     0.4000000        0.08085203        0.00851511
     0.5000000        0.06252774        0.00536985
     0.6000000        0.05682145        0.00399722
     0.7000000        0.03831423        0.00396580
     0.8000000        0.04113149        0.00635953
     0.9000000        0.02918112        0.00542993
     1.0000000        0.02899457        0.00516232
     1.1000000        0.02315652        0.00508584
     1.2000000        0.02951862        0.00651959
     1.3000000        0.01898369        0.00592965
     1.4000000        0.01184267        0.00459993
     1.5000000        0.01105501        0.00653290
     1.6000000        0.00562204        0.00577631
     1.7000000        0.00439102        0.00297441
     1.8000000        0.00127778        0.00322173
     1.9000000        0.00561388        0.00392971
     2.0000000        0.00583348        0.00351923
     2.1000000        0.00544085        0.00110779
     2.2000000        0.00013480        0.00346502
     2.3000000        0.00166831        0.00395157
     2.4000000       -0.00540192        0.00295728
     2.5000000       -0.00736312        0.00303267
     2.6000000       -0.00525813        0.00259750
     2.7000000       -0.00322515        0.00298952
     2.8000000       -0.00482072        0.00388391
     2.9000000        0.00093536        0.00272883
     3.0000000        0.00189162        0.00287217
     3.1000000        0.00124187        0.00244519
     3.2000000       -0.00159194        0.00285244
     3.3000000       -0.00333864        0.00264116
     3.4000000       -0.00707919        0.00304491
     3.5000000       -0.00561719        0.00384224
     3.6000000       -0.00391756        0.00295910
     3.7000000       -0.00302289        0.00416047
     3.8000000       -0.00203175        0.00353402
     3.9000000       -0.00636366        0.00482076
     4.0000000       -0.00590972        0.00623832
     4.1000000       -0.00222348        0.00555243
     4.2000000       -0.00954294        0.01284095
     4.3000000       -0.01790157        0.02198247
     4.4000000       -0.02728085        0.03078187
     4.5000000       -0.02289920        0.02403104
     4.6000000       -0.01782370        0.02209763
     4.7000000       -0.00874216        0.01073903
     4.8000000       -0.00718774        0.00737874
     4.9000000       -0.00674545        0.00515811
     5.0000000       -0.00372801        0.00233790
     5.1000000        0.00130288        0.00257723
     5.2000000        0.00308212        0.00282023
     5.3000000       -0.00383060        0.00473432
     5.4000000       -0.00180363        0.00630625
     5.5000000        0.00005336        0.00280979
     5.6000000        0.00280892        0.00418421
     5.7000000        0.00500575        0.00537468
     5.8000000        0.00615259        0.00372685
     5.9000000        0.00165856        0.00389742
     6.0000000       -0.00487854        0.00351890
     6.1000000       -0.00009733        0.00449631
     6.2000000        0.00115328        0.00454629
     6.3000000        0.00540093        0.00562856
     6.4000000        0.00411564        0.00699986
     6.5000000        0.01194750        0.00563539
     6.6000000        0.00819607        0.00621508
     6.7000000        0.01191057        0.00496441
     6.8000000        0.01296664        0.00338039
     6.9000000        0.01217176        0.00490267
     7.0000000        0.00421684        0.00545368
     7.1000000        0.00806610        0.00558628
     7.2000000        0.01390960        0.00582285
     7.3000000        0.02652143        0.00660165
     7.4000000        0.03443350        0.01046124
     7.5000000        0.03127687        0.00647353
     7.6000000        0.03300053        0.00766227
     7.7000000        0.03588726        0.00896115
     7.8000000        0.04224841        0.00700846
     7.9000000        0.05213648        0.00501630
     8.0000000        0.05665685        0.00445184
     8.1000000        0.06899426        0.00606509
     8.2000000        0.08271157        0.00686760
     8.3000000        0.09529287        0.00535114
     8.4000000        0.11018389        0.00721111
     8.5000000        0.12857500        0.00487574
     8.6000000        0.15351502        0.00378952
     8.7000000        0.18213531        0.00380603
     8.8000000        0.21378126        0.00313267
     8.9000000        0.24960532        0.00458961
     9.0000000        0.29183903        0.00671918
     9.1000000        0.35277000        0.00526440
     9.2000000        0.41389960        0.00706402
     9.3000000        0.48644377        0.00786306
     9.4000000        0.58185167        0.01259032
     9.5000000        0.70010145        0.00978689
     9.6000000        0.83680377        0.00986795
     9.7000000        0.99487794        0.01066190
     9.8000000        1.21994421        0.00965499
     9.9000000        1.47315000        0.00639215
    10.0000000        1.78896032        0.00582538
