     0.0000000        0.05706987        0.00417613
     0.1000000        0.03973614        0.00349318
     0.2000000        0.02837245        0.00311143
     0.3000000        0.02019657        0.00271412
     0.4000000        0.01409195        0.00201006
     0.5000000        0.01033550        0.00156585
     0.6000000        0.00800642        0.00143769
     0.7000000        0.00641298        0.00151801
     0.8000000        0.00560324        0.00140840
     0.9000000        0.00410592        0.00120015
     1.0000000        0.00320307        0.00084315
     1.1000000        0.00231255        0.00041624
     1.2000000        0.00156864        0.00040897
     1.3000000        0.00129548        0.00038464
     1.4000000        0.00113904        0.00026634
     1.5000000        0.00061004        0.00030431
     1.6000000       -0.00001178        0.00036505
     1.7000000       -0.00057641        0.00048675
     1.8000000       -0.00083173        0.00047645
     1.9000000       -0.00093165        0.00046102
     2.0000000       -0.00090494        0.00044290
     2.1000000       -0.00073517        0.00041826
     2.2000000       -0.00045676        0.00036182
     2.3000000       -0.00030189        0.00032965
     2.4000000        0.00002286        0.00033241
     2.5000000        0.00014149        0.00038224
     2.6000000        0.00005978        0.00050510
     2.7000000        0.00001151        0.00052435
     2.8000000       -0.00017570        0.00061044
     2.9000000       -0.00040450        0.00061982
     3.0000000       -0.00046354        0.00061943
     3.1000000       -0.00046290        0.00065978
     3.2000000        0.00008501        0.00062093
     3.3000000        0.00002515        0.00076818
     3.4000000        0.00012676        0.00072940
     3.5000000        0.00010585        0.00075472
     3.6000000        0.00018114        0.00073995
     3.7000000        0.00006530        0.00073794
     3.8000000       -0.00079079        0.00077441
     3.9000000       -0.00110422        0.00077771
     4.0000000       -0.00061759        0.00077048
     4.1000000       -0.00023495        0.00082827
     4.2000000        0.00019303        0.00115984
     4.3000000        0.00012864        0.00115333
     4.4000000        0.00039786        0.00103428
     4.5000000        0.00087231        0.00088579
     4.6000000        0.00067083        0.00078325
     4.7000000        0.00028532        0.00084574
     4.8000000        0.00016261        0.00073590
     4.9000000        0.00068517        0.00066229
     5.0000000        0.00099855        0.00069222
     5.1000000        0.00072511        0.00058156
     5.2000000        0.00049471        0.00070776
     5.3000000        0.00037724        0.00065472
     5.4000000        0.00002957        0.00050886
     5.5000000        0.00020600        0.00025315
     5.6000000        0.00003832        0.00034946
     5.7000000       -0.00003185        0.00046075
     5.8000000       -0.00044468        0.00051811
     5.9000000       -0.00026817        0.00045697
     6.0000000        0.00000401        0.00049275
     6.1000000        0.00007814        0.00048297
     6.2000000       -0.00015546        0.00042087
     6.3000000       -0.00016200        0.00053786
     6.4000000        0.00003155        0.00049205
     6.5000000        0.00029102        0.00050579
     6.6000000        0.00082401        0.00037835
     6.7000000        0.00089848        0.00040600
     6.8000000        0.00077998        0.00038134
     6.9000000        0.00102409        0.00033953
     7.0000000        0.00153942        0.00059029
     7.1000000        0.00149718        0.00063322
     7.2000000        0.00132650        0.00051687
     7.3000000        0.00101597        0.00046322
     7.4000000        0.00073444        0.00046836
     7.5000000        0.00030940        0.00043317
     7.6000000        0.00057109        0.00044917
     7.7000000        0.00045817        0.00043658
     7.8000000        0.00012019        0.00043317
     7.9000000        0.00047122        0.00046808
     8.0000000        0.00080959        0.00042991
     8.1000000        0.00099732        0.00049230
     8.2000000        0.00151746        0.00057511
     8.3000000        0.00179394        0.00078965
     8.4000000        0.00151627        0.00089065
     8.5000000        0.00157549        0.00102734
     8.6000000        0.00162207        0.00127581
     8.7000000        0.00210456        0.00149057
     8.8000000        0.00262848        0.00139126
     8.9000000        0.00289208        0.00143510
     9.0000000        0.00298713        0.00170446
     9.1000000        0.00340492        0.00193870
     9.2000000        0.00451386        0.00200431
     9.3000000        0.00660268        0.00241370
     9.4000000        0.00945720        0.00322029
     9.5000000        0.01197505        0.00369272
     9.6000000        0.01473242        0.00388654
     9.7000000        0.01908905        0.00401472
     9.8000000        0.02647000        0.00426273
     9.9000000        0.03820698        0.00428231
    10.0000000        0.05706987        0.00417613
