           2              (-1.9207278348888086,0.0000000000000000)   1.0000000000000000     
           2              (-1.9143739284753298,0.0000000000000000)   1.0000000000000000     
           2              (-1.9131617693995482,0.0000000000000000)   1.0000000000000000     
           2              (-1.9272569729113298,0.0000000000000000)   1.0000000000000000     
           2              (-1.8951780646291112,0.0000000000000000)   1.0000000000000000     
           2              (-1.9443932086241014,0.0000000000000000)   1.0000000000000000     
           2              (-1.9009305675713644,0.0000000000000000)   1.0000000000000000     
           2              (-1.8812516280786740,0.0000000000000000)   1.0000000000000000     
           2              (-1.9534898632612379,0.0000000000000000)   1.0000000000000000     
           2              (-1.9474280488580489,0.0000000000000000)   1.0000000000000000     
           2              (-1.9592498536595937,0.0000000000000000)   1.0000000000000000     
           2              (-1.9438174079199202,0.0000000000000000)   1.0000000000000000     
           2              (-1.9704907564251206,0.0000000000000000)   1.0000000000000000     
           2              (-1.9044592551925936,0.0000000000000000)   1.0000000000000000     
           2              (-1.9327017555157229,0.0000000000000000)   1.0000000000000000     
           2              (-1.9291837627738813,0.0000000000000000)   1.0000000000000000     
           2              (-1.8979876332709067,0.0000000000000000)   1.0000000000000000     
           2              (-1.9652857712519676,0.0000000000000000)   1.0000000000000000     
           2              (-1.9647131061751597,0.0000000000000000)   1.0000000000000000     
           2              (-1.9085454761584772,0.0000000000000000)   1.0000000000000000     
           2              (-1.9174010646288806,0.0000000000000000)   1.0000000000000000     
           2              (-1.9043548889571011,0.0000000000000000)   1.0000000000000000     
           2              (-1.9932256346969068,0.0000000000000000)   1.0000000000000000     
           2              (-1.9523579631576624,0.0000000000000000)   1.0000000000000000     
           2              (-1.9060030566933472,0.0000000000000000)   1.0000000000000000     
           2              (-1.8613553147954536,0.0000000000000000)   1.0000000000000000     
           2              (-1.9106519363736814,0.0000000000000000)   1.0000000000000000     
           2              (-1.9569465026145496,0.0000000000000000)   1.0000000000000000     
           2              (-1.9023069519126943,0.0000000000000000)   1.0000000000000000     
           2              (-1.9136113514471760,0.0000000000000000)   1.0000000000000000     
           2              (-1.9406198069057450,0.0000000000000000)   1.0000000000000000     
           2              (-1.9440357062164504,0.0000000000000000)   1.0000000000000000     
           2              (-1.9195110014562360,0.0000000000000000)   1.0000000000000000     
           2              (-1.9428297918424660,0.0000000000000000)   1.0000000000000000     
           2              (-1.9522082569678607,0.0000000000000000)   1.0000000000000000     
           2              (-1.9576199961588345,0.0000000000000000)   1.0000000000000000     
           2              (-1.9258371909662690,0.0000000000000000)   1.0000000000000000     
           2              (-1.9423575238000550,0.0000000000000000)   1.0000000000000000     
           2              (-1.9208175675952621,0.0000000000000000)   1.0000000000000000     
           2              (-1.8956715060959537,0.0000000000000000)   1.0000000000000000     
           2              (-1.9171076642539477,0.0000000000000000)   1.0000000000000000     
           2              (-1.9101251094928740,0.0000000000000000)   1.0000000000000000     
           2              (-1.9155431030110013,0.0000000000000000)   1.0000000000000000     
           2              (-1.8785344485891258,0.0000000000000000)   1.0000000000000000     
           2              (-1.9222112096718471,0.0000000000000000)   1.0000000000000000     
           2              (-1.9602653176906115,0.0000000000000000)   1.0000000000000000     
           2              (-1.9379302027662992,0.0000000000000000)   1.0000000000000000     
           2              (-1.9155287626533393,0.0000000000000000)   1.0000000000000000     
           2              (-1.9167464437298953,0.0000000000000000)   1.0000000000000000     
           2              (-1.9653402777819797,0.0000000000000000)   1.0000000000000000     
           2              (-1.9388687757455181,0.0000000000000000)   1.0000000000000000     
           2              (-1.9365550660512945,0.0000000000000000)   1.0000000000000000     
           2              (-1.9798059567349553,0.0000000000000000)   1.0000000000000000     
           2              (-1.8931809027183013,0.0000000000000000)   1.0000000000000000     
           2              (-1.9730340540498377,0.0000000000000000)   1.0000000000000000     
           2              (-1.8986086139742793,0.0000000000000000)   1.0000000000000000     
           2              (-1.9216634789711347,0.0000000000000000)   1.0000000000000000     
           2              (-1.9812662750321437,0.0000000000000000)   1.0000000000000000     
           2              (-1.9362471805153805,0.0000000000000000)   1.0000000000000000     
           2              (-1.8769601760021903,0.0000000000000000)   1.0000000000000000     
           2              (-1.9075233557104054,0.0000000000000000)   1.0000000000000000     
           2              (-1.9059073444802619,0.0000000000000000)   1.0000000000000000     
           2              (-1.8936857182495512,0.0000000000000000)   1.0000000000000000     
           2              (-1.9253078081742179,0.0000000000000000)   1.0000000000000000     
           2              (-1.9393627135445142,0.0000000000000000)   1.0000000000000000     
           2              (-1.9738810537073688,0.0000000000000000)   1.0000000000000000     
           2              (-1.9348135313066144,0.0000000000000000)   1.0000000000000000     
           2              (-1.9338130734383858,0.0000000000000000)   1.0000000000000000     
           2              (-1.9117143710715263,0.0000000000000000)   1.0000000000000000     
           2              (-1.9266061044177407,0.0000000000000000)   1.0000000000000000     
           2              (-1.9015276080377257,0.0000000000000000)   1.0000000000000000     
           2              (-1.8809137666122289,0.0000000000000000)   1.0000000000000000     
           2              (-1.9217007594995426,0.0000000000000000)   1.0000000000000000     
           2              (-1.9378648473963851,0.0000000000000000)   1.0000000000000000     
           2              (-1.8832548329912220,0.0000000000000000)   1.0000000000000000     
           2              (-1.8927783880273108,0.0000000000000000)   1.0000000000000000     
           2              (-1.9269206297474906,0.0000000000000000)   1.0000000000000000     
           2              (-1.9358915139137132,0.0000000000000000)   1.0000000000000000     
           2              (-1.9993001368793548,0.0000000000000000)   1.0000000000000000     
           2              (-1.8900515436699923,0.0000000000000000)   1.0000000000000000     
           2              (-1.8440717615240521,0.0000000000000000)   1.0000000000000000     
           2              (-1.8573709151874616,0.0000000000000000)   1.0000000000000000     
           2              (-1.9418199174423676,0.0000000000000000)   1.0000000000000000     
           2              (-1.9554426542605239,0.0000000000000000)   1.0000000000000000     
           2              (-1.9418240097573916,0.0000000000000000)   1.0000000000000000     
           2              (-1.9313462956379190,0.0000000000000000)   1.0000000000000000     
           2              (-1.9302156980893486,0.0000000000000000)   1.0000000000000000     
           2              (-1.9099133609089047,0.0000000000000000)   1.0000000000000000     
           2              (-1.9107570539740146,0.0000000000000000)   1.0000000000000000     
           2              (-1.9354016135093326,0.0000000000000000)   1.0000000000000000     
           2              (-1.8962642560969791,0.0000000000000000)   1.0000000000000000     
           2              (-1.8764499575370479,0.0000000000000000)   1.0000000000000000     
           2              (-1.9661571163113110,0.0000000000000000)   1.0000000000000000     
           2              (-1.9285356838324388,0.0000000000000000)   1.0000000000000000     
           2              (-1.9301417587631406,0.0000000000000000)   1.0000000000000000     
           2              (-1.9240924398572365,0.0000000000000000)   1.0000000000000000     
           2              (-1.9168305086147259,0.0000000000000000)   1.0000000000000000     
           2              (-1.9560689424303097,0.0000000000000000)   1.0000000000000000     
           2              (-1.9254715879112734,0.0000000000000000)   1.0000000000000000     
           2              (-1.8499361463664550,0.0000000000000000)   1.0000000000000000     
           2              (-1.9074498326315792,0.0000000000000000)   1.0000000000000000     
           2              (-1.9510302731566198,0.0000000000000000)   1.0000000000000000     
           2              (-1.8951958010581051,0.0000000000000000)   1.0000000000000000     
           2              (-1.8940397679737460,0.0000000000000000)   1.0000000000000000     
           2              (-1.9197817403112662,0.0000000000000000)   1.0000000000000000     
           2              (-1.9246009438147365,0.0000000000000000)   1.0000000000000000     
           2              (-1.9142697418310530,0.0000000000000000)   1.0000000000000000     
           2              (-1.9380608537580217,0.0000000000000000)   1.0000000000000000     
           2              (-1.9123886592523434,0.0000000000000000)   1.0000000000000000     
           2              (-1.9529772833362100,0.0000000000000000)   1.0000000000000000     
           2              (-1.9130555795569704,0.0000000000000000)   1.0000000000000000     
           2              (-1.9401937567547085,0.0000000000000000)   1.0000000000000000     
           2              (-1.9702401964914880,0.0000000000000000)   1.0000000000000000     
           2              (-1.9390328404835857,0.0000000000000000)   1.0000000000000000     
           2              (-1.9117788344271771,0.0000000000000000)   1.0000000000000000     
           2              (-1.8988411816053503,0.0000000000000000)   1.0000000000000000     
           2              (-1.9413342235834863,0.0000000000000000)   1.0000000000000000     
           2              (-1.8925257327269076,0.0000000000000000)   1.0000000000000000     
           2              (-1.9463543823777207,0.0000000000000000)   1.0000000000000000     
           2              (-1.9676810432071496,0.0000000000000000)   1.0000000000000000     
           2              (-1.9144314006102841,0.0000000000000000)   1.0000000000000000     
           2              (-1.9089371298009785,0.0000000000000000)   1.0000000000000000     
           2              (-1.9250545508769119,0.0000000000000000)   1.0000000000000000     
           2              (-1.9624490366468770,0.0000000000000000)   1.0000000000000000     
           2              (-1.9102608526493829,0.0000000000000000)   1.0000000000000000     
           2              (-1.8999240997328386,0.0000000000000000)   1.0000000000000000     
           2              (-1.9990602470685577,0.0000000000000000)   1.0000000000000000     
           2              (-1.9270250714726189,0.0000000000000000)   1.0000000000000000     
           2              (-1.9053782135711876,0.0000000000000000)   1.0000000000000000     
           2              (-1.9230530490058408,0.0000000000000000)   1.0000000000000000     
           2              (-1.9668127522025058,0.0000000000000000)   1.0000000000000000     
           2              (-1.8939977673324278,0.0000000000000000)   1.0000000000000000     
           2              (-1.9524896363169340,0.0000000000000000)   1.0000000000000000     
           2              (-1.8774268381984656,0.0000000000000000)   1.0000000000000000     
           2              (-1.9335086336942473,0.0000000000000000)   1.0000000000000000     
           2              (-1.9469391706362746,0.0000000000000000)   1.0000000000000000     
           2              (-1.9150283126753813,0.0000000000000000)   1.0000000000000000     
           2              (-1.9173495252119344,0.0000000000000000)   1.0000000000000000     
           2              (-1.9279908595416027,0.0000000000000000)   1.0000000000000000     
           2              (-1.8954905456325088,0.0000000000000000)   1.0000000000000000     
           2              (-1.9148682738241949,0.0000000000000000)   1.0000000000000000     
           2              (-1.9569936880686063,0.0000000000000000)   1.0000000000000000     
           2              (-1.9124022884245042,0.0000000000000000)   1.0000000000000000     
           2              (-1.9002182107266612,0.0000000000000000)   1.0000000000000000     
           2              (-1.8237694389153472,0.0000000000000000)   1.0000000000000000     
           2              (-1.9300669111291655,0.0000000000000000)   1.0000000000000000     
           2              (-1.8692516421813059,0.0000000000000000)   1.0000000000000000     
           2              (-1.8944907488392086,0.0000000000000000)   1.0000000000000000     
           2              (-1.9463782453903418,0.0000000000000000)   1.0000000000000000     
           2              (-1.9125531711815977,0.0000000000000000)   1.0000000000000000     
