   1.0000000000000000                1           4
               (0.0000000000000000,0.0000000000000000)
  -1.5707963267948966        0.0000000000000000     
        (0.99999999999999856,1.11022302462515851E-016)
   0.0000000000000000        0.0000000000000000     
               (1.7866418397666386,0.0000000000000000)
   1.5707963267948966        0.0000000000000000     
       (0.99999999999999856,-1.11022302462515851E-016)
   3.1415926535897931        0.0000000000000000     
        (0.21335816023336493,3.84427282038191246E-031)
   1.0000000000000000                1           4
               (0.0000000000000000,0.0000000000000000)
  -1.5707963267948966        0.0000000000000000     
        (0.99999999999999856,1.11022302462515851E-016)
   0.0000000000000000        0.0000000000000000     
               (1.7888674843383390,0.0000000000000000)
   1.5707963267948966        0.0000000000000000     
       (0.99999999999999856,-1.11022302462515851E-016)
   3.1415926535897931        0.0000000000000000     
        (0.21113251566166502,3.90225697042886207E-031)
   1.0000000000000000                1           4
               (0.0000000000000000,0.0000000000000000)
  -1.5707963267948966        0.0000000000000000     
        (0.99999999999999867,5.55111512312580242E-017)
   0.0000000000000000        0.0000000000000000     
               (1.7875710299150909,0.0000000000000000)
   1.5707963267948966        0.0000000000000000     
       (0.99999999999999867,-5.55111512312580242E-017)
   3.1415926535897931        0.0000000000000000     
        (0.21242897008491282,3.83819954202345856E-031)
   1.0000000000000000                1           4
               (0.0000000000000000,0.0000000000000000)
  -1.5707963267948966        0.0000000000000000     
       (0.99999999999999856,-2.22044604925031111E-016)
   0.0000000000000000        0.0000000000000000     
               (1.7966824117571465,0.0000000000000000)
   1.5707963267948966        0.0000000000000000     
        (0.99999999999999856,2.22044604925031111E-016)
   3.1415926535897931        0.0000000000000000     
        (0.20331758824285720,4.27795599807564687E-031)
   1.0000000000000000                1           4
               (0.0000000000000000,0.0000000000000000)
  -1.5707963267948966        0.0000000000000000     
        (0.99999999999999889,2.77555756156289283E-016)
   0.0000000000000000        0.0000000000000000     
               (1.7920352298467765,0.0000000000000000)
   1.5707963267948966        0.0000000000000000     
       (0.99999999999999889,-2.77555756156289283E-016)
   3.1415926535897931        0.0000000000000000     
        (0.20796477015322656,3.00600551146321460E-031)
   1.0000000000000000                1           4
               (0.0000000000000000,0.0000000000000000)
  -1.5707963267948966        0.0000000000000000     
        (0.99999999999999878,3.33066907387547159E-016)
   0.0000000000000000        0.0000000000000000     
               (1.7932528490815525,0.0000000000000000)
   1.5707963267948966        0.0000000000000000     
       (0.99999999999999878,-3.33066907387547159E-016)
   3.1415926535897931        0.0000000000000000     
        (0.20674715091845067,3.02031796288358383E-031)
   1.0000000000000000                1           4
               (0.0000000000000000,0.0000000000000000)
  -1.5707963267948966        0.0000000000000000     
       (0.99999999999999822,-5.55111512312578073E-016)
   0.0000000000000000        0.0000000000000000     
               (1.7789046662116610,0.0000000000000000)
   1.5707963267948966        0.0000000000000000     
        (0.99999999999999822,5.55111512312578073E-016)
   3.1415926535897931        0.0000000000000000     
        (0.22109533378834267,4.99793541892319231E-031)
   1.0000000000000000                1           4
               (0.0000000000000000,0.0000000000000000)
  -1.5707963267948966        0.0000000000000000     
        (0.99999999999999867,6.10622663543836294E-016)
   0.0000000000000000        0.0000000000000000     
               (1.7757148800687579,0.0000000000000000)
   1.5707963267948966        0.0000000000000000     
       (0.99999999999999867,-6.10622663543836294E-016)
   3.1415926535897931        0.0000000000000000     
        (0.22428511993124578,2.99525391066899534E-031)
   1.0000000000000000                1           4
               (0.0000000000000000,0.0000000000000000)
  -1.5707963267948966        0.0000000000000000     
       (0.99999999999999878,-4.99600361081320246E-016)
   0.0000000000000000        0.0000000000000000     
               (1.8002074625424302,0.0000000000000000)
   1.5707963267948966        0.0000000000000000     
        (0.99999999999999878,4.99600361081320246E-016)
   3.1415926535897931        0.0000000000000000     
        (0.19979253745757278,4.05621790986530486E-031)
   1.0000000000000000                1           4
               (0.0000000000000000,0.0000000000000000)
  -1.5707963267948966        0.0000000000000000     
        (0.99999999999999845,3.88578058618804986E-016)
   0.0000000000000000        0.0000000000000000     
               (1.7956744008578396,0.0000000000000000)
   1.5707963267948966        0.0000000000000000     
       (0.99999999999999845,-3.88578058618804986E-016)
   3.1415926535897931        0.0000000000000000     
        (0.20432559914216419,3.80724241904182448E-031)
   1.0000000000000000                1           4
               (0.0000000000000000,0.0000000000000000)
  -1.5707963267948966        0.0000000000000000     
       (0.99999999999999845,-3.33066907387546765E-016)
   0.0000000000000000        0.0000000000000000     
               (1.8051488519148688,0.0000000000000000)
   1.5707963267948966        0.0000000000000000     
        (0.99999999999999845,3.33066907387546765E-016)
   3.1415926535897931        0.0000000000000000     
        (0.19485114808513521,4.78446076558815178E-031)
   1.0000000000000000                1           4
               (0.0000000000000000,0.0000000000000000)
  -1.5707963267948966        0.0000000000000000     
        (0.99999999999999878,5.55111512312580119E-017)
   0.0000000000000000        0.0000000000000000     
               (1.7995609220291280,0.0000000000000000)
   1.5707963267948966        0.0000000000000000     
       (0.99999999999999878,-5.55111512312580119E-017)
   3.1415926535897931        0.0000000000000000     
        (0.20043907797087543,3.57279493352719684E-031)
   1.0000000000000000                1           4
               (0.0000000000000000,0.0000000000000000)
  -1.5707963267948966        0.0000000000000000     
       (0.99999999999999867,-6.10622663543835900E-016)
   0.0000000000000000        0.0000000000000000     
               (1.8038050673094579,0.0000000000000000)
   1.5707963267948966        0.0000000000000000     
        (0.99999999999999867,6.10622663543835900E-016)
   3.1415926535897931        0.0000000000000000     
        (0.19619493269054553,4.50314631481280011E-031)
   1.0000000000000000                1           4
               (0.0000000000000000,0.0000000000000000)
  -1.5707963267948966        0.0000000000000000     
       (0.99999999999999845,-1.22124532708767200E-015)
   0.0000000000000000        0.0000000000000000     
               (1.7893606239763378,0.0000000000000000)
   1.5707963267948966        0.0000000000000000     
        (0.99999999999999845,1.22124532708767200E-015)
   3.1415926535897931        0.0000000000000000     
        (0.21063937602366525,5.22437324571318143E-031)
   1.0000000000000000                1           4
               (0.0000000000000000,0.0000000000000000)
  -1.5707963267948966        0.0000000000000000     
       (0.99999999999999856,-2.77555756156288938E-016)
   0.0000000000000000        0.0000000000000000     
               (1.8003835474045240,0.0000000000000000)
   1.5707963267948966        0.0000000000000000     
        (0.99999999999999856,2.77555756156288938E-016)
   3.1415926535897931        0.0000000000000000     
        (0.19961645259548005,4.51619334172315739E-031)
   1.0000000000000000                1           4
               (0.0000000000000000,0.0000000000000000)
  -1.5707963267948966        0.0000000000000000     
       (0.99999999999999878,-2.77555756156288938E-016)
   0.0000000000000000        0.0000000000000000     
               (1.7887516170409901,0.0000000000000000)
   1.5707963267948966        0.0000000000000000     
        (0.99999999999999878,2.77555756156288938E-016)
   3.1415926535897931        0.0000000000000000     
        (0.21124838295901352,3.99688058022491982E-031)
   1.0000000000000000                1           4
               (0.0000000000000000,0.0000000000000000)
  -1.5707963267948966        0.0000000000000000     
        (0.99999999999999856,7.77156117237609776E-016)
   0.0000000000000000        0.0000000000000000     
               (1.7887297520017600,0.0000000000000000)
   1.5707963267948966        0.0000000000000000     
       (0.99999999999999856,-7.77156117237609776E-016)
   3.1415926535897931        0.0000000000000000     
        (0.21127024799824384,3.17942493732609049E-031)
   1.0000000000000000                1           4
               (0.0000000000000000,0.0000000000000000)
  -1.5707963267948966        0.0000000000000000     
       (0.99999999999999856,-8.88178419700125035E-016)
   0.0000000000000000        0.0000000000000000     
               (1.8081910804425410,0.0000000000000000)
   1.5707963267948966        0.0000000000000000     
        (0.99999999999999856,8.88178419700125035E-016)
   3.1415926535897931        0.0000000000000000     
        (0.19180891955746265,5.15747715596987144E-031)
   1.0000000000000000                1           4
               (0.0000000000000000,0.0000000000000000)
  -1.5707963267948966        0.0000000000000000     
       (0.99999999999999856,-3.33066907387546765E-016)
   0.0000000000000000        0.0000000000000000     
               (1.8024455231879291,0.0000000000000000)
   1.5707963267948966        0.0000000000000000     
        (0.99999999999999856,3.33066907387546765E-016)
   3.1415926535897931        0.0000000000000000     
        (0.19755447681207497,4.59069563409236839E-031)
   1.0000000000000000                1           4
               (0.0000000000000000,0.0000000000000000)
  -1.5707963267948966        0.0000000000000000     
       (0.99999999999999867,-5.55111512312578073E-016)
   0.0000000000000000        0.0000000000000000     
               (1.7849927151552218,0.0000000000000000)
   1.5707963267948966        0.0000000000000000     
        (0.99999999999999867,5.55111512312578073E-016)
   3.1415926535897931        0.0000000000000000     
        (0.21500728484478182,4.49889048935599106E-031)
   1.0000000000000000                1           4
               (0.0000000000000000,0.0000000000000000)
  -1.5707963267948966        0.0000000000000000     
       (0.99999999999999833,-5.55111512312576236E-017)
   0.0000000000000000        0.0000000000000000     
               (1.7877640467501448,0.0000000000000000)
   1.5707963267948966        0.0000000000000000     
        (0.99999999999999833,5.55111512312576236E-017)
   3.1415926535897931        0.0000000000000000     
        (0.21223595324985850,4.10783111971266970E-031)
   1.0000000000000000                1           4
               (0.0000000000000000,0.0000000000000000)
  -1.5707963267948966        0.0000000000000000     
       (0.99999999999999889,-8.32667268468867208E-016)
   0.0000000000000000        0.0000000000000000     
               (1.7812455524297819,0.0000000000000000)
   1.5707963267948966        0.0000000000000000     
        (0.99999999999999889,8.32667268468867208E-016)
   3.1415926535897931        0.0000000000000000     
        (0.21875444757022114,4.22678463020126108E-031)
   1.0000000000000000                1           4
               (0.0000000000000000,0.0000000000000000)
  -1.5707963267948966        0.0000000000000000     
       (0.99999999999999867,-5.55111512312578073E-016)
   0.0000000000000000        0.0000000000000000     
               (1.8089927050413979,0.0000000000000000)
   1.5707963267948966        0.0000000000000000     
        (0.99999999999999867,5.55111512312578073E-016)
   3.1415926535897931        0.0000000000000000     
        (0.19100729495860563,4.61366936612255844E-031)
   1.0000000000000000                1           4
               (0.0000000000000000,0.0000000000000000)
  -1.5707963267948966        0.0000000000000000     
        (0.99999999999999867,5.55111512312580242E-017)
   0.0000000000000000        0.0000000000000000     
               (1.8010619719843317,0.0000000000000000)
   1.5707963267948966        0.0000000000000000     
       (0.99999999999999867,-5.55111512312580242E-017)
   3.1415926535897931        0.0000000000000000     
        (0.19893802801567179,3.77266241155165488E-031)
   1.0000000000000000                1           4
               (0.0000000000000000,0.0000000000000000)
  -1.5707963267948966        0.0000000000000000     
        (0.99999999999999856,8.88178419700125430E-016)
   0.0000000000000000        0.0000000000000000     
               (1.7905169588039995,0.0000000000000000)
   1.5707963267948966        0.0000000000000000     
       (0.99999999999999856,-8.88178419700125430E-016)
   3.1415926535897931        0.0000000000000000     
        (0.20948304119600417,2.90208302106677768E-031)
   1.0000000000000000                1           4
               (0.0000000000000000,0.0000000000000000)
  -1.5707963267948966        0.0000000000000000     
       (0.99999999999999845,-1.22124532708767200E-015)
   0.0000000000000000        0.0000000000000000     
               (1.7797079023907638,0.0000000000000000)
   1.5707963267948966        0.0000000000000000     
        (0.99999999999999845,1.22124532708767200E-015)
   3.1415926535897931        0.0000000000000000     
        (0.22029209760924012,5.82256789511259158E-031)
   1.0000000000000000                1           4
               (0.0000000000000000,0.0000000000000000)
  -1.5707963267948966        0.0000000000000000     
       (0.99999999999999856,-1.22124532708767200E-015)
   0.0000000000000000        0.0000000000000000     
               (1.7929664071116822,0.0000000000000000)
   1.5707963267948966        0.0000000000000000     
        (0.99999999999999856,1.22124532708767200E-015)
   3.1415926535897931        0.0000000000000000     
        (0.20703359288832149,5.48017948814127992E-031)
   1.0000000000000000                1           4
               (0.0000000000000000,0.0000000000000000)
  -1.5707963267948966        0.0000000000000000     
       (0.99999999999999856,-4.99600361081320246E-016)
   0.0000000000000000        0.0000000000000000     
               (1.7976601019195664,0.0000000000000000)
   1.5707963267948966        0.0000000000000000     
        (0.99999999999999856,4.99600361081320246E-016)
   3.1415926535897931        0.0000000000000000     
        (0.20233989808043676,4.21842371404452031E-031)
   1.0000000000000000                1           4
               (0.0000000000000000,0.0000000000000000)
  -1.5707963267948966        0.0000000000000000     
        (0.99999999999999867,3.33066907387547159E-016)
   0.0000000000000000        0.0000000000000000     
               (1.7910254313694078,0.0000000000000000)
   1.5707963267948966        0.0000000000000000     
       (0.99999999999999867,-3.33066907387547159E-016)
   3.1415926535897931        0.0000000000000000     
        (0.20897456863059563,3.31740472778896801E-031)
   1.0000000000000000                1           4
               (0.0000000000000000,0.0000000000000000)
  -1.5707963267948966        0.0000000000000000     
        (0.99999999999999867,3.88578058618804986E-016)
   0.0000000000000000        0.0000000000000000     
               (1.7866174775946648,0.0000000000000000)
   1.5707963267948966        0.0000000000000000     
       (0.99999999999999867,-3.88578058618804986E-016)
   3.1415926535897931        0.0000000000000000     
        (0.21338252240533873,3.26904941392282771E-031)
   1.0000000000000000                1           4
               (0.0000000000000000,0.0000000000000000)
  -1.5707963267948966        0.0000000000000000     
        (0.99999999999999878,3.33066907387547159E-016)
   0.0000000000000000        0.0000000000000000     
               (1.7952742214056334,0.0000000000000000)
   1.5707963267948966        0.0000000000000000     
       (0.99999999999999878,-3.33066907387547159E-016)
   3.1415926535897931        0.0000000000000000     
        (0.20472577859436994,3.23018673645905404E-031)
   1.0000000000000000                1           4
               (0.0000000000000000,0.0000000000000000)
  -1.5707963267948966        0.0000000000000000     
        (0.99999999999999867,6.66133814775094121E-016)
   0.0000000000000000        0.0000000000000000     
               (1.7929629731536532,0.0000000000000000)
   1.5707963267948966        0.0000000000000000     
       (0.99999999999999867,-6.66133814775094121E-016)
   3.1415926535897931        0.0000000000000000     
        (0.20703702684635020,3.08498407008202488E-031)
   1.0000000000000000                1           4
               (0.0000000000000000,0.0000000000000000)
  -1.5707963267948966        0.0000000000000000     
        (0.99999999999999833,1.88737914186276651E-015)
   0.0000000000000000        0.0000000000000000     
               (1.7923618937235402,0.0000000000000000)
   1.5707963267948966        0.0000000000000000     
       (0.99999999999999833,-1.88737914186276651E-015)
   3.1415926535897931        0.0000000000000000     
        (0.20763810627646406,2.26794919470051601E-031)
   1.0000000000000000                1           4
               (0.0000000000000000,0.0000000000000000)
  -1.5707963267948966        0.0000000000000000     
       (0.99999999999999845,-1.11022302462515445E-016)
   0.0000000000000000        0.0000000000000000     
               (1.7938081736849019,0.0000000000000000)
   1.5707963267948966        0.0000000000000000     
        (0.99999999999999845,1.11022302462515445E-016)
   3.1415926535897931        0.0000000000000000     
        (0.20619182631510219,4.35120036920183603E-031)
   1.0000000000000000                1           4
               (0.0000000000000000,0.0000000000000000)
  -1.5707963267948966        0.0000000000000000     
       (0.99999999999999845,-2.77555756156288938E-016)
   0.0000000000000000        0.0000000000000000     
               (1.8022238392877092,0.0000000000000000)
   1.5707963267948966        0.0000000000000000     
        (0.99999999999999845,2.77555756156288938E-016)
   3.1415926535897931        0.0000000000000000     
        (0.19777616071229473,4.58608553379651838E-031)
   1.0000000000000000                1           4
               (0.0000000000000000,0.0000000000000000)
  -1.5707963267948966        0.0000000000000000     
        (0.99999999999999878,2.77555756156289332E-016)
   0.0000000000000000        0.0000000000000000     
               (1.7995785694054796,0.0000000000000000)
   1.5707963267948966        0.0000000000000000     
       (0.99999999999999878,-2.77555756156289332E-016)
   3.1415926535897931        0.0000000000000000     
        (0.20042143059452383,3.24596189455740499E-031)
   1.0000000000000000                1           4
               (0.0000000000000000,0.0000000000000000)
  -1.5707963267948966        0.0000000000000000     
       (0.99999999999999878,-3.33066907387546765E-016)
   0.0000000000000000        0.0000000000000000     
               (1.7931139916992989,0.0000000000000000)
   1.5707963267948966        0.0000000000000000     
        (0.99999999999999878,3.33066907387546765E-016)
   3.1415926535897931        0.0000000000000000     
        (0.20688600830070469,4.09194144324527554E-031)
   1.0000000000000000                1           4
               (0.0000000000000000,0.0000000000000000)
  -1.5707963267948966        0.0000000000000000     
        (0.99999999999999856,9.43689570931383257E-016)
   0.0000000000000000        0.0000000000000000     
               (1.8013338389718399,0.0000000000000000)
   1.5707963267948966        0.0000000000000000     
       (0.99999999999999856,-9.43689570931383257E-016)
   3.1415926535897931        0.0000000000000000     
        (0.19866616102816423,2.97693062766342095E-031)
   1.0000000000000000                1           4
               (0.0000000000000000,0.0000000000000000)
  -1.5707963267948966        0.0000000000000000     
        (0.99999999999999845,2.22044604925031505E-016)
   0.0000000000000000        0.0000000000000000     
               (1.7890041474312763,0.0000000000000000)
   1.5707963267948966        0.0000000000000000     
       (0.99999999999999845,-2.22044604925031505E-016)
   3.1415926535897931        0.0000000000000000     
        (0.21099585256872766,4.03056508395594081E-031)
   1.0000000000000000                1           4
               (0.0000000000000000,0.0000000000000000)
  -1.5707963267948966        0.0000000000000000     
       (0.99999999999999889,-1.11022302462515518E-016)
   0.0000000000000000        0.0000000000000000     
               (1.7771762441548635,0.0000000000000000)
   1.5707963267948966        0.0000000000000000     
        (0.99999999999999889,1.11022302462515518E-016)
   3.1415926535897931        0.0000000000000000     
        (0.22282375584513880,2.87361702456401383E-031)
   1.0000000000000000                1           4
               (0.0000000000000000,0.0000000000000000)
  -1.5707963267948966        0.0000000000000000     
       (0.99999999999999856,-4.99600361081320246E-016)
   0.0000000000000000        0.0000000000000000     
               (1.7879734570599337,0.0000000000000000)
   1.5707963267948966        0.0000000000000000     
        (0.99999999999999856,4.99600361081320246E-016)
   3.1415926535897931        0.0000000000000000     
        (0.21202654294006998,4.60287334910683890E-031)
   1.0000000000000000                1           4
               (0.0000000000000000,0.0000000000000000)
  -1.5707963267948966        0.0000000000000000     
       (0.99999999999999867,-6.66133814775093727E-016)
   0.0000000000000000        0.0000000000000000     
               (1.7869610039955262,0.0000000000000000)
   1.5707963267948966        0.0000000000000000     
        (0.99999999999999867,6.66133814775093727E-016)
   3.1415926535897931        0.0000000000000000     
        (0.21303899600447737,4.50955619051164439E-031)
   1.0000000000000000                1           4
               (0.0000000000000000,0.0000000000000000)
  -1.5707963267948966        0.0000000000000000     
       (0.99999999999999867,-6.66133814775093727E-016)
   0.0000000000000000        0.0000000000000000     
               (1.7899289259419324,0.0000000000000000)
   1.5707963267948966        0.0000000000000000     
        (0.99999999999999867,6.66133814775093727E-016)
   3.1415926535897931        0.0000000000000000     
        (0.21007107405807116,4.64464408378698668E-031)
   1.0000000000000000                1           4
               (0.0000000000000000,0.0000000000000000)
  -1.5707963267948966        0.0000000000000000     
       (0.99999999999999867,-9.99200722162640689E-016)
   0.0000000000000000        0.0000000000000000     
               (1.7928409698562260,0.0000000000000000)
   1.5707963267948966        0.0000000000000000     
        (0.99999999999999867,9.99200722162640689E-016)
   3.1415926535897931        0.0000000000000000     
        (0.20715903014377762,5.05405712531735587E-031)
   1.0000000000000000                1           4
               (0.0000000000000000,0.0000000000000000)
  -1.5707963267948966        0.0000000000000000     
       (0.99999999999999867,-5.55111512312576360E-017)
   0.0000000000000000        0.0000000000000000     
               (1.7953391187751855,0.0000000000000000)
   1.5707963267948966        0.0000000000000000     
        (0.99999999999999867,5.55111512312576360E-017)
   3.1415926535897931        0.0000000000000000     
        (0.20466088122481813,3.87782515289347225E-031)
   1.0000000000000000                1           4
               (0.0000000000000000,0.0000000000000000)
  -1.5707963267948966        0.0000000000000000     
       (0.99999999999999878,-5.55111512312578073E-016)
   0.0000000000000000        0.0000000000000000     
               (1.8017666756752937,0.0000000000000000)
   1.5707963267948966        0.0000000000000000     
        (0.99999999999999878,5.55111512312578073E-016)
   3.1415926535897931        0.0000000000000000     
        (0.19823332432470983,4.24811809525728352E-031)
   1.0000000000000000                1           4
               (0.0000000000000000,0.0000000000000000)
  -1.5707963267948966        0.0000000000000000     
        (0.99999999999999856,3.33066907387547159E-016)
   0.0000000000000000        0.0000000000000000     
               (1.7972722552918003,0.0000000000000000)
   1.5707963267948966        0.0000000000000000     
       (0.99999999999999856,-3.33066907387547159E-016)
   3.1415926535897931        0.0000000000000000     
        (0.20272774470820323,3.54807108302636716E-031)
   1.0000000000000000                1           4
               (0.0000000000000000,0.0000000000000000)
  -1.5707963267948966        0.0000000000000000     
        (0.99999999999999856,1.66533453693773678E-016)
   0.0000000000000000        0.0000000000000000     
               (1.7916758449652028,0.0000000000000000)
   1.5707963267948966        0.0000000000000000     
       (0.99999999999999856,-1.66533453693773678E-016)
   3.1415926535897931        0.0000000000000000     
        (0.20832415503480090,3.86927041795865210E-031)
   1.0000000000000000                1           4
               (0.0000000000000000,0.0000000000000000)
  -1.5707963267948966        0.0000000000000000     
        (0.99999999999999856,1.66533453693773678E-016)
   0.0000000000000000        0.0000000000000000     
               (1.7921206506948868,0.0000000000000000)
   1.5707963267948966        0.0000000000000000     
       (0.99999999999999856,-1.66533453693773678E-016)
   3.1415926535897931        0.0000000000000000     
        (0.20787934930511667,3.74468567924672611E-031)
   1.0000000000000000                1           4
               (0.0000000000000000,0.0000000000000000)
  -1.5707963267948966        0.0000000000000000     
        (0.99999999999999845,2.77555756156289332E-016)
   0.0000000000000000        0.0000000000000000     
               (1.8040828322030964,0.0000000000000000)
   1.5707963267948966        0.0000000000000000     
       (0.99999999999999845,-2.77555756156289332E-016)
   3.1415926535897931        0.0000000000000000     
        (0.19591716779690671,3.45244443622044336E-031)
   1.0000000000000000                1           4
               (0.0000000000000000,0.0000000000000000)
  -1.5707963267948966        0.0000000000000000     
        (0.99999999999999867,4.44089209850062813E-016)
   0.0000000000000000        0.0000000000000000     
               (1.8030101493488933,0.0000000000000000)
   1.5707963267948966        0.0000000000000000     
       (0.99999999999999867,-4.44089209850062813E-016)
   3.1415926535897931        0.0000000000000000     
        (0.19698985065111019,3.12280632023862052E-031)
   1.0000000000000000                1           4
               (0.0000000000000000,0.0000000000000000)
  -1.5707963267948966        0.0000000000000000     
        (0.99999999999999856,5.55111512312578467E-016)
   0.0000000000000000        0.0000000000000000     
               (1.7949991778749095,0.0000000000000000)
   1.5707963267948966        0.0000000000000000     
       (0.99999999999999856,-5.55111512312578467E-016)
   3.1415926535897931        0.0000000000000000     
        (0.20500082212509430,3.39544184423431128E-031)
   1.0000000000000000                1           4
               (0.0000000000000000,0.0000000000000000)
  -1.5707963267948966        0.0000000000000000     
       (0.99999999999999878,-2.77555756156288938E-016)
   0.0000000000000000        0.0000000000000000     
               (1.7975125954833693,0.0000000000000000)
   1.5707963267948966        0.0000000000000000     
        (0.99999999999999878,2.77555756156288938E-016)
   3.1415926535897931        0.0000000000000000     
        (0.20248740451663425,3.93932866352335211E-031)
   1.0000000000000000                1           4
               (0.0000000000000000,0.0000000000000000)
  -1.5707963267948966        0.0000000000000000     
        (0.99999999999999845,5.55111512312578467E-016)
   0.0000000000000000        0.0000000000000000     
               (1.7820441049694411,0.0000000000000000)
   1.5707963267948966        0.0000000000000000     
       (0.99999999999999845,-5.55111512312578467E-016)
   3.1415926535897931        0.0000000000000000     
        (0.21795589503056290,3.56505261396975139E-031)
   1.0000000000000000                1           4
               (0.0000000000000000,0.0000000000000000)
  -1.5707963267948966        0.0000000000000000     
        (0.99999999999999856,4.99600361081320640E-016)
   0.0000000000000000        0.0000000000000000     
               (1.7982815131743026,0.0000000000000000)
   1.5707963267948966        0.0000000000000000     
       (0.99999999999999856,-4.99600361081320640E-016)
   3.1415926535897931        0.0000000000000000     
        (0.20171848682570120,3.47489474111121472E-031)
   1.0000000000000000                1           4
               (0.0000000000000000,0.0000000000000000)
  -1.5707963267948966        0.0000000000000000     
        (0.99999999999999867,7.21644966006351948E-016)
   0.0000000000000000        0.0000000000000000     
               (1.7839921963938445,0.0000000000000000)
   1.5707963267948966        0.0000000000000000     
       (0.99999999999999867,-7.21644966006351948E-016)
   3.1415926535897931        0.0000000000000000     
        (0.21600780360615904,2.92757551393100344E-031)
   1.0000000000000000                1           4
               (0.0000000000000000,0.0000000000000000)
  -1.5707963267948966        0.0000000000000000     
       (0.99999999999999856,-5.55111512312578073E-016)
   0.0000000000000000        0.0000000000000000     
               (1.7946011010407894,0.0000000000000000)
   1.5707963267948966        0.0000000000000000     
        (0.99999999999999856,5.55111512312578073E-016)
   3.1415926535897931        0.0000000000000000     
        (0.20539889895921437,4.77463544222806242E-031)
   1.0000000000000000                1           4
               (0.0000000000000000,0.0000000000000000)
  -1.5707963267948966        0.0000000000000000     
       (0.99999999999999900,-2.22044604925031160E-016)
   0.0000000000000000        0.0000000000000000     
               (1.8066403685211638,0.0000000000000000)
   1.5707963267948966        0.0000000000000000     
        (0.99999999999999900,2.22044604925031160E-016)
   3.1415926535897931        0.0000000000000000     
        (0.19335963147883894,3.23461337865875200E-031)
   1.0000000000000000                1           4
               (0.0000000000000000,0.0000000000000000)
  -1.5707963267948966        0.0000000000000000     
        (0.99999999999999811,5.55111512312580859E-017)
   0.0000000000000000        0.0000000000000000     
               (1.7956430423016205,0.0000000000000000)
   1.5707963267948966        0.0000000000000000     
       (0.99999999999999811,-5.55111512312580859E-017)
   3.1415926535897931        0.0000000000000000     
        (0.20435695769838400,5.06496844500962187E-031)
   1.0000000000000000                1           4
               (0.0000000000000000,0.0000000000000000)
  -1.5707963267948966        0.0000000000000000     
        (0.99999999999999867,1.66533453693773678E-016)
   0.0000000000000000        0.0000000000000000     
               (1.7811113139664330,0.0000000000000000)
   1.5707963267948966        0.0000000000000000     
       (0.99999999999999867,-1.66533453693773678E-016)
   3.1415926535897931        0.0000000000000000     
        (0.21888868603357070,3.74526746782317632E-031)
   1.0000000000000000                1           4
               (0.0000000000000000,0.0000000000000000)
  -1.5707963267948966        0.0000000000000000     
        (0.99999999999999867,1.11022302462515851E-016)
   0.0000000000000000        0.0000000000000000     
               (1.7959818602255646,0.0000000000000000)
   1.5707963267948966        0.0000000000000000     
       (0.99999999999999867,-1.11022302462515851E-016)
   3.1415926535897931        0.0000000000000000     
        (0.20401813977443883,3.71511240166548668E-031)
   1.0000000000000000                1           4
               (0.0000000000000000,0.0000000000000000)
  -1.5707963267948966        0.0000000000000000     
        (0.99999999999999867,1.44328993201270370E-015)
   0.0000000000000000        0.0000000000000000     
               (1.7929104095577058,0.0000000000000000)
   1.5707963267948966        0.0000000000000000     
       (0.99999999999999867,-1.44328993201270370E-015)
   3.1415926535897931        0.0000000000000000     
        (0.20708959044229786,1.99438552483757412E-031)
   1.0000000000000000                1           4
               (0.0000000000000000,0.0000000000000000)
  -1.5707963267948966        0.0000000000000000     
        (0.99999999999999867,5.55111512312580119E-017)
   0.0000000000000000        0.0000000000000000     
               (1.7901368121056753,0.0000000000000000)
   1.5707963267948966        0.0000000000000000     
       (0.99999999999999867,-5.55111512312580119E-017)
   3.1415926535897931        0.0000000000000000     
        (0.20986318789432831,3.66240968596895185E-031)
   1.0000000000000000                1           4
               (0.0000000000000000,0.0000000000000000)
  -1.5707963267948966        0.0000000000000000     
        (0.99999999999999833,2.77555756156289382E-016)
   0.0000000000000000        0.0000000000000000     
               (1.7983714694122175,0.0000000000000000)
   1.5707963267948966        0.0000000000000000     
       (0.99999999999999833,-2.77555756156289382E-016)
   3.1415926535897931        0.0000000000000000     
        (0.20162853058778649,4.17100320551685840E-031)
   1.0000000000000000                1           4
               (0.0000000000000000,0.0000000000000000)
  -1.5707963267948966        0.0000000000000000     
       (0.99999999999999856,-1.49880108324396113E-015)
   0.0000000000000000        0.0000000000000000     
               (1.7953862112976895,0.0000000000000000)
   1.5707963267948966        0.0000000000000000     
        (0.99999999999999856,1.49880108324396113E-015)
   3.1415926535897931        0.0000000000000000     
        (0.20461378870231403,5.85780168312224237E-031)
   1.0000000000000000                1           4
               (0.0000000000000000,0.0000000000000000)
  -1.5707963267948966        0.0000000000000000     
       (0.99999999999999845,-3.88578058618804592E-016)
   0.0000000000000000        0.0000000000000000     
               (1.8053432687149966,0.0000000000000000)
   1.5707963267948966        0.0000000000000000     
        (0.99999999999999845,3.88578058618804592E-016)
   3.1415926535897931        0.0000000000000000     
        (0.19465673128500749,4.81585947846747782E-031)
   1.0000000000000000                1           4
               (0.0000000000000000,0.0000000000000000)
  -1.5707963267948966        0.0000000000000000     
        (0.99999999999999878,9.43689570931383257E-016)
   0.0000000000000000        0.0000000000000000     
               (1.7990094173267273,0.0000000000000000)
   1.5707963267948966        0.0000000000000000     
       (0.99999999999999878,-9.43689570931383257E-016)
   3.1415926535897931        0.0000000000000000     
        (0.20099058267327616,2.47506723320746441E-031)
   1.0000000000000000                1           4
               (0.0000000000000000,0.0000000000000000)
  -1.5707963267948966        0.0000000000000000     
        (0.99999999999999833,5.55111512312578467E-016)
   0.0000000000000000        0.0000000000000000     
               (1.8063957103367503,0.0000000000000000)
   1.5707963267948966        0.0000000000000000     
       (0.99999999999999833,-5.55111512312578467E-016)
   3.1415926535897931        0.0000000000000000     
        (0.19360428966325371,3.82918986352496714E-031)
   1.0000000000000000                1           4
               (0.0000000000000000,0.0000000000000000)
  -1.5707963267948966        0.0000000000000000     
       (0.99999999999999845,-1.11022302462515432E-016)
   0.0000000000000000        0.0000000000000000     
               (1.7932668857650254,0.0000000000000000)
   1.5707963267948966        0.0000000000000000     
        (0.99999999999999845,1.11022302462515432E-016)
   3.1415926535897931        0.0000000000000000     
        (0.20673311423497875,4.44887810401310797E-031)
   1.0000000000000000                1           4
               (0.0000000000000000,0.0000000000000000)
  -1.5707963267948966        0.0000000000000000     
        (0.99999999999999856,2.77555756156289332E-016)
   0.0000000000000000        0.0000000000000000     
               (1.7880424235869437,0.0000000000000000)
   1.5707963267948966        0.0000000000000000     
       (0.99999999999999856,-2.77555756156289332E-016)
   3.1415926535897931        0.0000000000000000     
        (0.21195757641306021,3.78215133729731345E-031)
   1.0000000000000000                1           4
               (0.0000000000000000,0.0000000000000000)
  -1.5707963267948966        0.0000000000000000     
        (0.99999999999999867,2.22044604925031505E-016)
   0.0000000000000000        0.0000000000000000     
               (1.7879927544867933,0.0000000000000000)
   1.5707963267948966        0.0000000000000000     
       (0.99999999999999867,-2.22044604925031505E-016)
   3.1415926535897931        0.0000000000000000     
        (0.21200724551321029,3.51250856491827261E-031)
   1.0000000000000000                1           4
               (0.0000000000000000,0.0000000000000000)
  -1.5707963267948966        0.0000000000000000     
        (0.99999999999999878,1.11022302462515827E-016)
   0.0000000000000000        0.0000000000000000     
               (1.7799485929107348,0.0000000000000000)
   1.5707963267948966        0.0000000000000000     
       (0.99999999999999878,-1.11022302462515827E-016)
   3.1415926535897931        0.0000000000000000     
        (0.22005140708926862,3.52067095525543688E-031)
   1.0000000000000000                1           4
               (0.0000000000000000,0.0000000000000000)
  -1.5707963267948966        0.0000000000000000     
        (0.99999999999999867,2.22044604925031505E-016)
   0.0000000000000000        0.0000000000000000     
               (1.8060701736170974,0.0000000000000000)
   1.5707963267948966        0.0000000000000000     
       (0.99999999999999867,-2.22044604925031505E-016)
   3.1415926535897931        0.0000000000000000     
        (0.19392982638290621,3.55060155972071559E-031)
   1.0000000000000000                1           4
               (0.0000000000000000,0.0000000000000000)
  -1.5707963267948966        0.0000000000000000     
        (0.99999999999999856,5.55111512312580366E-017)
   0.0000000000000000        0.0000000000000000     
               (1.7898506115677912,0.0000000000000000)
   1.5707963267948966        0.0000000000000000     
       (0.99999999999999856,-5.55111512312580366E-017)
   3.1415926535897931        0.0000000000000000     
        (0.21014938843221262,4.07740426282394536E-031)
   1.0000000000000000                1           4
               (0.0000000000000000,0.0000000000000000)
  -1.5707963267948966        0.0000000000000000     
        (0.99999999999999845,8.32667268468867603E-016)
   0.0000000000000000        0.0000000000000000     
               (1.7799338959592679,0.0000000000000000)
   1.5707963267948966        0.0000000000000000     
       (0.99999999999999845,-8.32667268468867603E-016)
   3.1415926535897931        0.0000000000000000     
        (0.22006610404073598,3.25984555776719891E-031)
   1.0000000000000000                1           4
               (0.0000000000000000,0.0000000000000000)
  -1.5707963267948966        0.0000000000000000     
       (0.99999999999999878,-6.10622663543835900E-016)
   0.0000000000000000        0.0000000000000000     
               (1.7857233189987012,0.0000000000000000)
   1.5707963267948966        0.0000000000000000     
        (0.99999999999999878,6.10622663543835900E-016)
   3.1415926535897931        0.0000000000000000     
        (0.21427668100130223,4.36753401793847757E-031)
   1.0000000000000000                1           4
               (0.0000000000000000,0.0000000000000000)
  -1.5707963267948966        0.0000000000000000     
        (0.99999999999999867,1.11022302462515851E-016)
   0.0000000000000000        0.0000000000000000     
               (1.7948700358690641,0.0000000000000000)
   1.5707963267948966        0.0000000000000000     
       (0.99999999999999867,-1.11022302462515851E-016)
   3.1415926535897931        0.0000000000000000     
        (0.20512996413093956,3.72345215366816979E-031)
   1.0000000000000000                1           4
               (0.0000000000000000,0.0000000000000000)
  -1.5707963267948966        0.0000000000000000     
        (0.99999999999999845,2.77555756156289382E-016)
   0.0000000000000000        0.0000000000000000     
               (1.7892815451338600,0.0000000000000000)
   1.5707963267948966        0.0000000000000000     
       (0.99999999999999845,-2.77555756156289382E-016)
   3.1415926535897931        0.0000000000000000     
        (0.21071845486614402,4.08194026207193733E-031)
   1.0000000000000000                1           4
               (0.0000000000000000,0.0000000000000000)
  -1.5707963267948966        0.0000000000000000     
       (0.99999999999999889,-2.77555756156288987E-016)
   0.0000000000000000        0.0000000000000000     
               (1.8017157688320795,0.0000000000000000)
   1.5707963267948966        0.0000000000000000     
        (0.99999999999999889,2.77555756156288987E-016)
   3.1415926535897931        0.0000000000000000     
        (0.19828423116792368,3.51038962718414848E-031)
   1.0000000000000000                1           4
               (0.0000000000000000,0.0000000000000000)
  -1.5707963267948966        0.0000000000000000     
       (0.99999999999999845,-9.99200722162640689E-016)
   0.0000000000000000        0.0000000000000000     
               (1.7794449231120621,0.0000000000000000)
   1.5707963267948966        0.0000000000000000     
        (0.99999999999999845,9.99200722162640689E-016)
   3.1415926535897931        0.0000000000000000     
        (0.22055507688794179,5.58405577451603222E-031)
   1.0000000000000000                1           4
               (0.0000000000000000,0.0000000000000000)
  -1.5707963267948966        0.0000000000000000     
        (0.99999999999999889,3.88578058618804937E-016)
   0.0000000000000000        0.0000000000000000     
               (1.7769971515713958,0.0000000000000000)
   1.5707963267948966        0.0000000000000000     
       (0.99999999999999889,-3.88578058618804937E-016)
   3.1415926535897931        0.0000000000000000     
        (0.22300284842860735,2.87624092993848220E-031)
   1.0000000000000000                1           4
               (0.0000000000000000,0.0000000000000000)
  -1.5707963267948966        0.0000000000000000     
        (0.99999999999999878,2.22044604925031505E-016)
   0.0000000000000000        0.0000000000000000     
               (1.7731368647799013,0.0000000000000000)
   1.5707963267948966        0.0000000000000000     
       (0.99999999999999878,-2.22044604925031505E-016)
   3.1415926535897931        0.0000000000000000     
        (0.22686313522010215,3.42003576133811990E-031)
   1.0000000000000000                1           4
               (0.0000000000000000,0.0000000000000000)
  -1.5707963267948966        0.0000000000000000     
       (0.99999999999999889,-4.99600361081320246E-016)
   0.0000000000000000        0.0000000000000000     
               (1.7891290739657291,0.0000000000000000)
   1.5707963267948966        0.0000000000000000     
        (0.99999999999999889,4.99600361081320246E-016)
   3.1415926535897931        0.0000000000000000     
        (0.21087092603427413,3.95413182248808399E-031)
   1.0000000000000000                1           4
               (0.0000000000000000,0.0000000000000000)
  -1.5707963267948966        0.0000000000000000     
        (0.99999999999999856,6.10622663543836294E-016)
   0.0000000000000000        0.0000000000000000     
               (1.7992765782758382,0.0000000000000000)
   1.5707963267948966        0.0000000000000000     
       (0.99999999999999856,-6.10622663543836294E-016)
   3.1415926535897931        0.0000000000000000     
        (0.20072342172416582,3.41402721955946155E-031)
   1.0000000000000000                1           4
               (0.0000000000000000,0.0000000000000000)
  -1.5707963267948966        0.0000000000000000     
        (0.99999999999999845,6.66133814775094121E-016)
   0.0000000000000000        0.0000000000000000     
               (1.7999157871030560,0.0000000000000000)
   1.5707963267948966        0.0000000000000000     
       (0.99999999999999845,-6.66133814775094121E-016)
   3.1415926535897931        0.0000000000000000     
        (0.20008421289694803,3.58492292385579541E-031)
   1.0000000000000000                1           4
               (0.0000000000000000,0.0000000000000000)
  -1.5707963267948966        0.0000000000000000     
        (0.99999999999999822,3.33066907387547159E-016)
   0.0000000000000000        0.0000000000000000     
               (1.7925537171942256,0.0000000000000000)
   1.5707963267948966        0.0000000000000000     
       (0.99999999999999822,-3.33066907387547159E-016)
   3.1415926535897931        0.0000000000000000     
        (0.20744628280577793,3.81190210828350654E-031)
   1.0000000000000000                1           4
               (0.0000000000000000,0.0000000000000000)
  -1.5707963267948966        0.0000000000000000     
        (0.99999999999999856,2.77555756156289332E-016)
   0.0000000000000000        0.0000000000000000     
               (1.7958368876495978,0.0000000000000000)
   1.5707963267948966        0.0000000000000000     
       (0.99999999999999856,-2.77555756156289332E-016)
   3.1415926535897931        0.0000000000000000     
        (0.20416311235040580,3.76347414411901147E-031)
   1.0000000000000000                1           4
               (0.0000000000000000,0.0000000000000000)
  -1.5707963267948966        0.0000000000000000     
       (0.99999999999999867,-4.99600361081320246E-016)
   0.0000000000000000        0.0000000000000000     
               (1.7880828156081632,0.0000000000000000)
   1.5707963267948966        0.0000000000000000     
        (0.99999999999999867,4.99600361081320246E-016)
   3.1415926535897931        0.0000000000000000     
        (0.21191718439184043,4.45229057348859526E-031)
   1.0000000000000000                1           4
               (0.0000000000000000,0.0000000000000000)
  -1.5707963267948966        0.0000000000000000     
        (0.99999999999999811,1.11022302462515901E-016)
   0.0000000000000000        0.0000000000000000     
               (1.7885962949187795,0.0000000000000000)
   1.5707963267948966        0.0000000000000000     
       (0.99999999999999811,-1.11022302462515901E-016)
   3.1415926535897931        0.0000000000000000     
        (0.21140370508122458,4.62848775850451127E-031)
   1.0000000000000000                1           4
               (0.0000000000000000,0.0000000000000000)
  -1.5707963267948966        0.0000000000000000     
       (0.99999999999999845,-9.99200722162640689E-016)
   0.0000000000000000        0.0000000000000000     
               (1.7948843428252119,0.0000000000000000)
   1.5707963267948966        0.0000000000000000     
        (0.99999999999999845,9.99200722162640689E-016)
   3.1415926535897931        0.0000000000000000     
        (0.20511565717479197,5.57491049187471946E-031)
   1.0000000000000000                1           4
               (0.0000000000000000,0.0000000000000000)
  -1.5707963267948966        0.0000000000000000     
       (0.99999999999999867,-4.99600361081320246E-016)
   0.0000000000000000        0.0000000000000000     
               (1.7878068226283215,0.0000000000000000)
   1.5707963267948966        0.0000000000000000     
        (0.99999999999999867,4.99600361081320246E-016)
   3.1415926535897931        0.0000000000000000     
        (0.21219317737168203,4.52699378991913812E-031)
   1.0000000000000000                1           4
               (0.0000000000000000,0.0000000000000000)
  -1.5707963267948966        0.0000000000000000     
       (0.99999999999999867,-3.33066907387546765E-016)
   0.0000000000000000        0.0000000000000000     
               (1.7846841174346428,0.0000000000000000)
   1.5707963267948966        0.0000000000000000     
        (0.99999999999999867,3.33066907387546765E-016)
   3.1415926535897931        0.0000000000000000     
        (0.21531588256536061,4.07188721177082379E-031)
   1.0000000000000000                1           4
               (0.0000000000000000,0.0000000000000000)
  -1.5707963267948966        0.0000000000000000     
       (0.99999999999999856,-7.77156117237609381E-016)
   0.0000000000000000        0.0000000000000000     
               (1.8027473541706056,0.0000000000000000)
   1.5707963267948966        0.0000000000000000     
        (0.99999999999999856,7.77156117237609381E-016)
   3.1415926535897931        0.0000000000000000     
        (0.19725264582939789,4.88638823325528169E-031)
   1.0000000000000000                1           4
               (0.0000000000000000,0.0000000000000000)
  -1.5707963267948966        0.0000000000000000     
       (0.99999999999999845,-2.22044604925031086E-016)
   0.0000000000000000        0.0000000000000000     
               (1.7954193858321132,0.0000000000000000)
   1.5707963267948966        0.0000000000000000     
        (0.99999999999999845,2.22044604925031086E-016)
   3.1415926535897931        0.0000000000000000     
        (0.20458061416789100,4.68318709171619582E-031)
   1.0000000000000000                1           4
               (0.0000000000000000,0.0000000000000000)
  -1.5707963267948966        0.0000000000000000     
       (0.99999999999999833,-6.66133814775093727E-016)
   0.0000000000000000        0.0000000000000000     
               (1.8001740481540200,0.0000000000000000)
   1.5707963267948966        0.0000000000000000     
        (0.99999999999999833,6.66133814775093727E-016)
   3.1415926535897931        0.0000000000000000     
        (0.19982595184598409,5.32815045236189339E-031)
   1.0000000000000000                1           4
               (0.0000000000000000,0.0000000000000000)
  -1.5707963267948966        0.0000000000000000     
       (0.99999999999999867,-3.88578058618804592E-016)
   0.0000000000000000        0.0000000000000000     
               (1.7935163359877466,0.0000000000000000)
   1.5707963267948966        0.0000000000000000     
        (0.99999999999999867,3.88578058618804592E-016)
   3.1415926535897931        0.0000000000000000     
        (0.20648366401225701,4.22138622170936093E-031)
   1.0000000000000000                1           4
               (0.0000000000000000,0.0000000000000000)
  -1.5707963267948966        0.0000000000000000     
        (0.99999999999999845,4.44089209850062813E-016)
   0.0000000000000000        0.0000000000000000     
               (1.7952772414880909,0.0000000000000000)
   1.5707963267948966        0.0000000000000000     
       (0.99999999999999845,-4.44089209850062813E-016)
   3.1415926535897931        0.0000000000000000     
        (0.20472275851191313,3.83059321042355634E-031)
   1.0000000000000000                1           4
               (0.0000000000000000,0.0000000000000000)
  -1.5707963267948966        0.0000000000000000     
       (0.99999999999999867,-1.66533453693773284E-016)
   0.0000000000000000        0.0000000000000000     
               (1.7982622740956453,0.0000000000000000)
   1.5707963267948966        0.0000000000000000     
        (0.99999999999999867,1.66533453693773284E-016)
   3.1415926535897931        0.0000000000000000     
        (0.20173772590435818,4.05109620900926712E-031)
   1.0000000000000000                1           4
               (0.0000000000000000,0.0000000000000000)
  -1.5707963267948966        0.0000000000000000     
        (0.99999999999999856,7.77156117237609776E-016)
   0.0000000000000000        0.0000000000000000     
               (1.7904349488725848,0.0000000000000000)
   1.5707963267948966        0.0000000000000000     
       (0.99999999999999856,-7.77156117237609776E-016)
   3.1415926535897931        0.0000000000000000     
        (0.20956505112741891,3.14089023229010326E-031)
   1.0000000000000000                1           4
               (0.0000000000000000,0.0000000000000000)
  -1.5707963267948966        0.0000000000000000     
       (0.99999999999999878,-7.21644966006351554E-016)
   0.0000000000000000        0.0000000000000000     
               (1.7689818914975945,0.0000000000000000)
   1.5707963267948966        0.0000000000000000     
        (0.99999999999999878,7.21644966006351554E-016)
   3.1415926535897931        0.0000000000000000     
        (0.23101810850240848,4.33830951993213139E-031)
   1.0000000000000000                1           4
               (0.0000000000000000,0.0000000000000000)
  -1.5707963267948966        0.0000000000000000     
        (0.99999999999999878,2.22044604925031505E-016)
   0.0000000000000000        0.0000000000000000     
               (1.7881655745822782,0.0000000000000000)
   1.5707963267948966        0.0000000000000000     
       (0.99999999999999878,-2.22044604925031505E-016)
   3.1415926535897931        0.0000000000000000     
        (0.21183442541772526,3.26654603560720817E-031)
   1.0000000000000000                1           4
               (0.0000000000000000,0.0000000000000000)
  -1.5707963267948966        0.0000000000000000     
        (0.99999999999999856,4.44089209850062813E-016)
   0.0000000000000000        0.0000000000000000     
               (1.7926292096948135,0.0000000000000000)
   1.5707963267948966        0.0000000000000000     
       (0.99999999999999856,-4.44089209850062813E-016)
   3.1415926535897931        0.0000000000000000     
        (0.20737079030519034,3.58624262805562595E-031)
   1.0000000000000000                1           4
               (0.0000000000000000,0.0000000000000000)
  -1.5707963267948966        0.0000000000000000     
        (0.99999999999999856,1.98282567198621777E-031)
   0.0000000000000000        0.0000000000000000     
               (1.7931142262441735,0.0000000000000000)
   1.5707963267948966        0.0000000000000000     
       (0.99999999999999856,-1.98282567198621777E-031)
   3.1415926535897931        0.0000000000000000     
        (0.20688577375583012,3.96565134397243555E-031)
   1.0000000000000000                1           4
               (0.0000000000000000,0.0000000000000000)
  -1.5707963267948966        0.0000000000000000     
        (0.99999999999999867,1.91451405103573918E-031)
   0.0000000000000000        0.0000000000000000     
               (1.7815109678440189,0.0000000000000000)
   1.5707963267948966        0.0000000000000000     
       (0.99999999999999867,-1.91451405103573918E-031)
   3.1415926535897931        0.0000000000000000     
        (0.21848903215598470,3.82902810207147836E-031)
   1.0000000000000000                1           4
               (0.0000000000000000,0.0000000000000000)
  -1.5707963267948966        0.0000000000000000     
       (0.99999999999999878,-1.13797860024078545E-014)
   0.0000000000000000        0.0000000000000000     
               (1.7956391719266900,0.0000000000000000)
   1.5707963267948966        0.0000000000000000     
        (0.99999999999999878,1.13797860024078545E-014)
   3.1415926535897931        0.0000000000000000     
        (0.20436082807331352,1.76521019317949433E-030)
   1.0000000000000000                1           4
               (0.0000000000000000,0.0000000000000000)
  -1.5707963267948966        0.0000000000000000     
       (0.99999999999999878,-2.22044604925031136E-016)
   0.0000000000000000        0.0000000000000000     
               (1.7892677637274330,0.0000000000000000)
   1.5707963267948966        0.0000000000000000     
        (0.99999999999999878,2.22044604925031136E-016)
   3.1415926535897931        0.0000000000000000     
        (0.21073223627257040,3.78932342665566581E-031)
   1.0000000000000000                1           4
               (0.0000000000000000,0.0000000000000000)
  -1.5707963267948966        0.0000000000000000     
        (0.99999999999999845,6.66133814775094121E-016)
   0.0000000000000000        0.0000000000000000     
               (1.7896878028136762,0.0000000000000000)
   1.5707963267948966        0.0000000000000000     
       (0.99999999999999845,-6.66133814775094121E-016)
   3.1415926535897931        0.0000000000000000     
        (0.21031219718632777,3.37919502972568663E-031)
   1.0000000000000000                1           4
               (0.0000000000000000,0.0000000000000000)
  -1.5707963267948966        0.0000000000000000     
       (0.99999999999999867,-3.33066907387546765E-016)
   0.0000000000000000        0.0000000000000000     
               (1.7989751635776254,0.0000000000000000)
   1.5707963267948966        0.0000000000000000     
        (0.99999999999999867,3.33066907387546765E-016)
   3.1415926535897931        0.0000000000000000     
        (0.20102483642237820,4.15154598065526866E-031)
   1.0000000000000000                1           4
               (0.0000000000000000,0.0000000000000000)
  -1.5707963267948966        0.0000000000000000     
        (0.99999999999999878,7.21644966006351948E-016)
   0.0000000000000000        0.0000000000000000     
               (1.7913346525390601,0.0000000000000000)
   1.5707963267948966        0.0000000000000000     
       (0.99999999999999878,-7.21644966006351948E-016)
   3.1415926535897931        0.0000000000000000     
        (0.20866534746094306,2.67115704719547966E-031)
   1.0000000000000000                1           4
               (0.0000000000000000,0.0000000000000000)
  -1.5707963267948966        0.0000000000000000     
       (0.99999999999999856,-5.55111512312578073E-016)
   0.0000000000000000        0.0000000000000000     
               (1.7958525187740988,0.0000000000000000)
   1.5707963267948966        0.0000000000000000     
        (0.99999999999999856,5.55111512312578073E-016)
   3.1415926535897931        0.0000000000000000     
        (0.20414748122590501,4.84121712102985656E-031)
   1.0000000000000000                1           4
               (0.0000000000000000,0.0000000000000000)
  -1.5707963267948966        0.0000000000000000     
       (0.99999999999999867,-2.22044604925031136E-016)
   0.0000000000000000        0.0000000000000000     
               (1.7951451218137511,0.0000000000000000)
   1.5707963267948966        0.0000000000000000     
        (0.99999999999999867,2.22044604925031136E-016)
   3.1415926535897931        0.0000000000000000     
        (0.20485487818625242,3.99263275809960739E-031)
   1.0000000000000000                1           4
               (0.0000000000000000,0.0000000000000000)
  -1.5707963267948966        0.0000000000000000     
        (0.99999999999999856,8.32667268468867603E-016)
   0.0000000000000000        0.0000000000000000     
               (1.8027371878599077,0.0000000000000000)
   1.5707963267948966        0.0000000000000000     
       (0.99999999999999856,-8.32667268468867603E-016)
   3.1415926535897931        0.0000000000000000     
        (0.19726281214009597,2.96528520010585704E-031)
   1.0000000000000000                1           4
               (0.0000000000000000,0.0000000000000000)
  -1.5707963267948966        0.0000000000000000     
        (0.99999999999999822,1.11022302462515901E-016)
   0.0000000000000000        0.0000000000000000     
               (1.7923513058326008,0.0000000000000000)
   1.5707963267948966        0.0000000000000000     
       (0.99999999999999822,-1.11022302462515901E-016)
   3.1415926535897931        0.0000000000000000     
        (0.20764869416740367,4.58736464663830551E-031)
   1.0000000000000000                1           4
               (0.0000000000000000,0.0000000000000000)
  -1.5707963267948966        0.0000000000000000     
       (0.99999999999999856,-1.11022302462515445E-016)
   0.0000000000000000        0.0000000000000000     
               (1.7911019762153164,0.0000000000000000)
   1.5707963267948966        0.0000000000000000     
        (0.99999999999999856,1.11022302462515445E-016)
   3.1415926535897931        0.0000000000000000     
        (0.20889802378468714,4.19553618622505436E-031)
   1.0000000000000000                1           4
               (0.0000000000000000,0.0000000000000000)
  -1.5707963267948966        0.0000000000000000     
        (0.99999999999999856,6.10622663543836294E-016)
   0.0000000000000000        0.0000000000000000     
               (1.7980444708827017,0.0000000000000000)
   1.5707963267948966        0.0000000000000000     
       (0.99999999999999856,-6.10622663543836294E-016)
   3.1415926535897931        0.0000000000000000     
        (0.20195552911730200,3.23956421298604131E-031)
   1.0000000000000000                1           4
               (0.0000000000000000,0.0000000000000000)
  -1.5707963267948966        0.0000000000000000     
        (0.99999999999999867,2.77555756156289332E-016)
   0.0000000000000000        0.0000000000000000     
               (1.7854397051280946,0.0000000000000000)
   1.5707963267948966        0.0000000000000000     
       (0.99999999999999867,-2.77555756156289332E-016)
   3.1415926535897931        0.0000000000000000     
        (0.21456029487190881,3.32314305349523991E-031)
   1.0000000000000000                1           4
               (0.0000000000000000,0.0000000000000000)
  -1.5707963267948966        0.0000000000000000     
       (0.99999999999999833,-2.22044604925031111E-016)
   0.0000000000000000        0.0000000000000000     
               (1.7941867984940625,0.0000000000000000)
   1.5707963267948966        0.0000000000000000     
        (0.99999999999999833,2.22044604925031111E-016)
   3.1415926535897931        0.0000000000000000     
        (0.20581320150594068,4.20923954082691871E-031)
   1.0000000000000000                1           4
               (0.0000000000000000,0.0000000000000000)
  -1.5707963267948966        0.0000000000000000     
       (0.99999999999999889,-3.33066907387546814E-016)
   0.0000000000000000        0.0000000000000000     
               (1.7879510602938238,0.0000000000000000)
   1.5707963267948966        0.0000000000000000     
        (0.99999999999999889,3.33066907387546814E-016)
   3.1415926535897931        0.0000000000000000     
        (0.21204893970617927,3.81187949470058094E-031)
   1.0000000000000000                1           4
               (0.0000000000000000,0.0000000000000000)
  -1.5707963267948966        0.0000000000000000     
        (0.99999999999999867,1.94023800773061247E-031)
   0.0000000000000000        0.0000000000000000     
               (1.7915988435938752,0.0000000000000000)
   1.5707963267948966        0.0000000000000000     
       (0.99999999999999867,-1.94023800773061247E-031)
   3.1415926535897931        0.0000000000000000     
        (0.20840115640612836,3.88047601546122494E-031)
   1.0000000000000000                1           4
               (0.0000000000000000,0.0000000000000000)
  -1.5707963267948966        0.0000000000000000     
        (0.99999999999999878,6.66133814775094121E-016)
   0.0000000000000000        0.0000000000000000     
               (1.8017589267970993,0.0000000000000000)
   1.5707963267948966        0.0000000000000000     
       (0.99999999999999878,-6.66133814775094121E-016)
   3.1415926535897931        0.0000000000000000     
        (0.19824107320290418,2.75424364362755796E-031)
   1.0000000000000000                1           4
               (0.0000000000000000,0.0000000000000000)
  -1.5707963267948966        0.0000000000000000     
        (0.99999999999999856,8.32667268468867603E-016)
   0.0000000000000000        0.0000000000000000     
               (1.7909387133047647,0.0000000000000000)
   1.5707963267948966        0.0000000000000000     
       (0.99999999999999856,-8.32667268468867603E-016)
   3.1415926535897931        0.0000000000000000     
        (0.20906128669523874,3.05583317288810818E-031)
   1.0000000000000000                1           4
               (0.0000000000000000,0.0000000000000000)
  -1.5707963267948966        0.0000000000000000     
        (0.99999999999999889,3.33066907387547110E-016)
   0.0000000000000000        0.0000000000000000     
               (1.7888740142751685,0.0000000000000000)
   1.5707963267948966        0.0000000000000000     
       (0.99999999999999889,-3.33066907387547110E-016)
   3.1415926535897931        0.0000000000000000     
        (0.21112598572483449,2.72145718406167322E-031)
   1.0000000000000000                1           4
               (0.0000000000000000,0.0000000000000000)
  -1.5707963267948966        0.0000000000000000     
        (0.99999999999999845,2.14178439497445988E-031)
   0.0000000000000000        0.0000000000000000     
               (1.7924789036281998,0.0000000000000000)
   1.5707963267948966        0.0000000000000000     
       (0.99999999999999845,-2.14178439497445988E-031)
   3.1415926535897931        0.0000000000000000     
        (0.20752109637180413,4.28356878994891977E-031)
   1.0000000000000000                1           4
               (0.0000000000000000,0.0000000000000000)
  -1.5707963267948966        0.0000000000000000     
        (0.99999999999999889,6.66133814775094121E-016)
   0.0000000000000000        0.0000000000000000     
               (1.7993614610664626,0.0000000000000000)
   1.5707963267948966        0.0000000000000000     
       (0.99999999999999889,-6.66133814775094121E-016)
   3.1415926535897931        0.0000000000000000     
        (0.20063853893354058,2.54141034102324722E-031)
   1.0000000000000000                1           4
               (0.0000000000000000,0.0000000000000000)
  -1.5707963267948966        0.0000000000000000     
        (0.99999999999999867,1.11022302462515674E-015)
   0.0000000000000000        0.0000000000000000     
               (1.7897238458854325,0.0000000000000000)
   1.5707963267948966        0.0000000000000000     
       (0.99999999999999867,-1.11022302462515674E-015)
   3.1415926535897931        0.0000000000000000     
        (0.21027615411457098,2.51352067374471729E-031)
   1.0000000000000000                1           4
               (0.0000000000000000,0.0000000000000000)
  -1.5707963267948966        0.0000000000000000     
       (0.99999999999999856,-2.22044604925031111E-016)
   0.0000000000000000        0.0000000000000000     
               (1.7824177921338071,0.0000000000000000)
   1.5707963267948966        0.0000000000000000     
        (0.99999999999999856,2.22044604925031111E-016)
   3.1415926535897931        0.0000000000000000     
        (0.21758220786619681,4.40031070667080184E-031)
   1.0000000000000000                1           4
               (0.0000000000000000,0.0000000000000000)
  -1.5707963267948966        0.0000000000000000     
       (0.99999999999999856,-2.77555756156288938E-016)
   0.0000000000000000        0.0000000000000000     
               (1.7986755209273093,0.0000000000000000)
   1.5707963267948966        0.0000000000000000     
        (0.99999999999999856,2.77555756156288938E-016)
   3.1415926535897931        0.0000000000000000     
        (0.20132447907269435,4.36292309682495362E-031)
   1.0000000000000000                1           4
               (0.0000000000000000,0.0000000000000000)
  -1.5707963267948966        0.0000000000000000     
        (0.99999999999999856,1.22124532708767239E-015)
   0.0000000000000000        0.0000000000000000     
               (1.8002267681144433,0.0000000000000000)
   1.5707963267948966        0.0000000000000000     
       (0.99999999999999856,-1.22124532708767239E-015)
   3.1415926535897931        0.0000000000000000     
        (0.19977323188556023,2.48232104776799207E-031)
   1.0000000000000000                1           4
               (0.0000000000000000,0.0000000000000000)
  -1.5707963267948966        0.0000000000000000     
        (0.99999999999999856,1.11022302462515851E-016)
   0.0000000000000000        0.0000000000000000     
               (1.7857225480943040,0.0000000000000000)
   1.5707963267948966        0.0000000000000000     
       (0.99999999999999856,-1.11022302462515851E-016)
   3.1415926535897931        0.0000000000000000     
        (0.21427745190569983,3.99338099602263587E-031)
   1.0000000000000000                1           4
               (0.0000000000000000,0.0000000000000000)
  -1.5707963267948966        0.0000000000000000     
        (0.99999999999999856,4.99600361081320640E-016)
   0.0000000000000000        0.0000000000000000     
               (1.7976369773935297,0.0000000000000000)
   1.5707963267948966        0.0000000000000000     
       (0.99999999999999856,-4.99600361081320640E-016)
   3.1415926535897931        0.0000000000000000     
        (0.20236302260647418,3.52826026074400533E-031)
   1.0000000000000000                1           4
               (0.0000000000000000,0.0000000000000000)
  -1.5707963267948966        0.0000000000000000     
       (0.99999999999999867,-5.55111512312576298E-017)
   0.0000000000000000        0.0000000000000000     
               (1.8007992428879600,0.0000000000000000)
   1.5707963267948966        0.0000000000000000     
        (0.99999999999999867,5.55111512312576298E-017)
   3.1415926535897931        0.0000000000000000     
        (0.19920075711204366,4.00402018746717468E-031)
   1.0000000000000000                1           4
               (0.0000000000000000,0.0000000000000000)
  -1.5707963267948966        0.0000000000000000     
        (0.99999999999999867,1.66533453693773678E-016)
   0.0000000000000000        0.0000000000000000     
               (1.7813941831721956,0.0000000000000000)
   1.5707963267948966        0.0000000000000000     
       (0.99999999999999867,-1.66533453693773678E-016)
   3.1415926535897931        0.0000000000000000     
        (0.21860581682780811,3.56469339941871936E-031)
   1.0000000000000000                1           4
               (0.0000000000000000,0.0000000000000000)
  -1.5707963267948966        0.0000000000000000     
        (0.99999999999999867,7.21644966006351948E-016)
   0.0000000000000000        0.0000000000000000     
               (1.7904092026867737,0.0000000000000000)
   1.5707963267948966        0.0000000000000000     
       (0.99999999999999867,-7.21644966006351948E-016)
   3.1415926535897931        0.0000000000000000     
        (0.20959079731322999,2.93954365658951840E-031)
   1.0000000000000000                1           4
               (0.0000000000000000,0.0000000000000000)
  -1.5707963267948966        0.0000000000000000     
       (0.99999999999999889,-4.99600361081320246E-016)
   0.0000000000000000        0.0000000000000000     
               (1.7792683624015113,0.0000000000000000)
   1.5707963267948966        0.0000000000000000     
        (0.99999999999999889,4.99600361081320246E-016)
   3.1415926535897931        0.0000000000000000     
        (0.22073163759849182,3.92689233008945264E-031)
   1.0000000000000000                1           4
               (0.0000000000000000,0.0000000000000000)
  -1.5707963267948966        0.0000000000000000     
       (0.99999999999999845,-4.44089209850062419E-016)
   0.0000000000000000        0.0000000000000000     
               (1.8006251432798539,0.0000000000000000)
   1.5707963267948966        0.0000000000000000     
        (0.99999999999999845,4.44089209850062419E-016)
   3.1415926535897931        0.0000000000000000     
        (0.19937485672015007,4.78058778494820948E-031)
   1.0000000000000000                1           4
               (0.0000000000000000,0.0000000000000000)
  -1.5707963267948966        0.0000000000000000     
       (0.99999999999999856,-5.55111512312578073E-016)
   0.0000000000000000        0.0000000000000000     
               (1.8008492288865101,0.0000000000000000)
   1.5707963267948966        0.0000000000000000     
        (0.99999999999999856,5.55111512312578073E-016)
   3.1415926535897931        0.0000000000000000     
        (0.19915077111349372,4.86948862899563732E-031)
   1.0000000000000000                1           4
               (0.0000000000000000,0.0000000000000000)
  -1.5707963267948966        0.0000000000000000     
       (0.99999999999999878,-2.22044604925031136E-016)
   0.0000000000000000        0.0000000000000000     
               (1.7860622319328554,0.0000000000000000)
   1.5707963267948966        0.0000000000000000     
        (0.99999999999999878,2.22044604925031136E-016)
   3.1415926535897931        0.0000000000000000     
        (0.21393776806714757,3.72366690375889083E-031)
   1.0000000000000000                1           4
               (0.0000000000000000,0.0000000000000000)
  -1.5707963267948966        0.0000000000000000     
       (0.99999999999999878,-1.11022302462515469E-016)
   0.0000000000000000        0.0000000000000000     
               (1.7865315864668487,0.0000000000000000)
   1.5707963267948966        0.0000000000000000     
        (0.99999999999999878,1.11022302462515469E-016)
   3.1415926535897931        0.0000000000000000     
        (0.21346841353315468,3.73271648615290818E-031)
   1.0000000000000000                1           4
               (0.0000000000000000,0.0000000000000000)
  -1.5707963267948966        0.0000000000000000     
       (0.99999999999999856,-3.33066907387546765E-016)
   0.0000000000000000        0.0000000000000000     
               (1.7915283011050980,0.0000000000000000)
   1.5707963267948966        0.0000000000000000     
        (0.99999999999999856,3.33066907387546765E-016)
   3.1415926535897931        0.0000000000000000     
        (0.20847169889490555,4.43716390472165170E-031)
   1.0000000000000000                1           4
               (0.0000000000000000,0.0000000000000000)
  -1.5707963267948966        0.0000000000000000     
        (0.99999999999999900,7.21644966006351948E-016)
   0.0000000000000000        0.0000000000000000     
               (1.7825841994206248,0.0000000000000000)
   1.5707963267948966        0.0000000000000000     
       (0.99999999999999900,-7.21644966006351948E-016)
   3.1415926535897931        0.0000000000000000     
        (0.21741580057937809,2.13500809828492654E-031)
   1.0000000000000000                1           4
               (0.0000000000000000,0.0000000000000000)
  -1.5707963267948966        0.0000000000000000     
       (0.99999999999999856,-1.16573417585641417E-015)
   0.0000000000000000        0.0000000000000000     
               (1.7923151937160196,0.0000000000000000)
   1.5707963267948966        0.0000000000000000     
        (0.99999999999999856,1.16573417585641417E-015)
   3.1415926535897931        0.0000000000000000     
        (0.20768480628398411,5.38160085362204650E-031)
   1.0000000000000000                1           4
               (0.0000000000000000,0.0000000000000000)
  -1.5707963267948966        0.0000000000000000     
        (0.99999999999999845,6.66133814775094121E-016)
   0.0000000000000000        0.0000000000000000     
               (1.8014085335689298,0.0000000000000000)
   1.5707963267948966        0.0000000000000000     
       (0.99999999999999845,-6.66133814775094121E-016)
   3.1415926535897931        0.0000000000000000     
        (0.19859146643107417,3.42810459482902386E-031)
   1.0000000000000000                1           4
               (0.0000000000000000,0.0000000000000000)
  -1.5707963267948966        0.0000000000000000     
        (0.99999999999999878,4.44089209850062813E-016)
   0.0000000000000000        0.0000000000000000     
               (1.7960964475654888,0.0000000000000000)
   1.5707963267948966        0.0000000000000000     
       (0.99999999999999878,-4.44089209850062813E-016)
   3.1415926535897931        0.0000000000000000     
        (0.20390355243451433,2.93978327630964848E-031)
   1.0000000000000000                1           4
               (0.0000000000000000,0.0000000000000000)
  -1.5707963267948966        0.0000000000000000     
        (0.99999999999999867,1.05471187339389891E-015)
   0.0000000000000000        0.0000000000000000     
               (1.7870945631184993,0.0000000000000000)
   1.5707963267948966        0.0000000000000000     
       (0.99999999999999867,-1.05471187339389891E-015)
   3.1415926535897931        0.0000000000000000     
        (0.21290543688150435,2.57704156976125332E-031)
   1.0000000000000000                1           4
               (0.0000000000000000,0.0000000000000000)
  -1.5707963267948966        0.0000000000000000     
       (0.99999999999999944,-7.77156117237609480E-016)
   0.0000000000000000        0.0000000000000000     
               (1.7685758659835749,0.0000000000000000)
   1.5707963267948966        0.0000000000000000     
        (0.99999999999999944,7.77156117237609480E-016)
   3.1415926535897931        0.0000000000000000     
        (0.23142413401642734,2.87197064609687258E-031)
   1.0000000000000000                1           4
               (0.0000000000000000,0.0000000000000000)
  -1.5707963267948966        0.0000000000000000     
        (0.99999999999999867,3.88578058618804986E-016)
   0.0000000000000000        0.0000000000000000     
               (1.7957267697173669,0.0000000000000000)
   1.5707963267948966        0.0000000000000000     
       (0.99999999999999867,-3.88578058618804986E-016)
   3.1415926535897931        0.0000000000000000     
        (0.20427323028263669,3.27008089121411789E-031)
   1.0000000000000000                1           4
               (0.0000000000000000,0.0000000000000000)
  -1.5707963267948966        0.0000000000000000     
        (0.99999999999999889,8.32667268468867603E-016)
   0.0000000000000000        0.0000000000000000     
               (1.7850414983710772,0.0000000000000000)
   1.5707963267948966        0.0000000000000000     
       (0.99999999999999889,-8.32667268468867603E-016)
   3.1415926535897931        0.0000000000000000     
        (0.21495850162892599,2.22411244981949467E-031)
   1.0000000000000000                1           4
               (0.0000000000000000,0.0000000000000000)
  -1.5707963267948966        0.0000000000000000     
        (0.99999999999999856,2.05312458428060041E-031)
   0.0000000000000000        0.0000000000000000     
               (1.7834364704386523,0.0000000000000000)
   1.5707963267948966        0.0000000000000000     
       (0.99999999999999856,-2.05312458428060041E-031)
   3.1415926535897931        0.0000000000000000     
        (0.21656352956135161,4.10624916856120082E-031)
   1.0000000000000000                1           4
               (0.0000000000000000,0.0000000000000000)
  -1.5707963267948966        0.0000000000000000     
       (0.99999999999999856,-3.88578058618804592E-016)
   0.0000000000000000        0.0000000000000000     
               (1.7968788811516738,0.0000000000000000)
   1.5707963267948966        0.0000000000000000     
        (0.99999999999999856,3.88578058618804592E-016)
   3.1415926535897931        0.0000000000000000     
        (0.20312111884832981,4.49111976406971806E-031)
   1.0000000000000000                1           4
               (0.0000000000000000,0.0000000000000000)
  -1.5707963267948966        0.0000000000000000     
       (0.99999999999999867,-5.55111512312578073E-016)
   0.0000000000000000        0.0000000000000000     
               (1.7885303686791882,0.0000000000000000)
   1.5707963267948966        0.0000000000000000     
        (0.99999999999999867,5.55111512312578073E-016)
   3.1415926535897931        0.0000000000000000     
        (0.21146963132081520,4.48689373594483138E-031)
