           2               (1.2258395241775648,0.0000000000000000)   1.0000000000000000     
           2               (1.2410960088779823,0.0000000000000000)   1.0000000000000000     
           2               (1.2371223502607502,0.0000000000000000)   1.0000000000000000     
           2               (1.2594726741173130,0.0000000000000000)   1.0000000000000000     
           2               (1.2729628547578811,0.0000000000000000)   1.0000000000000000     
           2               (1.2286181877020985,0.0000000000000000)   1.0000000000000000     
           2               (1.2146880972753029,0.0000000000000000)   1.0000000000000000     
           2               (1.2216078921964466,0.0000000000000000)   1.0000000000000000     
           2               (1.2473399869085022,0.0000000000000000)   1.0000000000000000     
           2               (1.2352695545732348,0.0000000000000000)   1.0000000000000000     
           2               (1.2613455539998248,0.0000000000000000)   1.0000000000000000     
           2               (1.2544262801965653,0.0000000000000000)   1.0000000000000000     
           2               (1.2447295128128497,0.0000000000000000)   1.0000000000000000     
           2               (1.2529832407127801,0.0000000000000000)   1.0000000000000000     
           2               (1.2688324341024311,0.0000000000000000)   1.0000000000000000     
           2               (1.2258227053900577,0.0000000000000000)   1.0000000000000000     
           2               (1.2569313747362152,0.0000000000000000)   1.0000000000000000     
           2               (1.2674785505182340,0.0000000000000000)   1.0000000000000000     
           2               (1.2450689865766063,0.0000000000000000)   1.0000000000000000     
           2               (1.2314253844624015,0.0000000000000000)   1.0000000000000000     
           2               (1.2336551223718002,0.0000000000000000)   1.0000000000000000     
           2               (1.2206273207620828,0.0000000000000000)   1.0000000000000000     
           2               (1.2427451854686733,0.0000000000000000)   1.0000000000000000     
           2               (1.2518899247797304,0.0000000000000000)   1.0000000000000000     
           2               (1.2560647785227510,0.0000000000000000)   1.0000000000000000     
           2               (1.2574762947676523,0.0000000000000000)   1.0000000000000000     
           2               (1.2612136920729886,0.0000000000000000)   1.0000000000000000     
           2               (1.2336939050637490,0.0000000000000000)   1.0000000000000000     
           2               (1.2617947735649162,0.0000000000000000)   1.0000000000000000     
           2               (1.2328585589315346,0.0000000000000000)   1.0000000000000000     
           2               (1.2404770787167700,0.0000000000000000)   1.0000000000000000     
           2               (1.2278161863981123,0.0000000000000000)   1.0000000000000000     
           2               (1.2499365734379910,0.0000000000000000)   1.0000000000000000     
           2               (1.2324029028970829,0.0000000000000000)   1.0000000000000000     
           2               (1.2566871001830626,0.0000000000000000)   1.0000000000000000     
           2               (1.2406942814631594,0.0000000000000000)   1.0000000000000000     
           2               (1.2466187758307981,0.0000000000000000)   1.0000000000000000     
           2               (1.2629778320873362,0.0000000000000000)   1.0000000000000000     
           2               (1.2351990221298865,0.0000000000000000)   1.0000000000000000     
           2               (1.2130334705234078,0.0000000000000000)   1.0000000000000000     
           2               (1.2347861639857700,0.0000000000000000)   1.0000000000000000     
           2               (1.2377189064892204,0.0000000000000000)   1.0000000000000000     
           2               (1.2441726007567593,0.0000000000000000)   1.0000000000000000     
           2               (1.2928294308357688,0.0000000000000000)   1.0000000000000000     
           2               (1.2591452654289621,0.0000000000000000)   1.0000000000000000     
           2               (1.2468013850105411,0.0000000000000000)   1.0000000000000000     
           2               (1.2511588184008244,0.0000000000000000)   1.0000000000000000     
           2               (1.2511746172074010,0.0000000000000000)   1.0000000000000000     
           2               (1.2517361590496274,0.0000000000000000)   1.0000000000000000     
           2               (1.2509910510304405,0.0000000000000000)   1.0000000000000000     
           2               (1.2731718216499717,0.0000000000000000)   1.0000000000000000     
           2               (1.2434416454483244,0.0000000000000000)   1.0000000000000000     
           2               (1.2102444251984699,0.0000000000000000)   1.0000000000000000     
           2               (1.2349955171594300,0.0000000000000000)   1.0000000000000000     
           2               (1.2200919986473886,0.0000000000000000)   1.0000000000000000     
           2               (1.2373601716010179,0.0000000000000000)   1.0000000000000000     
           2               (1.2567409251921289,0.0000000000000000)   1.0000000000000000     
           2               (1.2452951990526346,0.0000000000000000)   1.0000000000000000     
           2               (1.2463249886911261,0.0000000000000000)   1.0000000000000000     
           2               (1.2474850798635830,0.0000000000000000)   1.0000000000000000     
           2               (1.2764040851919134,0.0000000000000000)   1.0000000000000000     
           2               (1.2657342937504812,0.0000000000000000)   1.0000000000000000     
           2               (1.2668615301732802,0.0000000000000000)   1.0000000000000000     
           2               (1.2681780694746319,0.0000000000000000)   1.0000000000000000     
           2               (1.2421821316461779,0.0000000000000000)   1.0000000000000000     
           2               (1.2474920211527307,0.0000000000000000)   1.0000000000000000     
           2               (1.2612241380002616,0.0000000000000000)   1.0000000000000000     
           2               (1.2917697679085418,0.0000000000000000)   1.0000000000000000     
           2               (1.2613531719885862,0.0000000000000000)   1.0000000000000000     
           2               (1.2255635899300847,0.0000000000000000)   1.0000000000000000     
           2               (1.2504434099094517,0.0000000000000000)   1.0000000000000000     
           2               (1.2388806050308110,0.0000000000000000)   1.0000000000000000     
           2               (1.3025799349689509,0.0000000000000000)   1.0000000000000000     
           2               (1.2215375988746942,0.0000000000000000)   1.0000000000000000     
           2               (1.2364807508457971,0.0000000000000000)   1.0000000000000000     
           2               (1.2501148879674462,0.0000000000000000)   1.0000000000000000     
           2               (1.2525595137287753,0.0000000000000000)   1.0000000000000000     
           2               (1.2212346666217264,0.0000000000000000)   1.0000000000000000     
           2               (1.2075629384488005,0.0000000000000000)   1.0000000000000000     
           2               (1.2277281487782898,0.0000000000000000)   1.0000000000000000     
           2               (1.2639168447614779,0.0000000000000000)   1.0000000000000000     
           2               (1.2351765439321385,0.0000000000000000)   1.0000000000000000     
           2               (1.2146963784204423,0.0000000000000000)   1.0000000000000000     
           2               (1.2416636588428247,0.0000000000000000)   1.0000000000000000     
           2               (1.2578391386548000,0.0000000000000000)   1.0000000000000000     
           2               (1.2388685731388900,0.0000000000000000)   1.0000000000000000     
           2               (1.2531318525090223,0.0000000000000000)   1.0000000000000000     
           2               (1.2424179015238179,0.0000000000000000)   1.0000000000000000     
           2               (1.2436281257010364,0.0000000000000000)   1.0000000000000000     
           2               (1.2441357577915195,0.0000000000000000)   1.0000000000000000     
           2               (1.2549630344162486,0.0000000000000000)   1.0000000000000000     
           2               (1.2622865122015510,0.0000000000000000)   1.0000000000000000     
           2               (1.2448323003712276,0.0000000000000000)   1.0000000000000000     
           2               (1.2531418594962467,0.0000000000000000)   1.0000000000000000     
           2               (1.2705544338529544,0.0000000000000000)   1.0000000000000000     
           2               (1.2499729040937793,0.0000000000000000)   1.0000000000000000     
           2               (1.2642784573377503,0.0000000000000000)   1.0000000000000000     
           2               (1.2369801539522405,0.0000000000000000)   1.0000000000000000     
           2               (1.2362682075791072,0.0000000000000000)   1.0000000000000000     
           2               (1.2259914196238535,0.0000000000000000)   1.0000000000000000     
           2               (1.2452124656975796,0.0000000000000000)   1.0000000000000000     
           2               (1.2194865656226892,0.0000000000000000)   1.0000000000000000     
           2               (1.2772611039185044,0.0000000000000000)   1.0000000000000000     
           2               (1.2320041034022982,0.0000000000000000)   1.0000000000000000     
           2               (1.2627749473955778,0.0000000000000000)   1.0000000000000000     
           2               (1.2324701110949077,0.0000000000000000)   1.0000000000000000     
           2               (1.2444814694236883,0.0000000000000000)   1.0000000000000000     
           2               (1.2578398005525335,0.0000000000000000)   1.0000000000000000     
           2               (1.2529499509038795,0.0000000000000000)   1.0000000000000000     
           2               (1.2304327917602600,0.0000000000000000)   1.0000000000000000     
           2               (1.2675249076979460,0.0000000000000000)   1.0000000000000000     
           2               (1.2707549946849785,0.0000000000000000)   1.0000000000000000     
           2               (1.1991650268388752,0.0000000000000000)   1.0000000000000000     
           2               (1.2253750643775816,0.0000000000000000)   1.0000000000000000     
           2               (1.2803990491036517,0.0000000000000000)   1.0000000000000000     
           2               (1.2429176389070971,0.0000000000000000)   1.0000000000000000     
           2               (1.2354129703926529,0.0000000000000000)   1.0000000000000000     
           2               (1.2592785084484395,0.0000000000000000)   1.0000000000000000     
           2               (1.2200409919979334,0.0000000000000000)   1.0000000000000000     
           2               (1.2393546639813435,0.0000000000000000)   1.0000000000000000     
           2               (1.2493234526088324,0.0000000000000000)   1.0000000000000000     
           2               (1.2465589272996409,0.0000000000000000)   1.0000000000000000     
           2               (1.2448610636359034,0.0000000000000000)   1.0000000000000000     
           2               (1.2349968076189468,0.0000000000000000)   1.0000000000000000     
           2               (1.2486345308923368,0.0000000000000000)   1.0000000000000000     
           2               (1.2297470688023455,0.0000000000000000)   1.0000000000000000     
           2               (1.1956418366406787,0.0000000000000000)   1.0000000000000000     
           2               (1.2738820009851162,0.0000000000000000)   1.0000000000000000     
           2               (1.2375119788060769,0.0000000000000000)   1.0000000000000000     
           2               (1.2674948605683929,0.0000000000000000)   1.0000000000000000     
           2               (1.2363842193494563,0.0000000000000000)   1.0000000000000000     
           2               (1.2315789653564406,0.0000000000000000)   1.0000000000000000     
           2               (1.2091471744300950,0.0000000000000000)   1.0000000000000000     
           2               (1.2396466114076368,0.0000000000000000)   1.0000000000000000     
           2               (1.2689919394250941,0.0000000000000000)   1.0000000000000000     
           2               (1.2564577449097654,0.0000000000000000)   1.0000000000000000     
           2               (1.2292206150559430,0.0000000000000000)   1.0000000000000000     
           2               (1.2287768206553882,0.0000000000000000)   1.0000000000000000     
           2               (1.2381223448787919,0.0000000000000000)   1.0000000000000000     
           2               (1.2348462520499801,0.0000000000000000)   1.0000000000000000     
           2               (1.2543925010398673,0.0000000000000000)   1.0000000000000000     
           2               (1.2486404462071063,0.0000000000000000)   1.0000000000000000     
           2               (1.2719835018373578,0.0000000000000000)   1.0000000000000000     
           2               (1.2481600417474072,0.0000000000000000)   1.0000000000000000     
           2               (1.2505340250190344,0.0000000000000000)   1.0000000000000000     
           2               (1.2528401677403174,0.0000000000000000)   1.0000000000000000     
           2               (1.2709143513029661,0.0000000000000000)   1.0000000000000000     
           2               (1.2392551329153643,0.0000000000000000)   1.0000000000000000     
           2               (1.2411372792163025,0.0000000000000000)   1.0000000000000000     
           2               (1.2415683035350382,0.0000000000000000)   1.0000000000000000     
