     0.0000000        0.25000000        0.00000002
     0.1000000        0.20081550        0.00241528
     0.2000000        0.16298193        0.00299617
     0.3000000        0.13344152        0.00284226
     0.4000000        0.10934113        0.00283385
     0.5000000        0.09525522        0.00304590
     0.6000000        0.08444960        0.00527718
     0.7000000        0.06996300        0.00284038
     0.8000000        0.06087749        0.00203544
     0.9000000        0.05514634        0.00255897
     1.0000000        0.04944091        0.00253175
     1.1000000        0.04617076        0.00242204
     1.2000000        0.04354833        0.00303426
     1.3000000        0.04261245        0.00402728
     1.4000000        0.03702695        0.00197675
     1.5000000        0.03691319        0.00293498
     1.6000000        0.03705842        0.00374747
     1.7000000        0.03739562        0.00403810
     1.8000000        0.03329154        0.00293848
     1.9000000        0.02980733        0.00230387
     2.0000000        0.03111450        0.00435925
     2.1000000        0.03005704        0.00492926
     2.2000000        0.03011315        0.00387284
     2.3000000        0.02896386        0.00366790
     2.4000000        0.02571301        0.00218279
     2.5000000        0.02721120        0.00385217
     2.6000000        0.02606185        0.00371653
     2.7000000        0.02584540        0.00559671
     2.8000000        0.02548494        0.00293186
     2.9000000        0.02265139        0.00235560
     3.0000000        0.02349430        0.00284192
     3.1000000        0.02074737        0.00154913
     3.2000000        0.02338442        0.00268460
     3.3000000        0.02033896        0.00197383
     3.4000000        0.01984978        0.00212843
     3.5000000        0.02509618        0.00543145
     3.6000000        0.02404182        0.00467890
     3.7000000        0.03192968        0.01342856
     3.8000000        0.02395476        0.00742549
     3.9000000        0.02128315        0.00601697
     4.0000000        0.01911052        0.00376824
     4.1000000        0.01693905        0.00213621
     4.2000000        0.01511120        0.00115499
     4.3000000        0.01691246        0.00241457
     4.4000000        0.01553287        0.00148461
     4.5000000        0.01454133        0.00141418
     4.6000000        0.01732832        0.00304505
     4.7000000        0.02016238        0.00489362
     4.8000000        0.01926043        0.00568736
     4.9000000        0.01540830        0.00283860
     5.0000000        0.01475701        0.00243169
     5.1000000        0.01531444        0.00264908
     5.2000000        0.01324208        0.00141767
     5.3000000        0.01418822        0.00174285
     5.4000000        0.01520092        0.00251252
     5.5000000        0.01365769        0.00186122
     5.6000000        0.01579624        0.00314432
     5.7000000        0.01862551        0.00513898
     5.8000000        0.01873437        0.00367576
     5.9000000        0.02282347        0.00728880
     6.0000000        0.01557148        0.00294636
     6.1000000        0.01989175        0.00559200
     6.2000000        0.01886345        0.00571917
     6.3000000        0.01672105        0.00415410
     6.4000000        0.03037543        0.01549247
     6.5000000        0.02543165        0.01266592
     6.6000000        0.01699713        0.00543104
     6.7000000        0.01647791        0.00461332
     6.8000000        0.01637117        0.00305336
     6.9000000        0.01672478        0.00452275
     7.0000000        0.01769353        0.00478929
     7.1000000        0.02168464        0.00847378
     7.2000000        0.01941989        0.00696196
     7.3000000        0.01821470        0.00592153
     7.4000000        0.01644040        0.00431620
     7.5000000        0.01968822        0.00450135
     7.6000000        0.01973857        0.00438711
     7.7000000        0.01992587        0.00513971
     7.8000000        0.01811119        0.00404159
     7.9000000        0.01913511        0.00539310
     8.0000000        0.02862922        0.01407366
     8.1000000        0.02656418        0.01393280
     8.2000000        0.03237248        0.02034947
     8.3000000        0.06353154        0.05044374
     8.4000000        0.04013815        0.02587114
     8.5000000        0.03642139        0.02317568
     8.6000000        0.06751339        0.05634527
     8.7000000        0.07221172        0.05758457
     8.8000000        0.06474714        0.04976455
     8.9000000        0.07558184        0.05255340
     9.0000000        0.06555745        0.04510924
     9.1000000        0.06866994        0.03992314
     9.2000000        0.04540630        0.02480162
     9.3000000        0.04087649        0.02257383
     9.4000000        0.04006585        0.02190457
     9.5000000        0.04018848        0.02592278
     9.6000000        0.03593020        0.01943957
     9.7000000        0.04795076        0.02859894
     9.8000000        0.05588270        0.03861292
     9.9000000        0.05332425        0.03082240
    10.0000000        0.04080282        0.02085182
    10.1000000        0.03776524        0.02249256
    10.2000000        0.04240688        0.02194053
    10.3000000        0.06889656        0.04979241
    10.4000000        0.04198761        0.02351902
    10.5000000        0.04436345        0.02672871
    10.6000000        0.03373904        0.01322036
    10.7000000        0.03009666        0.01057867
    10.8000000        0.02523042        0.00926261
    10.9000000        0.02466383        0.00910694
    11.0000000        0.02164494        0.00757037
    11.1000000        0.03005270        0.01319669
    11.2000000        0.08187204        0.06900186
    11.3000000        0.03794464        0.02310379
    11.4000000        0.02643292        0.00994919
    11.5000000        0.02754311        0.01010028
    11.6000000        0.02444688        0.00657177
    11.7000000        0.01992825        0.00498615
    11.8000000        0.02216022        0.00457097
    11.9000000        0.02455923        0.00572898
    12.0000000        0.02518798        0.00641434
    12.1000000        0.02565534        0.00685290
    12.2000000        0.02305231        0.00494104
    12.3000000        0.02211974        0.00551816
    12.4000000        0.02184290        0.00481678
    12.5000000        0.02185035        0.00483796
    12.6000000        0.02665863        0.00701131
    12.7000000        0.02399601        0.00556485
    12.8000000        0.02516370        0.00821923
    12.9000000        0.01946572        0.00429337
    13.0000000        0.01916811        0.00399766
    13.1000000        0.02202927        0.00425475
    13.2000000        0.02232198        0.00459383
    13.3000000        0.02025416        0.00420873
    13.4000000        0.02828631        0.01045162
    13.5000000        0.02364453        0.00605869
    13.6000000        0.02338321        0.00625738
    13.7000000        0.02069199        0.00401536
    13.8000000        0.02091573        0.00439630
    13.9000000        0.02064031        0.00452027
    14.0000000        0.02279404        0.00497302
    14.1000000        0.02862603        0.00779320
    14.2000000        0.03195073        0.00988002
    14.3000000        0.03160354        0.00908827
    14.4000000        0.03660697        0.01296367
    14.5000000        0.03532320        0.01394888
    14.6000000        0.02641193        0.00567050
    14.7000000        0.02704427        0.00702698
    14.8000000        0.02818935        0.00606411
    14.9000000        0.02591116        0.00436189
    15.0000000        0.02492820        0.00449964
    15.1000000        0.02580251        0.00605326
    15.2000000        0.02570654        0.00541594
    15.3000000        0.02319586        0.00462230
    15.4000000        0.02205359        0.00437784
    15.5000000        0.02216756        0.00512237
    15.6000000        0.02007754        0.00402225
    15.7000000        0.02391330        0.00477647
    15.8000000        0.02481254        0.00519702
    15.9000000        0.02310655        0.00458002
    16.0000000        0.02464079        0.00414255
    16.1000000        0.02176055        0.00323687
    16.2000000        0.02648874        0.00598027
    16.3000000        0.03435614        0.01133462
    16.4000000        0.04499767        0.01925002
    16.5000000        0.07957229        0.04835160
    16.6000000        0.04938706        0.02174563
    16.7000000        0.03270830        0.00778509
    16.8000000        0.02609531        0.00428884
    16.9000000        0.03360141        0.00770972
    17.0000000        0.02958700        0.00452247
    17.1000000        0.02892950        0.00354334
    17.2000000        0.03210831        0.00498317
    17.3000000        0.03215589        0.00437436
    17.4000000        0.03274238        0.00467975
    17.5000000        0.03321978        0.00464536
    17.6000000        0.03647485        0.00568317
    17.7000000        0.03936247        0.00840640
    17.8000000        0.03990994        0.00707332
    17.9000000        0.03542568        0.00406608
    18.0000000        0.03733188        0.00383671
    18.1000000        0.03726686        0.00392820
    18.2000000        0.03709658        0.00507664
    18.3000000        0.03868868        0.00572550
    18.4000000        0.04774696        0.01091290
    18.5000000        0.05347026        0.01119633
    18.6000000        0.04759303        0.00610077
    18.7000000        0.05087113        0.00775545
    18.8000000        0.06110474        0.01239836
    18.9000000        0.06433479        0.01280786
    19.0000000        0.05922848        0.00794603
    19.1000000        0.06843560        0.01212100
    19.2000000        0.07750964        0.01490684
    19.3000000        0.08751819        0.01629918
    19.4000000        0.08064428        0.00316121
    19.5000000        0.09418535        0.00298923
    19.6000000        0.11196521        0.00466414
    19.7000000        0.13131173        0.00329817
    19.8000000        0.16089724        0.00335578
    19.9000000        0.19955270        0.00272216
    20.0000000        0.25000000        0.00000002
