     0.0000000        0.84719296        0.00031842
     0.1000000        0.77627704        0.00118224
     0.2000000        0.71998633        0.00217547
     0.3000000        0.67469253        0.00369578
     0.4000000        0.63576668        0.00545518
     0.5000000        0.60024110        0.00713355
     0.6000000        0.58154272        0.01054159
     0.7000000        0.56482933        0.01407044
     0.8000000        0.55941851        0.02339789
     0.9000000        0.53035661        0.02019335
     1.0000000        0.52933757        0.03081102
     1.1000000        0.49106035        0.02856262
     1.2000000        0.43256188        0.02124608
     1.3000000        0.39935854        0.01447221
     1.4000000        0.44155810        0.02567641
     1.5000000        0.37634020        0.02009873
     1.6000000        0.35444808        0.01880386
     1.7000000        0.37320145        0.03201706
     1.8000000        0.34222323        0.01910021
     1.9000000        0.37243448        0.02993861
     2.0000000        0.36924584        0.02563477
     2.1000000        0.44214681        0.05061885
     2.2000000        0.40097449        0.03309293
     2.3000000        0.40959713        0.05212089
     2.4000000        0.36109232        0.02546107
     2.5000000        0.44573613        0.05533849
     2.6000000        0.38929087        0.02175822
     2.7000000        0.40169581        0.03739914
     2.8000000        0.38010598        0.01744334
     2.9000000        0.39237185        0.01168176
     3.0000000        0.43502201        0.01815721
     3.1000000        0.47413324        0.03352152
     3.2000000        0.51862341        0.01998378
     3.3000000        0.54122987        0.01700739
     3.4000000        0.54903725        0.01069425
     3.5000000        0.57482167        0.00591712
     3.6000000        0.62120159        0.00475150
     3.7000000        0.66214656        0.00350938
     3.8000000        0.71451554        0.00245100
     3.9000000        0.77646705        0.00120106
     4.0000000        0.84719296        0.00031842
