     0.0000000        0.23223108        0.00151466
     0.1000000        0.13598333        0.00125248
     0.2000000        0.08024535        0.00100319
     0.3000000        0.04791960        0.00087806
     0.4000000        0.02910593        0.00081101
     0.5000000        0.01775032        0.00073579
     0.6000000        0.01119307        0.00074877
     0.7000000        0.00740733        0.00064903
     0.8000000        0.00507976        0.00050580
     0.9000000        0.00340759        0.00033912
     1.0000000        0.00231450        0.00022252
     1.1000000        0.00153918        0.00024845
     1.2000000        0.00134048        0.00014084
     1.3000000        0.00100330        0.00009409
     1.4000000        0.00064628        0.00008209
     1.5000000        0.00047357        0.00008802
     1.6000000        0.00043250        0.00010502
     1.7000000        0.00035116        0.00013567
     1.8000000        0.00032207        0.00013900
     1.9000000        0.00032636        0.00016113
     2.0000000        0.00027314        0.00016583
     2.1000000        0.00015034        0.00012726
     2.2000000        0.00002314        0.00008383
     2.3000000       -0.00001254        0.00009234
     2.4000000       -0.00000689        0.00008714
     2.5000000        0.00001571        0.00007653
     2.6000000        0.00006709        0.00005942
     2.7000000        0.00007256        0.00005669
     2.8000000        0.00010777        0.00005392
     2.9000000        0.00011596        0.00004990
     3.0000000        0.00011094        0.00005544
     3.1000000        0.00010979        0.00006190
     3.2000000        0.00008487        0.00006360
     3.3000000        0.00008391        0.00006765
     3.4000000        0.00006597        0.00006172
     3.5000000        0.00005701        0.00006701
     3.6000000        0.00002185        0.00007343
     3.7000000       -0.00003676        0.00008673
     3.8000000       -0.00010657        0.00013644
     3.9000000       -0.00022257        0.00024354
     4.0000000       -0.00022911        0.00024879
     4.1000000       -0.00024689        0.00027681
     4.2000000       -0.00022900        0.00027805
     4.3000000       -0.00020158        0.00024701
     4.4000000       -0.00021921        0.00025358
     4.5000000       -0.00020416        0.00024289
     4.6000000       -0.00015983        0.00019816
     4.7000000       -0.00012358        0.00015309
     4.8000000       -0.00010148        0.00013432
     4.9000000       -0.00009616        0.00013267
     5.0000000       -0.00010065        0.00013927
     5.1000000       -0.00010171        0.00014242
     5.2000000       -0.00010039        0.00012774
     5.3000000       -0.00011047        0.00014647
     5.4000000       -0.00013632        0.00016335
     5.5000000       -0.00013115        0.00015426
     5.6000000       -0.00009540        0.00013725
     5.7000000       -0.00007515        0.00012420
     5.8000000       -0.00004850        0.00009553
     5.9000000       -0.00003109        0.00007737
     6.0000000       -0.00001608        0.00005717
     6.1000000       -0.00001965        0.00007307
     6.2000000       -0.00001634        0.00007105
     6.3000000       -0.00002183        0.00009088
     6.4000000       -0.00000486        0.00008082
     6.5000000       -0.00001956        0.00008602
     6.6000000       -0.00001553        0.00008022
     6.7000000        0.00000699        0.00008702
     6.8000000        0.00001093        0.00009028
     6.9000000        0.00000171        0.00008117
     7.0000000        0.00001672        0.00006823
     7.1000000        0.00004304        0.00004919
     7.2000000        0.00003973        0.00003989
     7.3000000        0.00002557        0.00003590
     7.4000000        0.00003324        0.00006626
     7.5000000        0.00010478        0.00010658
     7.6000000        0.00013661        0.00017037
     7.7000000        0.00013716        0.00021237
     7.8000000        0.00017676        0.00022989
     7.9000000        0.00017708        0.00023931
     8.0000000        0.00028563        0.00024113
     8.1000000        0.00021947        0.00020107
     8.2000000        0.00021630        0.00019764
     8.3000000        0.00021506        0.00017697
     8.4000000        0.00031724        0.00017420
     8.5000000        0.00055764        0.00015982
     8.6000000        0.00077691        0.00015359
     8.7000000        0.00100360        0.00016271
     8.8000000        0.00114978        0.00016397
     8.9000000        0.00156310        0.00018661
     9.0000000        0.00233191        0.00017491
     9.1000000        0.00348511        0.00017154
     9.2000000        0.00510970        0.00022134
     9.3000000        0.00756173        0.00037961
     9.4000000        0.01157129        0.00046161
     9.5000000        0.01809614        0.00047178
     9.6000000        0.02915446        0.00052999
     9.7000000        0.04808547        0.00059645
     9.8000000        0.08022096        0.00077129
     9.9000000        0.13586996        0.00112852
    10.0000000        0.23223108        0.00151466
