     0.0000000        0.24655636        0.00157716
     0.1000000        0.12433879        0.00093265
     0.2000000        0.06495797        0.00079136
     0.3000000        0.03545107        0.00039594
     0.4000000        0.02029930        0.00016097
     0.5000000        0.01204132        0.00010137
     0.6000000        0.00761594        0.00012971
     0.7000000        0.00489760        0.00013363
     0.8000000        0.00333075        0.00011641
     0.9000000        0.00229387        0.00007993
     1.0000000        0.00158507        0.00005953
     1.1000000        0.00113804        0.00004201
     1.2000000        0.00085981        0.00005132
     1.3000000        0.00064122        0.00004302
     1.4000000        0.00049151        0.00003559
     1.5000000        0.00037709        0.00003684
     1.6000000        0.00027382        0.00003391
     1.7000000        0.00018777        0.00003467
     1.8000000        0.00013313        0.00003467
     1.9000000        0.00007004        0.00005428
     2.0000000        0.00004489        0.00005083
     2.1000000        0.00003273        0.00004035
     2.2000000        0.00002796        0.00002859
     2.3000000        0.00002898        0.00001148
     2.4000000        0.00002734        0.00000641
     2.5000000        0.00002061        0.00000721
     2.6000000        0.00001784        0.00000581
     2.7000000        0.00001691        0.00000454
     2.8000000        0.00001406        0.00000468
     2.9000000        0.00001132        0.00000470
     3.0000000        0.00000973        0.00000503
     3.1000000        0.00000826        0.00000428
     3.2000000        0.00000788        0.00000377
     3.3000000        0.00000757        0.00000376
     3.4000000        0.00000723        0.00000331
     3.5000000        0.00000672        0.00000337
     3.6000000        0.00000646        0.00000314
     3.7000000        0.00000664        0.00000322
     3.8000000        0.00000626        0.00000292
     3.9000000        0.00000560        0.00000295
     4.0000000        0.00000450        0.00000301
     4.1000000        0.00000333        0.00000364
     4.2000000        0.00000321        0.00000352
     4.3000000        0.00000377        0.00000308
     4.4000000        0.00000566        0.00000222
     4.5000000        0.00000648        0.00000217
     4.6000000        0.00000667        0.00000221
     4.7000000        0.00000653        0.00000255
     4.8000000        0.00000674        0.00000261
     4.9000000        0.00000635        0.00000250
     5.0000000        0.00000605        0.00000260
     5.1000000        0.00000520        0.00000257
     5.2000000        0.00000538        0.00000246
     5.3000000        0.00000562        0.00000244
     5.4000000        0.00000532        0.00000286
     5.5000000        0.00000500        0.00000264
     5.6000000        0.00000477        0.00000267
     5.7000000        0.00000497        0.00000255
     5.8000000        0.00000587        0.00000276
     5.9000000        0.00000653        0.00000292
     6.0000000        0.00000730        0.00000307
     6.1000000        0.00000801        0.00000300
     6.2000000        0.00000902        0.00000326
     6.3000000        0.00001025        0.00000368
     6.4000000        0.00001049        0.00000304
     6.5000000        0.00001144        0.00000281
     6.6000000        0.00001181        0.00000254
     6.7000000        0.00001280        0.00000272
     6.8000000        0.00001343        0.00000304
     6.9000000        0.00001454        0.00000374
     7.0000000        0.00001598        0.00000306
     7.1000000        0.00001431        0.00000212
     7.2000000        0.00001403        0.00000371
     7.3000000        0.00001782        0.00000425
     7.4000000        0.00001659        0.00000985
     7.5000000        0.00002544        0.00001007
     7.6000000        0.00003999        0.00000903
     7.7000000        0.00007363        0.00002165
     7.8000000        0.00009441        0.00002751
     7.9000000        0.00012332        0.00002966
     8.0000000        0.00015623        0.00003286
     8.1000000        0.00018438        0.00003367
     8.2000000        0.00020334        0.00003050
     8.3000000        0.00026998        0.00005788
     8.4000000        0.00034215        0.00007140
     8.5000000        0.00043955        0.00009739
     8.6000000        0.00053233        0.00008889
     8.7000000        0.00065520        0.00007490
     8.8000000        0.00083957        0.00006512
     8.9000000        0.00114656        0.00008095
     9.0000000        0.00146377        0.00016589
     9.1000000        0.00200819        0.00022213
     9.2000000        0.00290884        0.00021637
     9.3000000        0.00432313        0.00023027
     9.4000000        0.00669972        0.00030202
     9.5000000        0.01087119        0.00051819
     9.6000000        0.01890786        0.00071872
     9.7000000        0.03397885        0.00091920
     9.8000000        0.06363111        0.00122628
     9.9000000        0.12336076        0.00135859
    10.0000000        0.24655636        0.00157716
