     0.0000000        0.37740150        0.00325262
     0.1000000        0.20946283        0.00208666
     0.2000000        0.11935347        0.00151866
     0.3000000        0.06932166        0.00129832
     0.4000000        0.04108066        0.00115083
     0.5000000        0.02489478        0.00111897
     0.6000000        0.01574052        0.00106355
     0.7000000        0.01058334        0.00066500
     0.8000000        0.00728425        0.00061832
     0.9000000        0.00504481        0.00055252
     1.0000000        0.00348059        0.00047339
     1.1000000        0.00246042        0.00035156
     1.2000000        0.00175363        0.00022928
     1.3000000        0.00124846        0.00016673
     1.4000000        0.00101856        0.00014627
     1.5000000        0.00068320        0.00015129
     1.6000000        0.00049565        0.00016157
     1.7000000        0.00031273        0.00021115
     1.8000000        0.00025255        0.00025065
     1.9000000        0.00018884        0.00027217
     2.0000000        0.00016859        0.00025596
     2.1000000        0.00021553        0.00022163
     2.2000000        0.00012704        0.00019105
     2.3000000        0.00009323        0.00012365
     2.4000000        0.00005457        0.00010251
     2.5000000        0.00006800        0.00012783
     2.6000000        0.00015115        0.00010583
     2.7000000        0.00015249        0.00011830
     2.8000000        0.00009304        0.00008046
     2.9000000        0.00006375        0.00006388
     3.0000000        0.00003566        0.00006190
     3.1000000        0.00002189        0.00003974
     3.2000000        0.00004022        0.00003916
     3.3000000        0.00005695        0.00006113
     3.4000000        0.00006972        0.00006628
     3.5000000        0.00006242        0.00005315
     3.6000000        0.00003545        0.00002471
     3.7000000        0.00003888        0.00002247
     3.8000000        0.00010534        0.00009274
     3.9000000        0.00034288        0.00035481
     4.0000000        0.00038210        0.00039073
     4.1000000        0.00039789        0.00040973
     4.2000000        0.00037465        0.00036982
     4.3000000        0.00029883        0.00029051
     4.4000000        0.00018828        0.00017406
     4.5000000        0.00010791        0.00007797
     4.6000000       -0.00009030        0.00014015
     4.7000000       -0.00010719        0.00013356
     4.8000000       -0.00005765        0.00007446
     4.9000000        0.00009539        0.00010143
     5.0000000        0.00023625        0.00022799
     5.1000000        0.00029862        0.00029927
     5.2000000        0.00022803        0.00024116
     5.3000000        0.00022017        0.00023625
     5.4000000        0.00022097        0.00024188
     5.5000000        0.00018104        0.00019946
     5.6000000        0.00019877        0.00019749
     5.7000000        0.00021899        0.00018082
     5.8000000        0.00019366        0.00015150
     5.9000000        0.00015913        0.00012751
     6.0000000        0.00012306        0.00010776
     6.1000000        0.00011426        0.00012411
     6.2000000        0.00012276        0.00012191
     6.3000000        0.00012719        0.00011992
     6.4000000        0.00011188        0.00010379
     6.5000000        0.00008531        0.00010328
     6.6000000        0.00005262        0.00007604
     6.7000000        0.00005915        0.00008307
     6.8000000        0.00008296        0.00007874
     6.9000000        0.00008967        0.00006014
     7.0000000        0.00011218        0.00006370
     7.1000000        0.00010010        0.00006596
     7.2000000        0.00013508        0.00007756
     7.3000000        0.00012329        0.00008895
     7.4000000        0.00012072        0.00011130
     7.5000000        0.00009604        0.00012141
     7.6000000        0.00010417        0.00009109
     7.7000000        0.00013288        0.00006556
     7.8000000        0.00016216        0.00006920
     7.9000000        0.00013388        0.00010785
     8.0000000        0.00018638        0.00015863
     8.1000000        0.00017136        0.00020733
     8.2000000        0.00024662        0.00026459
     8.3000000        0.00024294        0.00034255
     8.4000000        0.00026479        0.00041261
     8.5000000        0.00035126        0.00050346
     8.6000000        0.00064394        0.00048799
     8.7000000        0.00081524        0.00059381
     8.8000000        0.00109266        0.00074743
     8.9000000        0.00171697        0.00089397
     9.0000000        0.00281350        0.00091845
     9.1000000        0.00433600        0.00092107
     9.2000000        0.00661927        0.00085648
     9.3000000        0.01041117        0.00065491
     9.4000000        0.01614922        0.00064824
     9.5000000        0.02561397        0.00061402
     9.6000000        0.04200502        0.00067580
     9.7000000        0.06981274        0.00094631
     9.8000000        0.11918434        0.00149417
     9.9000000        0.20936755        0.00192415
    10.0000000        0.37740150        0.00325262
