     0.0000000        0.35336637        0.00469468
     0.1000000        0.20723480        0.00288432
     0.2000000        0.12207108        0.00173219
     0.3000000        0.07320162        0.00095860
     0.4000000        0.04455085        0.00065615
     0.5000000        0.02720430        0.00053331
     0.6000000        0.01675604        0.00045106
     0.7000000        0.01051449        0.00037597
     0.8000000        0.00671098        0.00026647
     0.9000000        0.00435824        0.00022711
     1.0000000        0.00293259        0.00021082
     1.1000000        0.00196487        0.00021605
     1.2000000        0.00139579        0.00019463
     1.3000000        0.00102140        0.00015920
     1.4000000        0.00071561        0.00011033
     1.5000000        0.00054448        0.00008709
     1.6000000        0.00043782        0.00008193
     1.7000000        0.00036926        0.00009484
     1.8000000        0.00029509        0.00008320
     1.9000000        0.00019457        0.00006567
     2.0000000        0.00013719        0.00004813
     2.1000000        0.00010194        0.00003910
     2.2000000        0.00010356        0.00003256
     2.3000000        0.00008546        0.00001996
     2.4000000        0.00006922        0.00001302
     2.5000000        0.00005677        0.00001409
     2.6000000        0.00004306        0.00001098
     2.7000000        0.00004201        0.00000973
     2.8000000        0.00003364        0.00000982
     2.9000000        0.00002366        0.00000786
     3.0000000        0.00001106        0.00000909
     3.1000000        0.00000612        0.00001245
     3.2000000        0.00000969        0.00000878
     3.3000000        0.00001130        0.00000612
     3.4000000        0.00001831        0.00000909
     3.5000000        0.00001791        0.00000909
     3.6000000        0.00002345        0.00001199
     3.7000000        0.00001966        0.00001304
     3.8000000        0.00001491        0.00001371
     3.9000000        0.00001082        0.00001220
     4.0000000        0.00001151        0.00001026
     4.1000000        0.00001056        0.00000935
     4.2000000        0.00000886        0.00000897
     4.3000000        0.00000920        0.00000953
     4.4000000        0.00000895        0.00000872
     4.5000000        0.00000686        0.00000751
     4.6000000        0.00000693        0.00000737
     4.7000000        0.00000892        0.00000780
     4.8000000        0.00000874        0.00000673
     4.9000000        0.00000876        0.00000705
     5.0000000        0.00000855        0.00000641
     5.1000000        0.00000664        0.00000487
     5.2000000        0.00000527        0.00000379
     5.3000000        0.00000513        0.00000395
     5.4000000        0.00000501        0.00000401
     5.5000000        0.00000552        0.00000443
     5.6000000        0.00000818        0.00000517
     5.7000000        0.00000544        0.00000461
     5.8000000        0.00000558        0.00000430
     5.9000000        0.00000608        0.00000482
     6.0000000        0.00000506        0.00000505
     6.1000000        0.00000757        0.00000803
     6.2000000        0.00000906        0.00000957
     6.3000000        0.00000748        0.00000828
     6.4000000        0.00001468        0.00001337
     6.5000000        0.00001739        0.00001352
     6.6000000        0.00001808        0.00001376
     6.7000000        0.00001828        0.00001562
     6.8000000        0.00002159        0.00001661
     6.9000000        0.00002472        0.00001349
     7.0000000        0.00002273        0.00001127
     7.1000000        0.00001919        0.00000995
     7.2000000        0.00000878        0.00001003
     7.3000000        0.00001132        0.00001168
     7.4000000        0.00001756        0.00001347
     7.5000000        0.00002603        0.00001435
     7.6000000        0.00004288        0.00001402
     7.7000000        0.00006111        0.00001636
     7.8000000        0.00008092        0.00002037
     7.9000000        0.00012217        0.00003114
     8.0000000        0.00016319        0.00004537
     8.1000000        0.00020014        0.00005560
     8.2000000        0.00023274        0.00006383
     8.3000000        0.00028652        0.00006428
     8.4000000        0.00038616        0.00006800
     8.5000000        0.00054083        0.00008785
     8.6000000        0.00075326        0.00010638
     8.7000000        0.00101955        0.00011482
     8.8000000        0.00144917        0.00013698
     8.9000000        0.00208692        0.00016237
     9.0000000        0.00300645        0.00019157
     9.1000000        0.00445770        0.00022317
     9.2000000        0.00683369        0.00028025
     9.3000000        0.01059592        0.00040410
     9.4000000        0.01668147        0.00052518
     9.5000000        0.02667022        0.00073195
     9.6000000        0.04306211        0.00107799
     9.7000000        0.07172045        0.00166188
     9.8000000        0.12107943        0.00245806
     9.9000000        0.20691822        0.00366949
    10.0000000        0.35336637        0.00469468
