     0.0000000        1.56450823        0.01349910
     0.1000000        1.27919341        0.02074396
     0.2000000        1.08403329        0.02319256
     0.3000000        0.93779496        0.02270537
     0.4000000        0.81969768        0.01614149
     0.5000000        0.73749529        0.02009165
     0.6000000        0.68569331        0.02480757
     0.7000000        0.62345414        0.02894577
     0.8000000        0.58648307        0.02631801
     0.9000000        0.55957058        0.02843748
     1.0000000        0.51543382        0.02655819
     1.1000000        0.47501322        0.03078866
     1.2000000        0.43928042        0.03005592
     1.3000000        0.40056054        0.02646967
     1.4000000        0.36020015        0.02683599
     1.5000000        0.32858291        0.02318602
     1.6000000        0.30425326        0.01861362
     1.7000000        0.28545646        0.02220283
     1.8000000        0.27337815        0.02886163
     1.9000000        0.27008282        0.02974523
     2.0000000        0.26364230        0.02973569
     2.1000000        0.25809791        0.03058754
     2.2000000        0.24290210        0.03274737
     2.3000000        0.23152990        0.02854425
     2.4000000        0.20604521        0.03042488
     2.5000000        0.17715842        0.03621993
     2.6000000        0.16131987        0.04131476
     2.7000000        0.15619838        0.04356029
     2.8000000        0.14018583        0.04271336
     2.9000000        0.12207366        0.05133396
     3.0000000        0.10430193        0.05898573
     3.1000000        0.09324804        0.05604687
     3.2000000        0.09435199        0.05938090
     3.3000000        0.07760823        0.06437954
     3.4000000        0.05866511        0.06940680
     3.5000000        0.06220738        0.06736481
     3.6000000        0.04953179        0.06510070
     3.7000000        0.05214486        0.05717613
     3.8000000        0.04135786        0.05319738
     3.9000000        0.02985300        0.05432829
     4.0000000        0.00277530        0.04897943
     4.1000000       -0.00425523        0.04247595
     4.2000000       -0.00289312        0.03887782
     4.3000000        0.00306986        0.04103209
     4.4000000        0.00931407        0.03821157
     4.5000000        0.01951130        0.03311053
     4.6000000        0.02512100        0.03434515
     4.7000000        0.03001436        0.02939445
     4.8000000        0.02482347        0.02763765
     4.9000000        0.01066459        0.01840353
     5.0000000        0.02051480        0.02246645
     5.1000000        0.02379683        0.02416847
     5.2000000        0.02714026        0.02705835
     5.3000000        0.03349235        0.03147262
     5.4000000        0.03915813        0.03453846
     5.5000000        0.05260924        0.03449147
     5.6000000        0.05599699        0.03138479
     5.7000000        0.04501878        0.03511557
     5.8000000        0.04502291        0.03372660
     5.9000000        0.05171609        0.03754881
     6.0000000        0.06301057        0.03673805
     6.1000000        0.07147618        0.03534962
     6.2000000        0.08984618        0.03637305
     6.3000000        0.10931344        0.03777693
     6.4000000        0.11466863        0.04178710
     6.5000000        0.10543261        0.04729422
     6.6000000        0.10165409        0.04704477
     6.7000000        0.09951896        0.04109225
     6.8000000        0.10777842        0.04125734
     6.9000000        0.11868787        0.04630323
     7.0000000        0.13101795        0.04190567
     7.1000000        0.14784592        0.03850239
     7.2000000        0.15199028        0.04144898
     7.3000000        0.15837199        0.04503263
     7.4000000        0.16056576        0.04280469
     7.5000000        0.14735186        0.03673368
     7.6000000        0.15060648        0.03640932
     7.7000000        0.16575869        0.03848699
     7.8000000        0.16706457        0.04177945
     7.9000000        0.18024179        0.03800668
     8.0000000        0.19713592        0.03662306
     8.1000000        0.22389832        0.03618831
     8.2000000        0.25886686        0.04003403
     8.3000000        0.28674521        0.03908677
     8.4000000        0.31495232        0.03673821
     8.5000000        0.34169787        0.04010287
     8.6000000        0.35908612        0.04566039
     8.7000000        0.38633060        0.04371587
     8.8000000        0.42084736        0.04454938
     8.9000000        0.45973002        0.03656716
     9.0000000        0.50052435        0.03076157
     9.1000000        0.55069689        0.02770314
     9.2000000        0.59771934        0.02288583
     9.3000000        0.64608837        0.02208607
     9.4000000        0.70727663        0.01961268
     9.5000000        0.79133080        0.02095836
     9.6000000        0.86814687        0.02057036
     9.7000000        0.96250290        0.02380069
     9.8000000        1.10565663        0.01919092
     9.9000000        1.27344659        0.01821472
    10.0000000        1.56450823        0.01349910
