     0.0000000        0.19886475        0.00086961
     0.1250000        0.13346161        0.00077518
     0.2500000        0.09047114        0.00075401
     0.3750000        0.06453970        0.00072086
     0.5000000        0.04657847        0.00059845
     0.6250000        0.03459319        0.00063536
     0.7500000        0.02797695        0.00057480
     0.8750000        0.02262677        0.00061430
     1.0000000        0.01999827        0.00058254
     1.1250000        0.01783779        0.00061263
     1.2500000        0.01727033        0.00058230
     1.3750000        0.01620711        0.00063185
     1.5000000        0.01692288        0.00055604
     1.6250000        0.01813473        0.00058749
     1.7500000        0.01930839        0.00050723
     1.8750000        0.02210009        0.00047004
     2.0000000        0.02423593        0.00053006
     2.1250000        0.02985079        0.00060320
     2.2500000        0.03865016        0.00069383
     2.3750000        0.04800666        0.00080328
     2.5000000        0.05925714        0.00081798
     2.6250000        0.07448158        0.00065574
     2.7500000        0.09396137        0.00073932
     2.8750000        0.12312370        0.00074906
     3.0000000        0.16030068        0.00081686
     3.1250000        0.21118112        0.00083530
     3.2500000        0.28200251        0.00086357
     3.3750000        0.37693198        0.00094647
     3.5000000        0.50978010        0.00100341
     3.6250000        0.69111488        0.00096803
     3.7500000        0.94438938        0.00097195
     3.8750000        1.29973319        0.00092440
     4.0000000        1.80113525        0.00086961
