     0.0000000        0.80902246        0.05949157
     0.1000000        0.65718914        0.05469375
     0.2000000        0.53355378        0.04863775
     0.3000000        0.43998459        0.04555405
     0.4000000        0.36795455        0.04272837
     0.5000000        0.29829747        0.03641102
     0.6000000        0.23455130        0.03301538
     0.7000000        0.19252692        0.03102542
     0.8000000        0.16008627        0.03230193
     0.9000000        0.12869734        0.03012332
     1.0000000        0.09773885        0.02698106
     1.1000000        0.07561732        0.02537471
     1.2000000        0.05546386        0.02338317
     1.3000000        0.04206125        0.02384721
     1.4000000        0.03400526        0.02595979
     1.5000000        0.02830943        0.02955778
     1.6000000        0.01723652        0.02893137
     1.7000000        0.00440210        0.02596990
     1.8000000       -0.00067874        0.02377627
     1.9000000        0.00222194        0.02136528
     2.0000000       -0.00172938        0.01876493
     2.1000000       -0.00425369        0.01849966
     2.2000000       -0.00286693        0.01838980
     2.3000000       -0.00144049        0.01700911
     2.4000000       -0.00629602        0.02022580
     2.5000000       -0.01441017        0.01708654
     2.6000000       -0.02693875        0.01464401
     2.7000000       -0.02965497        0.01306131
     2.8000000       -0.03500594        0.01155754
     2.9000000       -0.03355354        0.01290440
     3.0000000       -0.03368572        0.01558513
     3.1000000       -0.02935671        0.01518246
     3.2000000       -0.02811287        0.01990081
     3.3000000       -0.02914603        0.02074860
     3.4000000       -0.02927379        0.02062188
     3.5000000       -0.02672069        0.02100420
     3.6000000       -0.01812500        0.02200175
     3.7000000       -0.01093897        0.02399769
     3.8000000       -0.01073125        0.02325257
     3.9000000       -0.01093795        0.02030357
     4.0000000       -0.01373738        0.02081658
     4.1000000       -0.00749951        0.02280440
     4.2000000       -0.01251537        0.02401993
     4.3000000       -0.01899663        0.02578780
     4.4000000       -0.01570079        0.02844828
     4.5000000       -0.01761472        0.03189349
     4.6000000       -0.02593859        0.03694824
     4.7000000       -0.03109567        0.04243956
     4.8000000       -0.03778468        0.04376007
     4.9000000       -0.04399902        0.04631201
     5.0000000       -0.03956091        0.04494483
     5.1000000       -0.03673052        0.04174309
     5.2000000       -0.03106459        0.03894125
     5.3000000       -0.02388069        0.03570014
     5.4000000       -0.02268306        0.03406413
     5.5000000       -0.02234326        0.03466988
     5.6000000       -0.01957897        0.03318929
     5.7000000       -0.01803428        0.02906878
     5.8000000       -0.01923682        0.03015125
     5.9000000       -0.01805952        0.03134009
     6.0000000       -0.01063791        0.03034691
     6.1000000        0.00070203        0.02413930
     6.2000000        0.01155130        0.02325956
     6.3000000        0.02225823        0.02215892
     6.4000000        0.03330314        0.02571608
     6.5000000        0.04045992        0.02963375
     6.6000000        0.04232174        0.03374477
     6.7000000        0.04087868        0.03408560
     6.8000000        0.02922938        0.03445909
     6.9000000        0.02532359        0.03095758
     7.0000000        0.01797113        0.03053976
     7.1000000        0.01650934        0.03126011
     7.2000000        0.01840214        0.02924130
     7.3000000        0.01515180        0.02951991
     7.4000000        0.01591392        0.02902226
     7.5000000        0.00102788        0.02687668
     7.6000000       -0.00488350        0.02430789
     7.7000000       -0.00590900        0.01914504
     7.8000000       -0.00774802        0.01489222
     7.9000000       -0.00541735        0.01353381
     8.0000000       -0.00579033        0.01201625
     8.1000000        0.00218526        0.01107923
     8.2000000        0.00907784        0.01059900
     8.3000000        0.02610907        0.01060395
     8.4000000        0.04700862        0.00880232
     8.5000000        0.06748361        0.00849187
     8.6000000        0.07534236        0.01007573
     8.7000000        0.08977654        0.01282858
     8.8000000        0.10224223        0.01527171
     8.9000000        0.11726036        0.02104862
     9.0000000        0.13845232        0.02709478
     9.1000000        0.16507512        0.03101453
     9.2000000        0.19333135        0.03640054
     9.3000000        0.22642589        0.04029849
     9.4000000        0.26653603        0.04445253
     9.5000000        0.32200444        0.04955506
     9.6000000        0.38465183        0.05492516
     9.7000000        0.45287799        0.05895930
     9.8000000        0.53316829        0.06170720
     9.9000000        0.65338756        0.05937538
    10.0000000        0.80902246        0.05949157
