         201           5   20.000000000000000                1
     0.0000000        0.98468847        0.00686419
     0.1000000        0.70051378        0.00688153
     0.2000000        0.49607647        0.00712990
     0.3000000        0.36634625        0.00702810
     0.4000000        0.26071846        0.00972391
     0.5000000        0.18705359        0.00860715
     0.6000000        0.13443088        0.00783862
     0.7000000        0.09473750        0.00295623
     0.8000000        0.06695885        0.00540792
     0.9000000        0.04655718        0.00409332
     1.0000000        0.02946219        0.00500201
     1.1000000        0.02467164        0.00796369
     1.2000000        0.01483333        0.00727955
     1.3000000        0.00931367        0.00480124
     1.4000000        0.01238756        0.01048385
     1.5000000        0.00757277        0.00812243
     1.6000000        0.00408368        0.00746764
     1.7000000        0.00049509        0.00744737
     1.8000000        0.00100480        0.00667887
     1.9000000        0.00474203        0.00280670
     2.0000000        0.00287598        0.00264154
     2.1000000        0.00231648        0.00546600
     2.2000000       -0.00397689        0.00328103
     2.3000000       -0.00125080        0.00333855
     2.4000000       -0.00065998        0.00421020
     2.5000000        0.00070954        0.00434913
     2.6000000       -0.00153828        0.00329192
     2.7000000       -0.00180140        0.00146552
     2.8000000       -0.00078059        0.00324178
     2.9000000        0.00552440        0.00544307
     3.0000000        0.00164393        0.00707941
     3.1000000        0.00081688        0.00688615
     3.2000000        0.00499131        0.00602135
     3.3000000        0.00831687        0.00437857
     3.4000000        0.00891905        0.00405464
     3.5000000        0.00710541        0.00494267
     3.6000000        0.00643780        0.00493716
     3.7000000        0.00452565        0.00515954
     3.8000000        0.00325606        0.00366146
     3.9000000        0.00517916        0.00366537
     4.0000000        0.00245713        0.00570099
     4.1000000        0.00416902        0.00489827
     4.2000000        0.00453015        0.00468748
     4.3000000        0.00246071        0.00311128
     4.4000000        0.00483787        0.00404635
     4.5000000        0.00273034        0.00220976
     4.6000000        0.00381288        0.00305334
     4.7000000        0.00205330        0.00317389
     4.8000000        0.00061744        0.00119199
     4.9000000        0.00093235        0.00198266
     5.0000000        0.00542589        0.00452314
     5.1000000        0.00356382        0.00316510
     5.2000000        0.00263983        0.00362494
     5.3000000        0.00299079        0.00516149
     5.4000000        0.00460992        0.00556916
     5.5000000        0.00153941        0.00441205
     5.6000000        0.00074712        0.00532944
     5.7000000        0.00182666        0.00439951
     5.8000000        0.00074047        0.00319412
     5.9000000       -0.00200908        0.00216789
     6.0000000       -0.00593840        0.00183973
     6.1000000       -0.00250597        0.00215038
     6.2000000       -0.00277255        0.00127188
     6.3000000       -0.00077587        0.00119234
     6.4000000       -0.00094663        0.00163634
     6.5000000        0.00092634        0.00246800
     6.6000000       -0.00042351        0.00190051
     6.7000000        0.00045454        0.00284774
     6.8000000        0.00041951        0.00235596
     6.9000000        0.00170738        0.00132287
     7.0000000        0.00128629        0.00153687
     7.1000000        0.00277236        0.00182388
     7.2000000        0.00230133        0.00100804
     7.3000000       -0.00059178        0.00150326
     7.4000000       -0.00062210        0.00162510
     7.5000000       -0.00013555        0.00204935
     7.6000000       -0.00181998        0.00299343
     7.7000000        0.00082486        0.00317137
     7.8000000        0.00435367        0.00342350
     7.9000000        0.00324150        0.00242751
     8.0000000        0.00293944        0.00106407
     8.1000000       -0.00096679        0.00176170
     8.2000000       -0.00069479        0.00219938
     8.3000000       -0.00168293        0.00154335
     8.4000000       -0.00220084        0.00125986
     8.5000000       -0.00068369        0.00105955
     8.6000000       -0.00119005        0.00111254
     8.7000000       -0.00236638        0.00149229
     8.8000000       -0.00135989        0.00204797
     8.9000000       -0.00487544        0.00434258
     9.0000000       -0.00372323        0.00142948
     9.1000000       -0.00348246        0.00182927
     9.2000000       -0.00550492        0.00087827
     9.3000000       -0.00448338        0.00161736
     9.4000000       -0.00157397        0.00156793
     9.5000000       -0.00317324        0.00115145
     9.6000000       -0.00535079        0.00282348
     9.7000000       -0.00468895        0.00254999
     9.8000000        0.00029296        0.00413777
     9.9000000       -0.00197137        0.00246135
    10.0000000       -0.00550278        0.00235631
    10.1000000       -0.00406905        0.00183591
    10.2000000       -0.00192865        0.00327874
    10.3000000       -0.00298891        0.00242306
    10.4000000        0.00211109        0.00536533
    10.5000000        0.00306794        0.00494762
    10.6000000        0.00093032        0.00392733
    10.7000000        0.00535316        0.00684748
    10.8000000        0.00865391        0.00865827
    10.9000000        0.00373303        0.00434791
    11.0000000        0.00132332        0.00113381
    11.1000000       -0.00346989        0.00684651
    11.2000000       -0.00625817        0.00796618
    11.3000000       -0.00547600        0.00238323
    11.4000000       -0.01020902        0.00196513
    11.5000000       -0.00600086        0.00128205
    11.6000000       -0.00269414        0.00251756
    11.7000000       -0.00077662        0.00158280
    11.8000000        0.00086919        0.00252349
    11.9000000       -0.00061980        0.00244420
    12.0000000        0.00010901        0.00269021
    12.1000000        0.00547238        0.00626083
    12.2000000        0.00350115        0.00464727
    12.3000000        0.00628554        0.00555953
    12.4000000        0.00410891        0.00304422
    12.5000000        0.00187667        0.00113305
    12.6000000        0.00246284        0.00255312
    12.7000000        0.00407144        0.00515935
    12.8000000        0.00371937        0.00391116
    12.9000000        0.00839266        0.00931869
    13.0000000       -0.00357478        0.00249958
    13.1000000       -0.00482570        0.00392228
    13.2000000        0.00176543        0.00599353
    13.3000000        0.00058871        0.00850144
    13.4000000       -0.00181511        0.00301324
    13.5000000       -0.00140150        0.00275561
    13.6000000        0.00188303        0.00445343
    13.7000000       -0.00015243        0.00280194
    13.8000000        0.00075357        0.00293357
    13.9000000        0.00115489        0.00228885
    14.0000000       -0.00634793        0.00623823
    14.1000000       -0.00515274        0.00703079
    14.2000000       -0.00368689        0.00533254
    14.3000000       -0.00780851        0.00718527
    14.4000000       -0.00489360        0.00334512
    14.5000000        0.00497489        0.00639985
    14.6000000        0.00195361        0.00310938
    14.7000000       -0.00229509        0.00366909
    14.8000000       -0.00174071        0.00410522
    14.9000000       -0.00695795        0.00774526
    15.0000000       -0.00161291        0.00487417
    15.1000000       -0.00633036        0.01387626
    15.2000000       -0.00677551        0.01394815
    15.3000000       -0.00013159        0.00968669
    15.4000000        0.00014693        0.00442851
    15.5000000       -0.00338615        0.00546603
    15.6000000       -0.00838572        0.01008893
    15.7000000       -0.00409100        0.00743488
    15.8000000       -0.00574139        0.00841556
    15.9000000       -0.01354681        0.01362590
    16.0000000       -0.02685361        0.02602947
    16.1000000       -0.01553006        0.01583103
    16.2000000       -0.00783681        0.00528401
    16.3000000       -0.01619854        0.01153495
    16.4000000       -0.00788936        0.00871851
    16.5000000       -0.00629136        0.00948543
    16.6000000        0.00945432        0.00915575
    16.7000000        0.01585401        0.01617607
    16.8000000        0.00037187        0.00319665
    16.9000000        0.00130221        0.00386393
    17.0000000       -0.00316494        0.01037674
    17.1000000       -0.00560500        0.01517617
    17.2000000       -0.00749603        0.01155172
    17.3000000       -0.01423244        0.01914392
    17.4000000       -0.00871733        0.01216240
    17.5000000       -0.00597895        0.01005729
    17.6000000       -0.00552212        0.00848118
    17.7000000       -0.01385944        0.00940762
    17.8000000       -0.00753231        0.00879883
    17.9000000       -0.00824143        0.01138213
    18.0000000       -0.01026400        0.01509382
    18.1000000       -0.01878646        0.01434255
    18.2000000       -0.02037196        0.01039160
    18.3000000       -0.01154427        0.00586126
    18.4000000       -0.00630629        0.00460842
    18.5000000        0.00507454        0.00304892
    18.6000000        0.00016555        0.00391903
    18.7000000        0.00249630        0.00337425
    18.8000000       -0.00149806        0.00662908
    18.9000000       -0.00365548        0.00739681
    19.0000000       -0.00815020        0.01304882
    19.1000000       -0.00117167        0.00542879
    19.2000000        0.00006333        0.00568416
    19.3000000       -0.00316468        0.00575330
    19.4000000        0.00090833        0.00471694
    19.5000000       -0.00289449        0.00599075
    19.6000000        0.00667627        0.00683131
    19.7000000        0.00961310        0.00863827
    19.8000000        0.00747086        0.00638361
    19.9000000        0.00862544        0.00746992
    20.0000000        0.01531153        0.00686419
