         201           4   20.000000000000000                1
     0.0000000        0.00611202        0.00137606
     0.1000000        0.00718981        0.00038744
     0.2000000        0.00387670        0.00086404
     0.3000000        0.00222073        0.00048403
     0.4000000        0.00270221        0.00152956
     0.5000000        0.00338022        0.00250896
     0.6000000        0.00170910        0.00190523
     0.7000000        0.00181418        0.00133125
     0.8000000        0.00256888        0.00190327
     0.9000000        0.00260099        0.00163690
     1.0000000        0.00321113        0.00163951
     1.1000000        0.00138586        0.00301819
     1.2000000        0.00254643        0.00251322
     1.3000000        0.00123869        0.00080217
     1.4000000        0.00180173        0.00087039
     1.5000000        0.00142313        0.00171390
     1.6000000        0.00233443        0.00289238
     1.7000000        0.00008843        0.00260984
     1.8000000       -0.00094956        0.00166073
     1.9000000       -0.00008865        0.00112119
     2.0000000       -0.00182709        0.00091798
     2.1000000       -0.00035294        0.00138813
     2.2000000        0.00044002        0.00037275
     2.3000000        0.00175061        0.00043410
     2.4000000        0.00139276        0.00100005
     2.5000000        0.00118469        0.00108486
     2.6000000        0.00040424        0.00051725
     2.7000000        0.00036135        0.00174906
     2.8000000        0.00077930        0.00159945
     2.9000000        0.00026176        0.00196931
     3.0000000       -0.00126339        0.00196932
     3.1000000       -0.00169913        0.00091443
     3.2000000       -0.00161233        0.00149323
     3.3000000       -0.00315191        0.00125910
     3.4000000       -0.00353543        0.00163930
     3.5000000       -0.00178743        0.00178843
     3.6000000       -0.00060082        0.00162356
     3.7000000       -0.00016814        0.00158030
     3.8000000       -0.00044339        0.00142320
     3.9000000       -0.00078815        0.00136078
     4.0000000       -0.00041224        0.00151554
     4.1000000       -0.00007957        0.00078241
     4.2000000       -0.00057402        0.00072521
     4.3000000        0.00144361        0.00105068
     4.4000000        0.00130658        0.00125955
     4.5000000        0.00057130        0.00162268
     4.6000000        0.00111285        0.00226384
     4.7000000       -0.00036229        0.00177451
     4.8000000        0.00024599        0.00176415
     4.9000000        0.00113515        0.00187110
     5.0000000        0.00244810        0.00070614
     5.1000000        0.00185823        0.00116397
     5.2000000        0.00139200        0.00142853
     5.3000000        0.00034556        0.00123495
     5.4000000        0.00206875        0.00121577
     5.5000000        0.00061165        0.00148224
     5.6000000       -0.00046370        0.00193655
     5.7000000        0.00057394        0.00040431
     5.8000000        0.00121643        0.00057708
     5.9000000        0.00043851        0.00088282
     6.0000000        0.00058949        0.00035466
     6.1000000        0.00055464        0.00091506
     6.2000000        0.00190801        0.00092832
     6.3000000        0.00009492        0.00131262
     6.4000000       -0.00108500        0.00244676
     6.5000000       -0.00108138        0.00219749
     6.6000000       -0.00092299        0.00094205
     6.7000000       -0.00321257        0.00213779
     6.8000000       -0.00231856        0.00164938
     6.9000000       -0.00218360        0.00158226
     7.0000000       -0.00249118        0.00222419
     7.1000000       -0.00149413        0.00145034
     7.2000000       -0.00211947        0.00057568
     7.3000000       -0.00132157        0.00106186
     7.4000000       -0.00186957        0.00049966
     7.5000000       -0.00079807        0.00087884
     7.6000000       -0.00121217        0.00197371
     7.7000000       -0.00092785        0.00153172
     7.8000000        0.00044051        0.00170181
     7.9000000        0.00015078        0.00102611
     8.0000000       -0.00021399        0.00074817
     8.1000000       -0.00077298        0.00081697
     8.2000000       -0.00009354        0.00123274
     8.3000000        0.00092770        0.00128229
     8.4000000        0.00116338        0.00155640
     8.5000000        0.00281636        0.00140887
     8.6000000        0.00143713        0.00041522
     8.7000000        0.00111722        0.00032924
     8.8000000       -0.00018872        0.00053823
     8.9000000       -0.00015995        0.00136779
     9.0000000        0.00187578        0.00151589
     9.1000000        0.00052818        0.00132052
     9.2000000       -0.00091532        0.00086424
     9.3000000       -0.00046680        0.00114778
     9.4000000       -0.00136354        0.00091205
     9.5000000       -0.00035210        0.00081340
     9.6000000       -0.00102852        0.00105399
     9.7000000       -0.00132057        0.00182104
     9.8000000       -0.00262291        0.00139051
     9.9000000       -0.00237973        0.00190740
    10.0000000       -0.00216338        0.00226420
    10.1000000       -0.00129084        0.00157635
    10.2000000        0.00053800        0.00090478
    10.3000000       -0.00097032        0.00152278
    10.4000000       -0.00026141        0.00133624
    10.5000000       -0.00140086        0.00202459
    10.6000000        0.00005010        0.00158856
    10.7000000        0.00082602        0.00109124
    10.8000000       -0.00006632        0.00135962
    10.9000000       -0.00104995        0.00092766
    11.0000000       -0.00218872        0.00187821
    11.1000000       -0.00334906        0.00188922
    11.2000000       -0.00311279        0.00179419
    11.3000000       -0.00321953        0.00163325
    11.4000000       -0.00306889        0.00148465
    11.5000000       -0.00366970        0.00188194
    11.6000000       -0.00342399        0.00188638
    11.7000000       -0.00283475        0.00278274
    11.8000000       -0.00177692        0.00258864
    11.9000000       -0.00079482        0.00200387
    12.0000000       -0.00004468        0.00230801
    12.1000000        0.00056546        0.00172249
    12.2000000        0.00119188        0.00115724
    12.3000000        0.00260047        0.00253370
    12.4000000        0.00068230        0.00082955
    12.5000000       -0.00048923        0.00057257
    12.6000000       -0.00066420        0.00088291
    12.7000000       -0.00101485        0.00167058
    12.8000000       -0.00020920        0.00087345
    12.9000000        0.00046623        0.00051625
    13.0000000        0.00053861        0.00125504
    13.1000000        0.00050523        0.00242690
    13.2000000        0.00085537        0.00228208
    13.3000000       -0.00016045        0.00218444
    13.4000000       -0.00061975        0.00165729
    13.5000000       -0.00182271        0.00113177
    13.6000000       -0.00194732        0.00133426
    13.7000000       -0.00129477        0.00142187
    13.8000000       -0.00168316        0.00025869
    13.9000000       -0.00070193        0.00052632
    14.0000000       -0.00056956        0.00078646
    14.1000000        0.00063369        0.00078416
    14.2000000        0.00053999        0.00071395
    14.3000000       -0.00006942        0.00085234
    14.4000000       -0.00122800        0.00076923
    14.5000000       -0.00092762        0.00140918
    14.6000000       -0.00215365        0.00183105
    14.7000000       -0.00287425        0.00155987
    14.8000000       -0.00033691        0.00171291
    14.9000000        0.00070449        0.00225478
    15.0000000        0.00029703        0.00263600
    15.1000000       -0.00022033        0.00285005
    15.2000000        0.00002143        0.00241308
    15.3000000        0.00028419        0.00139900
    15.4000000       -0.00082371        0.00117721
    15.5000000        0.00016364        0.00142799
    15.6000000       -0.00028638        0.00119881
    15.7000000       -0.00111490        0.00184027
    15.8000000       -0.00135859        0.00170288
    15.9000000       -0.00074167        0.00212514
    16.0000000       -0.00036964        0.00163078
    16.1000000       -0.00074478        0.00163885
    16.2000000        0.00061192        0.00181490
    16.3000000       -0.00017848        0.00148951
    16.4000000        0.00003456        0.00051446
    16.5000000        0.00110209        0.00153862
    16.6000000        0.00077368        0.00195922
    16.7000000        0.00010388        0.00133414
    16.8000000        0.00010171        0.00123875
    16.9000000        0.00007375        0.00150256
    17.0000000        0.00028065        0.00099784
    17.1000000        0.00040281        0.00134999
    17.2000000        0.00173921        0.00219095
    17.3000000        0.00253893        0.00231606
    17.4000000        0.00261827        0.00173993
    17.5000000        0.00222995        0.00136403
    17.6000000        0.00275222        0.00117258
    17.7000000        0.00424339        0.00119636
    17.8000000        0.00621980        0.00146675
    17.9000000        0.00801083        0.00173817
    18.0000000        0.00776909        0.00234439
    18.1000000        0.00667379        0.00204883
    18.2000000        0.00963381        0.00085174
    18.3000000        0.01262682        0.00171401
    18.4000000        0.01525587        0.00128291
    18.5000000        0.01973537        0.00058716
    18.6000000        0.02580328        0.00212293
    18.7000000        0.03544239        0.00144452
    18.8000000        0.04489243        0.00147299
    18.9000000        0.05849820        0.00207482
    19.0000000        0.07283353        0.00111731
    19.1000000        0.09287888        0.00094384
    19.2000000        0.12112536        0.00312181
    19.3000000        0.15690845        0.00146222
    19.4000000        0.20684860        0.00179849
    19.5000000        0.26727351        0.00343726
    19.6000000        0.34754017        0.00567442
    19.7000000        0.45036861        0.00455919
    19.8000000        0.59072415        0.01004771
    19.9000000        0.76386026        0.00598999
    20.0000000        0.99388798        0.00137606
