           2              (-3.1768844375526455,0.0000000000000000)   1.0000000000000000     
           2              (-3.1720283642674292,0.0000000000000000)   1.0000000000000000     
           2              (-3.2102593190897402,0.0000000000000000)   1.0000000000000000     
           2              (-3.1508465309313634,0.0000000000000000)   1.0000000000000000     
           2              (-3.1363999914258325,0.0000000000000000)   1.0000000000000000     
           2              (-3.1667751787893912,0.0000000000000000)   1.0000000000000000     
           2              (-3.1904922904106723,0.0000000000000000)   1.0000000000000000     
           2              (-3.1631429909387316,0.0000000000000000)   1.0000000000000000     
           2              (-3.1973117143406418,0.0000000000000000)   1.0000000000000000     
           2              (-3.2099473513453152,0.0000000000000000)   1.0000000000000000     
           2              (-3.1694670990674796,0.0000000000000000)   1.0000000000000000     
           2              (-3.2135764402641529,0.0000000000000000)   1.0000000000000000     
           2              (-3.2121489173812474,0.0000000000000000)   1.0000000000000000     
           2              (-3.1813918423939338,0.0000000000000000)   1.0000000000000000     
           2              (-3.2106646300384152,0.0000000000000000)   1.0000000000000000     
           2              (-3.1573524968640183,0.0000000000000000)   1.0000000000000000     
           2              (-3.1790161702790742,0.0000000000000000)   1.0000000000000000     
           2              (-3.1844838786521708,0.0000000000000000)   1.0000000000000000     
           2              (-3.2186697819069447,0.0000000000000000)   1.0000000000000000     
           2              (-3.1540890175748326,0.0000000000000000)   1.0000000000000000     
           2              (-3.2133398492470668,0.0000000000000000)   1.0000000000000000     
           2              (-3.1828057255203817,0.0000000000000000)   1.0000000000000000     
           2              (-3.1727684793588713,0.0000000000000000)   1.0000000000000000     
           2              (-3.1759423207019610,0.0000000000000000)   1.0000000000000000     
           2              (-3.2354384588023053,0.0000000000000000)   1.0000000000000000     
           2              (-3.2063843976665205,0.0000000000000000)   1.0000000000000000     
           2              (-3.1478195214509213,0.0000000000000000)   1.0000000000000000     
           2              (-3.1247444408128766,0.0000000000000000)   1.0000000000000000     
           2              (-3.2277021123880942,0.0000000000000000)   1.0000000000000000     
           2              (-3.1448522209297098,0.0000000000000000)   1.0000000000000000     
           2              (-3.1536368560583758,0.0000000000000000)   1.0000000000000000     
           2              (-3.1329723246187551,0.0000000000000000)   1.0000000000000000     
           2              (-3.1843558426632375,0.0000000000000000)   1.0000000000000000     
           2              (-3.2560695416407497,0.0000000000000000)   1.0000000000000000     
           2              (-3.1506056971652341,0.0000000000000000)   1.0000000000000000     
           2              (-3.2228055195501750,0.0000000000000000)   1.0000000000000000     
           2              (-3.2049192755465903,0.0000000000000000)   1.0000000000000000     
           2              (-3.1283049154665363,0.0000000000000000)   1.0000000000000000     
           2              (-3.1656907768186295,0.0000000000000000)   1.0000000000000000     
           2              (-3.2416204544034386,0.0000000000000000)   1.0000000000000000     
           2              (-3.1750363808859059,0.0000000000000000)   1.0000000000000000     
           2              (-3.2203353050396544,0.0000000000000000)   1.0000000000000000     
           2              (-3.2017686290984932,0.0000000000000000)   1.0000000000000000     
           2              (-3.2173497005628455,0.0000000000000000)   1.0000000000000000     
           2              (-3.1671334335510672,0.0000000000000000)   1.0000000000000000     
           2              (-3.2415071649174418,0.0000000000000000)   1.0000000000000000     
           2              (-3.1634933092782838,0.0000000000000000)   1.0000000000000000     
           2              (-3.1707928594121606,0.0000000000000000)   1.0000000000000000     
           2              (-3.1948480531791259,0.0000000000000000)   1.0000000000000000     
           2              (-3.1851012726263970,0.0000000000000000)   1.0000000000000000     
           2              (-3.1860782472096076,0.0000000000000000)   1.0000000000000000     
           2              (-3.1802544199312619,0.0000000000000000)   1.0000000000000000     
           2              (-3.1637118688309243,0.0000000000000000)   1.0000000000000000     
           2              (-3.2266615334405793,0.0000000000000000)   1.0000000000000000     
           2              (-3.1885555626983595,0.0000000000000000)   1.0000000000000000     
           2              (-3.2333955857809249,0.0000000000000000)   1.0000000000000000     
           2              (-3.2108040661382327,0.0000000000000000)   1.0000000000000000     
           2              (-3.2192077296026116,0.0000000000000000)   1.0000000000000000     
           2              (-3.2104163956919987,0.0000000000000000)   1.0000000000000000     
           2              (-3.1620675842162020,0.0000000000000000)   1.0000000000000000     
           2              (-3.1833859586555411,0.0000000000000000)   1.0000000000000000     
           2              (-3.2175411155940128,0.0000000000000000)   1.0000000000000000     
           2              (-3.2114932800996714,0.0000000000000000)   1.0000000000000000     
           2              (-3.1979660900890652,0.0000000000000000)   1.0000000000000000     
           2              (-3.2772245794367292,0.0000000000000000)   1.0000000000000000     
           2              (-3.1796881835616091,0.0000000000000000)   1.0000000000000000     
           2              (-3.2384557954328730,0.0000000000000000)   1.0000000000000000     
           2              (-3.1715688207683650,0.0000000000000000)   1.0000000000000000     
           2              (-3.1765656847936601,0.0000000000000000)   1.0000000000000000     
           2              (-3.2048417630437185,0.0000000000000000)   1.0000000000000000     
           2              (-3.1722521727085846,0.0000000000000000)   1.0000000000000000     
           2              (-3.1971497894350915,0.0000000000000000)   1.0000000000000000     
           2              (-3.2529318587558862,0.0000000000000000)   1.0000000000000000     
           2              (-3.1837774260724192,0.0000000000000000)   1.0000000000000000     
           2              (-3.2158900215182973,0.0000000000000000)   1.0000000000000000     
           2              (-3.1849245832254067,0.0000000000000000)   1.0000000000000000     
           2              (-3.1590014176981174,0.0000000000000000)   1.0000000000000000     
           2              (-3.1622289155482011,0.0000000000000000)   1.0000000000000000     
           2              (-3.1977987015639893,0.0000000000000000)   1.0000000000000000     
           2              (-3.1513781392698932,0.0000000000000000)   1.0000000000000000     
           2              (-3.1826412451348882,0.0000000000000000)   1.0000000000000000     
           2              (-3.2084520797182154,0.0000000000000000)   1.0000000000000000     
           2              (-3.1987132594730228,0.0000000000000000)   1.0000000000000000     
           2              (-3.2103568356518948,0.0000000000000000)   1.0000000000000000     
           2              (-3.2188232872016513,0.0000000000000000)   1.0000000000000000     
           2              (-3.1986174242946035,0.0000000000000000)   1.0000000000000000     
           2              (-3.2161508002355523,0.0000000000000000)   1.0000000000000000     
           2              (-3.2303982585847524,0.0000000000000000)   1.0000000000000000     
           2              (-3.1411236542180241,0.0000000000000000)   1.0000000000000000     
           2              (-3.2190500565025375,0.0000000000000000)   1.0000000000000000     
           2              (-3.1983565856468470,0.0000000000000000)   1.0000000000000000     
           2              (-3.2366883577874459,0.0000000000000000)   1.0000000000000000     
           2              (-3.1978100447025510,0.0000000000000000)   1.0000000000000000     
           2              (-3.1627826960643124,0.0000000000000000)   1.0000000000000000     
           2              (-3.2170929765930398,0.0000000000000000)   1.0000000000000000     
           2              (-3.1858753985427635,0.0000000000000000)   1.0000000000000000     
           2              (-3.1440353231862517,0.0000000000000000)   1.0000000000000000     
           2              (-3.1858690189304926,0.0000000000000000)   1.0000000000000000     
           2              (-3.2577788732073536,0.0000000000000000)   1.0000000000000000     
           2              (-3.1908291724276125,0.0000000000000000)   1.0000000000000000     
           2              (-3.1727051484453761,0.0000000000000000)   1.0000000000000000     
           2              (-3.1926826293507173,0.0000000000000000)   1.0000000000000000     
           2              (-3.1768844375526455,0.0000000000000000)   1.0000000000000000     
           2              (-3.1720283642674292,0.0000000000000000)   1.0000000000000000     
           2              (-3.2102593190897402,0.0000000000000000)   1.0000000000000000     
           2              (-3.1508465309313634,0.0000000000000000)   1.0000000000000000     
           2              (-3.1363999914258325,0.0000000000000000)   1.0000000000000000     
           2              (-3.1667751787893912,0.0000000000000000)   1.0000000000000000     
           2              (-3.1904922904106723,0.0000000000000000)   1.0000000000000000     
           2              (-3.1631429909387316,0.0000000000000000)   1.0000000000000000     
           2              (-3.1973117143406418,0.0000000000000000)   1.0000000000000000     
           2              (-3.2099473513453152,0.0000000000000000)   1.0000000000000000     
           2              (-3.1694670990674796,0.0000000000000000)   1.0000000000000000     
           2              (-3.2135764402641529,0.0000000000000000)   1.0000000000000000     
           2              (-3.2121489173812474,0.0000000000000000)   1.0000000000000000     
           2              (-3.1813918423939338,0.0000000000000000)   1.0000000000000000     
           2              (-3.2106646300384152,0.0000000000000000)   1.0000000000000000     
           2              (-3.1573524968640183,0.0000000000000000)   1.0000000000000000     
           2              (-3.1790161702790742,0.0000000000000000)   1.0000000000000000     
           2              (-3.1844838786521708,0.0000000000000000)   1.0000000000000000     
           2              (-3.2186697819069447,0.0000000000000000)   1.0000000000000000     
           2              (-3.1540890175748326,0.0000000000000000)   1.0000000000000000     
           2              (-3.2133398492470668,0.0000000000000000)   1.0000000000000000     
           2              (-3.1828057255203817,0.0000000000000000)   1.0000000000000000     
           2              (-3.1727684793588713,0.0000000000000000)   1.0000000000000000     
           2              (-3.1759423207019610,0.0000000000000000)   1.0000000000000000     
           2              (-3.2354384588023053,0.0000000000000000)   1.0000000000000000     
           2              (-3.2063843976665205,0.0000000000000000)   1.0000000000000000     
           2              (-3.1478195214509213,0.0000000000000000)   1.0000000000000000     
           2              (-3.1247444408128766,0.0000000000000000)   1.0000000000000000     
           2              (-3.2277021123880942,0.0000000000000000)   1.0000000000000000     
           2              (-3.1448522209297098,0.0000000000000000)   1.0000000000000000     
           2              (-3.1536368560583758,0.0000000000000000)   1.0000000000000000     
           2              (-3.1329723246187551,0.0000000000000000)   1.0000000000000000     
           2              (-3.1843558426632375,0.0000000000000000)   1.0000000000000000     
           2              (-3.2560695416407497,0.0000000000000000)   1.0000000000000000     
           2              (-3.1506056971652341,0.0000000000000000)   1.0000000000000000     
           2              (-3.2228055195501750,0.0000000000000000)   1.0000000000000000     
           2              (-3.2049192755465903,0.0000000000000000)   1.0000000000000000     
           2              (-3.1283049154665363,0.0000000000000000)   1.0000000000000000     
           2              (-3.1656907768186295,0.0000000000000000)   1.0000000000000000     
           2              (-3.2416204544034386,0.0000000000000000)   1.0000000000000000     
           2              (-3.1750363808859059,0.0000000000000000)   1.0000000000000000     
           2              (-3.2203353050396544,0.0000000000000000)   1.0000000000000000     
           2              (-3.2017686290984932,0.0000000000000000)   1.0000000000000000     
           2              (-3.2173497005628455,0.0000000000000000)   1.0000000000000000     
           2              (-3.1671334335510672,0.0000000000000000)   1.0000000000000000     
           2              (-3.2415071649174418,0.0000000000000000)   1.0000000000000000     
           2              (-3.1634933092782838,0.0000000000000000)   1.0000000000000000     
           2              (-3.1707928594121606,0.0000000000000000)   1.0000000000000000     
           2              (-3.1948480531791259,0.0000000000000000)   1.0000000000000000     
           2              (-3.1851012726263970,0.0000000000000000)   1.0000000000000000     
           2              (-3.1860782472096076,0.0000000000000000)   1.0000000000000000     
           2              (-3.1802544199312619,0.0000000000000000)   1.0000000000000000     
           2              (-3.1637118688309243,0.0000000000000000)   1.0000000000000000     
           2              (-3.2266615334405793,0.0000000000000000)   1.0000000000000000     
           2              (-3.1885555626983595,0.0000000000000000)   1.0000000000000000     
           2              (-3.2333955857809249,0.0000000000000000)   1.0000000000000000     
           2              (-3.2108040661382327,0.0000000000000000)   1.0000000000000000     
           2              (-3.2192077296026116,0.0000000000000000)   1.0000000000000000     
           2              (-3.2104163956919987,0.0000000000000000)   1.0000000000000000     
           2              (-3.1620675842162020,0.0000000000000000)   1.0000000000000000     
           2              (-3.1833859586555411,0.0000000000000000)   1.0000000000000000     
           2              (-3.2175411155940128,0.0000000000000000)   1.0000000000000000     
           2              (-3.2114932800996714,0.0000000000000000)   1.0000000000000000     
           2              (-3.1979660900890652,0.0000000000000000)   1.0000000000000000     
           2              (-3.2772245794367292,0.0000000000000000)   1.0000000000000000     
           2              (-3.1796881835616091,0.0000000000000000)   1.0000000000000000     
           2              (-3.2384557954328730,0.0000000000000000)   1.0000000000000000     
           2              (-3.1715688207683650,0.0000000000000000)   1.0000000000000000     
           2              (-3.1765656847936601,0.0000000000000000)   1.0000000000000000     
           2              (-3.2048417630437185,0.0000000000000000)   1.0000000000000000     
           2              (-3.1722521727085846,0.0000000000000000)   1.0000000000000000     
           2              (-3.1971497894350915,0.0000000000000000)   1.0000000000000000     
           2              (-3.2529318587558862,0.0000000000000000)   1.0000000000000000     
           2              (-3.1837774260724192,0.0000000000000000)   1.0000000000000000     
           2              (-3.2158900215182973,0.0000000000000000)   1.0000000000000000     
           2              (-3.1849245832254067,0.0000000000000000)   1.0000000000000000     
           2              (-3.1590014176981174,0.0000000000000000)   1.0000000000000000     
           2              (-3.1622289155482011,0.0000000000000000)   1.0000000000000000     
           2              (-3.1977987015639893,0.0000000000000000)   1.0000000000000000     
           2              (-3.1513781392698932,0.0000000000000000)   1.0000000000000000     
           2              (-3.1826412451348882,0.0000000000000000)   1.0000000000000000     
           2              (-3.2084520797182154,0.0000000000000000)   1.0000000000000000     
           2              (-3.1987132594730228,0.0000000000000000)   1.0000000000000000     
           2              (-3.2103568356518948,0.0000000000000000)   1.0000000000000000     
           2              (-3.2188232872016513,0.0000000000000000)   1.0000000000000000     
           2              (-3.1986174242946035,0.0000000000000000)   1.0000000000000000     
           2              (-3.2161508002355523,0.0000000000000000)   1.0000000000000000     
           2              (-3.2303982585847524,0.0000000000000000)   1.0000000000000000     
           2              (-3.1411236542180241,0.0000000000000000)   1.0000000000000000     
           2              (-3.2190500565025375,0.0000000000000000)   1.0000000000000000     
           2              (-3.1983565856468470,0.0000000000000000)   1.0000000000000000     
           2              (-3.2366883577874459,0.0000000000000000)   1.0000000000000000     
           2              (-3.1978100447025510,0.0000000000000000)   1.0000000000000000     
           2              (-3.1627826960643124,0.0000000000000000)   1.0000000000000000     
           2              (-3.2170929765930398,0.0000000000000000)   1.0000000000000000     
           2              (-3.1858753985427635,0.0000000000000000)   1.0000000000000000     
           2              (-3.1440353231862517,0.0000000000000000)   1.0000000000000000     
           2              (-3.1858690189304926,0.0000000000000000)   1.0000000000000000     
           2              (-3.2577788732073536,0.0000000000000000)   1.0000000000000000     
           2              (-3.1908291724276125,0.0000000000000000)   1.0000000000000000     
           2              (-3.1727051484453761,0.0000000000000000)   1.0000000000000000     
           2              (-3.1926826293507173,0.0000000000000000)   1.0000000000000000     
           2              (-3.1690486614493305,0.0000000000000000)   1.0000000000000000     
           2              (-3.2137063999395621,0.0000000000000000)   1.0000000000000000     
           2              (-3.2090322180142801,0.0000000000000000)   1.0000000000000000     
           2              (-3.2080289189458484,0.0000000000000000)   1.0000000000000000     
           2              (-3.1877488468238280,0.0000000000000000)   1.0000000000000000     
           2              (-3.1411419781255225,0.0000000000000000)   1.0000000000000000     
           2              (-3.1578148964508794,0.0000000000000000)   1.0000000000000000     
           2              (-3.1007996691971331,0.0000000000000000)   1.0000000000000000     
           2              (-3.2068578751591872,0.0000000000000000)   1.0000000000000000     
           2              (-3.1934155370031041,0.0000000000000000)   1.0000000000000000     
           2              (-3.1681296457390680,0.0000000000000000)   1.0000000000000000     
           2              (-3.2509963648016447,0.0000000000000000)   1.0000000000000000     
           2              (-3.1451733282677017,0.0000000000000000)   1.0000000000000000     
           2              (-3.1787298006556810,0.0000000000000000)   1.0000000000000000     
           2              (-3.1915625818620876,0.0000000000000000)   1.0000000000000000     
           2              (-3.1892910739647231,0.0000000000000000)   1.0000000000000000     
           2              (-3.1867535949632488,0.0000000000000000)   1.0000000000000000     
           2              (-3.1783026651895989,0.0000000000000000)   1.0000000000000000     
           2              (-3.2019427535116534,0.0000000000000000)   1.0000000000000000     
           2              (-3.1809387841318544,0.0000000000000000)   1.0000000000000000     
           2              (-3.1825100510336557,0.0000000000000000)   1.0000000000000000     
           2              (-3.2620943379059426,0.0000000000000000)   1.0000000000000000     
           2              (-3.1776783960581247,0.0000000000000000)   1.0000000000000000     
           2              (-3.1961782238020136,0.0000000000000000)   1.0000000000000000     
           2              (-3.1409881895128064,0.0000000000000000)   1.0000000000000000     
           2              (-3.1744468931977066,0.0000000000000000)   1.0000000000000000     
           2              (-3.2114670269459813,0.0000000000000000)   1.0000000000000000     
           2              (-3.1835227958300303,0.0000000000000000)   1.0000000000000000     
           2              (-3.1839540585050221,0.0000000000000000)   1.0000000000000000     
           2              (-3.1963594832341622,0.0000000000000000)   1.0000000000000000     
           2              (-3.2244411534919477,0.0000000000000000)   1.0000000000000000     
           2              (-3.1887964001847324,0.0000000000000000)   1.0000000000000000     
           2              (-3.1810803051998571,0.0000000000000000)   1.0000000000000000     
           2              (-3.1701489799128906,0.0000000000000000)   1.0000000000000000     
           2              (-3.2011053839433439,0.0000000000000000)   1.0000000000000000     
           2              (-3.1873061720838893,0.0000000000000000)   1.0000000000000000     
           2              (-3.1874080090348698,0.0000000000000000)   1.0000000000000000     
           2              (-3.1872793229698684,0.0000000000000000)   1.0000000000000000     
           2              (-3.1628581685395289,0.0000000000000000)   1.0000000000000000     
           2              (-3.1593376758803418,0.0000000000000000)   1.0000000000000000     
           2              (-3.1291736145618763,0.0000000000000000)   1.0000000000000000     
           2              (-3.1882475101935039,0.0000000000000000)   1.0000000000000000     
           2              (-3.1953785900693186,0.0000000000000000)   1.0000000000000000     
           2              (-3.2015427043513811,0.0000000000000000)   1.0000000000000000     
           2              (-3.1931316744732681,0.0000000000000000)   1.0000000000000000     
           2              (-3.1603174407089036,0.0000000000000000)   1.0000000000000000     
           2              (-3.1877076189838283,0.0000000000000000)   1.0000000000000000     
           2              (-3.2248786733502164,0.0000000000000000)   1.0000000000000000     
           2              (-3.1911035715290796,0.0000000000000000)   1.0000000000000000     
           2              (-3.2183983682045878,0.0000000000000000)   1.0000000000000000     
           2              (-3.1703526713297872,0.0000000000000000)   1.0000000000000000     
           2              (-3.1676707972440710,0.0000000000000000)   1.0000000000000000     
           2              (-3.1944441412853046,0.0000000000000000)   1.0000000000000000     
           2              (-3.1659381284572512,0.0000000000000000)   1.0000000000000000     
           2              (-3.2284926135999434,0.0000000000000000)   1.0000000000000000     
           2              (-3.1753413686420489,0.0000000000000000)   1.0000000000000000     
           2              (-3.2066096248641949,0.0000000000000000)   1.0000000000000000     
           2              (-3.1602382798284352,0.0000000000000000)   1.0000000000000000     
           2              (-3.2221979910577754,0.0000000000000000)   1.0000000000000000     
           2              (-3.1614706856060346,0.0000000000000000)   1.0000000000000000     
           2              (-3.1507178103757827,0.0000000000000000)   1.0000000000000000     
           2              (-3.1894449077866271,0.0000000000000000)   1.0000000000000000     
           2              (-3.1612056149636638,0.0000000000000000)   1.0000000000000000     
           2              (-3.1726980638323576,0.0000000000000000)   1.0000000000000000     
           2              (-3.1322131744932333,0.0000000000000000)   1.0000000000000000     
           2              (-3.2247727641685628,0.0000000000000000)   1.0000000000000000     
           2              (-3.1901529901973675,0.0000000000000000)   1.0000000000000000     
           2              (-3.1729301051887511,0.0000000000000000)   1.0000000000000000     
           2              (-3.1222437733306263,0.0000000000000000)   1.0000000000000000     
           2              (-3.1585290604293355,0.0000000000000000)   1.0000000000000000     
           2              (-3.2003536888187929,0.0000000000000000)   1.0000000000000000     
           2              (-3.1637432825800298,0.0000000000000000)   1.0000000000000000     
           2              (-3.1577818100610799,0.0000000000000000)   1.0000000000000000     
           2              (-3.2143175505731505,0.0000000000000000)   1.0000000000000000     
           2              (-3.1935610746314596,0.0000000000000000)   1.0000000000000000     
           2              (-3.2134457125266138,0.0000000000000000)   1.0000000000000000     
           2              (-3.2192781434591424,0.0000000000000000)   1.0000000000000000     
           2              (-3.2214559511949372,0.0000000000000000)   1.0000000000000000     
           2              (-3.1970289176423856,0.0000000000000000)   1.0000000000000000     
           2              (-3.2226674227540006,0.0000000000000000)   1.0000000000000000     
           2              (-3.2357205218061202,0.0000000000000000)   1.0000000000000000     
           2              (-3.2106057291917791,0.0000000000000000)   1.0000000000000000     
           2              (-3.1831867014882116,0.0000000000000000)   1.0000000000000000     
           2              (-3.1907429628688635,0.0000000000000000)   1.0000000000000000     
           2              (-3.1822266975418061,0.0000000000000000)   1.0000000000000000     
           2              (-3.1577253048400893,0.0000000000000000)   1.0000000000000000     
           2              (-3.2369306682503565,0.0000000000000000)   1.0000000000000000     
           2              (-3.1813198795385249,0.0000000000000000)   1.0000000000000000     
           2              (-3.1510613641386640,0.0000000000000000)   1.0000000000000000     
           2              (-3.2137344498820815,0.0000000000000000)   1.0000000000000000     
           2              (-3.2230336514369107,0.0000000000000000)   1.0000000000000000     
           2              (-3.2176784470237170,0.0000000000000000)   1.0000000000000000     
           2              (-3.2109678765241703,0.0000000000000000)   1.0000000000000000     
           2              (-3.2159001338015019,0.0000000000000000)   1.0000000000000000     
           2              (-3.1989981792610318,0.0000000000000000)   1.0000000000000000     
           2              (-3.1812155277075913,0.0000000000000000)   1.0000000000000000     
           2              (-3.2047498173652911,0.0000000000000000)   1.0000000000000000     
           2              (-3.1565289092566444,0.0000000000000000)   1.0000000000000000     
           2              (-3.1801878113984712,0.0000000000000000)   1.0000000000000000     
           2              (-3.1932929138393451,0.0000000000000000)   1.0000000000000000     
           2              (-3.2114233028779462,0.0000000000000000)   1.0000000000000000     
