         101           4   20.000000000000000                1
     0.0000000        0.24866991        0.00228104
     0.1000000        0.18433355        0.00131335
     0.2000000        0.13471626        0.00195348
     0.3000000        0.10037522        0.00199775
     0.4000000        0.07529788        0.00200858
     0.5000000        0.05582095        0.00132433
     0.6000000        0.04152102        0.00213008
     0.7000000        0.03060034        0.00163406
     0.8000000        0.02352707        0.00066373
     0.9000000        0.01771449        0.00096310
     1.0000000        0.01254875        0.00064377
     1.1000000        0.00933596        0.00085885
     1.2000000        0.00660093        0.00119312
     1.3000000        0.00503511        0.00074525
     1.4000000        0.00353000        0.00138131
     1.5000000        0.00235339        0.00080390
     1.6000000        0.00106039        0.00079345
     1.7000000        0.00159194        0.00047327
     1.8000000        0.00107195        0.00054234
     1.9000000       -0.00062971        0.00061502
     2.0000000        0.00008974        0.00070186
     2.1000000        0.00081159        0.00058947
     2.2000000        0.00055318        0.00110782
     2.3000000        0.00004262        0.00106518
     2.4000000        0.00120112        0.00124591
     2.5000000        0.00043778        0.00034848
     2.6000000        0.00067643        0.00061911
     2.7000000        0.00134630        0.00091748
     2.8000000        0.00077182        0.00081371
     2.9000000        0.00014142        0.00066106
     3.0000000        0.00031023        0.00041811
     3.1000000        0.00016726        0.00007180
     3.2000000       -0.00052258        0.00022011
     3.3000000        0.00057485        0.00049759
     3.4000000        0.00072526        0.00060945
     3.5000000        0.00038718        0.00033853
     3.6000000        0.00021204        0.00026914
     3.7000000       -0.00005275        0.00039736
     3.8000000        0.00008863        0.00073477
     3.9000000        0.00012343        0.00101609
     4.0000000       -0.00045419        0.00187111
     4.1000000       -0.00104593        0.00135595
     4.2000000       -0.00062440        0.00025626
     4.3000000       -0.00067405        0.00038270
     4.4000000       -0.00079009        0.00029499
     4.5000000       -0.00064289        0.00051648
     4.6000000       -0.00078745        0.00079506
     4.7000000       -0.00036795        0.00063305
     4.8000000       -0.00152675        0.00148402
     4.9000000       -0.00090995        0.00051819
     5.0000000       -0.00062719        0.00082026
     5.1000000        0.00098492        0.00108516
     5.2000000        0.00121867        0.00087031
     5.3000000        0.01040813        0.01000465
     5.4000000        0.00071133        0.00082567
     5.5000000       -0.00174156        0.00207589
     5.6000000        0.00083585        0.00089631
     5.7000000        0.00014780        0.00134233
     5.8000000       -0.00145874        0.00264915
     5.9000000        0.00048406        0.00146823
     6.0000000       -0.00019547        0.00123414
     6.1000000        0.00164919        0.00061535
     6.2000000       -0.00021251        0.00203611
     6.3000000        0.00085191        0.00144398
     6.4000000        0.00023313        0.00162203
     6.5000000        0.00156135        0.00090234
     6.6000000        0.00134712        0.00058823
     6.7000000        0.00251535        0.00120475
     6.8000000        0.00187130        0.00221659
     6.9000000        0.00387925        0.00445541
     7.0000000        0.00049107        0.00141385
     7.1000000        0.00242448        0.00274135
     7.2000000        0.00057476        0.00159094
     7.3000000        0.00152847        0.00181752
     7.4000000        0.00148131        0.00087570
     7.5000000        0.00122476        0.00124501
     7.6000000        0.00353812        0.00309096
     7.7000000        0.00061114        0.00099635
     7.8000000        0.00036088        0.00147364
     7.9000000        0.00008093        0.00125267
     8.0000000        0.00071612        0.00063142
     8.1000000        0.00107033        0.00099032
     8.2000000        0.00072013        0.00032154
     8.3000000        0.00044766        0.00036681
     8.4000000       -0.00000416        0.00063388
     8.5000000        0.00043995        0.00039704
     8.6000000        0.00073585        0.00123308
     8.7000000        0.00068833        0.00044762
     8.8000000       -0.00049903        0.00092957
     8.9000000       -0.00009565        0.00036267
     9.0000000        0.00025550        0.00019118
     9.1000000        0.00076160        0.00117399
     9.2000000       -0.00037566        0.00055148
     9.3000000        0.00003614        0.00038901
     9.4000000        0.00078842        0.00132677
     9.5000000        0.00059783        0.00102463
     9.6000000        0.00125298        0.00160205
     9.7000000        0.00187388        0.00224326
     9.8000000        0.00178841        0.00258815
     9.9000000       -0.00046413        0.00053401
    10.0000000       -0.00202975        0.00213609
