         201           4   20.000000000000000                1
     0.0000000        0.99388798        0.00137606
     0.1000000        0.75623880        0.00497986
     0.2000000        0.57570132        0.00573049
     0.3000000        0.44880017        0.00831307
     0.4000000        0.33973528        0.00407165
     0.5000000        0.26264639        0.00247995
     0.6000000        0.20161906        0.00481558
     0.7000000        0.15430644        0.00463257
     0.8000000        0.11747340        0.00504986
     0.9000000        0.09008807        0.00267709
     1.0000000        0.06728152        0.00307847
     1.1000000        0.05283865        0.00031732
     1.2000000        0.03909380        0.00124366
     1.3000000        0.03151347        0.00037911
     1.4000000        0.02595799        0.00141192
     1.5000000        0.01978095        0.00115215
     1.6000000        0.01458493        0.00164502
     1.7000000        0.01061376        0.00291629
     1.8000000        0.00782510        0.00335486
     1.9000000        0.00565709        0.00259588
     2.0000000        0.00493538        0.00159809
     2.1000000        0.00346719        0.00225419
     2.2000000        0.00167948        0.00229799
     2.3000000       -0.00054900        0.00308595
     2.4000000       -0.00118257        0.00258646
     2.5000000       -0.00068476        0.00145397
     2.6000000        0.00039708        0.00104756
     2.7000000        0.00088019        0.00210628
     2.8000000       -0.00034852        0.00131198
     2.9000000        0.00209497        0.00121520
     3.0000000        0.00092064        0.00095714
     3.1000000       -0.00020819        0.00111834
     3.2000000        0.00088702        0.00175339
     3.3000000        0.00254677        0.00169667
     3.4000000        0.00091098        0.00092843
     3.5000000        0.00096050        0.00082913
     3.6000000       -0.00015902        0.00134138
     3.7000000        0.00109976        0.00143214
     3.8000000       -0.00035703        0.00137409
     3.9000000       -0.00051400        0.00125350
     4.0000000        0.00092519        0.00146985
     4.1000000        0.00141672        0.00090836
     4.2000000        0.00113266        0.00088759
     4.3000000        0.00216748        0.00204642
     4.4000000        0.00262031        0.00106732
     4.5000000        0.00282771        0.00096647
     4.6000000        0.00447974        0.00108473
     4.7000000        0.00175578        0.00176248
     4.8000000        0.00082857        0.00166917
     4.9000000       -0.00049513        0.00081587
     5.0000000       -0.00102411        0.00068043
     5.1000000       -0.00115092        0.00141349
     5.2000000       -0.00275322        0.00251272
     5.3000000       -0.00436769        0.00365978
     5.4000000       -0.00298593        0.00335099
     5.5000000       -0.00244446        0.00280598
     5.6000000       -0.00161872        0.00284722
     5.7000000       -0.00123216        0.00282110
     5.8000000       -0.00120002        0.00191253
     5.9000000       -0.00165950        0.00162613
     6.0000000       -0.00017732        0.00069636
     6.1000000       -0.00037056        0.00216721
     6.2000000       -0.00141218        0.00183724
     6.3000000       -0.00285946        0.00155144
     6.4000000       -0.00218135        0.00156598
     6.5000000       -0.00223604        0.00057529
     6.6000000       -0.00161519        0.00077893
     6.7000000       -0.00027649        0.00076266
     6.8000000        0.00138235        0.00188687
     6.9000000        0.00287347        0.00265299
     7.0000000        0.00144808        0.00175926
     7.1000000        0.00275904        0.00263552
     7.2000000        0.00318684        0.00208405
     7.3000000        0.00343124        0.00239443
     7.4000000        0.00286285        0.00117407
     7.5000000        0.00355445        0.00116085
     7.6000000        0.00273155        0.00139848
     7.7000000        0.00280716        0.00194915
     7.8000000        0.00201902        0.00267633
     7.9000000        0.00162437        0.00221221
     8.0000000        0.00194912        0.00164700
     8.1000000        0.00252001        0.00222834
     8.2000000        0.00113056        0.00215131
     8.3000000        0.00060997        0.00130241
     8.4000000        0.00159036        0.00177769
     8.5000000       -0.00032925        0.00097970
     8.6000000       -0.00126872        0.00206269
     8.7000000       -0.00191331        0.00174382
     8.8000000       -0.00179892        0.00145188
     8.9000000       -0.00148130        0.00117488
     9.0000000       -0.00186238        0.00185368
     9.1000000       -0.00103612        0.00105217
     9.2000000       -0.00116431        0.00062809
     9.3000000       -0.00162337        0.00086994
     9.4000000       -0.00201580        0.00092281
     9.5000000       -0.00031112        0.00060405
     9.6000000       -0.00051607        0.00029973
     9.7000000        0.00109277        0.00233268
     9.8000000        0.00089085        0.00325793
     9.9000000        0.00133089        0.00256042
    10.0000000        0.00283647        0.00237808
    10.1000000        0.00212981        0.00195323
    10.2000000        0.00203825        0.00192271
    10.3000000        0.00172074        0.00229569
    10.4000000        0.00015160        0.00030231
    10.5000000        0.00007094        0.00106433
    10.6000000       -0.00007893        0.00088134
    10.7000000       -0.00010425        0.00179506
    10.8000000       -0.00062723        0.00194600
    10.9000000       -0.00041808        0.00106776
    11.0000000       -0.00185763        0.00094580
    11.1000000       -0.00124979        0.00110646
    11.2000000       -0.00146170        0.00170004
    11.3000000       -0.00001694        0.00227942
    11.4000000        0.00003347        0.00211931
    11.5000000        0.00047468        0.00133727
    11.6000000        0.00062926        0.00039611
    11.7000000        0.00072307        0.00113703
    11.8000000       -0.00094680        0.00225808
    11.9000000       -0.00013963        0.00136711
    12.0000000       -0.00176212        0.00207873
    12.1000000       -0.00128509        0.00110591
    12.2000000       -0.00150811        0.00091163
    12.3000000       -0.00145634        0.00153150
    12.4000000       -0.00057280        0.00074418
    12.5000000        0.00097309        0.00090262
    12.6000000        0.00015703        0.00139774
    12.7000000        0.00058299        0.00166759
    12.8000000        0.00098995        0.00091186
    12.9000000        0.00152186        0.00094735
    13.0000000        0.00019117        0.00160264
    13.1000000        0.00087177        0.00066917
    13.2000000        0.00022495        0.00063493
    13.3000000        0.00097101        0.00140812
    13.4000000        0.00175974        0.00210132
    13.5000000        0.00146443        0.00230409
    13.6000000        0.00151435        0.00179786
    13.7000000        0.00141550        0.00205005
    13.8000000        0.00119843        0.00078403
    13.9000000        0.00133798        0.00069709
    14.0000000        0.00158162        0.00146540
    14.1000000        0.00064849        0.00136035
    14.2000000       -0.00001456        0.00077903
    14.3000000        0.00124188        0.00021103
    14.4000000        0.00058256        0.00098368
    14.5000000        0.00175794        0.00119098
    14.6000000        0.00029936        0.00108525
    14.7000000       -0.00046651        0.00205885
    14.8000000       -0.00035620        0.00178179
    14.9000000       -0.00039066        0.00155392
    15.0000000        0.00163631        0.00173517
    15.1000000        0.00034656        0.00194889
    15.2000000        0.00131426        0.00178692
    15.3000000        0.00065171        0.00119221
    15.4000000       -0.00003950        0.00138723
    15.5000000       -0.00095749        0.00086708
    15.6000000       -0.00184350        0.00046935
    15.7000000       -0.00099528        0.00092504
    15.8000000       -0.00045639        0.00082324
    15.9000000        0.00038461        0.00084854
    16.0000000        0.00004511        0.00059683
    16.1000000       -0.00031128        0.00080241
    16.2000000        0.00063336        0.00132672
    16.3000000        0.00100405        0.00048441
    16.4000000        0.00031244        0.00019071
    16.5000000        0.00129074        0.00052703
    16.6000000        0.00198790        0.00085956
    16.7000000        0.00153026        0.00073794
    16.8000000        0.00239377        0.00164861
    16.9000000        0.00237652        0.00227752
    17.0000000        0.00245350        0.00150596
    17.1000000        0.00113033        0.00083906
    17.2000000        0.00020775        0.00077028
    17.3000000       -0.00000150        0.00181113
    17.4000000        0.00020515        0.00124288
    17.5000000       -0.00090023        0.00145174
    17.6000000        0.00024344        0.00148143
    17.7000000        0.00042469        0.00032988
    17.8000000        0.00010412        0.00064444
    17.9000000       -0.00069351        0.00160479
    18.0000000        0.00089047        0.00163004
    18.1000000        0.00041061        0.00097148
    18.2000000        0.00058447        0.00009757
    18.3000000        0.00090025        0.00085493
    18.4000000        0.00011053        0.00126619
    18.5000000       -0.00030053        0.00103031
    18.6000000       -0.00045450        0.00154713
    18.7000000       -0.00023786        0.00234570
    18.8000000        0.00004118        0.00232353
    18.9000000       -0.00117336        0.00170165
    19.0000000        0.00000686        0.00122919
    19.1000000       -0.00041824        0.00186439
    19.2000000       -0.00125257        0.00079912
    19.3000000        0.00077376        0.00068326
    19.4000000        0.00264165        0.00149869
    19.5000000        0.00408494        0.00179050
    19.6000000        0.00401526        0.00162756
    19.7000000        0.00388045        0.00121378
    19.8000000        0.00680298        0.00157697
    19.9000000        0.00746292        0.00083450
    20.0000000        0.00611202        0.00137606
