     0.0000000        0.05887874        0.02270805
     0.1000000        0.03500346        0.01820760
     0.2000000        0.04757746        0.01944238
     0.3000000        0.04682195        0.01863386
     0.4000000        0.04931217        0.01291752
     0.5000000        0.06458571        0.02602247
     0.6000000        0.01639798        0.03239923
     0.7000000        0.03804637        0.04494767
     0.8000000        0.10625621        0.14504592
     0.9000000        0.00785071        0.05445211
     1.0000000        0.06505923        0.03271553
     1.1000000        0.06788434        0.05031830
     1.2000000        0.00691708        0.02049040
     1.3000000       -0.03414349        0.06534317
     1.4000000       -0.12887382        0.12390102
     1.5000000       -0.06228857        0.05176735
     1.6000000       -0.01366683        0.02055236
     1.7000000       -0.03109774        0.04514474
     1.8000000        0.00086359        0.02067928
     1.9000000       -0.05375489        0.06053399
     2.0000000       -0.07972818        0.10336494
     2.1000000        0.10526055        0.08820362
     2.2000000        0.02150664        0.01099614
     2.3000000        0.01606392        0.01696016
     2.4000000        0.00658621        0.01186952
     2.5000000       -0.00751956        0.01295098
     2.6000000        0.00839176        0.01250909
     2.7000000       -0.00659691        0.01120160
     2.8000000       -0.02986719        0.02788963
     2.9000000       -0.00399129        0.00241875
     3.0000000       -0.01421416        0.02483665
     3.1000000        0.00819922        0.00415490
     3.2000000        0.01124899        0.00646221
     3.3000000        0.00281297        0.00521157
     3.4000000        0.00056623        0.00297948
     3.5000000        0.00239598        0.00248752
     3.6000000       -0.00018171        0.00296446
     3.7000000       -0.00951391        0.00999911
     3.8000000       -0.00270602        0.00332847
     3.9000000       -0.00410239        0.00325899
     4.0000000        0.00193084        0.00338226
     4.1000000        0.00940592        0.00562203
     4.2000000        0.00456730        0.00665818
     4.3000000        0.00160677        0.00225353
     4.4000000        0.00383278        0.00501702
     4.5000000        0.00236406        0.00125860
     4.6000000        0.00423183        0.00270905
     4.7000000       -0.00063902        0.00266294
     4.8000000       -0.00137154        0.00229394
     4.9000000       -0.00233447        0.00324944
     5.0000000       -0.00505199        0.00778830
     5.1000000       -0.01335452        0.01796958
     5.2000000        0.00362334        0.00202199
     5.3000000        0.00020083        0.00254104
     5.4000000        0.00845804        0.01293158
     5.5000000        0.00412896        0.00568339
     5.6000000        0.01426369        0.01737291
     5.7000000        0.00974614        0.00792872
     5.8000000        0.00378644        0.00340938
     5.9000000        0.00245435        0.00149868
     6.0000000        0.00202032        0.00126695
     6.1000000        0.00293002        0.00186089
     6.2000000       -0.00090543        0.00253911
     6.3000000        0.00518553        0.00497605
     6.4000000        0.00696512        0.00988262
     6.5000000        0.01468110        0.00752955
     6.6000000        0.02467669        0.01377372
     6.7000000        0.01097207        0.01051318
     6.8000000       -0.00097073        0.00319622
     6.9000000        0.01218694        0.01467864
     7.0000000       -0.00264893        0.00242724
     7.1000000        0.00386831        0.01097906
     7.2000000       -0.00537133        0.00867351
     7.3000000       -0.02008132        0.01812915
     7.4000000       -0.01649240        0.01364857
     7.5000000        0.00384734        0.00837346
     7.6000000        0.01449355        0.01488099
     7.7000000       -0.00127354        0.00740065
     7.8000000       -0.02271412        0.01963291
     7.9000000       -0.00138080        0.00566310
     8.0000000       -0.00557590        0.01093556
     8.1000000        0.01629864        0.03911944
     8.2000000       -0.00454088        0.01373331
     8.3000000       -0.00139834        0.02549759
     8.4000000        0.00495884        0.01948285
     8.5000000       -0.01074464        0.00677456
     8.6000000       -0.01098612        0.01386802
     8.7000000       -0.00726038        0.01408172
     8.8000000       -0.02705867        0.02334536
     8.9000000       -0.03397519        0.03903006
     9.0000000       -0.08648659        0.10294136
     9.1000000       -0.02132620        0.02110315
     9.2000000        0.00906013        0.02910607
     9.3000000        0.06668589        0.02511009
     9.4000000        0.02770155        0.01406849
     9.5000000        0.03317264        0.02962055
     9.6000000        0.04559964        0.01999667
     9.7000000        0.03980631        0.01782515
     9.8000000        0.01752590        0.02094252
     9.9000000        0.03562399        0.01962809
    10.0000000        0.05887874        0.02270805
