   1.0000000000000000                1          28
              (0.99999999999999811,0.0000000000000000)
  -2.6927937030769660        0.0000000000000000     
        (0.29325666171105230,5.57189146978280888E-015)
  -2.6927937030769660        3.1415926535897936     
        (0.35581209584534640,1.20970579941951360E-015)
  -2.2439947525641384        0.0000000000000000     
       (0.26675618807218421,-5.37270908996217161E-015)
  -2.2439947525641384        3.1415926535897936     
        (0.32377107096167340,1.01074486125634485E-015)
  -1.7951958020513106        0.0000000000000000     
        (0.22177985265174538,3.08029008825134050E-015)
  -1.7951958020513106        3.1415926535897936     
        (0.27771882757762306,1.90761793816818175E-015)
  -1.3463968515384830        0.0000000000000000     
       (0.16222456620072226,-3.83272744382369472E-015)
  -1.3463968515384830        3.1415926535897936     
        (0.22611535182229872,2.49391406814811923E-016)
 -0.89759790102565529        0.0000000000000000     
   (9.46508944269513625E-002,1.44436098882616515E-016)
 -0.89759790102565529        3.1415926535897936     
        (0.18135538167317680,8.29107304652962505E-016)
 -0.44879895051282764        0.0000000000000000     
  (3.10419303259589704E-002,-1.02383778483429946E-015)
 -0.44879895051282764        3.1415926535897936     
       (0.15558403766126258,-2.58147574236179568E-016)
   0.0000000000000000        0.0000000000000000     
               (28.000038815835687,0.0000000000000000)
   0.0000000000000000        3.1415926535897936     
        (0.14816887652813904,4.47892228852483188E-015)
  0.44879895051282764        0.0000000000000000     
   (3.10419303259589704E-002,1.02383778483429946E-015)
  0.44879895051282764        3.1415926535897936     
        (0.15558403766126258,7.56889255211654235E-016)
  0.89759790102565529        0.0000000000000000     
  (9.46508944269513625E-002,-1.44436098882616515E-016)
  0.89759790102565529        3.1415926535897936     
        (0.18135538167317630,1.31268786932963362E-016)
   1.3463968515384830        0.0000000000000000     
        (0.16222456620072226,3.83272744382369472E-015)
   1.3463968515384830        3.1415926535897936     
        (0.22611535182229847,1.64499424265467803E-015)
   1.7951958020513106        0.0000000000000000     
       (0.22177985265174538,-3.08029008825134050E-015)
   1.7951958020513106        3.1415926535897936     
        (0.27771882757762306,5.12005879477221941E-016)
   2.2439947525641384        0.0000000000000000     
        (0.26675618807218421,5.37270908996217161E-015)
   2.2439947525641384        3.1415926535897936     
       (0.32377107096167340,-8.92716051187105067E-016)
   2.6927937030769660        0.0000000000000000     
       (0.29325666171105230,-5.57189146978280888E-015)
   2.6927937030769660        3.1415926535897936     
        (0.35581209584534640,1.90777249084741665E-015)
   3.1415926535897936        0.0000000000000000     
        (0.30194384111723743,5.39042595544624939E-015)
   3.1415926535897936        3.1415926535897936     
       (0.36752773789049453,-9.02048875629747799E-016)
   1.0000000000000000                1          28
               (1.0000000000000000,0.0000000000000000)
  -2.6927937030769660        0.0000000000000000     
        (0.30332334427868052,5.76208275799488937E-015)
  -2.6927937030769660        3.1415926535897936     
        (0.36609157824867861,1.27303069058426882E-015)
  -2.2439947525641384        0.0000000000000000     
       (0.27595540909177668,-5.49945329723846150E-015)
  -2.2439947525641384        3.1415926535897936     
       (0.33245145807143939,-1.31077321970082974E-016)
  -1.7951958020513106        0.0000000000000000     
        (0.22976639287042402,2.82646426128954363E-015)
  -1.7951958020513106        3.1415926535897936     
        (0.28440302476367474,2.16133023602410979E-015)
  -1.3463968515384830        0.0000000000000000     
       (0.16870069944046215,-3.45201322023323942E-015)
  -1.3463968515384830        3.1415926535897936     
        (0.23051820400812492,1.26451049753325623E-015)
 -0.89759790102565529        0.0000000000000000     
   (9.87463717389150536E-002,1.92076265618770069E-015)
 -0.89759790102565529        3.1415926535897936     
       (0.18479324074166911,-3.12863939659346639E-016)
 -0.44879895051282764        0.0000000000000000     
  (3.27142630182024954E-002,-2.16576632625830568E-015)
 -0.44879895051282764        3.1415926535897936     
        (0.16001612662714493,5.03162448374314488E-016)
   0.0000000000000000        0.0000000000000000     
               (28.000085750409504,0.0000000000000000)
   0.0000000000000000        3.1415926535897936     
        (0.15255457298537514,4.47822456239920408E-015)
  0.44879895051282764        0.0000000000000000     
   (3.27142630182024954E-002,2.16576632625830568E-015)
  0.44879895051282764        3.1415926535897936     
        (0.16001612662714507,1.22463677489857147E-016)
  0.89759790102565529        0.0000000000000000     
  (9.87463717389150536E-002,-1.92076265618770069E-015)
  0.89759790102565529        3.1415926535897936     
        (0.18479324074166939,1.90765012265654839E-015)
   1.3463968515384830        0.0000000000000000     
        (0.16870069944046215,3.45201322023323942E-015)
   1.3463968515384830        3.1415926535897936     
        (0.23051820400812520,3.76109198638894176E-016)
   1.7951958020513106        0.0000000000000000     
       (0.22976639287042402,-2.82646426128954363E-015)
   1.7951958020513106        3.1415926535897936     
        (0.28440302476367474,6.38942166304366311E-016)
   2.2439947525641384        0.0000000000000000     
        (0.27595540909177668,5.49945329723846150E-015)
   2.2439947525641384        3.1415926535897936     
        (0.33245145807143989,5.02870704284911982E-016)
   2.6927937030769660        0.0000000000000000     
       (0.30332334427868052,-5.76208275799488937E-015)
   2.6927937030769660        3.1415926535897936     
        (0.36609157824867861,1.71756565882280478E-015)
   3.1415926535897936        0.0000000000000000     
        (0.31225187691945966,5.39029906182265781E-015)
   3.1415926535897936        3.1415926535897936     
       (0.37826599007209111,-9.02661925176358146E-016)
   1.0000000000000000                1          28
              (0.99999999999999900,0.0000000000000000)
  -2.6927937030769660        0.0000000000000000     
        (0.29860812065521930,5.19135922213641140E-015)
  -2.6927937030769660        3.1415926535897936     
        (0.35904514723916009,1.59030825503673303E-015)
  -2.2439947525641384        0.0000000000000000     
       (0.27082786298570405,-5.62659502514466887E-015)
  -2.2439947525641384        3.1415926535897936     
        (0.32660596888284193,7.57026862860305188E-016)
  -1.7951958020513106        0.0000000000000000     
        (0.22464392113942910,2.69969499144931042E-015)
  -1.7951958020513106        3.1415926535897936     
        (0.27977282565620371,2.54200848872838101E-015)
  -1.3463968515384830        0.0000000000000000     
       (0.16400336149632494,-2.94460684737896913E-015)
  -1.3463968515384830        3.1415926535897936     
       (0.22702857810366048,-1.31232055138475721E-016)
 -0.89759790102565529        0.0000000000000000     
   (9.56634968591066753E-002,1.41328881141752127E-015)
 -0.89759790102565529        3.1415926535897936     
       (0.18142425729103323,-9.47250127765625378E-016)
 -0.44879895051282764        0.0000000000000000     
  (3.11505540038874429E-002,-8.33527037094492755E-016)
 -0.44879895051282764        3.1415926535897936     
       (0.15583477078634328,-6.78278292643993035E-017)
   0.0000000000000000        0.0000000000000000     
               (27.999905591404410,0.0000000000000000)
   0.0000000000000000        3.1415926535897936     
        (0.14855799685189680,4.47883828908168183E-015)
  0.44879895051282764        0.0000000000000000     
   (3.11505540038874429E-002,8.33527037094492755E-016)
  0.44879895051282764        3.1415926535897936     
        (0.15583477078634317,1.20096467270458816E-015)
  0.89759790102565529        0.0000000000000000     
  (9.56634968591066753E-002,-1.41328881141752127E-015)
  0.89759790102565529        3.1415926535897936     
        (0.18142425729103273,2.16142189968677605E-015)
   1.3463968515384830        0.0000000000000000     
        (0.16400336149632494,2.94460684737896913E-015)
   1.3463968515384830        3.1415926535897936     
        (0.22702857810366023,2.15250718772937833E-015)
   1.7951958020513106        0.0000000000000000     
       (0.22464392113942910,-2.69969499144931042E-015)
   1.7951958020513106        3.1415926535897936     
        (0.27977282565620371,4.49110856707484560E-018)
   2.2439947525641384        0.0000000000000000     
        (0.27082786298570405,5.62659502514466887E-015)
   2.2439947525641384        3.1415926535897936     
       (0.32660596888284260,-3.85225938283920656E-016)
   2.6927937030769660        0.0000000000000000     
       (0.29860812065521930,-5.19135922213641140E-015)
   2.6927937030769660        3.1415926535897936     
        (0.35904514723915987,1.40028055210878460E-015)
   3.1415926535897936        0.0000000000000000     
        (0.30777413438209400,5.39053657605681413E-015)
   3.1415926535897936        3.1415926535897936     
       (0.37083972082944061,-9.01768286488069121E-016)
   1.0000000000000000                1          28
              (0.99999999999999900,0.0000000000000000)
  -2.6927937030769660        0.0000000000000000     
        (0.29683564212249791,6.65035479069256742E-015)
  -2.6927937030769660        3.1415926535897936     
        (0.36102837431890994,2.16122693045082767E-015)
  -2.2439947525641384        0.0000000000000000     
       (0.26983344399467907,-5.49955097857826736E-015)
  -2.2439947525641384        3.1415926535897936     
       (0.32959296128347748,-1.39992230049599694E-015)
  -1.7951958020513106        0.0000000000000000     
        (0.22459150262079777,1.68456331697447733E-015)
  -1.7951958020513106        3.1415926535897936     
        (0.28377763257884364,2.03445486425941193E-015)
  -1.3463968515384830        0.0000000000000000     
       (0.16514600680258887,-1.16817266178883689E-015)
  -1.3463968515384830        3.1415926535897936     
        (0.23209495368787397,2.02579818172445609E-015)
 -0.89759790102565529        0.0000000000000000     
   (9.72749195422536600E-002,7.78840342794372507E-016)
 -0.89759790102565529        3.1415926535897936     
        (0.18826863019682236,3.21557886366785413E-016)
 -0.44879895051282764        0.0000000000000000     
   (3.24161679534432159E-002,4.98758248302938979E-016)
 -0.44879895051282764        3.1415926535897936     
        (0.16442965817288144,1.51821704824797127E-015)
   0.0000000000000000        0.0000000000000000     
               (28.000246122211021,0.0000000000000000)
   0.0000000000000000        3.1415926535897936     
        (0.15739649103641476,4.47747171234326739E-015)
  0.44879895051282764        0.0000000000000000     
  (3.24161679534432159E-002,-4.98758248302938979E-016)
  0.44879895051282764        3.1415926535897936     
       (0.16442965817288130,-7.65716757651927844E-016)
  0.89759790102565529        0.0000000000000000     
  (9.72749195422536600E-002,-7.78840342794372507E-016)
  0.89759790102565529        3.1415926535897936     
        (0.18826863019682236,1.27324260853125467E-015)
   1.3463968515384830        0.0000000000000000     
        (0.16514600680258887,1.16817266178883689E-015)
   1.3463968515384830        3.1415926535897936     
       (0.23209495368787408,-5.12057893097943517E-016)
   1.7951958020513106        0.0000000000000000     
       (0.22459150262079777,-1.68456331697447733E-015)
   1.7951958020513106        3.1415926535897936     
        (0.28377763257884364,1.01957957700043388E-015)
   2.2439947525641384        0.0000000000000000     
        (0.26983344399467907,5.49955097857826736E-015)
   2.2439947525641384        3.1415926535897936     
        (0.32959296128347720,2.02548416942238458E-015)
   2.6927937030769660        0.0000000000000000     
       (0.29683564212249791,-6.65035479069256742E-015)
   2.6927937030769660        3.1415926535897936     
        (0.36102837431890972,4.48718300958955225E-016)
   3.1415926535897936        0.0000000000000000     
        (0.30562857761778200,5.39038860647795523E-015)
   3.1415926535897936        3.1415926535897936     
       (0.37232138356100464,-9.02661632773289679E-016)
   1.0000000000000000                1          28
               (1.0000000000000071,0.0000000000000000)
  -2.6927937030769660        0.0000000000000000     
        (0.29532534186291326,7.09442949997871070E-015)
  -2.6927937030769660        3.1415926535897936     
        (0.35734651973348797,2.22487030609717787E-015)
  -2.2439947525641384        0.0000000000000000     
       (0.26827194835861362,-6.76836216168933912E-015)
  -2.2439947525641384        3.1415926535897936     
        (0.32567761465170608,3.76223897754284595E-016)
  -1.7951958020513106        0.0000000000000000     
        (0.22278189136018955,2.82650037934643664E-015)
  -1.7951958020513106        3.1415926535897936     
        (0.28003808247257417,1.01948856479851545E-015)
  -1.3463968515384830        0.0000000000000000     
       (0.16311137762589642,-2.05634383120700205E-015)
  -1.3463968515384830        3.1415926535897936     
        (0.22813229433167845,5.03103272274224196E-016)
 -0.89759790102565529        0.0000000000000000     
   (9.52253446567182665E-002,5.25071769973093086E-016)
 -0.89759790102565529        3.1415926535897936     
       (0.18461502439367727,-5.66587556119961061E-016)
 -0.44879895051282764        0.0000000000000000     
   (3.13650499434257393E-002,4.35318587634980362E-016)
 -0.44879895051282764        3.1415926535897936     
       (0.16052462916079882,-4.48474178960367909E-016)
   0.0000000000000000        0.0000000000000000     
               (28.000196179649560,0.0000000000000000)
   0.0000000000000000        3.1415926535897936     
        (0.15401517555419858,4.47800743796810497E-015)
  0.44879895051282764        0.0000000000000000     
  (3.13650499434257393E-002,-4.35318587634980362E-016)
  0.44879895051282764        3.1415926535897936     
        (0.16052462916079868,1.51820523952953770E-015)
  0.89759790102565529        0.0000000000000000     
  (9.52253446567182665E-002,-5.25071769973093086E-016)
  0.89759790102565529        3.1415926535897936     
        (0.18461502439367727,1.65381663252247103E-015)
   1.3463968515384830        0.0000000000000000     
        (0.16311137762589642,2.05634383120700205E-015)
   1.3463968515384830        3.1415926535897936     
        (0.22813229433167873,6.29979910816277223E-016)
   1.7951958020513106        0.0000000000000000     
       (0.22278189136018955,-2.82650037934643664E-015)
   1.7951958020513106        3.1415926535897936     
        (0.28003808247257439,1.65390719368294860E-015)
   2.2439947525641384        0.0000000000000000     
        (0.26827194835861362,6.76836216168933912E-015)
   2.2439947525641384        3.1415926535897936     
       (0.32567761465170619,-1.31319134363908409E-016)
   2.6927937030769660        0.0000000000000000     
       (0.29532534186291326,-7.09442949997871070E-015)
   2.6927937030769660        3.1415926535897936     
        (0.35734651973348797,6.38849399462884259E-016)
   3.1415926535897936        0.0000000000000000     
        (0.30420618949965295,5.39037473609636993E-015)
   3.1415926535897936        3.1415926535897936     
       (0.36937512607307382,-9.02115416125127254E-016)
   1.0000000000000000                1          28
              (0.99999999999999933,0.0000000000000000)
  -2.6927937030769660        0.0000000000000000     
        (0.29788632393764686,4.55701153151348328E-015)
  -2.6927937030769660        3.1415926535897936     
        (0.35962503635558613,7.65475843641042852E-016)
  -2.2439947525641384        0.0000000000000000     
       (0.27033447106931341,-4.99225017963240638E-015)
  -2.2439947525641384        3.1415926535897936     
       (0.32836420809685812,-3.84817518841358684E-016)
  -1.7951958020513106        0.0000000000000000     
        (0.22449546956935557,3.46102066780590474E-015)
  -1.7951958020513106        3.1415926535897936     
        (0.28228180012541138,2.28819785602115518E-015)
  -1.3463968515384830        0.0000000000000000     
       (0.16422115368015230,-3.57905273746049656E-015)
  -1.3463968515384830        3.1415926535897936     
        (0.23066227316014881,5.03230465107440696E-016)
 -0.89759790102565529        0.0000000000000000     
   (9.60054944673086469E-002,1.44477441581300084E-016)
 -0.89759790102565529        3.1415926535897936     
       (0.18731084826796288,-6.93496860497516233E-016)
 -0.44879895051282764        0.0000000000000000     
  (3.13247015726784914E-002,-1.08729977187650739E-015)
 -0.44879895051282764        3.1415926535897936     
        (0.16343867689839428,1.26444130811672342E-015)
   0.0000000000000000        0.0000000000000000     
               (28.000167610985166,0.0000000000000000)
   0.0000000000000000        3.1415926535897936     
        (0.15626642054770556,4.47764081597007386E-015)
  0.44879895051282764        0.0000000000000000     
   (3.13247015726784914E-002,1.08729977187650739E-015)
  0.44879895051282764        3.1415926535897936     
       (0.16343867689839428,-5.11970318516701937E-016)
  0.89759790102565529        0.0000000000000000     
  (9.60054944673086469E-002,-1.44477441581300084E-016)
  0.89759790102565529        3.1415926535897936     
        (0.18731084826796313,2.03458162257493481E-015)
   1.3463968515384830        0.0000000000000000     
        (0.16422115368015230,3.57905273746049656E-015)
   1.3463968515384830        3.1415926535897936     
        (0.23066227316014881,1.51805150597562176E-015)
   1.7951958020513106        0.0000000000000000     
       (0.22449546956935557,-3.46102066780590474E-015)
   1.7951958020513106        3.1415926535897936     
        (0.28228180012541138,2.58294902782140301E-016)
   2.2439947525641384        0.0000000000000000     
        (0.27033447106931341,4.99225017963240638E-015)
   2.2439947525641384        3.1415926535897936     
        (0.32836420809685801,7.56625281909903340E-016)
   2.6927937030769660        0.0000000000000000     
       (0.29788632393764686,-4.55701153151348328E-015)
   2.6927937030769660        3.1415926535897936     
        (0.35962503635558640,2.03478217793371682E-015)
   3.1415926535897936        0.0000000000000000     
        (0.30685730764866975,5.39059919725188216E-015)
   3.1415926535897936        3.1415926535897936     
       (0.37096389096836596,-9.02270337900758601E-016)
   1.0000000000000000                1          28
               (1.0000000000000060,0.0000000000000000)
  -2.6927937030769660        0.0000000000000000     
        (0.30381770581352996,4.93734165091413633E-015)
  -2.6927937030769660        3.1415926535897936     
        (0.36539497198048604,1.27305066554685507E-015)
  -2.2439947525641384        0.0000000000000000     
       (0.27644863115984170,-5.37256648880902306E-015)
  -2.2439947525641384        3.1415926535897936     
       (0.33282407980010958,-4.21551147996608556E-018)
  -1.7951958020513106        0.0000000000000000     
        (0.23014711613604152,1.55763611986568668E-015)
  -1.7951958020513106        3.1415926535897936     
        (0.28572951947304465,1.27316121284805898E-015)
  -1.3463968515384830        0.0000000000000000     
       (0.16916977339853556,-2.31006753622490272E-015)
  -1.3463968515384830        3.1415926535897936     
        (0.23260975867309380,1.13761762369042066E-015)
 -0.89759790102565529        0.0000000000000000     
   (9.97607291730270712E-002,1.15946595409003990E-015)
 -0.89759790102565529        3.1415926535897936     
        (0.18815871583636895,3.21552321288167649E-016)
 -0.44879895051282764        0.0000000000000000     
   (3.33947065298626639E-002,8.15975968198033861E-016)
 -0.44879895051282764        3.1415926535897936     
        (0.16443202640316507,9.47250775848637055E-016)
   0.0000000000000000        0.0000000000000000     
               (28.000255436571397,0.0000000000000000)
   0.0000000000000000        3.1415926535897936     
        (0.15786453033702802,4.47739794374662951E-015)
  0.44879895051282764        0.0000000000000000     
  (3.33947065298626639E-002,-8.15975968198033861E-016)
  0.44879895051282764        3.1415926535897936     
        (0.16443202640316493,2.49349869786076476E-016)
  0.89759790102565529        0.0000000000000000     
  (9.97607291730270712E-002,-1.15946595409003990E-015)
  0.89759790102565529        3.1415926535897936     
        (0.18815871583636895,7.65698808412364294E-016)
   1.3463968515384830        0.0000000000000000     
        (0.16916977339853556,2.31006753622490272E-015)
   1.3463968515384830        3.1415926535897936     
        (0.23260975867309369,3.76118421192756677E-016)
   1.7951958020513106        0.0000000000000000     
       (0.23014711613604152,-1.55763611986568668E-015)
   1.7951958020513106        3.1415926535897936     
        (0.28572951947304465,1.40022957799792600E-015)
   2.2439947525641384        0.0000000000000000     
        (0.27644863115984170,5.37256648880902306E-015)
   2.2439947525641384        3.1415926535897936     
        (0.33282407980010981,3.76007873891554245E-016)
   2.6927937030769660        0.0000000000000000     
       (0.30381770581352996,-4.93734165091413633E-015)
   2.6927937030769660        3.1415926535897936     
        (0.36539497198048604,1.65410538807059336E-015)
   3.1415926535897936        0.0000000000000000     
        (0.31293485651912195,5.39029523271937405E-015)
   3.1415926535897936        3.1415926535897936     
       (0.37770981621277400,-9.02469317365765036E-016)
   1.0000000000000000                1          28
               (1.0000000000000036,0.0000000000000000)
  -2.6927937030769660        0.0000000000000000     
        (0.30075957006672532,7.41148421533764067E-015)
  -2.6927937030769660        3.1415926535897936     
        (0.36344298639980060,7.65416525225418439E-016)
  -2.2439947525641384        0.0000000000000000     
       (0.27394612050422346,-6.38755580458372438E-015)
  -2.2439947525641384        3.1415926535897936     
        (0.33072274440528471,7.57188362397659677E-016)
  -1.7951958020513106        0.0000000000000000     
        (0.22833054983427786,4.09525736149407720E-015)
  -1.7951958020513106        3.1415926535897936     
        (0.28351819865226729,2.16129192517569481E-015)
  -1.3463968515384830        0.0000000000000000     
       (0.16757163875501696,-4.08639000182601630E-015)
  -1.3463968515384830        3.1415926535897936     
        (0.23057325540761692,7.57021907690438294E-016)
 -0.89759790102565529        0.0000000000000000     
   (9.83593692112680884E-002,3.98154472732520306E-016)
 -0.89759790102565529        3.1415926535897936     
        (0.18506284942431858,3.21530785838672864E-016)
 -0.44879895051282764        0.0000000000000000     
  (3.30337335855959771E-002,-1.99077236366260153E-016)
 -0.44879895051282764        3.1415926535897936     
        (0.16045294814937869,3.12847412910329025E-016)
   0.0000000000000000        0.0000000000000000     
               (28.000074395421585,0.0000000000000000)
   0.0000000000000000        3.1415926535897936     
        (0.15318550231156383,4.47812127520389772E-015)
  0.44879895051282764        0.0000000000000000     
   (3.30337335855959771E-002,1.99077236366260153E-016)
  0.44879895051282764        3.1415926535897936     
        (0.16045294814937908,5.66542759322475203E-016)
  0.89759790102565529        0.0000000000000000     
  (9.83593692112680884E-002,-3.98154472732520306E-016)
  0.89759790102565529        3.1415926535897936     
        (0.18506284942431808,7.65726927804148262E-016)
   1.3463968515384830        0.0000000000000000     
        (0.16757163875501696,4.08639000182601630E-015)
   1.3463968515384830        3.1415926535897936     
        (0.23057325540761692,7.56715620264580395E-016)
   1.7951958020513106        0.0000000000000000     
       (0.22833054983427786,-4.09525736149407720E-015)
   1.7951958020513106        3.1415926535897936     
        (0.28351819865226752,7.65862645369912657E-016)
   2.2439947525641384        0.0000000000000000     
        (0.27394612050422346,6.38755580458372438E-015)
   2.2439947525641384        3.1415926535897936     
       (0.33072274440528460,-2.58511885528498142E-016)
   2.6927937030769660        0.0000000000000000     
       (0.30075957006672532,-7.41148421533764067E-015)
   2.6927937030769660        3.1415926535897936     
        (0.36344298639980060,2.09829672962732278E-015)
   3.1415926535897936        0.0000000000000000     
        (0.30946647921498965,5.39022947283398845E-015)
   3.1415926535897936        3.1415926535897936     
       (0.37525737057653114,-9.02537587186279592E-016)
   1.0000000000000000                1          28
               (1.0000000000000036,0.0000000000000000)
  -2.6927937030769660        0.0000000000000000     
        (0.29656969446340281,5.44496600067789474E-015)
  -2.6927937030769660        3.1415926535897936     
        (0.35844562211266179,1.71692231590535326E-015)
  -2.2439947525641384        0.0000000000000000     
       (0.26986149268848159,-5.88019491609462074E-015)
  -2.2439947525641384        3.1415926535897936     
        (0.32608789917571990,2.49776477934656177E-016)
  -1.7951958020513106        0.0000000000000000     
        (0.22432446204720730,2.69962263692585224E-015)
  -1.7951958020513106        3.1415926535897936     
        (0.27897385170583433,2.16123670878563757E-015)
  -1.3463968515384830        0.0000000000000000     
       (0.16403855127951342,-2.43699707972105020E-015)
  -1.3463968515384830        3.1415926535897936     
        (0.22621376596909407,5.03316557675899998E-016)
 -0.89759790102565529        0.0000000000000000     
   (9.59215959623943154E-002,5.25074214455666945E-016)
 -0.89759790102565529        3.1415926535897936     
        (0.18071992895716527,8.29052088119982401E-016)
 -0.44879895051282764        0.0000000000000000     
   (3.18034362598484596E-002,5.62199996779425700E-016)
 -0.44879895051282764        3.1415926535897936     
        (0.15512086940280728,3.76285617967499085E-016)
   0.0000000000000000        0.0000000000000000     
               (28.000273360125739,0.0000000000000000)
   0.0000000000000000        3.1415926535897936     
        (0.14721182398335309,4.47911391191076903E-015)
  0.44879895051282764        0.0000000000000000     
  (3.18034362598484596E-002,-5.62199996779425700E-016)
  0.44879895051282764        3.1415926535897936     
        (0.15512086940280728,3.76191033813550700E-016)
  0.89759790102565529        0.0000000000000000     
  (9.59215959623943154E-002,-5.25074214455666945E-016)
  0.89759790102565529        3.1415926535897936     
        (0.18071992895716527,5.12023102694132771E-016)
   1.3463968515384830        0.0000000000000000     
        (0.16403855127951342,2.43699707972105020E-015)
   1.3463968515384830        3.1415926535897936     
        (0.22621376596909418,1.13731536326644242E-015)
   1.7951958020513106        0.0000000000000000     
       (0.22432446204720730,-2.69962263692585224E-015)
   1.7951958020513106        3.1415926535897936     
        (0.27897385170583405,8.92788731544109719E-016)
   2.2439947525641384        0.0000000000000000     
        (0.26986149268848159,5.88019491609462074E-015)
   2.2439947525641384        3.1415926535897936     
        (0.32608789917571962,2.48911760536096918E-016)
   2.6927937030769660        0.0000000000000000     
       (0.29656969446340281,-5.44496600067789474E-015)
   2.6927937030769660        3.1415926535897936     
        (0.35844562211266179,1.27366180873152758E-015)
   3.1415926535897936        0.0000000000000000     
        (0.30528630759921249,5.39038497941836707E-015)
   3.1415926535897936        3.1415926535897936     
       (0.37070413811623837,-9.02381280587066586E-016)
   1.0000000000000000                1          28
              (0.99999999999999745,0.0000000000000000)
  -2.6927937030769660        0.0000000000000000     
        (0.30200134428470082,6.90411253957414806E-015)
  -2.6927937030769660        3.1415926535897936     
        (0.36345467060691572,5.11792488821419153E-016)
  -2.2439947525641384        0.0000000000000000     
       (0.27464271039319665,-5.49954313814103946E-015)
  -2.2439947525641384        3.1415926535897936     
        (0.33117374817691381,5.03275719390699562E-016)
  -1.7951958020513106        0.0000000000000000     
        (0.22845777343545151,1.68455988657687943E-015)
  -1.7951958020513106        3.1415926535897936     
        (0.28453204092000445,1.65382567154597340E-015)
  -1.3463968515384830        0.0000000000000000     
       (0.16758943443921290,-2.69076048147268092E-015)
  -1.3463968515384830        3.1415926535897936     
        (0.23226781122875714,1.51824727022359243E-015)
 -0.89759790102565529        0.0000000000000000     
  (9.83116574354501449E-002,-7.43752949033212669E-016)
 -0.89759790102565529        3.1415926535897936     
        (0.18764577742037541,6.77988307629955252E-017)
 -0.44879895051282764        0.0000000000000000     
   (3.26586354315085634E-002,7.52524368673802891E-016)
 -0.44879895051282764        3.1415926535897936     
        (0.16266305416298873,5.66595529665554918E-016)
   0.0000000000000000        0.0000000000000000     
               (28.000255126622090,0.0000000000000000)
   0.0000000000000000        3.1415926535897936     
        (0.15537782952818585,4.47779778589234754E-015)
  0.44879895051282764        0.0000000000000000     
  (3.26586354315085634E-002,-7.52524368673802891E-016)
  0.44879895051282764        3.1415926535897936     
        (0.16266305416298873,3.12792673893869555E-016)
  0.89759790102565529        0.0000000000000000     
   (9.83116574354501449E-002,7.43752949033212669E-016)
  0.89759790102565529        3.1415926535897936     
        (0.18764577742037541,1.14634484208061405E-015)
   1.3463968515384830        0.0000000000000000     
        (0.16758943443921290,2.69076048147268092E-015)
   1.3463968515384830        3.1415926535897936     
       (0.23226781122875714,-4.50899265860036197E-018)
   1.7951958020513106        0.0000000000000000     
       (0.22845777343545151,-1.68455988657687943E-015)
   1.7951958020513106        3.1415926535897936     
        (0.28453204092000445,1.40021078077539267E-015)
   2.2439947525641384        0.0000000000000000     
        (0.27464271039319665,5.49954313814103946E-015)
   2.2439947525641384        3.1415926535897936     
       (0.33117374817691342,-3.85246387068761256E-016)
   2.6927937030769660        0.0000000000000000     
       (0.30200134428470082,-6.90411253957414806E-015)
   2.6927937030769660        3.1415926535897936     
        (0.36345467060691600,1.97127212226415208E-015)
   3.1415926535897936        0.0000000000000000     
        (0.31082201120236785,5.39038141913541750E-015)
   3.1415926535897936        3.1415926535897936     
       (0.37525177347985811,-9.02165575600451371E-016)
