   1.0000000000000000                1          28
               (0.0000000000000000,0.0000000000000000)
  -2.6927937030769660        0.0000000000000000     
        (0.37591488861809635,4.81586712535035742E-003)
  -2.6927937030769660        3.1415926535897936     
       (0.11038015719708465,-1.96334995617429824E-003)
  -2.2439947525641384        0.0000000000000000     
        (0.69639838199843640,6.30346095937964115E-003)
  -2.2439947525641384        3.1415926535897936     
       (0.14142792561854114,-6.09504513788488721E-004)
  -1.7951958020513106        0.0000000000000000     
         (1.4675890892077947,5.18775446042150229E-003)
  -1.7951958020513106        3.1415926535897936     
       (0.22650946371958455,-1.78145693130250912E-003)
  -1.3463968515384830        0.0000000000000000     
         (1.7734905362798874,1.78145693151686804E-003)
  -1.3463968515384830        3.1415926535897936     
       (0.53241091079126412,-5.18775446113883040E-003)
 -0.89759790102565529        0.0000000000000000     
         (1.8585720743815446,6.09504514638053714E-004)
 -0.89759790102565529        3.1415926535897936     
        (1.3036016180015060,-6.30346096015793177E-003)
 -0.44879895051282764        0.0000000000000000     
         (1.8896198428037223,1.96334995556980956E-003)
 -0.44879895051282764        3.1415926535897936     
        (1.6240851113820554,-4.81586712469267864E-003)
   0.0000000000000000        0.0000000000000000     
               (1.8978914766647146,0.0000000000000000)
   0.0000000000000000        3.1415926535897936     
         (1.6859898385121768,3.40763823816680247E-017)
  0.44879895051282764        0.0000000000000000     
        (1.8896198428037223,-1.96334995556980956E-003)
  0.44879895051282764        3.1415926535897936     
         (1.6240851113820551,4.81586712469267604E-003)
  0.89759790102565529        0.0000000000000000     
        (1.8585720743815446,-6.09504514638053714E-004)
  0.89759790102565529        3.1415926535897936     
         (1.3036016180015060,6.30346096015816770E-003)
   1.3463968515384830        0.0000000000000000     
        (1.7734905362798874,-1.78145693151686804E-003)
   1.3463968515384830        3.1415926535897936     
        (0.53241091079126401,5.18775446113932219E-003)
   1.7951958020513106        0.0000000000000000     
        (1.4675890892077947,-5.18775446042150229E-003)
   1.7951958020513106        3.1415926535897936     
        (0.22650946371958455,1.78145693130302347E-003)
   2.2439947525641384        0.0000000000000000     
       (0.69639838199843640,-6.30346095937964115E-003)
   2.2439947525641384        3.1415926535897936     
        (0.14142792561854101,6.09504513788771264E-004)
   2.6927937030769660        0.0000000000000000     
       (0.37591488861809635,-4.81586712535035742E-003)
   2.6927937030769660        3.1415926535897936     
        (0.11038015719708465,1.96334995617428914E-003)
   3.1415926535897936        0.0000000000000000     
        (0.31401016148783584,5.63102683016767253E-017)
   3.1415926535897936        3.1415926535897936     
       (0.10210852333618281,-1.13856950571342359E-017)
   1.0000000000000000                1          28
               (0.0000000000000000,0.0000000000000000)
  -2.6927937030769660        0.0000000000000000     
        (0.34279052309517727,7.14980386725583977E-003)
  -2.6927937030769660        3.1415926535897936     
       (0.10469538200433237,-2.11921239010869501E-003)
  -2.2439947525641384        0.0000000000000000     
        (0.67764969303550038,2.36609199506856230E-002)
  -2.2439947525641384        3.1415926535897936     
       (0.13481340321576760,-2.21205535490706868E-003)
  -1.7951958020513106        0.0000000000000000     
         (1.4965805168441833,1.33265895271523485E-003)
  -1.7951958020513106        3.1415926535897936     
       (0.20651025016157668,-2.00069987226359196E-003)
  -1.3463968515384830        0.0000000000000000     
         (1.7934897498381799,2.00069987122900635E-003)
  -1.3463968515384830        3.1415926535897936     
       (0.50341948315557883,-1.33265895235252650E-003)
 -0.89759790102565529        0.0000000000000000     
         (1.8651865967843111,2.21205535539547010E-003)
 -0.89759790102565529        3.1415926535897936     
        (1.3223503069647309,-2.36609199497132272E-002)
 -0.44879895051282764        0.0000000000000000     
         (1.8953046179955748,2.11921238918284837E-003)
 -0.44879895051282764        3.1415926535897936     
        (1.6572094769039440,-7.14980386800234680E-003)
   0.0000000000000000        0.0000000000000000     
               (1.9045898035479318,0.0000000000000000)
   0.0000000000000000        3.1415926535897936     
         (1.7119473820493323,3.09792641300451642E-017)
  0.44879895051282764        0.0000000000000000     
        (1.8953046179955748,-2.11921238918284837E-003)
  0.44879895051282764        3.1415926535897936     
         (1.6572094769039440,7.14980386800235374E-003)
  0.89759790102565529        0.0000000000000000     
        (1.8651865967843111,-2.21205535539547010E-003)
  0.89759790102565529        3.1415926535897936     
         (1.3223503069647311,2.36609199497134423E-002)
   1.3463968515384830        0.0000000000000000     
        (1.7934897498381799,-2.00069987122900635E-003)
   1.3463968515384830        3.1415926535897936     
        (0.50341948315557872,1.33265895235303391E-003)
   1.7951958020513106        0.0000000000000000     
        (1.4965805168441833,-1.33265895271523485E-003)
   1.7951958020513106        3.1415926535897936     
        (0.20651025016157659,2.00069987226410371E-003)
   2.2439947525641384        0.0000000000000000     
       (0.67764969303550038,-2.36609199506856230E-002)
   2.2439947525641384        3.1415926535897936     
        (0.13481340321576760,2.21205535490733496E-003)
   2.6927937030769660        0.0000000000000000     
       (0.34279052309517727,-7.14980386725583977E-003)
   2.6927937030769660        3.1415926535897936     
        (0.10469538200433237,2.11921239010871539E-003)
   3.1415926535897936        0.0000000000000000     
        (0.28805261795208220,5.13218769053098131E-017)
   3.1415926535897936        3.1415926535897936     
  (9.54101964529386476E-002,-2.46747864414819178E-017)
   1.0000000000000000                1          28
               (0.0000000000000000,0.0000000000000000)
  -2.6927937030769660        0.0000000000000000     
        (0.35844880735064183,7.01173664424701616E-003)
  -2.6927937030769660        3.1415926535897936     
       (0.10824877771482047,-7.07529438911129238E-005)
  -2.2439947525641384        0.0000000000000000     
       (0.68575480868181915,-5.12097531222734299E-004)
  -2.2439947525641384        3.1415926535897936     
        (0.13898064810254546,8.86724917988979187E-004)
  -1.7951958020513106        0.0000000000000000     
        (1.4650124039436254,-1.26788892639459159E-002)
  -1.7951958020513106        3.1415926535897936     
       (0.22046061356205957,-4.19751694914903832E-004)
  -1.3463968515384830        0.0000000000000000     
         (1.7795393864380280,4.19751695735491245E-004)
  -1.3463968515384830        3.1415926535897936     
        (0.53498759605607771,1.26788892636716926E-002)
 -0.89759790102565529        0.0000000000000000     
        (1.8610193518971119,-8.86724917944012119E-004)
 -0.89759790102565529        3.1415926535897936     
         (1.3142451913175195,5.12097531059957714E-004)
 -0.44879895051282764        0.0000000000000000     
         (1.8917512222858652,7.07529437710934645E-005)
 -0.44879895051282764        3.1415926535897936     
        (1.6415511926494839,-7.01173664449226183E-003)
   0.0000000000000000        0.0000000000000000     
               (1.9003673055179529,0.0000000000000000)
   0.0000000000000000        3.1415926535897936     
         (1.6983511364611512,3.24866777061146798E-017)
  0.44879895051282764        0.0000000000000000     
        (1.8917512222858652,-7.07529437710934645E-005)
  0.44879895051282764        3.1415926535897936     
         (1.6415511926494839,7.01173664449226703E-003)
  0.89759790102565529        0.0000000000000000     
         (1.8610193518971119,8.86724917944012119E-004)
  0.89759790102565529        3.1415926535897936     
        (1.3142451913175197,-5.12097531059721792E-004)
   1.3463968515384830        0.0000000000000000     
        (1.7795393864380280,-4.19751695735491245E-004)
   1.3463968515384830        3.1415926535897936     
       (0.53498759605607771,-1.26788892636711947E-002)
   1.7951958020513106        0.0000000000000000     
         (1.4650124039436254,1.26788892639459159E-002)
   1.7951958020513106        3.1415926535897936     
        (0.22046061356205957,4.19751694915410371E-004)
   2.2439947525641384        0.0000000000000000     
        (0.68575480868181915,5.12097531222734299E-004)
   2.2439947525641384        3.1415926535897936     
       (0.13898064810254535,-8.86724917988680815E-004)
   2.6927937030769660        0.0000000000000000     
       (0.35844880735064183,-7.01173664424701616E-003)
   2.6927937030769660        3.1415926535897936     
        (0.10824877771482046,7.07529438911272895E-005)
   3.1415926535897936        0.0000000000000000     
        (0.30164886353891385,5.29467416267907192E-017)
   3.1415926535897936        3.1415926535897936     
  (9.96326944827536504E-002,-2.35592913736310383E-017)
   1.0000000000000000                1          28
               (0.0000000000000000,0.0000000000000000)
  -2.6927937030769660        0.0000000000000000     
        (0.37665334836302206,1.22342944024679840E-002)
  -2.6927937030769660        3.1415926535897936     
       (0.10895240894080598,-1.19107499236257853E-004)
  -2.2439947525641384        0.0000000000000000     
        (0.73781792383122868,3.51033694910452736E-003)
  -2.2439947525641384        3.1415926535897936     
       (0.14349983638052619,-1.42983421241662536E-003)
  -1.7951958020513106        0.0000000000000000     
        (1.4734818853787248,-2.02515509679679177E-002)
  -1.7951958020513106        3.1415926535897936     
        (0.22250605449693256,5.96605125420488825E-004)
  -1.3463968515384830        0.0000000000000000     
        (1.7774939455035494,-5.96605125265610328E-004)
  -1.3463968515384830        3.1415926535897936     
        (0.52651811462205667,2.02515509670622533E-002)
 -0.89759790102565529        0.0000000000000000     
         (1.8565001636196852,1.42983421213945254E-003)
 -0.89759790102565529        3.1415926535897936     
        (1.2621820761691736,-3.51033694984999745E-003)
 -0.44879895051282764        0.0000000000000000     
         (1.8910475910588400,1.19107499349158170E-004)
 -0.44879895051282764        3.1415926535897936     
        (1.6233466516359325,-1.22342944032245490E-002)
   0.0000000000000000        0.0000000000000000     
               (1.8989982455472418,0.0000000000000000)
   0.0000000000000000        3.1415926535897936     
         (1.6869587017566006,3.40985592996831439E-017)
  0.44879895051282764        0.0000000000000000     
        (1.8910475910588400,-1.19107499349158170E-004)
  0.44879895051282764        3.1415926535897936     
         (1.6233466516359325,1.22342944032245212E-002)
  0.89759790102565529        0.0000000000000000     
        (1.8565001636196852,-1.42983421213945254E-003)
  0.89759790102565529        3.1415926535897936     
         (1.2621820761691736,3.51033694985023945E-003)
   1.3463968515384830        0.0000000000000000     
         (1.7774939455035494,5.96605125265610328E-004)
   1.3463968515384830        3.1415926535897936     
       (0.52651811462205667,-2.02515509670618231E-002)
   1.7951958020513106        0.0000000000000000     
         (1.4734818853787248,2.02515509679679177E-002)
   1.7951958020513106        3.1415926535897936     
       (0.22250605449693248,-5.96605125419982286E-004)
   2.2439947525641384        0.0000000000000000     
       (0.73781792383122868,-3.51033694910452736E-003)
   2.2439947525641384        3.1415926535897936     
        (0.14349983638052621,1.42983421241691983E-003)
   2.6927937030769660        0.0000000000000000     
       (0.37665334836302206,-1.22342944024679840E-002)
   2.6927937030769660        3.1415926535897936     
        (0.10895240894080611,1.19107499236272720E-004)
   3.1415926535897936        0.0000000000000000     
        (0.31304129824299759,4.34626813343264691E-017)
   3.1415926535897936        3.1415926535897936     
       (0.10100175445217228,-3.51233684584909371E-017)
   1.0000000000000000                1          28
               (0.0000000000000000,0.0000000000000000)
  -2.6927937030769660        0.0000000000000000     
        (0.37770396790810884,1.41865746870554923E-003)
  -2.6927937030769660        3.1415926535897936     
        (0.10827014615668150,9.18182198173875881E-004)
  -2.2439947525641384        0.0000000000000000     
       (0.72542818762811678,-5.99913700971060285E-003)
  -2.2439947525641384        3.1415926535897936     
       (0.13898021408447625,-1.35171951229679974E-003)
  -1.7951958020513106        0.0000000000000000     
        (1.4695980123199577,-1.39747325185330777E-002)
  -1.7951958020513106        3.1415926535897936     
       (0.22917616653606085,-1.13283398680151526E-003)
  -1.3463968515384830        0.0000000000000000     
         (1.7708238334640125,1.13283398630377344E-003)
  -1.3463968515384830        3.1415926535897936     
        (0.53040198767904745,1.39747325175304058E-002)
 -0.89759790102565529        0.0000000000000000     
         (1.8610197859153286,1.35171951203338610E-003)
 -0.89759790102565529        3.1415926535897936     
         (1.2745718123728529,5.99913700848791510E-003)
 -0.44879895051282764        0.0000000000000000     
        (1.8917298538437481,-9.18182198675190908E-004)
 -0.44879895051282764        3.1415926535897936     
        (1.6222960320921769,-1.41865746838279699E-003)
   0.0000000000000000        0.0000000000000000     
               (1.9019125731884929,0.0000000000000000)
   0.0000000000000000        3.1415926535897936     
         (1.6949919738775843,3.32753702436535790E-017)
  0.44879895051282764        0.0000000000000000     
         (1.8917298538437481,9.18182198675190908E-004)
  0.44879895051282764        3.1415926535897936     
         (1.6222960320921769,1.41865746838280155E-003)
  0.89759790102565529        0.0000000000000000     
        (1.8610197859153286,-1.35171951203338610E-003)
  0.89759790102565529        3.1415926535897936     
        (1.2745718123728527,-5.99913700848768178E-003)
   1.3463968515384830        0.0000000000000000     
        (1.7708238334640125,-1.13283398630377344E-003)
   1.3463968515384830        3.1415926535897936     
       (0.53040198767904734,-1.39747325175299166E-002)
   1.7951958020513106        0.0000000000000000     
         (1.4695980123199577,1.39747325185330777E-002)
   1.7951958020513106        3.1415926535897936     
        (0.22917616653606085,1.13283398680203763E-003)
   2.2439947525641384        0.0000000000000000     
        (0.72542818762811678,5.99913700971060285E-003)
   2.2439947525641384        3.1415926535897936     
        (0.13898021408447628,1.35171951229706147E-003)
   2.6927937030769660        0.0000000000000000     
       (0.37770396790810884,-1.41865746870554923E-003)
   2.6927937030769660        3.1415926535897936     
       (0.10827014615668161,-9.18182198173868942E-004)
   3.1415926535897936        0.0000000000000000     
        (0.30500802612162792,4.52390850241511194E-017)
   3.1415926535897936        3.1415926535897936     
  (9.80874268113575004E-002,-1.70781478286680639E-017)
   1.0000000000000000                1          28
               (0.0000000000000000,0.0000000000000000)
  -2.6927937030769660        0.0000000000000000     
        (0.36998173125954026,6.03819795922902794E-004)
  -2.6927937030769660        3.1415926535897936     
        (0.10533523102613285,1.01985805151645560E-003)
  -2.2439947525641384        0.0000000000000000     
       (0.73466387353455442,-2.46883857462362006E-003)
  -2.2439947525641384        3.1415926535897936     
        (0.13511854991379138,1.21557867910421853E-003)
  -1.7951958020513106        0.0000000000000000     
         (1.4489532801888938,3.15649516796896984E-004)
  -1.7951958020513106        3.1415926535897936     
       (0.22286427267408521,-7.78086413852874855E-003)
  -1.3463968515384830        0.0000000000000000     
         (1.7771357273262629,7.78086413819651084E-003)
  -1.3463968515384830        3.1415926535897936     
       (0.55104671981053965,-3.15649515889406321E-004)
 -0.89759790102565529        0.0000000000000000     
        (1.8648814500860131,-1.21557867926085214E-003)
 -0.89759790102565529        3.1415926535897936     
         (1.2653361264658260,2.46883857463052209E-003)
 -0.44879895051282764        0.0000000000000000     
        (1.8946647689735197,-1.01985805143305270E-003)
 -0.44879895051282764        3.1415926535897936     
        (1.6300182687406388,-6.03819796348040476E-004)
   0.0000000000000000        0.0000000000000000     
               (1.9036470486967794,0.0000000000000000)
   0.0000000000000000        3.1415926535897936     
         (1.6754736222658910,3.66930855097836758E-017)
  0.44879895051282764        0.0000000000000000     
         (1.8946647689735197,1.01985805143305270E-003)
  0.44879895051282764        3.1415926535897936     
         (1.6300182687406388,6.03819796348066171E-004)
  0.89759790102565529        0.0000000000000000     
         (1.8648814500860131,1.21557867926085214E-003)
  0.89759790102565529        3.1415926535897936     
        (1.2653361264658263,-2.46883857463034212E-003)
   1.3463968515384830        0.0000000000000000     
        (1.7771357273262629,-7.78086413819651084E-003)
   1.3463968515384830        3.1415926535897936     
        (0.55104671981053965,3.15649515889895025E-004)
   1.7951958020513106        0.0000000000000000     
        (1.4489532801888938,-3.15649516796896984E-004)
   1.7951958020513106        3.1415926535897936     
        (0.22286427267408529,7.78086413852926376E-003)
   2.2439947525641384        0.0000000000000000     
        (0.73466387353455442,2.46883857462362006E-003)
   2.2439947525641384        3.1415926535897936     
       (0.13511854991379141,-1.21557867910395616E-003)
   2.6927937030769660        0.0000000000000000     
       (0.36998173125954026,-6.03819795922902794E-004)
   2.6927937030769660        3.1415926535897936     
       (0.10533523102613283,-1.01985805151642351E-003)
   3.1415926535897936        0.0000000000000000     
        (0.32452637773467441,2.29463906806058053E-017)
   3.1415926535897936        3.1415926535897936     
  (9.63529513030372126E-002,-3.41037102214315608E-017)
   1.0000000000000000                1          28
               (0.0000000000000000,0.0000000000000000)
  -2.6927937030769660        0.0000000000000000     
        (0.35028950715039503,2.17216991526765837E-003)
  -2.6927937030769660        3.1415926535897936     
       (0.10385960859146345,-4.26936319465423997E-004)
  -2.2439947525641384        0.0000000000000000     
        (0.69690600628920607,1.59767772147120768E-003)
  -2.2439947525641384        3.1415926535897936     
        (0.13276406709676411,2.84111181363354216E-004)
  -1.7951958020513106        0.0000000000000000     
         (1.5032958884099277,1.28075994483328411E-003)
  -1.7951958020513106        3.1415926535897936     
       (0.21451217443676382,-5.00208439957987219E-003)
  -1.3463968515384830        0.0000000000000000     
         (1.7854878255632778,5.00208439990772712E-003)
  -1.3463968515384830        3.1415926535897936     
       (0.49670411159038597,-1.28075994491358555E-003)
 -0.89759790102565529        0.0000000000000000     
        (1.8672359329035342,-2.84111181164369995E-004)
 -0.89759790102565529        3.1415926535897936     
        (1.3030939937105865,-1.59767772148705070E-003)
 -0.44879895051282764        0.0000000000000000     
         (1.8961403914081474,4.26936319450552158E-004)
 -0.44879895051282764        3.1415926535897936     
        (1.6497104928496020,-2.17216991517864971E-003)
   0.0000000000000000        0.0000000000000000     
               (1.9086795173562408,0.0000000000000000)
   0.0000000000000000        3.1415926535897936     
         (1.7052153959026626,3.27195262106058000E-017)
  0.44879895051282764        0.0000000000000000     
        (1.8961403914081474,-4.26936319450552158E-004)
  0.44879895051282764        3.1415926535897936     
         (1.6497104928496023,2.17216991517861502E-003)
  0.89759790102565529        0.0000000000000000     
         (1.8672359329035342,2.84111181164369995E-004)
  0.89759790102565529        3.1415926535897936     
         (1.3030939937105865,1.59767772148730245E-003)
   1.3463968515384830        0.0000000000000000     
        (1.7854878255632778,-5.00208439990772712E-003)
   1.3463968515384830        3.1415926535897936     
        (0.49670411159038591,1.28075994491409491E-003)
   1.7951958020513106        0.0000000000000000     
        (1.5032958884099277,-1.28075994483328411E-003)
   1.7951958020513106        3.1415926535897936     
        (0.21451217443676382,5.00208439958038653E-003)
   2.2439947525641384        0.0000000000000000     
       (0.69690600628920607,-1.59767772147120768E-003)
   2.2439947525641384        3.1415926535897936     
       (0.13276406709676414,-2.84111181363091568E-004)
   2.6927937030769660        0.0000000000000000     
       (0.35028950715039503,-2.17216991526765837E-003)
   2.6927937030769660        3.1415926535897936     
        (0.10385960859146358,4.26936319465423021E-004)
   3.1415926535897936        0.0000000000000000     
        (0.29478460409740187,5.68446740329422440E-017)
   3.1415926535897936        3.1415926535897936     
  (9.13204826437545442E-002,-1.55181925475692734E-017)
   1.0000000000000000                1          28
               (0.0000000000000000,0.0000000000000000)
  -2.6927937030769660        0.0000000000000000     
       (0.36157309440024693,-5.55502531951744018E-003)
  -2.6927937030769660        3.1415926535897936     
        (0.10757983228272448,2.13423407904432191E-003)
  -2.2439947525641384        0.0000000000000000     
        (0.68179584112191649,4.24122157422245141E-002)
  -2.2439947525641384        3.1415926535897936     
        (0.13811959375635571,2.47446359984341549E-003)
  -1.7951958020513106        0.0000000000000000     
         (1.4867888580003876,1.50539144425754796E-002)
  -1.7951958020513106        3.1415926535897936     
       (0.22133955348261458,-2.08507128236737121E-003)
  -1.3463968515384830        0.0000000000000000     
         (1.7786604465171549,2.08507128223595810E-003)
  -1.3463968515384830        3.1415926535897936     
       (0.51321114199961770,-1.50539144427471981E-002)
 -0.89759790102565529        0.0000000000000000     
        (1.8618804062442211,-2.47446359982591907E-003)
 -0.89759790102565529        3.1415926535897936     
        (1.3182041588777214,-4.24122157422468088E-002)
 -0.44879895051282764        0.0000000000000000     
        (1.8924201677168888,-2.13423407908108721E-003)
 -0.44879895051282764        3.1415926535897936     
         (1.6384269056000185,5.55502531924157838E-003)
   0.0000000000000000        0.0000000000000000     
               (1.8996675346648235,0.0000000000000000)
   0.0000000000000000        3.1415926535897936     
         (1.7083657483173449,3.07636735548981051E-017)
  0.44879895051282764        0.0000000000000000     
         (1.8924201677168888,2.13423407908108721E-003)
  0.44879895051282764        3.1415926535897936     
        (1.6384269056000185,-5.55502531924157057E-003)
  0.89759790102565529        0.0000000000000000     
         (1.8618804062442211,2.47446359982591907E-003)
  0.89759790102565529        3.1415926535897936     
         (1.3182041588777211,4.24122157422469753E-002)
   1.3463968515384830        0.0000000000000000     
        (1.7786604465171549,-2.08507128223595810E-003)
   1.3463968515384830        3.1415926535897936     
        (0.51321114199961781,1.50539144427477012E-002)
   1.7951958020513106        0.0000000000000000     
        (1.4867888580003876,-1.50539144425754796E-002)
   1.7951958020513106        3.1415926535897936     
        (0.22133955348261458,2.08507128236788686E-003)
   2.2439947525641384        0.0000000000000000     
       (0.68179584112191649,-4.24122157422245141E-002)
   2.2439947525641384        3.1415926535897936     
       (0.13811959375635571,-2.47446359984314921E-003)
   2.6927937030769660        0.0000000000000000     
        (0.36157309440024693,5.55502531951744018E-003)
   2.6927937030769660        3.1415926535897936     
       (0.10757983228272459,-2.13423407904435357E-003)
   3.1415926535897936        0.0000000000000000     
        (0.29163425168282414,2.95328335517053260E-017)
   3.1415926535897936        3.1415926535897936     
       (0.10033246533536969,-7.75360031450863866E-018)
   1.0000000000000000                1          28
               (0.0000000000000000,0.0000000000000000)
  -2.6927937030769660        0.0000000000000000     
        (0.36473641225867626,1.52929315901135371E-003)
  -2.6927937030769660        3.1415926535897936     
        (0.11013764028615490,4.07927666347806129E-004)
  -2.2439947525641384        0.0000000000000000     
       (0.67006015442478428,-1.32233518882729460E-002)
  -2.2439947525641384        3.1415926535897936     
        (0.13886829199170783,3.04365137453700132E-003)
  -1.7951958020513106        0.0000000000000000     
         (1.4801100571867865,9.47075321707247127E-003)
  -1.7951958020513106        3.1415926535897936     
        (0.23121474024868419,4.28170887029921069E-003)
  -1.3463968515384830        0.0000000000000000     
        (1.7687852597508176,-4.28170887021023325E-003)
  -1.3463968515384830        3.1415926535897936     
       (0.51988994281326717,-9.47075321710912597E-003)
 -0.89759790102565529        0.0000000000000000     
        (1.8611317080085770,-3.04365137481922956E-003)
 -0.89759790102565529        3.1415926535897936     
         (1.3299398455753946,1.32233518884241341E-002)
 -0.44879895051282764        0.0000000000000000     
        (1.8898623597137534,-4.07927666678038607E-004)
 -0.44879895051282764        3.1415926535897936     
        (1.6352635877417503,-1.52929315930372400E-003)
   0.0000000000000000        0.0000000000000000     
               (1.8974055850750695,0.0000000000000000)
   0.0000000000000000        3.1415926535897936     
         (1.6950511442670391,3.25410759526042934E-017)
  0.44879895051282764        0.0000000000000000     
         (1.8898623597137534,4.07927666678038607E-004)
  0.44879895051282764        3.1415926535897936     
         (1.6352635877417501,1.52929315930369039E-003)
  0.89759790102565529        0.0000000000000000     
         (1.8611317080085770,3.04365137481922956E-003)
  0.89759790102565529        3.1415926535897936     
        (1.3299398455753944,-1.32233518884238999E-002)
   1.3463968515384830        0.0000000000000000     
         (1.7687852597508176,4.28170887021023325E-003)
   1.3463968515384830        3.1415926535897936     
        (0.51988994281326706,9.47075321710962557E-003)
   1.7951958020513106        0.0000000000000000     
        (1.4801100571867865,-9.47075321707247127E-003)
   1.7951958020513106        3.1415926535897936     
       (0.23121474024868419,-4.28170887029869548E-003)
   2.2439947525641384        0.0000000000000000     
        (0.67006015442478428,1.32233518882729460E-002)
   2.2439947525641384        3.1415926535897936     
       (0.13886829199170786,-3.04365137453673894E-003)
   2.6927937030769660        0.0000000000000000     
       (0.36473641225867626,-1.52929315901135371E-003)
   2.6927937030769660        3.1415926535897936     
       (0.11013764028615490,-4.07927666347797184E-004)
   3.1415926535897936        0.0000000000000000     
        (0.30494885573238945,8.42257220072612784E-017)
   3.1415926535897936        3.1415926535897936     
        (0.10259441492489205,1.20923608191354408E-017)
   1.0000000000000000                1          28
               (0.0000000000000000,0.0000000000000000)
  -2.6927937030769660        0.0000000000000000     
       (0.36119088194920368,-2.68289933325883013E-003)
  -2.6927937030769660        3.1415926535897936     
       (0.10164951633447779,-4.08644896871789779E-004)
  -2.2439947525641384        0.0000000000000000     
        (0.69363679274118795,5.87530082546500621E-003)
  -2.2439947525641384        3.1415926535897936     
       (0.13621450671368937,-2.66056972917401891E-004)
  -1.7951958020513106        0.0000000000000000     
        (1.4767157361946688,-2.22933469096463655E-003)
  -1.7951958020513106        3.1415926535897936     
        (0.22098426029681670,2.42296852283462602E-003)
  -1.3463968515384830        0.0000000000000000     
        (1.7790157397031501,-2.42296852289843436E-003)
  -1.3463968515384830        3.1415926535897936     
        (0.52328426380563353,2.22933469083466023E-003)
 -0.89759790102565529        0.0000000000000000     
         (1.8637854932862499,2.66056972589388829E-004)
 -0.89759790102565529        3.1415926535897936     
        (1.3063632072586657,-5.87530082569176406E-003)
 -0.44879895051282764        0.0000000000000000     
         (1.8983504836655940,4.08644896956418915E-004)
 -0.44879895051282764        3.1415926535897936     
         (1.6388091180506312,2.68289933320675893E-003)
   0.0000000000000000        0.0000000000000000     
               (1.9033418662141977,0.0000000000000000)
   0.0000000000000000        3.1415926535897936     
         (1.6987884145218981,3.28947038735922374E-017)
  0.44879895051282764        0.0000000000000000     
        (1.8983504836655940,-4.08644896956418915E-004)
  0.44879895051282764        3.1415926535897936     
        (1.6388091180506310,-2.68289933320675330E-003)
  0.89759790102565529        0.0000000000000000     
        (1.8637854932862499,-2.66056972589388829E-004)
  0.89759790102565529        3.1415926535897936     
         (1.3063632072586657,5.87530082569193753E-003)
   1.3463968515384830        0.0000000000000000     
         (1.7790157397031501,2.42296852289843436E-003)
   1.3463968515384830        3.1415926535897936     
       (0.52328426380563364,-2.22933469083416236E-003)
   1.7951958020513106        0.0000000000000000     
         (1.4767157361946688,2.22933469096463655E-003)
   1.7951958020513106        3.1415926535897936     
       (0.22098426029681670,-2.42296852283411124E-003)
   2.2439947525641384        0.0000000000000000     
       (0.69363679274118795,-5.87530082546500621E-003)
   2.2439947525641384        3.1415926535897936     
        (0.13621450671368937,2.66056972917664539E-004)
   2.6927937030769660        0.0000000000000000     
        (0.36119088194920368,2.68289933325883013E-003)
   2.6927937030769660        3.1415926535897936     
        (0.10164951633447791,4.08644896871818565E-004)
   3.1415926535897936        0.0000000000000000     
        (0.30121158547796428,4.31175261283263531E-017)
   3.1415926535897936        3.1415926535897936     
  (9.66581337859299394E-002,-1.42610584304323426E-017)
