           2              (-32.257459468576954,0.0000000000000000)   1.0000000000000000     
           2              (-32.777460656787603,0.0000000000000000)   1.0000000000000000     
           2              (-32.438706316542763,0.0000000000000000)   1.0000000000000000     
           2              (-32.256350963664829,0.0000000000000000)   1.0000000000000000     
           2              (-32.299866111906411,0.0000000000000000)   1.0000000000000000     
           2              (-32.345141245436558,0.0000000000000000)   1.0000000000000000     
           2              (-32.741897371641542,0.0000000000000000)   1.0000000000000000     
           2              (-32.506922238503421,0.0000000000000000)   1.0000000000000000     
           2              (-32.360865531682720,0.0000000000000000)   1.0000000000000000     
           2              (-32.562622990149286,0.0000000000000000)   1.0000000000000000     
