           2               (27.999999999999925,0.0000000000000000)   1.0000000000000000     
           2               (28.000000000000007,0.0000000000000000)   1.0000000000000000     
           2               (27.999999999999982,0.0000000000000000)   1.0000000000000000     
           2               (28.000000000000000,0.0000000000000000)   1.0000000000000000     
           2               (27.999999999999993,0.0000000000000000)   1.0000000000000000     
           2               (27.999999999999989,0.0000000000000000)   1.0000000000000000     
           2               (28.000000000000025,0.0000000000000000)   1.0000000000000000     
           2               (28.000000000000036,0.0000000000000000)   1.0000000000000000     
           2               (27.999999999999957,0.0000000000000000)   1.0000000000000000     
           2               (27.999999999999989,0.0000000000000000)   1.0000000000000000     
