   -2.692794      0.000000
  1    1        0.89771269        0.05573375       -0.00000000        0.00000000
   -2.692794      3.141593
  1    1        1.54387418        0.05587994       -0.00000000        0.00000000
   -2.243995      0.000000
  1    1        0.86473185        0.02499012       -0.00000000        0.00000000
   -2.243995      3.141593
  1    1        1.02958551        0.03854959        0.00000000        0.00000000
   -1.795196      0.000000
  1    1        0.63887940        0.02784340       -0.00000000        0.00000000
   -1.795196      3.141593
  1    1        0.83726080        0.03727190       -0.00000000        0.00000000
   -1.346397      0.000000
  1    1        0.50004451        0.02306779       -0.00000000        0.00000000
   -1.346397      3.141593
  1    1        0.56256752        0.02321719        0.00000000        0.00000000
   -0.897598      0.000000
  1    1        0.34657788        0.01624374       -0.00000000        0.00000000
   -0.897598      3.141593
  1    1        0.44486461        0.03910010       -0.00000000        0.00000000
   -0.448799      0.000000
  1    1        0.14511462        0.05410326       -0.00000000        0.00000000
   -0.448799      3.141593
  1    1        0.36595582        0.03770897       -0.00000000        0.00000000
    0.000000      0.000000
  1    1        0.08153455        0.08146550        0.00000000        0.00000000
    0.000000      3.141593
  1    1        0.49085098        0.07965957       -0.00000000        0.00000000
    0.448799      0.000000
  1    1        0.14511462        0.05410326        0.00000000        0.00000000
    0.448799      3.141593
  1    1        0.36595582        0.03770897       -0.00000000        0.00000000
    0.897598      0.000000
  1    1        0.34657788        0.01624374        0.00000000        0.00000000
    0.897598      3.141593
  1    1        0.44486461        0.03910010        0.00000000        0.00000000
    1.346397      0.000000
  1    1        0.50004451        0.02306779        0.00000000        0.00000000
    1.346397      3.141593
  1    1        0.56256752        0.02321719       -0.00000000        0.00000000
    1.795196      0.000000
  1    1        0.63887940        0.02784340        0.00000000        0.00000000
    1.795196      3.141593
  1    1        0.83726080        0.03727190        0.00000000        0.00000000
    2.243995      0.000000
  1    1        0.86473185        0.02499012        0.00000000        0.00000000
    2.243995      3.141593
  1    1        1.02958551        0.03854959       -0.00000000        0.00000000
    2.692794      0.000000
  1    1        0.89771269        0.05573375        0.00000000        0.00000000
    2.692794      3.141593
  1    1        1.54387418        0.05587994        0.00000000        0.00000000
    3.141593      0.000000
  1    1        0.74557796        0.09924911        0.00000000        0.00000000
    3.141593      3.141593
  1    1        4.21326518        0.09988647       -0.00000000        0.00000000
