     0.0000000        1.75311330        0.01359620
     0.1000000        1.44988579        0.01365293
     0.2000000        1.20406280        0.00805026
     0.3000000        1.01133026        0.01056588
     0.4000000        0.86148378        0.01360620
     0.5000000        0.73724766        0.01109157
     0.6000000        0.61362236        0.01004003
     0.7000000        0.51780747        0.01310717
     0.8000000        0.44185852        0.01329466
     0.9000000        0.37761993        0.01366650
     1.0000000        0.32846593        0.01302296
     1.1000000        0.27162462        0.01477356
     1.2000000        0.23069090        0.01351786
     1.3000000        0.18970500        0.01361412
     1.4000000        0.16643309        0.00595274
     1.5000000        0.14092641        0.00562727
     1.6000000        0.12718582        0.00803080
     1.7000000        0.10738237        0.00732854
     1.8000000        0.08782025        0.00617820
     1.9000000        0.07175201        0.00726261
     2.0000000        0.06838409        0.00804888
     2.1000000        0.05487465        0.00529096
     2.2000000        0.04652946        0.00509163
     2.3000000        0.04023511        0.00651594
     2.4000000        0.03900934        0.00605368
     2.5000000        0.02997371        0.00497714
     2.6000000        0.02646265        0.00481347
     2.7000000        0.02335010        0.00405911
     2.8000000        0.01946123        0.00382875
     2.9000000        0.01736529        0.00479717
     3.0000000        0.01587558        0.00544235
     3.1000000        0.01199356        0.00350136
     3.2000000        0.01041555        0.00410303
     3.3000000        0.01008223        0.00432732
     3.4000000        0.00978860        0.00470828
     3.5000000        0.00712167        0.00443010
     3.6000000        0.00588737        0.00591247
     3.7000000        0.00602610        0.00439348
     3.8000000        0.00366596        0.00290412
     3.9000000        0.00321311        0.00353561
     4.0000000        0.00522235        0.00329791
     4.1000000        0.00341646        0.00318285
     4.2000000        0.00199117        0.00259221
     4.3000000        0.00154629        0.00137619
     4.4000000        0.00193801        0.00185127
     4.5000000        0.00363878        0.00304251
     4.6000000        0.00212290        0.00442879
     4.7000000        0.00090717        0.00303744
     4.8000000        0.00162430        0.00278786
     4.9000000        0.00186759        0.00416391
     5.0000000        0.00068667        0.00272784
     5.1000000       -0.00235700        0.00279068
     5.2000000       -0.00343074        0.00269412
     5.3000000       -0.00261055        0.00170358
     5.4000000       -0.00398151        0.00169337
     5.5000000       -0.00348518        0.00333357
     5.6000000       -0.00069673        0.00269106
     5.7000000        0.00034422        0.00243640
     5.8000000       -0.00050939        0.00052179
     5.9000000        0.00033687        0.00086024
     6.0000000       -0.00082505        0.00103160
     6.1000000        0.00036288        0.00193654
     6.2000000        0.00061842        0.00226536
     6.3000000        0.00116137        0.00210386
     6.4000000        0.00011613        0.00155671
     6.5000000        0.00136979        0.00260189
     6.6000000        0.00376831        0.00381291
     6.7000000        0.00365109        0.00440127
     6.8000000        0.00523841        0.00594252
     6.9000000        0.00232212        0.00377237
     7.0000000        0.00273903        0.00326188
     7.1000000       -0.00028578        0.00302319
     7.2000000        0.00024499        0.00252056
     7.3000000        0.00219257        0.00304640
     7.4000000       -0.00078973        0.00177467
     7.5000000       -0.00110097        0.00309532
     7.6000000       -0.00124101        0.00266954
     7.7000000       -0.00069042        0.00396688
     7.8000000        0.00006532        0.00429886
     7.9000000        0.00409345        0.00445593
     8.0000000        0.00376102        0.00505306
     8.1000000        0.00028609        0.00738910
     8.2000000       -0.00558996        0.00986774
     8.3000000        0.00099317        0.00610756
     8.4000000       -0.00249798        0.00785144
     8.5000000       -0.00036339        0.00814112
     8.6000000        0.00054948        0.00887467
     8.7000000        0.00661236        0.00688915
     8.8000000        0.01705406        0.00764762
     8.9000000        0.01650468        0.00814224
     9.0000000        0.02166582        0.00966861
     9.1000000        0.02843801        0.01082492
     9.2000000        0.03762129        0.01352224
     9.3000000        0.04894867        0.01051816
     9.4000000        0.05854604        0.01149089
     9.5000000        0.07162216        0.00805304
     9.6000000        0.08117922        0.00659175
     9.7000000        0.10381481        0.01033768
     9.8000000        0.12891600        0.00984161
     9.9000000        0.18323358        0.01056618
    10.0000000        0.24688670        0.01359620
