     0.0000000        0.15713814        0.05366952
     0.1000000        0.18082918        0.05948270
     0.2000000        0.17772342        0.02481784
     0.3000000        0.28589706        0.05531591
     0.4000000        0.25500214        0.04830330
     0.5000000        0.22445504        0.05920750
     0.6000000        0.25169466        0.07887193
     0.7000000        0.33427974        0.18143637
     0.8000000        0.18720958        0.06377397
     0.9000000        0.15046939        0.06420994
     1.0000000        0.27876164        0.18014637
     1.1000000        0.07412149        0.10239927
     1.2000000        0.03662010        0.04492959
     1.3000000       -0.17869997        0.42146189
     1.4000000       -0.11295239        0.19700788
     1.5000000       -0.10575043        0.11702654
     1.6000000        0.05105454        0.09749767
     1.7000000        0.09329143        0.11122963
     1.8000000        0.03644764        0.05859661
     1.9000000        0.03149716        0.04927430
     2.0000000        0.03791093        0.05445907
     2.1000000       -0.11478413        0.07688146
     2.2000000       -0.01845287        0.04743503
     2.3000000        0.39393835        0.33901698
     2.4000000        0.80081325        0.86407713
     2.5000000        0.33802735        0.33936939
     2.6000000        0.08815280        0.14008237
     2.7000000        0.03821893        0.05267117
     2.8000000       -0.02913665        0.02846877
     2.9000000       -0.07438155        0.06251406
     3.0000000       -0.00100516        0.02165044
     3.1000000        0.00179454        0.00979404
     3.2000000        0.00899275        0.03595290
     3.3000000        0.06042316        0.07215525
     3.4000000        0.13701774        0.15237527
     3.5000000        0.05718842        0.05844237
     3.6000000       -0.00380615        0.03209971
     3.7000000       -0.01163407        0.01747695
     3.8000000       -0.01791772        0.02201438
     3.9000000       -0.00404674        0.01398597
     4.0000000        0.01005637        0.01395261
     4.1000000       -0.01097329        0.00656360
     4.2000000       -0.01873256        0.00921627
     4.3000000       -0.00430367        0.00248552
     4.4000000       -0.00972216        0.00955982
     4.5000000        0.00836987        0.01092025
     4.6000000        0.05099559        0.05613948
     4.7000000       -0.00166312        0.00354461
     4.8000000        0.04007424        0.04053213
     4.9000000        0.10792474        0.11241329
     5.0000000        0.04240351        0.04274094
     5.1000000        0.00039057        0.00155223
     5.2000000       -0.00648696        0.00590476
     5.3000000       -0.01714797        0.02652323
     5.4000000       -0.01787511        0.00850697
     5.5000000       -0.02345086        0.02720513
     5.6000000        0.00997958        0.01777612
     5.7000000        0.04405234        0.04075025
     5.8000000        0.01749474        0.01649735
     5.9000000        0.00647029        0.00698543
     6.0000000        0.00196110        0.00793839
     6.1000000        0.00290009        0.00464689
     6.2000000        0.00366197        0.00383793
     6.3000000       -0.01001343        0.01122283
     6.4000000        0.00710802        0.00478711
     6.5000000        0.01480766        0.01399309
     6.6000000        0.04500349        0.04711711
     6.7000000        0.00482695        0.00885396
     6.8000000       -0.13820836        0.14192396
     6.9000000       -0.04999733        0.05853083
     7.0000000       -0.02412241        0.04022656
     7.1000000        0.00640796        0.02948857
     7.2000000        0.02798960        0.01573471
     7.3000000        0.04651559        0.03546925
     7.4000000        0.00048861        0.00916219
     7.5000000        0.00873670        0.01185433
     7.6000000        0.00966466        0.01095788
     7.7000000        0.02585838        0.01637495
     7.8000000       -0.00047869        0.02114028
     7.9000000       -0.01272871        0.03110846
     8.0000000       -0.03842106        0.06286924
     8.1000000       -0.10767293        0.10575987
     8.2000000       -0.27244525        0.26493298
     8.3000000       -0.16371008        0.12404378
     8.4000000       -0.02268710        0.08020904
     8.5000000       -0.01613954        0.09781075
     8.6000000       -0.06527604        0.05673957
     8.7000000       -0.11622938        0.07027163
     8.8000000        0.05021734        0.05916528
     8.9000000        0.14893472        0.15191636
     9.0000000        0.02219464        0.07388047
     9.1000000        0.09235210        0.07472827
     9.2000000        0.10638773        0.09185242
     9.3000000        0.08354247        0.05353104
     9.4000000        0.10534274        0.06812783
     9.5000000        0.13935678        0.06995277
     9.6000000        0.11391524        0.03915694
     9.7000000        0.13576125        0.06220957
     9.8000000        0.13289840        0.04936054
     9.9000000        0.17030234        0.03531368
    10.0000000        0.15713814        0.05366952
