         101         161   20.000000000000000                1
     0.0000000        0.48212339        0.00000000
     0.1000000        0.37325858        0.00000000
     0.2000000        0.29322703        0.00000000
     0.3000000        0.23388006        0.00000000
     0.4000000        0.18945731        0.00000000
     0.5000000        0.15587079        0.00000000
     0.6000000        0.13020687        0.00000000
     0.7000000        0.11037904        0.00000000
     0.8000000        0.09488538        0.00000000
     0.9000000        0.08263863        0.00000000
     1.0000000        0.07284687        0.00000000
     1.1000000        0.06492942        0.00000000
     1.2000000        0.05845746        0.00000000
     1.3000000        0.05311184        0.00000000
     1.4000000        0.04865314        0.00000000
     1.5000000        0.04490018        0.00000000
     1.6000000        0.04171463        0.00000000
     1.7000000        0.03898990        0.00000000
     1.8000000        0.03664308        0.00000000
     1.9000000        0.03460908        0.00000000
     2.0000000        0.03283626        0.00000000
     2.1000000        0.03128334        0.00000000
     2.2000000        0.02991693        0.00000000
     2.3000000        0.02870985        0.00000000
     2.4000000        0.02763973        0.00000000
     2.5000000        0.02668804        0.00000000
     2.6000000        0.02583931        0.00000000
     2.7000000        0.02508051        0.00000000
     2.8000000        0.02440059        0.00000000
     2.9000000        0.02379015        0.00000000
     3.0000000        0.02324110        0.00000000
     3.1000000        0.02274650        0.00000000
     3.2000000        0.02230030        0.00000000
     3.3000000        0.02189726        0.00000000
     3.4000000        0.02153277        0.00000000
     3.5000000        0.02120281        0.00000000
     3.6000000        0.02090382        0.00000000
     3.7000000        0.02063267        0.00000000
     3.8000000        0.02038658        0.00000000
     3.9000000        0.02016308        0.00000000
     4.0000000        0.01995996        0.00000000
     4.1000000        0.01977525        0.00000000
     4.2000000        0.01960722        0.00000000
     4.3000000        0.01945426        0.00000000
     4.4000000        0.01931498        0.00000000
     4.5000000        0.01918810        0.00000000
     4.6000000        0.01907248        0.00000000
     4.7000000        0.01896707        0.00000000
     4.8000000        0.01887096        0.00000000
     4.9000000        0.01878330        0.00000000
     5.0000000        0.01870332        0.00000000
     5.1000000        0.01863033        0.00000000
     5.2000000        0.01856372        0.00000000
     5.3000000        0.01850291        0.00000000
     5.4000000        0.01844739        0.00000000
     5.5000000        0.01839668        0.00000000
     5.6000000        0.01835038        0.00000000
     5.7000000        0.01830808        0.00000000
     5.8000000        0.01826944        0.00000000
     5.9000000        0.01823414        0.00000000
     6.0000000        0.01820188        0.00000000
     6.1000000        0.01817241        0.00000000
     6.2000000        0.01814548        0.00000000
     6.3000000        0.01812087        0.00000000
     6.4000000        0.01809838        0.00000000
     6.5000000        0.01807782        0.00000000
     6.6000000        0.01805904        0.00000000
     6.7000000        0.01804187        0.00000000
     6.8000000        0.01802619        0.00000000
     6.9000000        0.01801185        0.00000000
     7.0000000        0.01799875        0.00000000
     7.1000000        0.01798678        0.00000000
     7.2000000        0.01797585        0.00000000
     7.3000000        0.01796586        0.00000000
     7.4000000        0.01795675        0.00000000
     7.5000000        0.01794842        0.00000000
     7.6000000        0.01794082        0.00000000
     7.7000000        0.01793389        0.00000000
     7.8000000        0.01792757        0.00000000
     7.9000000        0.01792181        0.00000000
     8.0000000        0.01791657        0.00000000
     8.1000000        0.01791179        0.00000000
     8.2000000        0.01790745        0.00000000
     8.3000000        0.01790352        0.00000000
     8.4000000        0.01789994        0.00000000
     8.5000000        0.01789671        0.00000000
     8.6000000        0.01789380        0.00000000
     8.7000000        0.01789117        0.00000000
     8.8000000        0.01788882        0.00000000
     8.9000000        0.01788672        0.00000000
     9.0000000        0.01788485        0.00000000
     9.1000000        0.01788320        0.00000000
     9.2000000        0.01788176        0.00000000
     9.3000000        0.01788051        0.00000000
     9.4000000        0.01787945        0.00000000
     9.5000000        0.01787857        0.00000000
     9.6000000        0.01787786        0.00000000
     9.7000000        0.01787731        0.00000000
     9.8000000        0.01787692        0.00000000
     9.9000000        0.01787669        0.00000000
    10.0000000        0.01787661        0.00000000
