         201           4   20.000000000000000                1
     0.0000000        0.01262988        0.00051923
     0.1000000        0.01096023        0.00081735
     0.2000000        0.00788496        0.00259218
     0.3000000        0.00666527        0.00195848
     0.4000000        0.00560440        0.00208384
     0.5000000        0.00346560        0.00251156
     0.6000000        0.00382851        0.00253024
     0.7000000        0.00405703        0.00162656
     0.8000000        0.00376851        0.00067057
     0.9000000        0.00288632        0.00019881
     1.0000000        0.00140443        0.00070341
     1.1000000        0.00070703        0.00181959
     1.2000000        0.00079246        0.00191021
     1.3000000        0.00050303        0.00118797
     1.4000000        0.00016548        0.00086960
     1.5000000       -0.00091088        0.00117814
     1.6000000       -0.00127714        0.00097235
     1.7000000       -0.00016999        0.00139746
     1.8000000       -0.00012754        0.00053699
     1.9000000       -0.00110623        0.00182965
     2.0000000       -0.00188503        0.00358004
     2.1000000       -0.00049717        0.00321068
     2.2000000       -0.00078197        0.00323863
     2.3000000       -0.00144533        0.00387420
     2.4000000       -0.00057315        0.00294912
     2.5000000       -0.00087557        0.00231217
     2.6000000       -0.00038577        0.00101222
     2.7000000        0.00061318        0.00186288
     2.8000000       -0.00030039        0.00154768
     2.9000000       -0.00033841        0.00198500
     3.0000000       -0.00212003        0.00210645
     3.1000000       -0.00358503        0.00231726
     3.2000000       -0.00345370        0.00231001
     3.3000000       -0.00306712        0.00224080
     3.4000000       -0.00242315        0.00214486
     3.5000000       -0.00154758        0.00112648
     3.6000000       -0.00192331        0.00133693
     3.7000000       -0.00402341        0.00047569
     3.8000000       -0.00389474        0.00139995
     3.9000000       -0.00253388        0.00190061
     4.0000000       -0.00173503        0.00162526
     4.1000000       -0.00102347        0.00110343
     4.2000000       -0.00173346        0.00174598
     4.3000000       -0.00187961        0.00224276
     4.4000000       -0.00043011        0.00202142
     4.5000000        0.00009043        0.00196013
     4.6000000       -0.00048571        0.00179943
     4.7000000       -0.00125909        0.00203544
     4.8000000       -0.00055934        0.00165532
     4.9000000       -0.00058008        0.00152425
     5.0000000       -0.00151739        0.00187300
     5.1000000       -0.00269942        0.00304547
     5.2000000       -0.00294138        0.00260863
     5.3000000       -0.00365850        0.00355495
     5.4000000       -0.00198726        0.00326878
     5.5000000       -0.00291612        0.00413713
     5.6000000       -0.00174991        0.00399531
     5.7000000       -0.00336789        0.00420003
     5.8000000       -0.00268216        0.00279508
     5.9000000       -0.00178118        0.00143165
     6.0000000       -0.00104545        0.00148620
     6.1000000       -0.00007319        0.00087040
     6.2000000        0.00065626        0.00064470
     6.3000000        0.00132985        0.00076519
     6.4000000        0.00042157        0.00099290
     6.5000000        0.00066276        0.00070832
     6.6000000        0.00005793        0.00100845
     6.7000000        0.00019495        0.00102116
     6.8000000       -0.00046898        0.00154772
     6.9000000        0.00193008        0.00405353
     7.0000000        0.00262559        0.00388711
     7.1000000        0.00368224        0.00463585
     7.2000000        0.00181076        0.00255340
     7.3000000        0.00188634        0.00271366
     7.4000000        0.00150280        0.00154386
     7.5000000        0.00117299        0.00177273
     7.6000000        0.00121409        0.00102967
     7.7000000        0.00125492        0.00189883
     7.8000000        0.00043583        0.00084666
     7.9000000        0.00089754        0.00139631
     8.0000000        0.00028285        0.00238406
     8.1000000        0.00081332        0.00166505
     8.2000000       -0.00063476        0.00060008
     8.3000000       -0.00079701        0.00098955
     8.4000000       -0.00148711        0.00093497
     8.5000000       -0.00176975        0.00129937
     8.6000000       -0.00290316        0.00172648
     8.7000000       -0.00365622        0.00237448
     8.8000000       -0.00166423        0.00235925
     8.9000000       -0.00169439        0.00177064
     9.0000000       -0.00042639        0.00079366
     9.1000000       -0.00009767        0.00091796
     9.2000000        0.00102441        0.00075237
     9.3000000        0.00137872        0.00099511
     9.4000000        0.00155255        0.00067935
     9.5000000        0.00068938        0.00053718
     9.6000000        0.00065109        0.00068301
     9.7000000        0.00177295        0.00224469
     9.8000000        0.00219032        0.00236288
     9.9000000        0.00217413        0.00228665
    10.0000000        0.00276760        0.00270312
    10.1000000        0.00295472        0.00294168
    10.2000000        0.00380901        0.00388979
    10.3000000        0.00297690        0.00339612
    10.4000000        0.00165199        0.00244610
    10.5000000        0.00195092        0.00204866
    10.6000000        0.00204294        0.00171311
    10.7000000        0.00205005        0.00148842
    10.8000000        0.00336118        0.00223050
    10.9000000        0.00265272        0.00100535
    11.0000000        0.00330577        0.00141269
    11.1000000        0.00357869        0.00165285
    11.2000000        0.00481877        0.00247358
    11.3000000        0.00509238        0.00331909
    11.4000000        0.00328090        0.00222537
    11.5000000        0.00386496        0.00281673
    11.6000000        0.00271729        0.00217979
    11.7000000        0.00085567        0.00176711
    11.8000000        0.00183310        0.00257954
    11.9000000        0.00084274        0.00147816
    12.0000000        0.00144041        0.00118289
    12.1000000        0.00206708        0.00091747
    12.2000000        0.00174178        0.00055142
    12.3000000        0.00107885        0.00214838
    12.4000000        0.00007839        0.00161271
    12.5000000        0.00003736        0.00050147
    12.6000000        0.00051348        0.00124398
    12.7000000       -0.00002652        0.00132625
    12.8000000       -0.00005590        0.00166532
    12.9000000        0.00066995        0.00144888
    13.0000000       -0.00069657        0.00190919
    13.1000000       -0.00028539        0.00146161
    13.2000000       -0.00092300        0.00133601
    13.3000000       -0.00194307        0.00148935
    13.4000000       -0.00015999        0.00221844
    13.5000000        0.00064934        0.00208402
    13.6000000        0.00033151        0.00211602
    13.7000000        0.00051834        0.00198923
    13.8000000        0.00134220        0.00094934
    13.9000000        0.00039976        0.00098294
    14.0000000        0.00232218        0.00092133
    14.1000000        0.00217375        0.00170156
    14.2000000        0.00152318        0.00217222
    14.3000000        0.00018000        0.00170884
    14.4000000        0.00037778        0.00146444
    14.5000000        0.00028770        0.00104374
    14.6000000       -0.00054920        0.00123313
    14.7000000        0.00019647        0.00168918
    14.8000000       -0.00043364        0.00148033
    14.9000000        0.00013230        0.00198640
    15.0000000       -0.00143227        0.00187806
    15.1000000        0.00002462        0.00060514
    15.2000000       -0.00048263        0.00078073
    15.3000000       -0.00007566        0.00087144
    15.4000000        0.00070159        0.00116723
    15.5000000        0.00124218        0.00069754
    15.6000000        0.00146843        0.00072510
    15.7000000        0.00182541        0.00147315
    15.8000000        0.00097176        0.00176930
    15.9000000        0.00175640        0.00142081
    16.0000000        0.00225533        0.00153827
    16.1000000        0.00148721        0.00146252
    16.2000000        0.00167759        0.00225806
    16.3000000        0.00179391        0.00206631
    16.4000000        0.00307803        0.00128898
    16.5000000        0.00509432        0.00109460
    16.6000000        0.00464253        0.00085569
    16.7000000        0.00538775        0.00080342
    16.8000000        0.00473436        0.00130822
    16.9000000        0.00576042        0.00105667
    17.0000000        0.00659512        0.00102104
    17.1000000        0.00841579        0.00039761
    17.2000000        0.00961198        0.00156038
    17.3000000        0.01113521        0.00132571
    17.4000000        0.01299104        0.00211893
    17.5000000        0.01426818        0.00100738
    17.6000000        0.01817979        0.00212835
    17.7000000        0.02187064        0.00184005
    17.8000000        0.02543291        0.00254449
    17.9000000        0.03027463        0.00254777
    18.0000000        0.03639420        0.00200891
    18.1000000        0.04424449        0.00249103
    18.2000000        0.05078881        0.00226167
    18.3000000        0.06030513        0.00343555
    18.4000000        0.06947276        0.00289502
    18.5000000        0.08238775        0.00365568
    18.6000000        0.09804266        0.00301356
    18.7000000        0.11808988        0.00359845
    18.8000000        0.13792342        0.00272585
    18.9000000        0.16336977        0.00241145
    19.0000000        0.19019267        0.00326824
    19.1000000        0.22388807        0.00226765
    19.2000000        0.26434847        0.00223601
    19.3000000        0.30913569        0.00428414
    19.4000000        0.36280013        0.00211626
    19.5000000        0.43015026        0.00139366
    19.6000000        0.50639912        0.00367468
    19.7000000        0.59543081        0.00154226
    19.8000000        0.70954038        0.00354136
    19.9000000        0.83856986        0.00215664
    20.0000000        0.98737012        0.00051923
