   -6.000000      0.000000
  1    1       -0.00000031        0.00000022        0.00000000        0.00000000
   -6.000000      1.000000
  1    1       -0.00000001        0.00000019        0.00000000        0.00000000
   -5.000000      0.000000
  1    1       -0.00000023        0.00000061        0.00000000        0.00000000
   -5.000000      1.000000
  1    1       -0.00000111        0.00000078       -0.00000000        0.00000000
   -4.000000      0.000000
  1    1       -0.00001043        0.00000210        0.00000000        0.00000000
   -4.000000      1.000000
  1    1       -0.00000959        0.00000171        0.00000000        0.00000000
   -3.000000      0.000000
  1    1       -0.00006805        0.00000579        0.00000000        0.00000000
   -3.000000      1.000000
  1    1       -0.00007271        0.00000735       -0.00000000        0.00000000
   -2.000000      0.000000
  1    1       -0.00055876        0.00002361        0.00000000        0.00000000
   -2.000000      1.000000
  1    1       -0.00047658        0.00003763        0.00000000        0.00000000
   -1.000000      0.000000
  1    1       -0.00221926        0.00015288       -0.00000000        0.00000000
   -1.000000      1.000000
  1    1       -0.00623414        0.00009077       -0.00000000        0.00000000
    0.000000      0.000000
  1    1        0.24643584        0.00042744        0.00000000        0.00000000
    0.000000      1.000000
  1    1       -0.22705596        0.00054438       -0.00000000        0.00000000
    1.000000      0.000000
  1    1       -0.00221926        0.00015288       -0.00000000        0.00000000
    1.000000      1.000000
  1    1       -0.00623414        0.00009077       -0.00000000        0.00000000
    2.000000      0.000000
  1    1       -0.00055876        0.00002361        0.00000000        0.00000000
    2.000000      1.000000
  1    1       -0.00047658        0.00003763        0.00000000        0.00000000
    3.000000      0.000000
  1    1       -0.00006805        0.00000579       -0.00000000        0.00000000
    3.000000      1.000000
  1    1       -0.00007271        0.00000735       -0.00000000        0.00000000
    4.000000      0.000000
  1    1       -0.00001043        0.00000210        0.00000000        0.00000000
    4.000000      1.000000
  1    1       -0.00000959        0.00000171       -0.00000000        0.00000000
    5.000000      0.000000
  1    1       -0.00000023        0.00000061       -0.00000000        0.00000000
    5.000000      1.000000
  1    1       -0.00000111        0.00000078       -0.00000000        0.00000000
    6.000000      0.000000
  1    1       -0.00000031        0.00000022        0.00000000        0.00000000
    6.000000      1.000000
  1    1       -0.00000001        0.00000019        0.00000000        0.00000000
    7.000000      0.000000
  1    1       -0.00000003        0.00000019        0.00000000        0.00000000
    7.000000      1.000000
  1    1        0.00000006        0.00000015       -0.00000000        0.00000000
