   1.0000000000000000                1          28
               (1.0000000000000040,0.0000000000000000)
  -2.6927937030769660        0.0000000000000000     
   (3.70245346220164778E-002,5.76273434257850435E-015)
  -2.6927937030769660        3.1415926535897936     
        (0.46300689684901858,2.66895438975455629E-015)
  -2.2439947525641384        0.0000000000000000     
  (3.34953830531154670E-002,-4.48507214805498981E-015)
  -2.2439947525641384        3.1415926535897936     
        (0.46501394040634303,5.03111344258565766E-016)
  -1.7951958020513106        0.0000000000000000     
   (2.75641252911753253E-002,1.81170068517672231E-015)
  -1.7951958020513106        3.1415926535897936     
        (0.46798700096614926,8.92596917221127328E-016)
  -1.3463968515384830        0.0000000000000000     
  (1.96172965619786192E-002,-2.31039533005345744E-015)
  -1.3463968515384830        3.1415926535897936     
        (0.47126817489569522,1.01064250293467314E-015)
 -0.89759790102565529        0.0000000000000000     
   (1.06681166657677396E-002,1.41338086813128983E-015)
 -0.89759790102565529        3.1415926535897936     
        (0.47415727138097818,1.46356844111028437E-015)
 -0.44879895051282764        0.0000000000000000     
  (3.07601399069173161E-003,-8.83596144411791867E-018)
 -0.44879895051282764        3.1415926535897936     
       (0.47611526486369848,-7.65713835520553802E-016)
   0.0000000000000000        0.0000000000000000     
               (28.000037725685676,0.0000000000000000)
   0.0000000000000000        3.1415926535897936     
        (0.47681091980025680,4.42607244187314954E-015)
  0.44879895051282764        0.0000000000000000     
   (3.07601399069173161E-003,8.83596144411791867E-018)
  0.44879895051282764        3.1415926535897936     
        (0.47611526486369832,1.83538037382336326E-015)
  0.89759790102565529        0.0000000000000000     
  (1.06681166657677396E-002,-1.41338086813128983E-015)
  0.89759790102565529        3.1415926535897936     
       (0.47415727138097818,-6.29995560037341414E-016)
   1.3463968515384830        0.0000000000000000     
   (1.96172965619786192E-002,2.31039533005345744E-015)
   1.3463968515384830        3.1415926535897936     
        (0.47126817489569550,5.03113142397737526E-016)
   1.7951958020513106        0.0000000000000000     
  (2.75641252911753253E-002,-1.81170068517672231E-015)
   1.7951958020513106        3.1415926535897936     
        (0.46798700096614926,2.03453953594708767E-015)
   2.2439947525641384        0.0000000000000000     
   (3.34953830531154670E-002,4.48507214805498981E-015)
   2.2439947525641384        3.1415926535897936     
       (0.46501394040634281,-3.85064644169209058E-016)
   2.6927937030769660        0.0000000000000000     
  (3.70245346220164778E-002,-5.76273434257850435E-015)
   2.6927937030769660        3.1415926535897936     
        (0.46300689684901858,4.41680064219449931E-018)
   3.1415926535897936        0.0000000000000000     
   (3.81713450919540440E-002,5.39092232908749700E-015)
   3.1415926535897936        3.1415926535897936     
       (0.46231270988572398,-9.56691070714901227E-016)
   1.0000000000000000                1          28
              (0.99999999999999900,0.0000000000000000)
  -2.6927937030769660        0.0000000000000000     
   (3.49652813525910752E-002,6.58747148894332817E-015)
  -2.6927937030769660        3.1415926535897936     
        (0.46671952422827434,1.14635939715973931E-015)
  -2.2439947525641384        0.0000000000000000     
  (3.16444226734925310E-002,-6.51519429442509324E-015)
  -2.2439947525641384        3.1415926535897936     
        (0.46905020533604919,2.49349642711738367E-016)
  -1.7951958020513106        0.0000000000000000     
   (2.60136397578701398E-002,3.08052701837200224E-015)
  -1.7951958020513106        3.1415926535897936     
        (0.47226684415182202,2.54206952573637917E-015)
  -1.3463968515384830        0.0000000000000000     
  (1.84930723997048310E-002,-3.95986955924675801E-015)
  -1.3463968515384830        3.1415926535897936     
        (0.47573038679171853,8.83761616306814149E-016)
 -0.89759790102565529        0.0000000000000000     
   (1.01101645436323696E-002,1.76719325572148114E-017)
 -0.89759790102565529        3.1415926535897936     
        (0.47871067237641907,9.56037345753518689E-016)
 -0.44879895051282764        0.0000000000000000     
  (2.96014779445246453E-003,-1.02389701736446490E-015)
 -0.44879895051282764        3.1415926535897936     
        (0.48068139534270482,1.32784977067047627E-015)
   0.0000000000000000        0.0000000000000000     
               (28.000045815052744,0.0000000000000000)
   0.0000000000000000        3.1415926535897936     
        (0.48136293431200866,4.42534172297878919E-015)
  0.44879895051282764        0.0000000000000000     
   (2.96014779445246453E-003,1.02389701736446490E-015)
  0.44879895051282764        3.1415926535897936     
       (0.48068139534270499,-7.02272828539607103E-016)
  0.89759790102565529        0.0000000000000000     
  (1.01101645436323696E-002,-1.76719325572148114E-017)
  0.89759790102565529        3.1415926535897936     
        (0.47871067237641907,5.11949345280616644E-016)
   1.3463968515384830        0.0000000000000000     
   (1.84930723997048310E-002,3.95986955924675801E-015)
   1.3463968515384830        3.1415926535897936     
        (0.47573038679171858,3.76228913353562488E-016)
   1.7951958020513106        0.0000000000000000     
  (2.60136397578701398E-002,-3.08052701837200224E-015)
   1.7951958020513106        3.1415926535897936     
        (0.47226684415182202,1.31301517560942149E-016)
   2.2439947525641384        0.0000000000000000     
   (3.16444226734925310E-002,6.51519429442509324E-015)
   2.2439947525641384        3.1415926535897936     
       (0.46905020533604957,-1.31302795522951325E-016)
   2.6927937030769660        0.0000000000000000     
  (3.49652813525910752E-002,-6.58747148894332817E-015)
   2.6927937030769660        3.1415926535897936     
        (0.46671952422827406,1.14636375198038488E-015)
   3.1415926535897936        0.0000000000000000     
   (3.60259436449770556E-002,5.39092236960424348E-015)
   3.1415926535897936        3.1415926535897936     
       (0.46584385868017869,-9.57570183168972452E-016)
   1.0000000000000000                1          28
               (1.0000000000000029,0.0000000000000000)
  -2.6927937030769660        0.0000000000000000     
   (3.57396301464469254E-002,6.52403059588810860E-015)
  -2.6927937030769660        3.1415926535897936     
        (0.46491311412786512,7.65714887565838015E-016)
  -2.2439947525641384        0.0000000000000000     
  (3.22649849068062794E-002,-5.88078157850155535E-015)
  -2.2439947525641384        3.1415926535897936     
        (0.46698168553645597,1.26440716488162776E-015)
  -1.7951958020513106        0.0000000000000000     
   (2.65218659962515209E-002,3.20740984270907991E-015)
  -1.7951958020513106        3.1415926535897936     
       (0.47003412322234173,-7.56877310867384194E-016)
  -1.3463968515384830        0.0000000000000000     
  (1.87949533729860271E-002,-1.42221714285093738E-015)
  -1.3463968515384830        3.1415926535897936     
        (0.47343206548045902,1.26440778668606414E-015)
 -0.89759790102565529        0.0000000000000000     
  (1.01333972213256528E-002,-7.43623759281505444E-016)
 -0.89759790102565529        3.1415926535897936     
        (0.47644355769139057,1.20980320130615435E-015)
 -0.44879895051282764        0.0000000000000000     
  (2.91041436176835751E-003,-7.70131802830836947E-016)
 -0.44879895051282764        3.1415926535897936     
       (0.47847652842193966,-5.11948598095642859E-016)
   0.0000000000000000        0.0000000000000000     
               (28.000053626312933,0.0000000000000000)
   0.0000000000000000        3.1415926535897936     
        (0.47918913752053666,4.42569255231084799E-015)
  0.44879895051282764        0.0000000000000000     
   (2.91041436176835751E-003,7.70131802830836947E-016)
  0.44879895051282764        3.1415926535897936     
        (0.47847652842193994,1.13752587109684435E-015)
  0.89759790102565529        0.0000000000000000     
   (1.01333972213256528E-002,7.43623759281505444E-016)
  0.89759790102565529        3.1415926535897936     
        (0.47644355769139085,4.41766765841970149E-018)
   1.3463968515384830        0.0000000000000000     
   (1.87949533729860271E-002,1.42221714285093738E-015)
   1.3463968515384830        3.1415926535897936     
        (0.47343206548045919,2.49347879760581195E-016)
   1.7951958020513106        0.0000000000000000     
  (2.65218659962515209E-002,-3.20740984270907991E-015)
   1.7951958020513106        3.1415926535897936     
        (0.47003412322234145,3.93777900569282975E-015)
   2.2439947525641384        0.0000000000000000     
   (3.22649849068062794E-002,5.88078157850155535E-015)
   2.2439947525641384        3.1415926535897936     
       (0.46698168553645619,-1.14636044367803604E-015)
   2.6927937030769660        0.0000000000000000     
  (3.57396301464469254E-002,-6.52403059588810860E-015)
   2.6927937030769660        3.1415926535897936     
        (0.46491311412786512,1.71733233463808049E-015)
   3.1415926535897936        0.0000000000000000     
   (3.68978510315455394E-002,5.39092277387441139E-015)
   3.1415926535897936        3.1415926535897936     
       (0.46418448431573772,-9.57181275014501110E-016)
   1.0000000000000000                1          28
               (1.0000000000000033,0.0000000000000000)
  -2.6927937030769660        0.0000000000000000     
   (2.95047737280018652E-002,5.31864410406434868E-015)
  -2.6927937030769660        3.1415926535897936     
        (0.46641305895864082,7.02271254531509256E-016)
  -2.2439947525641384        0.0000000000000000     
  (2.66384335860835146E-002,-5.24636686300041260E-015)
  -2.2439947525641384        3.1415926535897936     
        (0.46907164763554221,1.51817484494296722E-015)
  -1.7951958020513106        0.0000000000000000     
   (2.18756005559094073E-002,2.31923074109248152E-015)
  -1.7951958020513106        3.1415926535897936     
        (0.47272354440441472,1.40012635520893573E-015)
  -1.3463968515384830        0.0000000000000000     
  (1.54753535157374136E-002,-4.21363428650739389E-015)
  -1.3463968515384830        3.1415926535897936     
        (0.47659647237926317,3.42141368767305108E-015)
 -0.89759790102565529        0.0000000000000000     
  (8.34804057851736177E-003,-6.16741468854009605E-016)
 -0.89759790102565529        3.1415926535897936     
       (0.47994894756916434,-5.66554117069971365E-016)
 -0.44879895051282764        0.0000000000000000     
   (2.41353899832498714E-003,6.89018628584201310E-016)
 -0.44879895051282764        3.1415926535897936     
       (0.48220144674283016,-8.29154960074975478E-016)
   0.0000000000000000        0.0000000000000000     
               (28.000049515074156,0.0000000000000000)
   0.0000000000000000        3.1415926535897936     
        (0.48299192783450745,4.42508035584964150E-015)
  0.44879895051282764        0.0000000000000000     
  (2.41353899832498714E-003,-6.89018628584201310E-016)
  0.44879895051282764        3.1415926535897936     
        (0.48220144674282989,1.45473214106441760E-015)
  0.89759790102565529        0.0000000000000000     
   (8.34804057851736177E-003,6.16741468854009605E-016)
  0.89759790102565529        3.1415926535897936     
        (0.47994894756916384,1.78077514156980145E-015)
   1.3463968515384830        0.0000000000000000     
   (1.54753535157374136E-002,4.21363428650739389E-015)
   1.3463968515384830        3.1415926535897936     
       (0.47659647237926300,-1.78077535480543945E-015)
   1.7951958020513106        0.0000000000000000     
  (2.18756005559094073E-002,-2.31923074109248152E-015)
   1.7951958020513106        3.1415926535897936     
        (0.47272354440441472,1.40012741042407901E-015)
   2.2439947525641384        0.0000000000000000     
   (2.66384335860835146E-002,5.24636686300041260E-015)
   2.2439947525641384        3.1415926535897936     
       (0.46907164763554210,-1.27324545731840970E-015)
   2.6927937030769660        0.0000000000000000     
  (2.95047737280018652E-002,-5.31864410406434868E-015)
   2.6927937030769660        3.1415926535897936     
        (0.46641305895864132,2.03454119540863893E-015)
   3.1415926535897936        0.0000000000000000     
   (3.04542566610346600E-002,5.39092134512828397E-015)
   3.1415926535897936        3.1415926535897936     
       (0.46542963774356316,-9.58350456153608691E-016)
   1.0000000000000000                1          28
               (1.0000000000000078,0.0000000000000000)
  -2.6927937030769660        0.0000000000000000     
   (2.96080797532645781E-002,5.95305820298114882E-015)
  -2.6927937030769660        3.1415926535897936     
        (0.46716938230400668,2.58182464695834992E-016)
  -2.2439947525641384        0.0000000000000000     
  (2.64260845494469002E-002,-6.64207679116961944E-015)
  -2.2439947525641384        3.1415926535897936     
        (0.46973067577428040,1.77193966896412842E-015)
  -1.7951958020513106        0.0000000000000000     
   (2.14109858126402750E-002,2.82676169669146717E-015)
  -1.7951958020513106        3.1415926535897936     
        (0.47322235906715565,7.65713384001029694E-016)
  -1.3463968515384830        0.0000000000000000     
  (1.49955323934011075E-002,-2.18351265532974837E-015)
  -1.3463968515384830        3.1415926535897936     
        (0.47689724423501445,2.49347698573076908E-016)
 -0.89759790102565529        0.0000000000000000     
   (8.04787529707429172E-003,5.25202428645608154E-016)
 -0.89759790102565529        3.1415926535897936     
        (0.48005664311499924,1.46356811266692689E-015)
 -0.44879895051282764        0.0000000000000000     
   (2.31557839487108114E-003,7.52459836763053275E-016)
 -0.44879895051282764        3.1415926535897936     
        (0.48215635969760989,1.85906012651149349E-016)
   0.0000000000000000        0.0000000000000000     
               (28.000041998764935,0.0000000000000000)
   0.0000000000000000        3.1415926535897936     
        (0.48288280155681040,4.42509669597881453E-015)
  0.44879895051282764        0.0000000000000000     
  (2.31557839487108114E-003,-7.52459836763053275E-016)
  0.44879895051282764        3.1415926535897936     
        (0.48215635969761017,5.66553741415462118E-016)
  0.89759790102565529        0.0000000000000000     
  (8.04787529707429172E-003,-5.25202428645608154E-016)
  0.89759790102565529        3.1415926535897936     
       (0.48005664311499924,-1.22464358217470991E-016)
   1.3463968515384830        0.0000000000000000     
   (1.49955323934011075E-002,2.18351265532974837E-015)
   1.3463968515384830        3.1415926535897936     
        (0.47689724423501473,1.51817328788236520E-015)
   1.7951958020513106        0.0000000000000000     
  (2.14109858126402750E-002,-2.82676169669146717E-015)
   1.7951958020513106        3.1415926535897936     
        (0.47322235906715565,2.16142299081561846E-015)
   2.2439947525641384        0.0000000000000000     
   (2.64260845494469002E-002,6.64207679116961944E-015)
   2.2439947525641384        3.1415926535897936     
       (0.46973067577428029,-1.27324499636600776E-015)
   2.6927937030769660        0.0000000000000000     
  (2.96080797532645781E-002,-5.95305820298114882E-015)
   2.6927937030769660        3.1415926535897936     
        (0.46716938230400668,2.54207127873508094E-015)
   3.1415926535897936        0.0000000000000000     
   (3.06993738982960715E-002,5.39092224617840992E-015)
   3.1415926535897936        3.1415926535897936     
       (0.46621461081024024,-9.58404945053371618E-016)
   1.0000000000000000                1          28
              (0.99999999999999767,0.0000000000000000)
  -2.6927937030769660        0.0000000000000000     
   (3.46327955198295276E-002,5.25520230497933131E-015)
  -2.6927937030769660        3.1415926535897936     
        (0.46804790462386225,2.60551274134793601E-015)
  -2.2439947525641384        0.0000000000000000     
  (3.12306467360681239E-002,-4.99260109582897972E-015)
  -2.2439947525641384        3.1415926535897936     
        (0.47051571159810152,1.39129011222193043E-015)
  -1.7951958020513106        0.0000000000000000     
   (2.56177057284632873E-002,4.47623525396167012E-015)
  -1.7951958020513106        3.1415926535897936     
        (0.47399412561933663,1.52700993588319935E-015)
  -1.3463968515384830        0.0000000000000000     
  (1.81595347901920071E-002,-3.32545562511119251E-015)
  -1.3463968515384830        3.1415926535897936     
        (0.47773931444822532,3.76229499822087256E-016)
 -0.89759790102565529        0.0000000000000000     
   (9.93106876948424144E-003,1.76715777305219801E-017)
 -0.89759790102565529        3.1415926535897936     
       (0.48090642878100998,-3.12788545834967031E-016)
 -0.44879895051282764        0.0000000000000000     
  (3.00084701527657044E-003,-4.52924998715323606E-016)
 -0.44879895051282764        3.1415926535897936     
        (0.48295674058505061,1.77193889890204225E-015)
   0.0000000000000000        0.0000000000000000     
               (28.000183125949679,0.0000000000000000)
   0.0000000000000000        3.1415926535897936     
        (0.48366857607608932,4.42499302878084189E-015)
  0.44879895051282764        0.0000000000000000     
   (3.00084701527657044E-003,4.52924998715323606E-016)
  0.44879895051282764        3.1415926535897936     
       (0.48295674058505067,-1.01947880732175507E-015)
  0.89759790102565529        0.0000000000000000     
  (9.93106876948424144E-003,-1.76715777305219801E-017)
  0.89759790102565529        3.1415926535897936     
        (0.48090642878100998,1.78077436114225358E-015)
   1.3463968515384830        0.0000000000000000     
   (1.81595347901920071E-002,3.32545562511119251E-015)
   1.3463968515384830        3.1415926535897936     
        (0.47773931444822498,1.39129135811857909E-015)
   1.7951958020513106        0.0000000000000000     
  (2.56177057284632873E-002,-4.47623525396167012E-015)
   1.7951958020513106        3.1415926535897936     
        (0.47399412561933690,1.40012656744822465E-015)
   2.2439947525641384        0.0000000000000000     
   (3.12306467360681239E-002,4.99260109582897972E-015)
   2.2439947525641384        3.1415926535897936     
       (0.47051571159810174,-8.92595568138585623E-016)
   2.6927937030769660        0.0000000000000000     
  (3.46327955198295276E-002,-5.25520230497933131E-015)
   2.6927937030769660        3.1415926535897936     
       (0.46804790462386225,-1.85906763559441195E-016)
   3.1415926535897936        0.0000000000000000     
   (3.57691745502766167E-002,5.39092088274395118E-015)
   3.1415926535897936        3.1415926535897936     
       (0.46713795048301981,-9.57786716959334584E-016)
   1.0000000000000000                1          28
               (1.0000000000000031,0.0000000000000000)
  -2.6927937030769660        0.0000000000000000     
   (3.44246619342678528E-002,4.55734541606486423E-015)
  -2.6927937030769660        3.1415926535897936     
        (0.46506027985142256,6.78573212854103847E-017)
  -2.2439947525641384        0.0000000000000000     
  (3.13081214757557902E-002,-5.75389436284037110E-015)
  -2.2439947525641384        3.1415926535897936     
        (0.46733528238645594,1.01064513141813550E-015)
  -1.7951958020513106        0.0000000000000000     
   (2.59897443079410359E-002,2.69987731142501105E-015)
  -1.7951958020513106        3.1415926535897936     
        (0.47046294895530788,1.40012602533018075E-015)
  -1.3463968515384830        0.0000000000000000     
  (1.86384115478463695E-002,-3.19857178557899067E-015)
  -1.3463968515384830        3.1415926535897936     
       (0.47381748626606740,-7.65712782476697013E-016)
 -0.89759790102565529        0.0000000000000000     
   (1.01524447434114661E-002,6.52084183090978770E-016)
 -0.89759790102565529        3.1415926535897936     
        (0.47682361491152708,3.21623996513058841E-016)
 -0.44879895051282764        0.0000000000000000     
  (2.93572651193293619E-003,-8.33572617088418012E-016)
 -0.44879895051282764        3.1415926535897936     
        (0.47898515686713783,8.83760775990162871E-016)
   0.0000000000000000        0.0000000000000000     
               (28.000036977710003,0.0000000000000000)
   0.0000000000000000        3.1415926535897936     
        (0.47978861794755379,4.42559347120603063E-015)
  0.44879895051282764        0.0000000000000000     
   (2.93572651193293619E-003,8.33572617088418012E-016)
  0.44879895051282764        3.1415926535897936     
        (0.47898515686713783,1.22464536353301576E-016)
  0.89759790102565529        0.0000000000000000     
  (1.01524447434114661E-002,-6.52084183090978770E-016)
  0.89759790102565529        3.1415926535897936     
        (0.47682361491152708,8.92596627032922917E-016)
   1.3463968515384830        0.0000000000000000     
   (1.86384115478463695E-002,3.19857178557899067E-015)
   1.3463968515384830        3.1415926535897936     
        (0.47381748626606740,2.53323365641282077E-015)
   1.7951958020513106        0.0000000000000000     
  (2.59897443079410359E-002,-2.69987731142501105E-015)
   1.7951958020513106        3.1415926535897936     
        (0.47046294895530788,1.52701046200578560E-015)
   2.2439947525641384        0.0000000000000000     
   (3.13081214757557902E-002,5.75389436284037110E-015)
   2.2439947525641384        3.1415926535897936     
       (0.46733528238645633,-6.38833202725065452E-016)
   2.6927937030769660        0.0000000000000000     
  (3.44246619342678528E-002,-4.55734541606486423E-015)
   2.6927937030769660        3.1415926535897936     
        (0.46506027985142229,2.54207258758622549E-015)
   3.1415926535897936        0.0000000000000000     
   (3.54231308694825039E-002,5.39091857146107285E-015)
   3.1415926535897936        3.1415926535897936     
       (0.46421627715669683,-9.57468063706837978E-016)
   1.0000000000000000                1          28
               (1.0000000000000022,0.0000000000000000)
  -2.6927937030769660        0.0000000000000000     
   (3.35742038924266503E-002,5.88961805181986187E-015)
  -2.6927937030769660        3.1415926535897936     
        (0.46291743711244721,6.38831395045048311E-016)
  -2.2439947525641384        0.0000000000000000     
  (3.05950734150719182E-002,-6.64207800631076222E-015)
  -2.2439947525641384        3.1415926535897936     
        (0.46515027340032195,2.49347010992671447E-016)
  -1.7951958020513106        0.0000000000000000     
   (2.53300665766803372E-002,3.71494064804781721E-015)
  -1.7951958020513106        3.1415926535897936     
        (0.46828257916512711,1.01947911835312044E-015)
  -1.3463968515384830        0.0000000000000000     
  (1.80908702979722946E-002,-3.70610481422432405E-015)
  -1.3463968515384830        3.1415926535897936     
        (0.47166174548537348,1.77193875847058229E-015)
 -0.89759790102565529        0.0000000000000000     
   (9.90680276351658430E-003,1.41338111417384599E-015)
 -0.89759790102565529        3.1415926535897936     
        (0.47461179139717757,1.94742043132913864E-016)
 -0.44879895051282764        0.0000000000000000     
  (2.90757616543338817E-003,-8.97014504165521175E-016)
 -0.44879895051282764        3.1415926535897936     
       (0.47657939940649879,-4.41806017323719964E-018)
   0.0000000000000000        0.0000000000000000     
               (28.000058030116808,0.0000000000000000)
   0.0000000000000000        3.1415926535897936     
        (0.47725720468827582,4.42600393899104435E-015)
  0.44879895051282764        0.0000000000000000     
   (2.90757616543338817E-003,8.97014504165521175E-016)
  0.44879895051282764        3.1415926535897936     
        (0.47657939940649879,6.29995168517580440E-016)
  0.89759790102565529        0.0000000000000000     
  (9.90680276351658430E-003,-1.41338111417384599E-015)
  0.89759790102565529        3.1415926535897936     
        (0.47461179139717757,1.01947910416506894E-015)
   1.3463968515384830        0.0000000000000000     
   (1.80908702979722946E-002,3.70610481422432405E-015)
   1.3463968515384830        3.1415926535897936     
       (0.47166174548537348,-4.41776655623021398E-018)
   1.7951958020513106        0.0000000000000000     
  (2.53300665766803372E-002,-3.71494064804781721E-015)
   1.7951958020513106        3.1415926535897936     
        (0.46828257916512733,1.65389198823315409E-015)
   2.2439947525641384        0.0000000000000000     
   (3.05950734150719182E-002,6.64207800631076222E-015)
   2.2439947525641384        3.1415926535897936     
        (0.46515027340032206,2.49347667064359034E-016)
   2.6927937030769660        0.0000000000000000     
  (3.35742038924266503E-002,-5.88961805181986187E-015)
   2.6927937030769660        3.1415926535897936     
        (0.46291743711244721,2.22486365861982450E-015)
   3.1415926535897936        0.0000000000000000     
   (3.44852352895843595E-002,5.39092336010042814E-015)
   3.1415926535897936        3.1415926535897936     
       (0.46209642158527703,-9.57223355265802530E-016)
   1.0000000000000000                1          28
              (0.99999999999999623,0.0000000000000000)
  -2.6927937030769660        0.0000000000000000     
   (3.34053380057752411E-002,5.76273223345825188E-015)
  -2.6927937030769660        3.1415926535897936     
        (0.46654105776760069,3.85066231214649912E-016)
  -2.2439947525641384        0.0000000000000000     
  (3.00917564742895841E-002,-4.99260047281707103E-015)
  -2.2439947525641384        3.1415926535897936     
       (0.46904956593191383,-4.41835198269541377E-018)
  -1.7951958020513106        0.0000000000000000     
   (2.46544905401652678E-002,1.30416919673426159E-015)
  -1.7951958020513106        3.1415926535897936     
        (0.47256800784996628,1.01947920150234980E-015)
  -1.3463968515384830        0.0000000000000000     
  (1.74451932791661289E-002,-3.19857269519345644E-015)
  -1.3463968515384830        3.1415926535897936     
        (0.47627937312595520,1.39129077990131984E-015)
 -0.89759790102565529        0.0000000000000000     
   (9.46346682210081648E-003,2.30155880638164894E-015)
 -0.89759790102565529        3.1415926535897936     
        (0.47943777715188346,6.78592348489125370E-017)
 -0.44879895051282764        0.0000000000000000     
  (2.80259712405886820E-003,-1.15077940319082447E-015)
 -0.44879895051282764        3.1415926535897936     
        (0.48154181723940420,4.39671329891635470E-016)
   0.0000000000000000        0.0000000000000000     
               (28.000134819908393,0.0000000000000000)
   0.0000000000000000        3.1415926535897936     
        (0.48228248331048007,4.42520816129402565E-015)
  0.44879895051282764        0.0000000000000000     
   (2.80259712405886820E-003,1.15077940319082447E-015)
  0.44879895051282764        3.1415926535897936     
        (0.48154181723940415,5.90235141296775620E-017)
  0.89759790102565529        0.0000000000000000     
  (9.46346682210081648E-003,-2.30155880638164894E-015)
  0.89759790102565529        3.1415926535897936     
        (0.47943777715188346,8.92596029200487179E-016)
   1.3463968515384830        0.0000000000000000     
   (1.74451932791661289E-002,3.19857269519345644E-015)
   1.3463968515384830        3.1415926535897936     
       (0.47627937312595503,-4.41782191029588370E-018)
   1.7951958020513106        0.0000000000000000     
  (2.46544905401652678E-002,-1.30416919673426159E-015)
   1.7951958020513106        3.1415926535897936     
        (0.47256800784996578,1.52700941346432373E-015)
   2.2439947525641384        0.0000000000000000     
   (3.00917564742895841E-002,4.99260047281707103E-015)
   2.2439947525641384        3.1415926535897936     
        (0.46904956593191355,3.76230258887862125E-016)
   2.6927937030769660        0.0000000000000000     
  (3.34053380057752411E-002,-5.76273223345825188E-015)
   2.6927937030769660        3.1415926535897936     
        (0.46654105776760041,2.35174633083062150E-015)
   3.1415926535897936        0.0000000000000000     
   (3.45102488671704677E-002,5.39092031162784089E-015)
   3.1415926535897936        3.1415926535897936     
       (0.46563295002095045,-9.57744048520306107E-016)
   1.0000000000000000                1          28
               (1.0000000000000082,0.0000000000000000)
  -2.6927937030769660        0.0000000000000000     
   (3.62449727903721361E-002,5.76273807570267764E-015)
  -2.6927937030769660        3.1415926535897936     
        (0.46817458828106240,1.01947826142355400E-015)
  -2.2439947525641384        0.0000000000000000     
  (3.27511994959251221E-002,-6.51519814558932030E-015)
  -2.2439947525641384        3.1415926535897936     
       (0.47042042151684488,-8.92595602437942237E-016)
  -1.7951958020513106        0.0000000000000000     
   (2.70771555533586249E-002,4.22247238582927871E-015)
  -1.7951958020513106        3.1415926535897936     
        (0.47356299334622876,2.28830492041887492E-015)
  -1.3463968515384830        0.0000000000000000     
  (1.94532345688901605E-002,-2.43727982800127621E-015)
  -1.3463968515384830        3.1415926535897936     
        (0.47694930272158204,5.03112997667112449E-016)
 -0.89759790102565529        0.0000000000000000     
   (1.07319082826192267E-002,1.92091224583604098E-015)
 -0.89759790102565529        3.1415926535897936     
        (0.47998817732411048,6.78594007285408699E-017)
 -0.44879895051282764        0.0000000000000000     
  (3.15198446529560026E-003,-3.89484281682225803E-016)
 -0.44879895051282764        3.1415926535897936     
        (0.48210927362517925,5.03112368022693982E-016)
   0.0000000000000000        0.0000000000000000     
               (28.000062403328428,0.0000000000000000)
   0.0000000000000000        3.1415926535897936     
        (0.48286633806189017,4.42510262481479319E-015)
  0.44879895051282764        0.0000000000000000     
   (3.15198446529560026E-003,3.89484281682225803E-016)
  0.44879895051282764        3.1415926535897936     
        (0.48210927362517936,5.03112223053574166E-016)
  0.89759790102565529        0.0000000000000000     
  (1.07319082826192267E-002,-1.92091224583604098E-015)
  0.89759790102565529        3.1415926535897936     
        (0.47998817732411048,8.92597179264898254E-016)
   1.3463968515384830        0.0000000000000000     
   (1.94532345688901605E-002,2.43727982800127621E-015)
   1.3463968515384830        3.1415926535897936     
        (0.47694930272158226,8.83760256748069362E-016)
   1.7951958020513106        0.0000000000000000     
  (2.70771555533586249E-002,-4.22247238582927871E-015)
   1.7951958020513106        3.1415926535897936     
        (0.47356299334622876,3.85066029509372041E-016)
   2.2439947525641384        0.0000000000000000     
   (3.27511994959251221E-002,6.51519814558932030E-015)
   2.2439947525641384        3.1415926535897936     
        (0.47042042151684466,1.01064254299580256E-015)
   2.6927937030769660        0.0000000000000000     
  (3.62449727903721361E-002,-5.76273807570267764E-015)
   2.6927937030769660        3.1415926535897936     
        (0.46817458828106240,1.59045137281182743E-015)
   3.1415926535897936        0.0000000000000000     
   (3.74365460971059077E-002,5.39092589997323648E-015)
   3.1415926535897936        3.1415926535897936     
       (0.46736301541920106,-9.57659265481919071E-016)
