   -6.000000      0.000000
  1    1        0.00002548        0.00002757       -0.00000000        0.00000000
   -6.000000      1.000000
  1    1       -0.00015903        0.00007987       -0.00000000        0.00000000
   -5.000000      0.000000
  1    1        0.00063869        0.00011612        0.00000000        0.00000000
   -5.000000      1.000000
  1    1       -0.00007618        0.00004964        0.00000000        0.00000000
   -4.000000      0.000000
  1    1        0.00014748        0.00008791       -0.00000000        0.00000000
   -4.000000      1.000000
  1    1       -0.00226723        0.00024289       -0.00000000        0.00000000
   -3.000000      0.000000
  1    1        0.00732605        0.00050245        0.00000000        0.00000000
   -3.000000      1.000000
  1    1       -0.00011229        0.00019783        0.00000000        0.00000000
   -2.000000      0.000000
  1    1        0.00004722        0.00037479       -0.00000000        0.00000000
   -2.000000      1.000000
  1    1       -0.02284520        0.00085916       -0.00000000        0.00000000
   -1.000000      0.000000
  1    1        0.06749240        0.00122875       -0.00000000        0.00000000
   -1.000000      1.000000
  1    1        0.00011209        0.00035047        0.00000000        0.00000000
    0.000000      0.000000
  1    1        1.00000000        0.00000000        0.00000000        0.00000000
    0.000000      1.000000
  1    1        0.83259984        0.00134731       -0.00000000        0.00000000
    1.000000      0.000000
  1    1        0.06749240        0.00122875       -0.00000000        0.00000000
    1.000000      1.000000
  1    1       -0.00011209        0.00035047       -0.00000000        0.00000000
    2.000000      0.000000
  1    1       -0.00004722        0.00037479        0.00000000        0.00000000
    2.000000      1.000000
  1    1       -0.02284520        0.00085916        0.00000000        0.00000000
    3.000000      0.000000
  1    1        0.00732605        0.00050245       -0.00000000        0.00000000
    3.000000      1.000000
  1    1        0.00011229        0.00019783       -0.00000000        0.00000000
    4.000000      0.000000
  1    1       -0.00014748        0.00008791        0.00000000        0.00000000
    4.000000      1.000000
  1    1       -0.00226723        0.00024289        0.00000000        0.00000000
    5.000000      0.000000
  1    1        0.00063869        0.00011612       -0.00000000        0.00000000
    5.000000      1.000000
  1    1        0.00007618        0.00004964       -0.00000000        0.00000000
    6.000000      0.000000
  1    1       -0.00002548        0.00002757        0.00000000        0.00000000
    6.000000      1.000000
  1    1       -0.00015903        0.00007987        0.00000000        0.00000000
    7.000000      0.000000
  1    1        0.00006845        0.00007069       -0.00000000        0.00000000
    7.000000      1.000000
  1    1        0.00000000        0.00000000       -0.00000000        0.00000000
