   1.0000000000000000                1          28
               (0.0000000000000000,0.0000000000000000)
  -2.6927937030769660        0.0000000000000000     
         (1.6643338441225786,7.67094550192390107E-003)
  -2.6927937030769660        3.1415926535897936     
  (7.04788288809417851E-002,-3.07529333312711540E-004)
  -2.2439947525641384        0.0000000000000000     
         (1.7707473829344618,5.69548945513493037E-003)
  -2.2439947525641384        3.1415926535897936     
  (8.24522306478518568E-002,-7.06922256907302959E-004)
  -1.7951958020513106        0.0000000000000000     
         (1.8489534716461620,3.99128862409773525E-003)
  -1.7951958020513106        3.1415926535897936     
       (0.10678349843812117,-1.98103506441263616E-003)
  -1.3463968515384830        0.0000000000000000     
         (1.8932165015618974,1.98103506438013352E-003)
  -1.3463968515384830        3.1415926535897936     
       (0.15104652835394092,-3.99128862386942916E-003)
 -0.89759790102565529        0.0000000000000000     
         (1.9175477693521688,7.06922256768554571E-004)
 -0.89759790102565529        3.1415926535897936     
       (0.22925261706544794,-5.69548945524227766E-003)
 -0.44879895051282764        0.0000000000000000     
         (1.9295211711192988,3.07529333356428198E-004)
 -0.44879895051282764        3.1415926535897936     
       (0.33566615587726101,-7.67094550187057220E-003)
   0.0000000000000000        0.0000000000000000     
               (1.9331808169444684,0.0000000000000000)
   0.0000000000000000        3.1415926535897936     
        (0.39396462597315007,2.47524841944997593E-016)
  0.44879895051282764        0.0000000000000000     
        (1.9295211711192988,-3.07529333356428198E-004)
  0.44879895051282764        3.1415926535897936     
        (0.33566615587726101,7.67094550187108742E-003)
  0.89759790102565529        0.0000000000000000     
        (1.9175477693521688,-7.06922256768554571E-004)
  0.89759790102565529        3.1415926535897936     
        (0.22925261706544792,5.69548945524282063E-003)
   1.3463968515384830        0.0000000000000000     
        (1.8932165015618974,-1.98103506438013352E-003)
   1.3463968515384830        3.1415926535897936     
        (0.15104652835394092,3.99128862386998254E-003)
   1.7951958020513106        0.0000000000000000     
        (1.8489534716461620,-3.99128862409773525E-003)
   1.7951958020513106        3.1415926535897936     
        (0.10678349843812117,1.98103506441320472E-003)
   2.2439947525641384        0.0000000000000000     
        (1.7707473829344618,-5.69548945513493037E-003)
   2.2439947525641384        3.1415926535897936     
   (8.24522306478518707E-002,7.06922256907849397E-004)
   2.6927937030769660        0.0000000000000000     
        (1.6643338441225786,-7.67094550192390107E-003)
   2.6927937030769660        3.1415926535897936     
   (7.04788288809417990E-002,3.07529333313205503E-004)
   3.1415926535897936        0.0000000000000000     
         (1.6060353740271753,9.28642462178244192E-018)
   3.1415926535897936        3.1415926535897936     
   (6.68191830550516480E-002,2.38235923349890337E-016)
   1.0000000000000000                1          28
               (0.0000000000000000,0.0000000000000000)
  -2.6927937030769660        0.0000000000000000     
         (1.6756915183601699,4.20256489315396636E-003)
  -2.6927937030769660        3.1415926535897936     
  (6.95336587074155688E-002,-8.98539162966413405E-005)
  -2.2439947525641384        0.0000000000000000     
         (1.7782722872622478,3.76893129843113971E-003)
  -2.2439947525641384        3.1415926535897936     
  (8.14090633944357656E-002,-4.16539457754876218E-004)
  -1.7951958020513106        0.0000000000000000     
         (1.8509854350543766,2.16816681270963181E-003)
  -1.7951958020513106        3.1415926535897936     
       (0.10596606273296676,-9.54779320758143571E-004)
  -1.3463968515384830        0.0000000000000000     
         (1.8940339372667441,9.54779320638019608E-004)
  -1.3463968515384830        3.1415926535897936     
       (0.14901456494593707,-2.16816681267261802E-003)
 -0.89759790102565529        0.0000000000000000     
         (1.9185909366056337,4.16539457721960544E-004)
 -0.89759790102565529        3.1415926535897936     
       (0.22172771273803171,-3.76893129905638219E-003)
 -0.44879895051282764        0.0000000000000000     
         (1.9304663412924798,8.98539160531628854E-005)
 -0.44879895051282764        3.1415926535897936     
       (0.32430848163991871,-4.20256489321669136E-003)
   0.0000000000000000        0.0000000000000000     
               (1.9339065838361997,0.0000000000000000)
   0.0000000000000000        3.1415926535897936     
        (0.38436395205207979,2.49185460281158794E-016)
  0.44879895051282764        0.0000000000000000     
        (1.9304663412924798,-8.98539160531628854E-005)
  0.44879895051282764        3.1415926535897936     
        (0.32430848163991860,4.20256489321719877E-003)
  0.89759790102565529        0.0000000000000000     
        (1.9185909366056337,-4.16539457721960544E-004)
  0.89759790102565529        3.1415926535897936     
        (0.22172771273803168,3.76893129905692603E-003)
   1.3463968515384830        0.0000000000000000     
        (1.8940339372667441,-9.54779320638019608E-004)
   1.3463968515384830        3.1415926535897936     
        (0.14901456494593707,2.16816681267317833E-003)
   1.7951958020513106        0.0000000000000000     
        (1.8509854350543766,-2.16816681270963181E-003)
   1.7951958020513106        3.1415926535897936     
        (0.10596606273296673,9.54779320758702261E-004)
   2.2439947525641384        0.0000000000000000     
        (1.7782722872622478,-3.76893129843113971E-003)
   2.2439947525641384        3.1415926535897936     
   (8.14090633944357933E-002,4.16539457755422927E-004)
   2.6927937030769660        0.0000000000000000     
        (1.6756915183601699,-4.20256489315396636E-003)
   2.6927937030769660        3.1415926535897936     
   (6.95336587074154577E-002,8.98539162971389893E-005)
   3.1415926535897936        0.0000000000000000     
         (1.6156360479477530,5.17970044946594097E-018)
   3.1415926535897936        3.1415926535897936     
   (6.60934161632217854E-002,2.41715788567529994E-016)
   1.0000000000000000                1          28
               (0.0000000000000000,0.0000000000000000)
  -2.6927937030769660        0.0000000000000000     
        (1.6735282176439965,-2.45864266487531456E-003)
  -2.6927937030769660        3.1415926535897936     
  (7.19136424950600761E-002,-1.42537580766029270E-004)
  -2.2439947525641384        0.0000000000000000     
        (1.7733265952447212,-2.46342988955745032E-003)
  -2.2439947525641384        3.1415926535897936     
  (8.34637694479579834E-002,-3.12569251603499654E-004)
  -1.7951958020513106        0.0000000000000000     
        (1.8485819032833113,-9.76449028460575803E-004)
  -1.7951958020513106        3.1415926535897936     
       (0.10714449433588831,-1.24161722615867581E-004)
  -1.3463968515384830        0.0000000000000000     
         (1.8928555056639447,1.24161722543635538E-004)
  -1.3463968515384830        3.1415926535897936     
        (0.15141809671679415,9.76449028721251074E-004)
 -0.89759790102565529        0.0000000000000000     
         (1.9165362305521187,3.12569251983456950E-004)
 -0.89759790102565529        3.1415926535897936     
        (0.22667340475530570,2.46342988999917424E-003)
 -0.44879895051282764        0.0000000000000000     
         (1.9280863575048746,1.42537580502949971E-004)
 -0.44879895051282764        3.1415926535897936     
        (0.32647178235598961,2.45864266587976802E-003)
   0.0000000000000000        0.0000000000000000     
               (1.9316794914724416,0.0000000000000000)
   0.0000000000000000        3.1415926535897936     
        (0.38249136638721792,2.49128451255963049E-016)
  0.44879895051282764        0.0000000000000000     
        (1.9280863575048746,-1.42537580502949971E-004)
  0.44879895051282764        3.1415926535897936     
       (0.32647178235598961,-2.45864266587925932E-003)
  0.89759790102565529        0.0000000000000000     
        (1.9165362305521187,-3.12569251983456950E-004)
  0.89759790102565529        3.1415926535897936     
       (0.22667340475530570,-2.46342988999862953E-003)
   1.3463968515384830        0.0000000000000000     
        (1.8928555056639447,-1.24161722543635538E-004)
   1.3463968515384830        3.1415926535897936     
       (0.15141809671679413,-9.76449028720689782E-004)
   1.7951958020513106        0.0000000000000000     
         (1.8485819032833113,9.76449028460575803E-004)
   1.7951958020513106        3.1415926535897936     
        (0.10714449433588832,1.24161722616425647E-004)
   2.2439947525641384        0.0000000000000000     
         (1.7733265952447212,2.46342988955745032E-003)
   2.2439947525641384        3.1415926535897936     
   (8.34637694479579972E-002,3.12569251604042080E-004)
   2.6927937030769660        0.0000000000000000     
         (1.6735282176439965,2.45864266487531456E-003)
   2.6927937030769660        3.1415926535897936     
   (7.19136424950600900E-002,1.42537580766532258E-004)
   3.1415926535897936        0.0000000000000000     
        (1.6175086336127247,-1.96123136872840087E-018)
   3.1415926535897936        3.1415926535897936     
   (6.83205085277686502E-002,2.41667892756527533E-016)
   1.0000000000000000                1          28
               (0.0000000000000000,0.0000000000000000)
  -2.6927937030769660        0.0000000000000000     
         (1.7009152490421597,7.18414091160808361E-003)
  -2.6927937030769660        3.1415926535897936     
   (7.09091867308551116E-002,2.86470076821321480E-004)
  -2.2439947525641384        0.0000000000000000     
         (1.7825898621129330,6.14641873901454732E-003)
  -2.2439947525641384        3.1415926535897936     
   (8.26820712226368354E-002,7.97721797057850373E-005)
  -1.7951958020513106        0.0000000000000000     
         (1.8503028920095956,3.09009246991452874E-003)
  -1.7951958020513106        3.1415926535897936     
       (0.10682280002028820,-1.10053672535631781E-003)
  -1.3463968515384830        0.0000000000000000     
         (1.8931771999798683,1.10053672570701883E-003)
  -1.3463968515384830        3.1415926535897936     
       (0.14969710799018143,-3.09009246948668348E-003)
 -0.89759790102565529        0.0000000000000000     
        (1.9173179287773194,-7.97721795131335328E-005)
 -0.89759790102565529        3.1415926535897936     
       (0.21741013788696972,-6.14641873904843688E-003)
 -0.44879895051282764        0.0000000000000000     
        (1.9290908132688611,-2.86470076499756548E-004)
 -0.44879895051282764        3.1415926535897936     
       (0.29908475095815940,-7.18414091177471854E-003)
   0.0000000000000000        0.0000000000000000     
               (1.9326707281550120,0.0000000000000000)
   0.0000000000000000        3.1415926535897936     
        (0.34146994312636592,2.55884602258781016E-016)
  0.44879895051282764        0.0000000000000000     
         (1.9290908132688611,2.86470076499756548E-004)
  0.44879895051282764        3.1415926535897936     
        (0.29908475095815934,7.18414091177523029E-003)
  0.89759790102565529        0.0000000000000000     
         (1.9173179287773194,7.97721795131335328E-005)
  0.89759790102565529        3.1415926535897936     
        (0.21741013788696989,6.14641873904897725E-003)
   1.3463968515384830        0.0000000000000000     
        (1.8931771999798683,-1.10053672570701883E-003)
   1.3463968515384830        3.1415926535897936     
        (0.14969710799018141,3.09009246948724293E-003)
   1.7951958020513106        0.0000000000000000     
        (1.8503028920095956,-3.09009246991452874E-003)
   1.7951958020513106        3.1415926535897936     
        (0.10682280002028821,1.10053672535687552E-003)
   2.2439947525641384        0.0000000000000000     
        (1.7825898621129330,-6.14641873901454732E-003)
   2.2439947525641384        3.1415926535897936     
  (8.26820712226368493E-002,-7.97721797052341135E-005)
   2.6927937030769660        0.0000000000000000     
        (1.7009152490421597,-7.18414091160808361E-003)
   2.6927937030769660        3.1415926535897936     
  (7.09091867308551255E-002,-2.86470076820808165E-004)
   3.1415926535897936        0.0000000000000000     
         (1.6585300568744206,7.96581417775632706E-018)
   3.1415926535897936        3.1415926535897936     
   (6.73292718446371480E-002,2.48498696432019481E-016)
   1.0000000000000000                1          28
               (0.0000000000000000,0.0000000000000000)
  -2.6927937030769660        0.0000000000000000     
         (1.6935065396538085,1.59917136895977130E-003)
  -2.6927937030769660        3.1415926535897936     
  (7.16887342172611436E-002,-2.62339822945083115E-004)
  -2.2439947525641384        0.0000000000000000     
        (1.7758178804510543,-2.01799126685874410E-003)
  -2.2439947525641384        3.1415926535897936     
  (8.36660517872903631E-002,-8.77685007689796997E-005)
  -1.7951958020513106        0.0000000000000000     
        (1.8467204078203365,-1.92869701342596070E-003)
  -1.7951958020513106        3.1415926535897936     
        (0.10829527382674246,6.75919443932771922E-004)
  -1.3463968515384830        0.0000000000000000     
        (1.8917047261735678,-6.75919443338080200E-004)
  -1.3463968515384830        3.1415926535897936     
        (0.15327959217917067,1.92869701403657924E-003)
 -0.89759790102565529        0.0000000000000000     
         (1.9163339482135808,8.77685004120333208E-005)
 -0.89759790102565529        3.1415926535897936     
        (0.22418211954889666,2.01799126712490099E-003)
 -0.44879895051282764        0.0000000000000000     
         (1.9283112657824475,2.62339822996716129E-004)
 -0.44879895051282764        3.1415926535897936     
       (0.30649346034612535,-1.59917136849566988E-003)
   0.0000000000000000        0.0000000000000000     
               (1.9319682128550713,0.0000000000000000)
   0.0000000000000000        3.1415926535897936     
        (0.34298016364710338,2.55528767199682633E-016)
  0.44879895051282764        0.0000000000000000     
        (1.9283112657824475,-2.62339822996716129E-004)
  0.44879895051282764        3.1415926535897936     
        (0.30649346034612546,1.59917136849617946E-003)
  0.89759790102565529        0.0000000000000000     
        (1.9163339482135808,-8.77685004120333208E-005)
  0.89759790102565529        3.1415926535897936     
       (0.22418211954889664,-2.01799126712435715E-003)
   1.3463968515384830        0.0000000000000000     
         (1.8917047261735678,6.75919443338080200E-004)
   1.3463968515384830        3.1415926535897936     
       (0.15327959217917067,-1.92869701403602066E-003)
   1.7951958020513106        0.0000000000000000     
         (1.8467204078203365,1.92869701342596070E-003)
   1.7951958020513106        3.1415926535897936     
       (0.10829527382674246,-6.75919443932205535E-004)
   2.2439947525641384        0.0000000000000000     
         (1.7758178804510543,2.01799126685874410E-003)
   2.2439947525641384        3.1415926535897936     
   (8.36660517872903770E-002,8.77685007695267611E-005)
   2.6927937030769660        0.0000000000000000     
        (1.6935065396538085,-1.59917136895977130E-003)
   2.6927937030769660        3.1415926535897936     
   (7.16887342172611575E-002,2.62339822945596756E-004)
   3.1415926535897936        0.0000000000000000     
         (1.6570198363522681,2.65575245061812107E-018)
   3.1415926535897936        3.1415926535897936     
   (6.80317871452086748E-002,2.46335409577571359E-016)
   1.0000000000000000                1          28
               (0.0000000000000000,0.0000000000000000)
  -2.6927937030769660        0.0000000000000000     
         (1.6832085832256356,1.62237038218083942E-003)
  -2.6927937030769660        3.1415926535897936     
  (6.97872249408865858E-002,-1.21605090790289497E-004)
  -2.2439947525641384        0.0000000000000000     
         (1.7794289315957383,1.39599643102559937E-004)
  -2.2439947525641384        3.1415926535897936     
  (8.21913370369171947E-002,-2.76508299842543063E-004)
  -1.7951958020513106        0.0000000000000000     
        (1.8506212729493545,-1.15904815840034208E-003)
  -1.7951958020513106        3.1415926535897936     
       (0.10668723487926991,-8.36710880225328583E-005)
  -1.3463968515384830        0.0000000000000000     
         (1.8933127651203672,8.36710879211980107E-005)
  -1.3463968515384830        3.1415926535897936     
        (0.14937872705033284,1.15904815831349012E-003)
 -0.89759790102565529        0.0000000000000000     
         (1.9178086629626285,2.76508299748738000E-004)
 -0.89759790102565529        3.1415926535897936     
       (0.22057106840448010,-1.39599643380336003E-004)
 -0.44879895051282764        0.0000000000000000     
         (1.9302127750588738,1.21605090388224072E-004)
 -0.44879895051282764        3.1415926535897936     
       (0.31679141677531647,-1.62237038290453982E-003)
   0.0000000000000000        0.0000000000000000     
               (1.9338586005916976,0.0000000000000000)
   0.0000000000000000        3.1415926535897936     
        (0.37270884496859086,2.51052028155466485E-016)
  0.44879895051282764        0.0000000000000000     
        (1.9302127750588738,-1.21605090388224072E-004)
  0.44879895051282764        3.1415926535897936     
        (0.31679141677531647,1.62237038290504810E-003)
  0.89759790102565529        0.0000000000000000     
        (1.9178086629626285,-2.76508299748738000E-004)
  0.89759790102565529        3.1415926535897936     
        (0.22057106840448007,1.39599643380900032E-004)
   1.3463968515384830        0.0000000000000000     
        (1.8933127651203672,-8.36710879211980107E-005)
   1.3463968515384830        3.1415926535897936     
       (0.14937872705033298,-1.15904815831292308E-003)
   1.7951958020513106        0.0000000000000000     
         (1.8506212729493545,1.15904815840034208E-003)
   1.7951958020513106        3.1415926535897936     
        (0.10668723487926993,8.36710880230928623E-005)
   2.2439947525641384        0.0000000000000000     
        (1.7794289315957383,-1.39599643102559937E-004)
   2.2439947525641384        3.1415926535897936     
   (8.21913370369171947E-002,2.76508299843085923E-004)
   2.6927937030769660        0.0000000000000000     
        (1.6832085832256356,-1.62237038218083942E-003)
   2.6927937030769660        3.1415926535897936     
   (6.97872249408865997E-002,1.21605090790792567E-004)
   3.1415926535897936        0.0000000000000000     
         (1.6272911550320772,2.66354946995725377E-018)
   3.1415926535897936        3.1415926535897936     
   (6.61413994079663586E-002,2.43708898810526261E-016)
   1.0000000000000000                1          28
               (0.0000000000000000,0.0000000000000000)
  -2.6927937030769660        0.0000000000000000     
        (1.6699485674017056,-5.01440488613886896E-003)
  -2.6927937030769660        3.1415926535897936     
   (6.94471183636096584E-002,7.17433470620393418E-004)
  -2.2439947525641384        0.0000000000000000     
        (1.7725184971655916,-5.80210466391668702E-003)
  -2.2439947525641384        3.1415926535897936     
   (8.15875792447529197E-002,2.87786619387612596E-004)
  -1.7951958020513106        0.0000000000000000     
        (1.8487916327386908,-2.99684079373642746E-003)
  -1.7951958020513106        3.1415926535897936     
        (0.10689301528055171,5.03701428661597708E-004)
  -1.3463968515384830        0.0000000000000000     
        (1.8931069847209971,-5.03701429034288518E-004)
  -1.3463968515384830        3.1415926535897936     
        (0.15120836726161485,2.99684079471984870E-003)
 -0.89759790102565529        0.0000000000000000     
        (1.9184124207562969,-2.87786621082169525E-004)
 -0.89759790102565529        3.1415926535897936     
        (0.22748150283205021,5.80210466541995068E-003)
 -0.44879895051282764        0.0000000000000000     
        (1.9305528816370361,-7.17433473496825042E-004)
 -0.44879895051282764        3.1415926535897936     
        (0.33005143259681347,5.01440488222480198E-003)
   0.0000000000000000        0.0000000000000000     
               (1.9339922506611278,0.0000000000000000)
   0.0000000000000000        3.1415926535897936     
        (0.38324599676025767,2.49379017479918610E-016)
  0.44879895051282764        0.0000000000000000     
         (1.9305528816370361,7.17433473496825042E-004)
  0.44879895051282764        3.1415926535897936     
       (0.33005143259681347,-5.01440488222429804E-003)
  0.89759790102565529        0.0000000000000000     
         (1.9184124207562969,2.87786621082169525E-004)
  0.89759790102565529        3.1415926535897936     
       (0.22748150283205018,-5.80210466541940424E-003)
   1.3463968515384830        0.0000000000000000     
         (1.8931069847209971,5.03701429034288518E-004)
   1.3463968515384830        3.1415926535897936     
       (0.15120836726161482,-2.99684079471927798E-003)
   1.7951958020513106        0.0000000000000000     
         (1.8487916327386908,2.99684079373642746E-003)
   1.7951958020513106        3.1415926535897936     
       (0.10689301528055171,-5.03701428661039886E-004)
   2.2439947525641384        0.0000000000000000     
         (1.7725184971655916,5.80210466391668702E-003)
   2.2439947525641384        3.1415926535897936     
  (8.15875792447529474E-002,-2.87786619387070115E-004)
   2.6927937030769660        0.0000000000000000     
         (1.6699485674017056,5.01440488613886896E-003)
   2.6927937030769660        3.1415926535897936     
  (6.94471183636096723E-002,-7.17433470619888397E-004)
   3.1415926535897936        0.0000000000000000     
        (1.6167540032402559,-5.10380949297279521E-018)
   3.1415926535897936        3.1415926535897936     
   (6.60077493390241743E-002,2.42081602426355337E-016)
   1.0000000000000000                1          28
               (0.0000000000000000,0.0000000000000000)
  -2.6927937030769660        0.0000000000000000     
         (1.6687595853027741,1.54450119875753126E-003)
  -2.6927937030769660        3.1415926535897936     
   (7.19701497789026895E-002,4.10843594697959914E-004)
  -2.2439947525641384        0.0000000000000000     
         (1.7700202454508318,9.70844941391047693E-004)
  -2.2439947525641384        3.1415926535897936     
   (8.41812951364984130E-002,7.73219021834414821E-004)
  -1.7951958020513106        0.0000000000000000     
        (1.8457637500066126,-2.15203602853724236E-004)
  -1.7951958020513106        3.1415926535897936     
        (0.10884388211859632,6.43674023398887974E-004)
  -1.3463968515384830        0.0000000000000000     
        (1.8911561178810967,-6.43674022625542069E-004)
  -1.3463968515384830        3.1415926535897936     
        (0.15423624999279900,2.15203602128490073E-004)
 -0.89759790102565529        0.0000000000000000     
        (1.9158187048637798,-7.73219020940651568E-004)
 -0.89759790102565529        3.1415926535897936     
       (0.22997975454946237,-9.70844941503632547E-004)
 -0.44879895051282764        0.0000000000000000     
        (1.9280298502214421,-4.10843595421438753E-004)
 -0.44879895051282764        3.1415926535897936     
       (0.33124041469730814,-1.54450119816032364E-003)
   0.0000000000000000        0.0000000000000000     
               (1.9316276287798071,0.0000000000000000)
   0.0000000000000000        3.1415926535897936     
        (0.38522062740725349,2.48681212452573346E-016)
  0.44879895051282764        0.0000000000000000     
         (1.9280298502214421,4.10843595421438753E-004)
  0.44879895051282764        3.1415926535897936     
        (0.33124041469730825,1.54450119816083127E-003)
  0.89759790102565529        0.0000000000000000     
         (1.9158187048637798,7.73219020940651568E-004)
  0.89759790102565529        3.1415926535897936     
        (0.22997975454946235,9.70844941504177251E-004)
   1.3463968515384830        0.0000000000000000     
         (1.8911561178810967,6.43674022625542069E-004)
   1.3463968515384830        3.1415926535897936     
       (0.15423624999279900,-2.15203602127920785E-004)
   1.7951958020513106        0.0000000000000000     
         (1.8457637500066126,2.15203602853724236E-004)
   1.7951958020513106        3.1415926535897936     
       (0.10884388211859632,-6.43674023398321154E-004)
   2.2439947525641384        0.0000000000000000     
        (1.7700202454508318,-9.70844941391047693E-004)
   2.2439947525641384        3.1415926535897936     
  (8.41812951364983020E-002,-7.73219021833868167E-004)
   2.6927937030769660        0.0000000000000000     
        (1.6687595853027741,-1.54450119875753126E-003)
   2.6927937030769660        3.1415926535897936     
  (7.19701497789027034E-002,-4.10843594697460747E-004)
   3.1415926535897936        0.0000000000000000     
         (1.6147793725916542,1.51812481537211521E-018)
   3.1415926535897936        3.1415926535897936     
   (6.83723712211411760E-002,2.39973558895039604E-016)
   1.0000000000000000                1          28
               (0.0000000000000000,0.0000000000000000)
  -2.6927937030769660        0.0000000000000000     
        (1.6880647417029011,-1.22302772355378461E-003)
  -2.6927937030769660        3.1415926535897936     
   (7.06641296687129938E-002,3.63679081109888783E-005)
  -2.2439947525641384        0.0000000000000000     
        (1.7785553209359204,-2.17312177895812378E-003)
  -2.2439947525641384        3.1415926535897936     
   (8.27283734851814029E-002,2.66963831714759345E-004)
  -1.7951958020513106        0.0000000000000000     
        (1.8495985191896396,-6.93107352240524065E-004)
  -1.7951958020513106        3.1415926535897936     
        (0.10723935718023593,5.65360031100185247E-004)
  -1.3463968515384830        0.0000000000000000     
        (1.8927606428176769,-5.65360035194134819E-004)
  -1.3463968515384830        3.1415926535897936     
        (0.15040148081124041,6.93107347697071970E-004)
 -0.89759790102565529        0.0000000000000000     
        (1.9172716265136689,-2.66963830707848374E-004)
 -0.89759790102565529        3.1415926535897936     
        (0.22144467906331558,2.17312178015494333E-003)
 -0.44879895051282764        0.0000000000000000     
        (1.9293358703318904,-3.63679048670786652E-005)
 -0.44879895051282764        3.1415926535897936     
        (0.31193525829734170,1.22302773039346707E-003)
   0.0000000000000000        0.0000000000000000     
               (1.9330862420740951,0.0000000000000000)
   0.0000000000000000        3.1415926535897936     
        (0.35921549866712121,2.53097719013615993E-016)
  0.44879895051282764        0.0000000000000000     
         (1.9293358703318904,3.63679048670786652E-005)
  0.44879895051282764        3.1415926535897936     
       (0.31193525829734170,-1.22302773039295728E-003)
  0.89759790102565529        0.0000000000000000     
         (1.9172716265136689,2.66963830707848374E-004)
  0.89759790102565529        3.1415926535897936     
       (0.22144467906331555,-2.17312178015438302E-003)
   1.3463968515384830        0.0000000000000000     
         (1.8927606428176769,5.65360035194134819E-004)
   1.3463968515384830        3.1415926535897936     
       (0.15040148081124041,-6.93107347696504282E-004)
   1.7951958020513106        0.0000000000000000     
         (1.8495985191896396,6.93107352240524065E-004)
   1.7951958020513106        3.1415926535897936     
       (0.10723935718023593,-5.65360031099628184E-004)
   2.2439947525641384        0.0000000000000000     
         (1.7785553209359204,2.17312177895812378E-003)
   2.2439947525641384        3.1415926535897936     
  (8.27283734851814445E-002,-2.66963831714212745E-004)
   2.6927937030769660        0.0000000000000000     
         (1.6880647417029011,1.22302772355378461E-003)
   2.6927937030769660        3.1415926535897936     
  (7.06641296687130077E-002,-3.63679081104834842E-005)
   3.1415926535897936        0.0000000000000000     
        (1.6407845013349269,-3.35162894735165463E-019)
   3.1415926535897936        3.1415926535897936     
   (6.69137579283006906E-002,2.46004949826894434E-016)
   1.0000000000000000                1          28
               (0.0000000000000000,0.0000000000000000)
  -2.6927937030769660        0.0000000000000000     
         (1.6732307159724582,1.74038210218851021E-003)
  -2.6927937030769660        3.1415926535897936     
   (6.82554684874332185E-002,2.17002768621053218E-004)
  -2.2439947525641384        0.0000000000000000     
         (1.7750165677486081,2.78281699379459872E-003)
  -2.2439947525641384        3.1415926535897936     
   (8.03094042190621166E-002,4.74229662661669626E-004)
  -1.7951958020513106        0.0000000000000000     
         (1.8518206702034339,1.13529738443013568E-003)
  -1.7951958020513106        3.1415926535897936     
        (0.10413005673445427,4.24485967146439323E-004)
  -1.3463968515384830        0.0000000000000000     
        (1.8958699432657877,-4.24485967208743109E-004)
  -1.3463968515384830        3.1415926535897936     
       (0.14817932979690746,-1.13529738439008851E-003)
 -0.89759790102565529        0.0000000000000000     
        (1.9196905957807577,-4.74229662810027948E-004)
 -0.89759790102565529        3.1415926535897936     
       (0.22498343225150680,-2.78281699384175154E-003)
 -0.44879895051282764        0.0000000000000000     
        (1.9317445315123847,-2.17002768203336413E-004)
 -0.44879895051282764        3.1415926535897936     
       (0.32676928402790117,-1.74038210239599507E-003)
   0.0000000000000000        0.0000000000000000     
               (1.9354340477057068,0.0000000000000000)
   0.0000000000000000        3.1415926535897936     
        (0.38407414332012524,2.49477700004263530E-016)
  0.44879895051282764        0.0000000000000000     
         (1.9317445315123847,2.17002768203336413E-004)
  0.44879895051282764        3.1415926535897936     
        (0.32676928402790117,1.74038210239650291E-003)
  0.89759790102565529        0.0000000000000000     
         (1.9196905957807577,4.74229662810027948E-004)
  0.89759790102565529        3.1415926535897936     
        (0.22498343225150677,2.78281699384229581E-003)
   1.3463968515384830        0.0000000000000000     
         (1.8958699432657877,4.24485967208743109E-004)
   1.3463968515384830        3.1415926535897936     
        (0.14817932979690743,1.13529738439063972E-003)
   1.7951958020513106        0.0000000000000000     
        (1.8518206702034339,-1.13529738443013568E-003)
   1.7951958020513106        3.1415926535897936     
       (0.10413005673445416,-4.24485967145870550E-004)
   2.2439947525641384        0.0000000000000000     
        (1.7750165677486081,-2.78281699379459872E-003)
   2.2439947525641384        3.1415926535897936     
  (8.03094042190621582E-002,-4.74229662661122809E-004)
   2.6927937030769660        0.0000000000000000     
        (1.6732307159724582,-1.74038210218851021E-003)
   2.6927937030769660        3.1415926535897936     
  (6.82554684874332324E-002,-2.17002768620550311E-004)
   3.1415926535897936        0.0000000000000000     
         (1.6159258566797008,2.11683127194220954E-018)
   3.1415926535897936        3.1415926535897936     
   (6.45659522933053343E-002,2.41725968007224025E-016)
