   -2.692794      0.000000
  1    1        1.68139527        0.00450560        0.00062431        0.00136862
   -2.692794      3.141593
  1    1        0.07057946        0.00050247        0.00014270        0.00012413
   -2.243995      0.000000
  1    1        1.77590924        0.00154968       -0.00030212        0.00138713
   -2.243995      3.141593
  1    1        0.08260124        0.00047046        0.00015064        0.00014168
   -1.795196      0.000000
  1    1        1.84902513        0.00076296       -0.00046799        0.00070869
   -1.795196      3.141593
  1    1        0.10700701        0.00052553        0.00018810        0.00022925
   -1.346397      0.000000
  1    1        1.89299299        0.00052553       -0.00018810        0.00022925
   -1.346397      3.141593
  1    1        0.15097487        0.00076296        0.00046799        0.00070869
   -0.897598      0.000000
  1    1        1.91739876        0.00047046       -0.00015064        0.00014168
   -0.897598      3.141593
  1    1        0.22409076        0.00154968        0.00030212        0.00138713
   -0.448799      0.000000
  1    1        1.92942054        0.00050247       -0.00014270        0.00012413
   -0.448799      3.141593
  1    1        0.31860473        0.00450560       -0.00062431        0.00136862
    0.000000      0.000000
  1    1        1.93303965        0.00050389        0.00000000        0.00000000
    0.000000      3.141593
  1    1        0.36892582        0.00702719        0.00000000        0.00000000
    0.448799      0.000000
  1    1        1.92942054        0.00050247        0.00014270        0.00012413
    0.448799      3.141593
  1    1        0.31860473        0.00450560        0.00062431        0.00136862
    0.897598      0.000000
  1    1        1.91739876        0.00047046        0.00015064        0.00014168
    0.897598      3.141593
  1    1        0.22409076        0.00154968       -0.00030212        0.00138713
    1.346397      0.000000
  1    1        1.89299299        0.00052553        0.00018810        0.00022925
    1.346397      3.141593
  1    1        0.15097487        0.00076296       -0.00046799        0.00070869
    1.795196      0.000000
  1    1        1.84902513        0.00076296        0.00046799        0.00070869
    1.795196      3.141593
  1    1        0.10700701        0.00052553       -0.00018810        0.00022925
    2.243995      0.000000
  1    1        1.77590924        0.00154968        0.00030212        0.00138713
    2.243995      3.141593
  1    1        0.08260124        0.00047046       -0.00015064        0.00014168
    2.692794      0.000000
  1    1        1.68139527        0.00450560       -0.00062431        0.00136862
    2.692794      3.141593
  1    1        0.07057946        0.00050247       -0.00014270        0.00012413
    3.141593      0.000000
  1    1        1.63107418        0.00702719        0.00000000        0.00000000
    3.141593      3.141593
  1    1        0.06696035        0.00050389        0.00000000        0.00000000
