           2               (28.000000000000007,0.0000000000000000)   1.0000000000000000     
           2               (28.000000000000011,0.0000000000000000)   1.0000000000000000     
           2               (28.000000000000007,0.0000000000000000)   1.0000000000000000     
           2               (27.999999999999982,0.0000000000000000)   1.0000000000000000     
           2               (28.000000000000018,0.0000000000000000)   1.0000000000000000     
           2               (28.000000000000007,0.0000000000000000)   1.0000000000000000     
           2               (27.999999999999972,0.0000000000000000)   1.0000000000000000     
           2               (27.999999999999964,0.0000000000000000)   1.0000000000000000     
           2               (28.000000000000018,0.0000000000000000)   1.0000000000000000     
           2               (28.000000000000011,0.0000000000000000)   1.0000000000000000     
