   -6.000000      0.000000
  1    1        0.00338264        0.00161368       -0.00000000        0.00000000
   -6.000000      1.000000
  1    1       -0.00341462        0.00157685        0.00000000        0.00000000
   -5.000000      0.000000
  1    1       -0.00239717        0.00180116        0.00000000        0.00000000
   -5.000000      1.000000
  1    1        0.00229652        0.00179885       -0.00000000        0.00000000
   -4.000000      0.000000
  1    1        0.00361069        0.00126897       -0.00000000        0.00000000
   -4.000000      1.000000
  1    1       -0.00385044        0.00121217        0.00000000        0.00000000
   -3.000000      0.000000
  1    1       -0.00842152        0.00113570        0.00000000        0.00000000
   -3.000000      1.000000
  1    1        0.00770362        0.00110821       -0.00000000        0.00000000
   -2.000000      0.000000
  1    1        0.02045573        0.00114694       -0.00000000        0.00000000
   -2.000000      1.000000
  1    1       -0.02276596        0.00136972        0.00000000        0.00000000
   -1.000000      0.000000
  1    1       -0.07221229        0.00167791        0.00000000        0.00000000
   -1.000000      1.000000
  1    1        0.05762446        0.00077642       -0.00000000        0.00000000
    0.000000      0.000000
  1    1        0.75356416        0.00042744       -0.00000000        0.00000000
    0.000000      1.000000
  1    1       -0.71888178        0.00190461       -0.00000000        0.00000000
    1.000000      0.000000
  1    1       -0.07221229        0.00167791        0.00000000        0.00000000
    1.000000      1.000000
  1    1        0.05762446        0.00077642        0.00000000        0.00000000
    2.000000      0.000000
  1    1        0.02045573        0.00114694        0.00000000        0.00000000
    2.000000      1.000000
  1    1       -0.02276596        0.00136972       -0.00000000        0.00000000
    3.000000      0.000000
  1    1       -0.00842152        0.00113570       -0.00000000        0.00000000
    3.000000      1.000000
  1    1        0.00770362        0.00110821        0.00000000        0.00000000
    4.000000      0.000000
  1    1        0.00361069        0.00126897        0.00000000        0.00000000
    4.000000      1.000000
  1    1       -0.00385044        0.00121217       -0.00000000        0.00000000
    5.000000      0.000000
  1    1       -0.00239717        0.00180116       -0.00000000        0.00000000
    5.000000      1.000000
  1    1        0.00229652        0.00179885        0.00000000        0.00000000
    6.000000      0.000000
  1    1        0.00338264        0.00161368        0.00000000        0.00000000
    6.000000      1.000000
  1    1       -0.00341462        0.00157685       -0.00000000        0.00000000
    7.000000      0.000000
  1    1       -0.00304792        0.00216595       -0.00000000        0.00000000
    7.000000      1.000000
  1    1        0.00307017        0.00217000        0.00000000        0.00000000
