   1.0000000000000000                1          28
               (0.0000000000000000,0.0000000000000000)
  -2.6927937030769660        0.0000000000000000     
   (6.43875256627604031E-002,2.80385533036641856E-017)
  -2.6927937030769660        3.1415926535897936     
        (1.7709240567585758,-3.48226854333288698E-016)
  -2.2439947525641384        0.0000000000000000     
   (6.04204525626427097E-002,1.08291930193484583E-016)
  -2.2439947525641384        3.1415926535897936     
        (1.5159476056320407,-5.39849172288773568E-017)
  -1.7951958020513106        0.0000000000000000     
   (5.05349553795062523E-002,8.39346327830116587E-017)
  -1.7951958020513106        3.1415926535897936     
        (1.4609802152493836,-1.90030822127632092E-016)
  -1.3463968515384830        0.0000000000000000     
   (3.77776637876437033E-002,7.37081677047092848E-017)
  -1.3463968515384830        3.1415926535897936     
        (1.3363508969693800,-1.66582503780286520E-016)
 -0.89759790102565529        0.0000000000000000     
   (2.11853827434317805E-002,4.94018455742635723E-017)
 -0.89759790102565529        3.1415926535897936     
        (1.2285839146319919,-1.64937054131207307E-016)
 -0.44879895051282764        0.0000000000000000     
  (6.31486167860629156E-003,-3.38860579655958723E-018)
 -0.44879895051282764        3.1415926535897936     
        (1.3301960377997710,-2.20071614666502766E-016)
   0.0000000000000000        0.0000000000000000     
         (3.85305820821889121E-005,0.0000000000000000)
   0.0000000000000000        3.1415926535897936     
        (1.2400776359271066,-1.99413497179008609E-016)
  0.44879895051282764        0.0000000000000000     
   (6.31486167860629156E-003,3.38860579655958723E-018)
  0.44879895051282764        3.1415926535897936     
        (1.3301960377997710,-2.20615181846496363E-016)
  0.89759790102565529        0.0000000000000000     
  (2.11853827434317805E-002,-4.94018455742635723E-017)
  0.89759790102565529        3.1415926535897936     
        (1.2285839146319919,-1.83659076411910155E-016)
   1.3463968515384830        0.0000000000000000     
  (3.77776637876437033E-002,-7.37081677047092848E-017)
   1.3463968515384830        3.1415926535897936     
        (1.3363508969693800,-2.82249765807084917E-016)
   1.7951958020513106        0.0000000000000000     
  (5.05349553795062523E-002,-8.39346327830116587E-017)
   1.7951958020513106        3.1415926535897936     
        (1.4609802152493836,-2.52784774937075342E-016)
   2.2439947525641384        0.0000000000000000     
  (6.04204525626427097E-002,-1.08291930193484583E-016)
   2.2439947525641384        3.1415926535897936     
        (1.5159476056320407,-4.00299340425849685E-016)
   2.6927937030769660        0.0000000000000000     
  (6.43875256627604031E-002,-2.80385533036641856E-017)
   2.6927937030769660        3.1415926535897936     
        (1.7709240567585758,-1.98424333650601910E-016)
   3.1415926535897936        0.0000000000000000     
  (6.67472382158459110E-002,-6.77511056409009611E-019)
   3.1415926535897936        3.1415926535897936     
        (2.0506087180072803,-3.69297270784191592E-016)
   1.0000000000000000                1          28
               (0.0000000000000000,0.0000000000000000)
  -2.6927937030769660        0.0000000000000000     
   (5.58045595708841491E-002,3.04008720068859464E-017)
  -2.6927937030769660        3.1415926535897936     
        (1.7506085307845942,-3.79071946977527916E-016)
  -2.2439947525641384        0.0000000000000000     
  (5.13361538304600087E-002,-1.55175366431245863E-017)
  -2.2439947525641384        3.1415926535897936     
        (1.5870568561315366,-2.55535282269669545E-016)
  -1.7951958020513106        0.0000000000000000     
   (4.33987443635965101E-002,1.76928893959414263E-017)
  -1.7951958020513106        3.1415926535897936     
        (1.3691649133945882,-2.59562532796027755E-016)
  -1.3463968515384830        0.0000000000000000     
   (3.26251238469500299E-002,8.09442210253129549E-018)
  -1.3463968515384830        3.1415926535897936     
        (1.3004270083897500,-2.77900181796468558E-016)
 -0.89759790102565529        0.0000000000000000     
  (1.84377045138500451E-002,-1.79178603599571697E-017)
 -0.89759790102565529        3.1415926535897936     
        (1.3515651225321317,-2.48934249384287120E-016)
 -0.44879895051282764        0.0000000000000000     
   (5.58304855408146145E-003,2.77930707762982025E-017)
 -0.44879895051282764        3.1415926535897936     
        (1.2842258645603926,-2.25624985449269347E-016)
   0.0000000000000000        0.0000000000000000     
         (4.94394052980345463E-005,0.0000000000000000)
   0.0000000000000000        3.1415926535897936     
        (1.2599626219270150,-2.02609492543934839E-016)
  0.44879895051282764        0.0000000000000000     
  (5.58304855408146145E-003,-2.77930707762982025E-017)
  0.44879895051282764        3.1415926535897936     
        (1.2842258645603926,-1.92394332434658987E-016)
  0.89759790102565529        0.0000000000000000     
   (1.84377045138500451E-002,1.79178603599571697E-017)
  0.89759790102565529        3.1415926535897936     
        (1.3515651225321317,-1.39697634812919555E-016)
   1.3463968515384830        0.0000000000000000     
  (3.26251238469500299E-002,-8.09442210253129549E-018)
   1.3463968515384830        3.1415926535897936     
        (1.3004270083897496,-1.12868767254520782E-016)
   1.7951958020513106        0.0000000000000000     
  (4.33987443635965101E-002,-1.76928893959414263E-017)
   1.7951958020513106        3.1415926535897936     
        (1.3691649133945882,-1.60527834352427621E-016)
   2.2439947525641384        0.0000000000000000     
   (5.13361538304600087E-002,1.55175366431245863E-017)
   2.2439947525641384        3.1415926535897936     
        (1.5870568561315364,-1.80832112435567257E-016)
   2.6927937030769660        0.0000000000000000     
  (5.58045595708841491E-002,-3.04008720068859464E-017)
   2.6927937030769660        3.1415926535897936     
        (1.7506085307845942,-1.71866133787463720E-016)
   3.1415926535897936        0.0000000000000000     
  (5.78749313681659189E-002,-3.14238283600157783E-019)
   3.1415926535897936        3.1415926535897936     
        (2.0636756811676036,-3.56205243320196474E-016)
   1.0000000000000000                1          28
               (0.0000000000000000,0.0000000000000000)
  -2.6927937030769660        0.0000000000000000     
  (5.83535566041796863E-002,-4.84176653300504489E-017)
  -2.6927937030769660        3.1415926535897936     
        (1.5906828914648705,-3.84702558469270044E-016)
  -2.2439947525641384        0.0000000000000000     
  (5.27547250747331248E-002,-2.39518038204936906E-017)
  -2.2439947525641384        3.1415926535897936     
        (1.5862174932158475,-1.72255591561524295E-017)
  -1.7951958020513106        0.0000000000000000     
  (4.45259669150751061E-002,-5.14754914401723980E-017)
  -1.7951958020513106        3.1415926535897936     
        (1.4427034888936310,-3.51799539672621148E-016)
  -1.3463968515384830        0.0000000000000000     
  (3.21214609803985793E-002,-2.78328716142789822E-017)
  -1.3463968515384830        3.1415926535897936     
        (1.3932298189901091,-1.48264363165203577E-016)
 -0.89759790102565529        0.0000000000000000     
  (1.77277595459704729E-002,-4.15980746433027201E-017)
 -0.89759790102565529        3.1415926535897936     
        (1.2473648814806906,-2.75240255142147376E-016)
 -0.44879895051282764        0.0000000000000000     
  (5.16181893092085287E-003,-1.98430555440909811E-017)
 -0.44879895051282764        3.1415926535897936     
        (1.2990983134974370,-2.22161473021301301E-016)
   0.0000000000000000        0.0000000000000000     
         (5.79036148288882181E-005,0.0000000000000000)
   0.0000000000000000        3.1415926535897936     
        (1.3240129490371306,-2.12908209569726340E-016)
  0.44879895051282764        0.0000000000000000     
   (5.16181893092085287E-003,1.98430555440909811E-017)
  0.44879895051282764        3.1415926535897936     
        (1.2990983134974370,-2.01903878262341279E-016)
  0.89759790102565529        0.0000000000000000     
   (1.77277595459704729E-002,4.15980746433027201E-017)
  0.89759790102565529        3.1415926535897936     
        (1.2473648814806906,-9.00733928694993989E-017)
   1.3463968515384830        0.0000000000000000     
   (3.21214609803985793E-002,2.78328716142789822E-017)
   1.3463968515384830        3.1415926535897936     
        (1.3932298189901091,-2.88351505541386283E-016)
   1.7951958020513106        0.0000000000000000     
   (4.45259669150751061E-002,5.14754914401723980E-017)
   1.7951958020513106        3.1415926535897936     
        (1.4427034888936310,-1.39413833628955537E-016)
   2.2439947525641384        0.0000000000000000     
   (5.27547250747331248E-002,2.39518038204936906E-017)
   2.2439947525641384        3.1415926535897936     
        (1.5862174932158475,-4.57058590743076634E-016)
   2.6927937030769660        0.0000000000000000     
   (5.83535566041796863E-002,4.84176653300504489E-017)
   2.6927937030769660        3.1415926535897936     
        (1.5906828914648705,-1.84821188890688236E-016)
   3.1415926535897936        0.0000000000000000     
   (6.04284167976145356E-002,1.47873558931296809E-019)
   3.1415926535897936        3.1415926535897936     
        (2.1819986392081221,-4.69319763967367314E-016)
   1.0000000000000000                1          28
               (0.0000000000000000,0.0000000000000000)
  -2.6927937030769660        0.0000000000000000     
   (5.22058012930663520E-002,5.55884912262702086E-017)
  -2.6927937030769660        3.1415926535897936     
        (1.6001662496564157,-3.46376921917943548E-016)
  -2.2439947525641384        0.0000000000000000     
   (4.70833205916008843E-002,6.93082379128305671E-017)
  -2.2439947525641384        3.1415926535897936     
        (1.6649275945336959,-1.63246398457158288E-016)
  -1.7951958020513106        0.0000000000000000     
   (3.91990922306345718E-002,7.73544123669573969E-017)
  -1.7951958020513106        3.1415926535897936     
        (1.5000484266638607,-2.22835519414409081E-016)
  -1.3463968515384830        0.0000000000000000     
   (2.79904135238172348E-002,7.89149446410206824E-018)
  -1.3463968515384830        3.1415926535897936     
        (1.3972638233043939,-1.22236888382321382E-016)
 -0.89759790102565529        0.0000000000000000     
   (1.53508264120778611E-002,7.33716757030148465E-017)
 -0.89759790102565529        3.1415926535897936     
        (1.3138901402180510,-1.95592521552124560E-016)
 -0.44879895051282764        0.0000000000000000     
  (4.46812823781364121E-003,-3.47032967361053589E-017)
 -0.44879895051282764        3.1415926535897936     
        (1.2580957946534412,-1.51563263838774039E-016)
   0.0000000000000000        0.0000000000000000     
         (5.25370763963667331E-005,0.0000000000000000)
   0.0000000000000000        3.1415926535897936     
        (1.2974055377527900,-2.08630274501365730E-016)
  0.44879895051282764        0.0000000000000000     
   (4.46812823781364121E-003,3.47032967361053589E-017)
  0.44879895051282764        3.1415926535897936     
        (1.2580957946534412,-2.44173606096044351E-016)
  0.89759790102565529        0.0000000000000000     
  (1.53508264120778611E-002,-7.33716757030148465E-017)
  0.89759790102565529        3.1415926535897936     
        (1.3138901402180507,-2.19473412299219415E-016)
   1.3463968515384830        0.0000000000000000     
  (2.79904135238172348E-002,-7.89149446410206824E-018)
   1.3463968515384830        3.1415926535897936     
        (1.3972638233043939,-3.14029049591674769E-016)
   1.7951958020513106        0.0000000000000000     
  (3.91990922306345718E-002,-7.73544123669573969E-017)
   1.7951958020513106        3.1415926535897936     
        (1.5000484266638607,-2.23129338965513851E-016)
   2.2439947525641384        0.0000000000000000     
  (4.70833205916008843E-002,-6.93082379128305671E-017)
   2.2439947525641384        3.1415926535897936     
        (1.6649275945336959,-3.14652902940281233E-016)
   2.6927937030769660        0.0000000000000000     
  (5.22058012930663520E-002,-5.55884912262702086E-017)
   2.6927937030769660        3.1415926535897936     
        (1.6001662496564160,-2.01688803905185726E-016)
   3.1415926535897936        0.0000000000000000     
   (5.40960121712637729E-002,7.39788637831485813E-020)
   3.1415926535897936        3.1415926535897936     
        (1.9257196357437540,-3.67820893158612147E-016)
   1.0000000000000000                1          28
               (0.0000000000000000,0.0000000000000000)
  -2.6927937030769660        0.0000000000000000     
  (5.15032868382400075E-002,-2.67789270875483741E-017)
  -2.6927937030769660        3.1415926535897936     
        (1.8334049966693928,-3.18192138528484119E-016)
  -2.2439947525641384        0.0000000000000000     
  (4.62049490790486309E-002,-1.23160879250085875E-016)
  -2.2439947525641384        3.1415926535897936     
        (1.6646476540738708,-1.57881496918163107E-016)
  -1.7951958020513106        0.0000000000000000     
  (3.80950899695978520E-002,-7.77082754599817489E-017)
  -1.7951958020513106        3.1415926535897936     
        (1.3923305047996888,-2.07249141926981395E-016)
  -1.3463968515384830        0.0000000000000000     
  (2.65385540005637528E-002,-7.99138776998354947E-017)
  -1.3463968515384830        3.1415926535897936     
        (1.3834887949743935,-2.77250293260124591E-016)
 -0.89759790102565529        0.0000000000000000     
  (1.42502106287039406E-002,-1.97721794942459964E-017)
 -0.89759790102565529        3.1415926535897936     
        (1.2977915911323621,-1.90540679688244696E-016)
 -0.44879895051282764        0.0000000000000000     
  (3.94810163492949860E-003,-7.41240900180395234E-017)
 -0.44879895051282764        3.1415926535897936     
        (1.2600938152820333,-1.74730669414695712E-016)
   0.0000000000000000        0.0000000000000000     
         (4.30577633955700904E-005,0.0000000000000000)
   0.0000000000000000        3.1415926535897936     
        (1.3472356439352160,-2.16645091129934805E-016)
  0.44879895051282764        0.0000000000000000     
   (3.94810163492949860E-003,7.41240900180395234E-017)
  0.44879895051282764        3.1415926535897936     
        (1.2600938152820333,-2.29474664907897539E-016)
  0.89759790102565529        0.0000000000000000     
   (1.42502106287039406E-002,1.97721794942459964E-017)
  0.89759790102565529        3.1415926535897936     
        (1.2977915911323621,-2.07311301591698057E-016)
   1.3463968515384830        0.0000000000000000     
   (2.65385540005637528E-002,7.99138776998354947E-017)
   1.3463968515384830        3.1415926535897936     
        (1.3834887949743937,-1.59658020671978788E-016)
   1.7951958020513106        0.0000000000000000     
   (3.80950899695978520E-002,7.77082754599817489E-017)
   1.7951958020513106        3.1415926535897936     
        (1.3923305047996888,-2.47490410792994122E-016)
   2.2439947525641384        0.0000000000000000     
   (4.62049490790486309E-002,1.23160879250085875E-016)
   2.2439947525641384        3.1415926535897936     
        (1.6646476540738708,-3.10995292499798529E-016)
   2.6927937030769660        0.0000000000000000     
   (5.15032868382400075E-002,2.67789270875483741E-017)
   2.6927937030769660        3.1415926535897936     
        (1.8334049966693928,-2.79290374500440105E-016)
   3.1415926535897936        0.0000000000000000     
   (5.31984622652387079E-002,2.23061124451756307E-019)
   3.1415926535897936        3.1415926535897936     
        (1.6910153520522908,-2.52703755916782746E-016)
   1.0000000000000000                1          28
               (0.0000000000000000,0.0000000000000000)
  -2.6927937030769660        0.0000000000000000     
   (5.35290609927143377E-002,2.39373016285188472E-017)
  -2.6927937030769660        3.1415926535897936     
        (1.5939310558722812,-3.81586331161719537E-016)
  -2.2439947525641384        0.0000000000000000     
   (4.87501425954026679E-002,2.95849283243626952E-017)
  -2.2439947525641384        3.1415926535897936     
        (1.6430710912738680,-1.27763021420372117E-016)
  -1.7951958020513106        0.0000000000000000     
  (4.08653228644583824E-002,-1.97583871951478373E-017)
  -1.7951958020513106        3.1415926535897936     
        (1.4578987287475269,-3.01198642248089094E-016)
  -1.3463968515384830        0.0000000000000000     
   (2.93571529776512907E-002,5.14726648786066655E-017)
  -1.3463968515384830        3.1415926535897936     
        (1.3693202329933531,-8.91982434098786104E-017)
 -0.89759790102565529        0.0000000000000000     
  (1.63655980213454760E-002,-2.77220636361925026E-017)
 -0.89759790102565529        3.1415926535897936     
        (1.3084435377135943,-3.13517599293068268E-016)
 -0.44879895051282764        0.0000000000000000     
   (4.89344160262683570E-003,1.58435729334983172E-017)
 -0.44879895051282764        3.1415926535897936     
        (1.2630803746633679,-9.30929834006224712E-017)
   0.0000000000000000        0.0000000000000000     
         (2.88434943744007649E-004,0.0000000000000000)
   0.0000000000000000        3.1415926535897936     
        (1.2385774050286122,-1.99132053963823207E-016)
  0.44879895051282764        0.0000000000000000     
  (4.89344160262683570E-003,-1.58435729334983172E-017)
  0.44879895051282764        3.1415926535897936     
        (1.2630803746633679,-3.05604190821178279E-016)
  0.89759790102565529        0.0000000000000000     
   (1.63655980213454760E-002,2.77220636361925026E-017)
  0.89759790102565529        3.1415926535897936     
        (1.3084435377135943,-9.94475611096772512E-017)
   1.3463968515384830        0.0000000000000000     
  (2.93571529776512907E-002,-5.14726648786066655E-017)
   1.3463968515384830        3.1415926535897936     
        (1.3693202329933527,-3.48773248854764477E-016)
   1.7951958020513106        0.0000000000000000     
   (4.08653228644583824E-002,1.97583871951478373E-017)
   1.7951958020513106        3.1415926535897936     
        (1.4578987287475269,-1.45043202956588922E-016)
   2.2439947525641384        0.0000000000000000     
  (4.87501425954026679E-002,-2.95849283243626952E-017)
   2.2439947525641384        3.1415926535897936     
        (1.6430710912738682,-3.71667245421734985E-016)
   2.6927937030769660        0.0000000000000000     
  (5.35290609927143377E-002,-2.39373016285188472E-017)
   2.6927937030769660        3.1415926535897936     
        (1.5939310558722812,-1.36026994197432871E-016)
   3.1415926535897936        0.0000000000000000     
   (5.50775525689081655E-002,1.40428080719817577E-019)
   3.1415926535897936        3.1415926535897936     
        (2.1068206513329009,-4.38469486164508084E-016)
   1.0000000000000000                1          28
               (0.0000000000000000,0.0000000000000000)
  -2.6927937030769660        0.0000000000000000     
  (6.55146633108298626E-002,-3.00227996765465064E-017)
  -2.6927937030769660        3.1415926535897936     
        (1.8343826614873684,-1.65127860415722843E-016)
  -2.2439947525641384        0.0000000000000000     
   (6.01283863247080302E-002,7.71004431703458648E-018)
  -2.2439947525641384        3.1415926535897936     
        (1.5381707592147507,-3.35659292855279971E-016)
  -1.7951958020513106        0.0000000000000000     
   (5.09560691853184894E-002,9.01774337473811165E-018)
  -1.7951958020513106        3.1415926535897936     
        (1.4382058686418038,-2.32270808777800423E-016)
  -1.3463968515384830        0.0000000000000000     
   (3.71085847705969404E-002,2.86413700066624496E-017)
  -1.3463968515384830        3.1415926535897936     
        (1.3859254637020377,-2.54142921406537456E-016)
 -0.89759790102565529        0.0000000000000000     
   (2.11361892548978143E-002,5.95243876397763683E-017)
 -0.89759790102565529        3.1415926535897936     
        (1.3432283317030003,-2.32376569996765244E-016)
 -0.44879895051282764        0.0000000000000000     
   (6.12292309925186341E-003,2.72358632479211927E-017)
 -0.44879895051282764        3.1415926535897936     
        (1.2505539410506366,-1.58471561763543079E-016)
   0.0000000000000000        0.0000000000000000     
         (5.07098111919885525E-005,0.0000000000000000)
   0.0000000000000000        3.1415926535897936     
        (1.2574465445218743,-2.02204672140730862E-016)
  0.44879895051282764        0.0000000000000000     
  (6.12292309925186341E-003,-2.72358632479211927E-017)
  0.44879895051282764        3.1415926535897936     
        (1.2505539410506366,-2.40330811547230714E-016)
  0.89759790102565529        0.0000000000000000     
  (2.11361892548978143E-002,-5.95243876397763683E-017)
  0.89759790102565529        3.1415926535897936     
        (1.3432283317030003,-1.57561975335949659E-016)
   1.3463968515384830        0.0000000000000000     
  (3.71085847705969404E-002,-2.86413700066624496E-017)
   1.3463968515384830        3.1415926535897936     
        (1.3859254637020377,-1.91619548100819395E-016)
   1.7951958020513106        0.0000000000000000     
  (5.09560691853184894E-002,-9.01774337473811165E-018)
   1.7951958020513106        3.1415926535897936     
        (1.4382058686418040,-1.79415754126235958E-016)
   2.2439947525641384        0.0000000000000000     
  (6.01283863247080302E-002,-7.71004431703458648E-018)
   2.2439947525641384        3.1415926535897936     
        (1.5381707592147507,-1.44797646171612998E-016)
   2.6927937030769660        0.0000000000000000     
   (6.55146633108298626E-002,3.00227996765465064E-017)
   2.6927937030769660        3.1415926535897936     
        (1.8343826614873688,-3.93266745028066412E-016)
   3.1415926535897936        0.0000000000000000     
   (6.74967128863837168E-002,2.01784522096266152E-019)
   3.1415926535897936        3.1415926535897936     
        (1.7208055860880835,-1.91725216334885683E-016)
   1.0000000000000000                1          28
               (0.0000000000000000,0.0000000000000000)
  -2.6927937030769660        0.0000000000000000     
  (6.40812404721742696E-002,-5.20769047029799914E-018)
  -2.6927937030769660        3.1415926535897936     
        (1.8617644977043810,-1.76448679266454444E-016)
  -2.2439947525641384        0.0000000000000000     
   (5.83700768944748899E-002,1.71138600872754635E-017)
  -2.2439947525641384        3.1415926535897936     
        (1.5774391298582853,-3.55355602782629854E-016)
  -1.7951958020513106        0.0000000000000000     
  (4.84822680872503617E-002,-8.04076610901150015E-017)
  -1.7951958020513106        3.1415926535897936     
        (1.4147705035103253,-2.52391515903179688E-016)
  -1.3463968515384830        0.0000000000000000     
  (3.61801250138615443E-002,-7.80449562071184261E-018)
  -1.3463968515384830        3.1415926535897936     
        (1.3213994324009042,-2.68508790011193216E-016)
 -0.89759790102565529        0.0000000000000000     
   (2.01556560872972537E-002,6.88152094574155499E-018)
 -0.89759790102565529        3.1415926535897936     
        (1.3319047610846511,-2.00509999211568189E-016)
 -0.44879895051282764        0.0000000000000000     
  (6.08037314384476859E-003,-4.21003122232110508E-017)
 -0.44879895051282764        3.1415926535897936     
        (1.2696359814854339,-2.52838526295032669E-016)
   0.0000000000000000        0.0000000000000000     
         (6.25054479351595983E-005,0.0000000000000000)
   0.0000000000000000        3.1415926535897936     
        (1.2880431343616796,-2.07123082170095202E-016)
  0.44879895051282764        0.0000000000000000     
   (6.08037314384476859E-003,4.21003122232110508E-017)
  0.44879895051282764        3.1415926535897936     
        (1.2696359814854339,-1.68760654886052307E-016)
  0.89759790102565529        0.0000000000000000     
  (2.01556560872972537E-002,-6.88152094574155499E-018)
  0.89759790102565529        3.1415926535897936     
        (1.3319047610846511,-1.93551166899746267E-016)
   1.3463968515384830        0.0000000000000000     
   (3.61801250138615443E-002,7.80449562071184261E-018)
   1.3463968515384830        3.1415926535897936     
        (1.3213994324009042,-1.61205547519249758E-016)
   1.7951958020513106        0.0000000000000000     
   (4.84822680872503617E-002,8.04076610901150015E-017)
   1.7951958020513106        3.1415926535897936     
        (1.4147705035103253,-1.73360637862368438E-016)
   2.2439947525641384        0.0000000000000000     
  (5.83700768944748899E-002,-1.71138600872754635E-017)
   2.2439947525641384        3.1415926535897936     
        (1.5774391298582853,-6.94023819593080116E-017)
   2.6927937030769660        0.0000000000000000     
   (6.40812404721742696E-002,5.20769047029799914E-018)
   2.6927937030769660        3.1415926535897936     
        (1.8617644977043806,-4.03941681500454813E-016)
   3.1415926535897936        0.0000000000000000     
  (6.54883789055802218E-002,-2.40414757227814024E-019)
   3.1415926535897936        3.1415926535897936     
        (1.7727653599625557,-2.15686791876064786E-016)
   1.0000000000000000                1          28
               (0.0000000000000000,0.0000000000000000)
  -2.6927937030769660        0.0000000000000000     
  (5.34536628943903386E-002,-2.17004968491157604E-017)
  -2.6927937030769660        3.1415926535897936     
        (1.6515130572132091,-3.64697009994829003E-016)
  -2.2439947525641384        0.0000000000000000     
   (4.87025546574412146E-002,1.02980012658280180E-016)
  -2.2439947525641384        3.1415926535897936     
        (1.5783728627405058,-1.20862564878021285E-016)
  -1.7951958020513106        0.0000000000000000     
  (4.10293482822540953E-002,-3.56366822894039341E-017)
  -1.7951958020513106        3.1415926535897936     
        (1.4326476241365034,-2.41703657139564764E-016)
  -1.3463968515384830        0.0000000000000000     
  (2.99787771151897760E-002,-2.38442210949782663E-017)
  -1.3463968515384830        3.1415926535897936     
        (1.3516331980602472,-1.84379684271223581E-016)
 -0.89759790102565529        0.0000000000000000     
  (1.75636420327968702E-002,-1.18707177984957709E-017)
 -0.89759790102565529        3.1415926535897936     
        (1.3542953842492267,-2.40283155606155548E-016)
 -0.44879895051282764        0.0000000000000000     
  (6.90267388358912614E-003,-1.19075111393707016E-017)
 -0.44879895051282764        3.1415926535897936     
        (1.2985348970891977,-1.70040307006828140E-016)
   0.0000000000000000        0.0000000000000000     
         (2.58183931707434535E-003,0.0000000000000000)
   0.0000000000000000        3.1415926535897936     
        (1.2061606053510057,-1.93550227432902245E-016)
  0.44879895051282764        0.0000000000000000     
   (6.90267388358912614E-003,1.19075111393707016E-017)
  0.44879895051282764        3.1415926535897936     
        (1.2985348970891977,-2.44260502283917989E-016)
  0.89759790102565529        0.0000000000000000     
   (1.75636420327968702E-002,1.18707177984957709E-017)
  0.89759790102565529        3.1415926535897936     
        (1.3542953842492267,-1.59686106007151338E-016)
   1.3463968515384830        0.0000000000000000     
   (2.99787771151897760E-002,2.38442210949782663E-017)
   1.3463968515384830        3.1415926535897936     
        (1.3516331980602472,-2.31786281640234200E-016)
   1.7951958020513106        0.0000000000000000     
   (4.10293482822540953E-002,3.56366822894039341E-017)
   1.7951958020513106        3.1415926535897936     
        (1.4326476241365034,-1.52989693148422122E-016)
   2.2439947525641384        0.0000000000000000     
  (4.87025546574412146E-002,-1.02980012658280180E-016)
   2.2439947525641384        3.1415926535897936     
        (1.5783728627405058,-3.48832011149292215E-016)
   2.6927937030769660        0.0000000000000000     
   (5.34536628943903386E-002,2.17004968491157604E-017)
   2.6927937030769660        3.1415926535897936     
        (1.6515130572132091,-1.51922618890384881E-016)
   3.1415926535897936        0.0000000000000000     
   (5.49732750893083336E-002,1.02785497986644038E-019)
   3.1415926535897936        3.1415926535897936     
        (2.0979075308006019,-4.02825619279947813E-016)
   1.0000000000000000                1          28
               (0.0000000000000000,0.0000000000000000)
  -2.6927937030769660        0.0000000000000000     
  (6.41759763866902727E-002,-2.89838446423414813E-017)
  -2.6927937030769660        3.1415926535897936     
        (1.6062285486166512,-3.40682700135283880E-016)
  -2.2439947525641384        0.0000000000000000     
  (5.92942337196226826E-002,-6.91416408156403796E-017)
  -2.2439947525641384        3.1415926535897936     
        (1.6030939877745782,-2.37959673612792767E-016)
  -1.7951958020513106        0.0000000000000000     
  (4.99435728163069512E-002,-1.08199480085399001E-019)
  -1.7951958020513106        3.1415926535897936     
        (1.4989746191208311,-2.49693513422549981E-016)
  -1.3463968515384830        0.0000000000000000     
  (3.74654383367872268E-002,-1.04956179881803695E-016)
  -1.3463968515384830        3.1415926535897936     
        (1.3351428944349020,-2.74428979651969893E-016)
 -0.89759790102565529        0.0000000000000000     
   (2.08402634843274370E-002,6.93348392990295772E-017)
 -0.89759790102565529        3.1415926535897936     
        (1.2937807380256767,-2.38761024975267013E-016)
 -0.44879895051282764        0.0000000000000000     
  (6.07061650264133831E-003,-4.85452074573292454E-017)
 -0.44879895051282764        3.1415926535897936     
        (1.2635747184907751,-2.54462152996818538E-016)
   0.0000000000000000        0.0000000000000000     
         (6.77635043513508117E-005,0.0000000000000000)
   0.0000000000000000        3.1415926535897936     
        (1.2721552129630982,-2.04567263984399530E-016)
  0.44879895051282764        0.0000000000000000     
   (6.07061650264133831E-003,4.85452074573292454E-017)
  0.44879895051282764        3.1415926535897936     
        (1.2635747184907751,-1.47537083796750643E-016)
  0.89759790102565529        0.0000000000000000     
  (2.08402634843274370E-002,-6.93348392990295772E-017)
  0.89759790102565529        3.1415926535897936     
        (1.2937807380256767,-1.31543141399340234E-016)
   1.3463968515384830        0.0000000000000000     
   (3.74654383367872268E-002,1.04956179881803695E-016)
   1.3463968515384830        3.1415926535897936     
        (1.3351428944349022,-1.30751346252846391E-016)
   1.7951958020513106        0.0000000000000000     
   (4.99435728163069512E-002,1.08199480085399001E-019)
   1.7951958020513106        3.1415926535897936     
        (1.4989746191208309,-2.03566463641727971E-016)
   2.2439947525641384        0.0000000000000000     
   (5.92942337196226826E-002,6.91416408156403796E-017)
   2.2439947525641384        3.1415926535897936     
        (1.6030939877745780,-2.48504838023508274E-016)
   2.6927937030769660        0.0000000000000000     
   (6.41759763866902727E-002,2.89838446423414813E-017)
   2.6927937030769660        3.1415926535897936     
        (1.6062285486166512,-1.88905109871973510E-016)
   3.1415926535897936        0.0000000000000000     
  (6.55042660439251467E-002,-2.26698714591056951E-019)
   3.1415926535897936        3.1415926535897936     
        (2.0361428152196135,-3.75200684834668251E-016)
