         101           5   20.000000000000000                1
     0.0000000        0.89429213        0.31529183
     0.1000000        0.86299298        0.33226557
     0.2000000        0.68024261        0.19076226
     0.3000000        0.66335360        0.23292380
     0.4000000        0.73899160        0.35741239
     0.5000000        0.69716120        0.32018164
     0.6000000        1.30324368        1.06829235
     0.7000000        0.59998210        0.40600107
     0.8000000        0.39372305        0.16102501
     0.9000000        0.34240172        0.10231790
     1.0000000        0.25710079        0.07098709
     1.1000000        0.21765115        0.05293141
     1.2000000        0.10767943        0.08563131
     1.3000000        0.12148263        0.03700418
     1.4000000        0.07839724        0.02875516
     1.5000000        0.06763626        0.06353143
     1.6000000        0.05342676        0.06241396
     1.7000000       -0.06563185        0.15003879
     1.8000000        0.02178025        0.07837830
     1.9000000        0.00502048        0.05656321
     2.0000000        0.00511928        0.04928491
     2.1000000        0.01472850        0.08688674
     2.2000000        0.02737355        0.04293985
     2.3000000        0.04230057        0.01571730
     2.4000000       -0.01906429        0.05758323
     2.5000000       -0.03381325        0.03351592
     2.6000000       -0.22820049        0.19523657
     2.7000000       -0.19791020        0.25138196
     2.8000000        0.05867112        0.05582941
     2.9000000        0.08577072        0.03572404
     3.0000000        0.09377366        0.06440113
     3.1000000        0.07620053        0.03662495
     3.2000000        0.06256580        0.01885717
     3.3000000        0.02921387        0.01194763
     3.4000000        0.05925066        0.02681117
     3.5000000        0.03880410        0.02910498
     3.6000000        0.04157437        0.02360820
     3.7000000        0.05725430        0.02428471
     3.8000000        0.00192826        0.02500901
     3.9000000        0.00865602        0.01326766
     4.0000000        0.00988148        0.01043203
     4.1000000        0.00172500        0.02028228
     4.2000000        0.01653897        0.04257395
     4.3000000        0.02311518        0.02601625
     4.4000000        0.02215137        0.01095368
     4.5000000       -0.00033111        0.01734417
     4.6000000       -0.00292424        0.00843865
     4.7000000       -0.02394486        0.02587148
     4.8000000       -0.09013660        0.10332220
     4.9000000       -0.01969021        0.04260271
     5.0000000       -0.04324236        0.06927071
     5.1000000       -0.00251997        0.06185620
     5.2000000       -0.02676580        0.03948702
     5.3000000        0.00273422        0.03358041
     5.4000000        0.04515241        0.06071440
     5.5000000        0.05273776        0.11306453
     5.6000000       -0.12912548        0.14417253
     5.7000000       -0.09431169        0.13341770
     5.8000000       -0.16097876        0.14672719
     5.9000000       -0.09458383        0.10899374
     6.0000000        0.01271965        0.03202413
     6.1000000        0.00435641        0.01680588
     6.2000000       -0.04110694        0.05426726
     6.3000000       -0.06249091        0.08552668
     6.4000000        0.00532722        0.04271049
     6.5000000        0.01206244        0.03449340
     6.6000000       -0.00613018        0.06228430
     6.7000000        0.00308691        0.03973075
     6.8000000        0.18989115        0.21264941
     6.9000000        0.08643347        0.10795558
     7.0000000        0.03828719        0.06075574
     7.1000000        0.01872447        0.06756936
     7.2000000        0.05205278        0.08483268
     7.3000000        0.10022543        0.12518356
     7.4000000        0.04400895        0.05353889
     7.5000000        0.03023541        0.02991593
     7.6000000        0.03583938        0.04167214
     7.7000000        0.05503237        0.06325154
     7.8000000        0.02887675        0.03643589
     7.9000000       -0.00062720        0.01542435
     8.0000000       -0.00888788        0.04180772
     8.1000000        0.00193531        0.03790904
     8.2000000        0.00963468        0.02122101
     8.3000000        0.01743696        0.02041830
     8.4000000        0.00528691        0.01999499
     8.5000000        0.00986836        0.01145348
     8.6000000       -0.00708523        0.00597750
     8.7000000       -0.01396032        0.01587708
     8.8000000       -0.01179190        0.00963034
     8.9000000       -0.00666415        0.00547128
     9.0000000       -0.00170139        0.00549608
     9.1000000        0.00186750        0.00394936
     9.2000000        0.00425737        0.00539962
     9.3000000       -0.00896748        0.02110740
     9.4000000        0.00000920        0.00919309
     9.5000000       -0.02150733        0.03555585
     9.6000000       -0.00732817        0.02590606
     9.7000000       -0.00719570        0.01992792
     9.8000000       -0.03074818        0.04978487
     9.9000000       -0.06262448        0.08035882
    10.0000000       -0.06365631        0.09882805
