     0.0000000        0.31369190        0.00341186
     0.1250000        0.31369190        0.00341186
     0.2500000        0.31369190        0.00341186
     0.3750000        0.31369190        0.00341186
     0.5000000        0.31369190        0.00341186
     0.6250000        0.31369190        0.00341186
     0.7500000        0.31369190        0.00341186
     0.8750000        0.31369190        0.00341186
     1.0000000        0.31369190        0.00341186
     1.1250000        0.31369190        0.00341186
     1.2500000        0.31369190        0.00341186
     1.3750000        0.31369190        0.00341186
     1.5000000        0.31369190        0.00341186
     1.6250000        0.31369190        0.00341186
     1.7500000        0.31369190        0.00341186
     1.8750000        0.31369190        0.00341186
     2.0000000        0.31369190        0.00341186
     2.1250000        0.31369190        0.00341186
     2.2500000        0.31369190        0.00341186
     2.3750000        0.31369190        0.00341186
     2.5000000        0.31369190        0.00341186
     2.6250000        0.31369190        0.00341186
     2.7500000        0.31369190        0.00341186
     2.8750000        0.31369190        0.00341186
     3.0000000        0.31369190        0.00341186
     3.1250000        0.31369190        0.00341186
     3.2500000        0.31369190        0.00341186
     3.3750000        0.31369190        0.00341186
     3.5000000        0.31369190        0.00341186
     3.6250000        0.31369190        0.00341186
     3.7500000        0.31369190        0.00341186
     3.8750000        0.31369190        0.00341186
     4.0000000        0.31369190        0.00341186
