         101           5   20.000000000000000                1
     0.0000000        1.25004816        0.11954513
     0.1000000        1.11610263        0.09285100
     0.2000000        1.04536213        0.08605703
     0.3000000        1.04479767        0.12899959
     0.4000000        1.01977501        0.14740470
     0.5000000        0.96273841        0.13621032
     0.6000000        0.82821203        0.06052072
     0.7000000        0.85773315        0.12618665
     0.8000000        0.80586782        0.10551063
     0.9000000        0.72345176        0.06740230
     1.0000000        0.78030131        0.13935772
     1.1000000        0.87284121        0.17152517
     1.2000000        0.83184964        0.15621476
     1.3000000        1.02399916        0.29123791
     1.4000000        0.90983412        0.25103896
     1.5000000        0.79796592        0.18193062
     1.6000000        0.86848106        0.26303561
     1.7000000        0.84658519        0.23409887
     1.8000000        0.70797567        0.13966677
     1.9000000        1.08710515        0.48532327
     2.0000000        0.78763120        0.20314767
     2.1000000        0.73818989        0.17521419
     2.2000000        0.69070224        0.13404779
     2.3000000        0.74469806        0.19188150
     2.4000000        0.63096274        0.10969093
     2.5000000        0.61572937        0.12174375
     2.6000000        0.64846880        0.21754831
     2.7000000        0.69175921        0.20311602
     2.8000000        0.70697001        0.26163964
     2.9000000        0.79002864        0.36426265
     3.0000000        1.04757512        0.68420156
     3.1000000        1.12640657        0.77685509
     3.2000000        0.83213076        0.45611127
     3.3000000        1.19977095        0.84898493
     3.4000000        0.77266259        0.44277725
     3.5000000        0.67276317        0.33435522
     3.6000000        0.65955484        0.35416484
     3.7000000        0.63728997        0.31968412
     3.8000000        0.53674576        0.23246211
     3.9000000        0.74686985        0.46301296
     4.0000000        0.72901844        0.44750481
     4.1000000        0.73833441        0.43295019
     4.2000000        0.75000778        0.46552581
     4.3000000        0.60485626        0.34033475
     4.4000000        0.71192138        0.45619004
     4.5000000        0.62630714        0.36345324
     4.6000000        0.68010174        0.39071859
     4.7000000        0.50205216        0.20427918
     4.8000000        0.48910565        0.17006301
     4.9000000        0.54688868        0.22910656
     5.0000000        0.45868379        0.18780176
     5.1000000        0.47784103        0.19650226
     5.2000000        0.58528938        0.28810518
     5.3000000        0.56852522        0.25319698
     5.4000000        0.44276838        0.14273967
     5.5000000        0.41853978        0.14566985
     5.6000000        0.40161631        0.13276564
     5.7000000        0.38599994        0.10561717
     5.8000000        0.41613352        0.12653261
     5.9000000        0.39708750        0.14133339
     6.0000000        0.35834796        0.12112559
     6.1000000        0.32246559        0.10646050
     6.2000000        0.34016449        0.12969828
     6.3000000        0.37442707        0.14296840
     6.4000000        0.39120889        0.15155052
     6.5000000        0.36163359        0.15092056
     6.6000000        0.41386865        0.18719472
     6.7000000        0.37893935        0.17475395
     6.8000000        0.47712913        0.27728945
     6.9000000        0.65309965        0.39122624
     7.0000000        0.50593323        0.22463474
     7.1000000        0.50002570        0.23453870
     7.2000000        0.35758979        0.14324384
     7.3000000        0.30420357        0.10732977
     7.4000000        0.26654610        0.08679017
     7.5000000        0.25964372        0.07246750
     7.6000000        0.27692057        0.07228834
     7.7000000        0.28885047        0.06361534
     7.8000000        0.26628789        0.06893022
     7.9000000        0.32915787        0.09563023
     8.0000000        0.59718363        0.28441599
     8.1000000        0.44188938        0.17702277
     8.2000000        0.25228419        0.05883150
     8.3000000        0.22124535        0.05113619
     8.4000000        0.20480124        0.04511115
     8.5000000        0.21989407        0.05253674
     8.6000000        0.23448458        0.05428594
     8.7000000        0.27659539        0.09714825
     8.8000000        0.46551650        0.25302803
     8.9000000        0.31109592        0.11212239
     9.0000000        0.27945024        0.06807906
     9.1000000        0.27390235        0.08308216
     9.2000000        0.29113289        0.08392704
     9.3000000        0.24858476        0.06626379
     9.4000000        0.28690426        0.09149646
     9.5000000        0.24490686        0.07503042
     9.6000000        0.24063649        0.05663146
     9.7000000        0.24205578        0.06674474
     9.8000000        0.22006479        0.04537338
     9.9000000        0.20749720        0.05769791
    10.0000000        0.17103098        0.03921392
