     0.0000000        0.22018403        0.00142086
     0.1000000        0.13284456        0.00095778
     0.2000000        0.08182549        0.00071601
     0.3000000        0.05127251        0.00065856
     0.4000000        0.03268021        0.00058788
     0.5000000        0.02118299        0.00059126
     0.6000000        0.01412071        0.00057150
     0.7000000        0.00966796        0.00047401
     0.8000000        0.00676870        0.00037796
     0.9000000        0.00483952        0.00031650
     1.0000000        0.00340048        0.00027631
     1.1000000        0.00239160        0.00022822
     1.2000000        0.00173950        0.00020503
     1.3000000        0.00119836        0.00019908
     1.4000000        0.00082399        0.00017281
     1.5000000        0.00057273        0.00014672
     1.6000000        0.00043950        0.00011663
     1.7000000        0.00032425        0.00010222
     1.8000000        0.00026846        0.00009080
     1.9000000        0.00022916        0.00007555
     2.0000000        0.00019169        0.00006726
     2.1000000        0.00017718        0.00006232
     2.2000000        0.00015335        0.00005021
     2.3000000        0.00011296        0.00005275
     2.4000000        0.00008313        0.00004827
     2.5000000        0.00007711        0.00003643
     2.6000000        0.00007528        0.00003016
     2.7000000        0.00007487        0.00001929
     2.8000000        0.00006465        0.00001275
     2.9000000        0.00005414        0.00001237
     3.0000000        0.00004846        0.00001299
     3.1000000        0.00004468        0.00001200
     3.2000000        0.00003646        0.00001041
     3.3000000        0.00003475        0.00001041
     3.4000000        0.00003525        0.00001032
     3.5000000        0.00003296        0.00000977
     3.6000000        0.00002941        0.00001123
     3.7000000        0.00002652        0.00001175
     3.8000000        0.00002266        0.00001122
     3.9000000        0.00002375        0.00001084
     4.0000000        0.00002630        0.00000901
     4.1000000        0.00002485        0.00000950
     4.2000000        0.00003063        0.00000872
     4.3000000        0.00003487        0.00001150
     4.4000000        0.00004155        0.00001970
     4.5000000        0.00004313        0.00002440
     4.6000000        0.00003779        0.00002228
     4.7000000        0.00003845        0.00002616
     4.8000000        0.00004424        0.00003236
     4.9000000        0.00005332        0.00003715
     5.0000000        0.00006131        0.00004253
     5.1000000        0.00006686        0.00004726
     5.2000000        0.00006631        0.00004948
     5.3000000        0.00006616        0.00004966
     5.4000000        0.00007010        0.00005450
     5.5000000        0.00006360        0.00005257
     5.6000000        0.00006963        0.00005090
     5.7000000        0.00007230        0.00005350
     5.8000000        0.00007225        0.00005446
     5.9000000        0.00007542        0.00005660
     6.0000000        0.00007287        0.00005775
     6.1000000        0.00007010        0.00005345
     6.2000000        0.00006516        0.00004908
     6.3000000        0.00005844        0.00003869
     6.4000000        0.00005755        0.00003578
     6.5000000        0.00004931        0.00002656
     6.6000000        0.00004619        0.00002081
     6.7000000        0.00004589        0.00001453
     6.8000000        0.00005074        0.00001310
     6.9000000        0.00005742        0.00001462
     7.0000000        0.00006722        0.00001537
     7.1000000        0.00007812        0.00001625
     7.2000000        0.00010105        0.00001969
     7.3000000        0.00010276        0.00002224
     7.4000000        0.00011122        0.00002673
     7.5000000        0.00014075        0.00002997
     7.6000000        0.00016739        0.00004163
     7.7000000        0.00017409        0.00004541
     7.8000000        0.00018260        0.00005479
     7.9000000        0.00019518        0.00006105
     8.0000000        0.00024008        0.00007204
     8.1000000        0.00027218        0.00008136
     8.2000000        0.00033477        0.00008055
     8.3000000        0.00042242        0.00006164
     8.4000000        0.00057435        0.00005383
     8.5000000        0.00077616        0.00005898
     8.6000000        0.00100494        0.00007542
     8.7000000        0.00129977        0.00010420
     8.8000000        0.00171964        0.00014136
     8.9000000        0.00236537        0.00016671
     9.0000000        0.00331125        0.00018425
     9.1000000        0.00468202        0.00018395
     9.2000000        0.00669881        0.00018680
     9.3000000        0.00966167        0.00021122
     9.4000000        0.01410973        0.00020148
     9.5000000        0.02114907        0.00023071
     9.6000000        0.03241727        0.00022135
     9.7000000        0.05089950        0.00033190
     9.8000000        0.08138557        0.00055508
     9.9000000        0.13250913        0.00081182
    10.0000000        0.22018403        0.00142086
