     0.0000000        0.64285775        0.00810434
     0.0500000        0.60565431        0.00557524
     0.1000000        0.57673169        0.00403432
     0.1500000        0.53655932        0.00517378
     0.2000000        0.50489412        0.00497195
     0.2500000        0.47123229        0.00609307
     0.3000000        0.44268554        0.00726387
     0.3500000        0.41882772        0.00704458
     0.4000000        0.40215131        0.00682310
     0.4500000        0.38251810        0.00801821
     0.5000000        0.35341917        0.00930321
     0.5500000        0.33965413        0.01053065
     0.6000000        0.30272219        0.01035960
     0.6500000        0.28452623        0.00964906
     0.7000000        0.25825235        0.01146858
     0.7500000        0.27045560        0.01528809
     0.8000000        0.26945425        0.02403162
     0.8500000        0.22870725        0.02794039
     0.9000000        0.20699485        0.01761191
     0.9500000        0.19904457        0.01418851
     1.0000000        0.20844484        0.02099135
     1.0500000        0.18881128        0.02114231
     1.1000000        0.16972410        0.02086912
     1.1500000        0.14989418        0.02059793
     1.2000000        0.14316226        0.01921726
     1.2500000        0.14183471        0.02018802
     1.3000000        0.12727154        0.02909122
     1.3500000        0.11650269        0.02831240
     1.4000000        0.15079453        0.03190660
     1.4500000        0.11097108        0.02878113
     1.5000000        0.10222158        0.05481711
     1.5500000        0.06157730        0.06787312
     1.6000000        0.04033611        0.12042355
     1.6500000        0.08134083        0.06644167
     1.7000000        0.12969070        0.04861630
     1.7500000        0.08252928        0.06978489
     1.8000000        0.02041113        0.12235245
     1.8500000        0.07299543        0.07380884
     1.9000000        0.10911390        0.04587724
     1.9500000        0.10562609        0.03207651
     2.0000000        0.08024038        0.02520847
     2.0500000        0.14452277        0.02928850
     2.1000000        0.16820165        0.04455354
     2.1500000        0.13281377        0.03149854
     2.2000000        0.06979700        0.04243559
     2.2500000        0.04563754        0.06842181
     2.3000000        0.06979428        0.06091777
     2.3500000        0.01444641        0.09544225
     2.4000000        0.07714356        0.05085370
     2.4500000        0.03573114        0.09688956
     2.5000000        0.14326073        0.02114882
     2.5500000        0.13123037        0.01751009
     2.6000000        0.11816036        0.01608860
     2.6500000        0.13113862        0.01474932
     2.7000000        0.12062587        0.01846276
     2.7500000        0.12361667        0.03692626
     2.8000000        0.16248572        0.04592914
     2.8500000        0.16228538        0.02694123
     2.9000000        0.17202157        0.01774409
     2.9500000        0.18007379        0.01979332
     3.0000000        0.22921122        0.02312260
     3.0500000        0.24477488        0.03779872
     3.1000000        0.22838541        0.01637734
     3.1500000        0.27459914        0.02455139
     3.2000000        0.28983209        0.03016407
     3.2500000        0.29893964        0.01828991
     3.3000000        0.30507079        0.02035125
     3.3500000        0.31112052        0.01920717
     3.4000000        0.33617226        0.01509672
     3.4500000        0.36125045        0.01411697
     3.5000000        0.37403278        0.01332905
     3.5500000        0.41337201        0.01998962
     3.6000000        0.42616297        0.01256102
     3.6500000        0.44405247        0.00852918
     3.7000000        0.46614969        0.00760212
     3.7500000        0.48490389        0.00572034
     3.8000000        0.51270331        0.00490601
     3.8500000        0.54044391        0.00492538
     3.9000000        0.57200157        0.00410562
     3.9500000        0.60362042        0.00484330
     4.0000000        0.64285775        0.00810434
