         201           4   20.000000000000000                1
     0.0000000        0.99097966        0.00091934
     0.1000000        0.80098870        0.00483695
     0.2000000        0.64537825        0.00652932
     0.3000000        0.52721810        0.00659898
     0.4000000        0.42552305        0.00370206
     0.5000000        0.34574457        0.00330519
     0.6000000        0.27985950        0.00427093
     0.7000000        0.22846238        0.00509974
     0.8000000        0.18710862        0.00460893
     0.9000000        0.15378144        0.00455923
     1.0000000        0.12248189        0.00417178
     1.1000000        0.09969694        0.00306375
     1.2000000        0.08274600        0.00362738
     1.3000000        0.07000752        0.00329025
     1.4000000        0.05719356        0.00257655
     1.5000000        0.04738622        0.00127027
     1.6000000        0.03903671        0.00228701
     1.7000000        0.03198006        0.00290616
     1.8000000        0.02581940        0.00255558
     1.9000000        0.02080299        0.00238903
     2.0000000        0.01713516        0.00213209
     2.1000000        0.01442578        0.00226247
     2.2000000        0.01090214        0.00224531
     2.3000000        0.00907146        0.00157498
     2.4000000        0.00759849        0.00121495
     2.5000000        0.00678246        0.00160990
     2.6000000        0.00631642        0.00074651
     2.7000000        0.00600410        0.00020985
     2.8000000        0.00463958        0.00045436
     2.9000000        0.00278289        0.00057571
     3.0000000        0.00198069        0.00107874
     3.1000000        0.00240612        0.00085999
     3.2000000        0.00401021        0.00124498
     3.3000000        0.00324779        0.00059991
     3.4000000        0.00259900        0.00072554
     3.5000000        0.00224173        0.00114541
     3.6000000        0.00116491        0.00091651
     3.7000000        0.00077984        0.00079645
     3.8000000        0.00053680        0.00130227
     3.9000000        0.00016586        0.00069942
     4.0000000       -0.00078553        0.00082685
     4.1000000       -0.00021717        0.00078426
     4.2000000        0.00000163        0.00114113
     4.3000000        0.00143422        0.00154988
     4.4000000        0.00119352        0.00101424
     4.5000000        0.00074129        0.00132596
     4.6000000       -0.00035509        0.00112222
     4.7000000       -0.00081069        0.00113089
     4.8000000       -0.00125940        0.00107774
     4.9000000       -0.00165129        0.00124507
     5.0000000       -0.00013740        0.00067864
     5.1000000        0.00097460        0.00161874
     5.2000000        0.00133448        0.00130984
     5.3000000        0.00245493        0.00024599
     5.4000000        0.00187679        0.00033420
     5.5000000        0.00237743        0.00094504
     5.6000000        0.00137386        0.00122316
     5.7000000        0.00169602        0.00026729
     5.8000000        0.00140177        0.00086698
     5.9000000        0.00035922        0.00117640
     6.0000000        0.00108764        0.00142062
     6.1000000        0.00170238        0.00187498
     6.2000000        0.00274830        0.00217718
     6.3000000        0.00261868        0.00286845
     6.4000000        0.00212608        0.00254589
     6.5000000        0.00061323        0.00227252
     6.6000000        0.00086925        0.00156639
     6.7000000        0.00133538        0.00239863
     6.8000000        0.00092481        0.00253390
     6.9000000        0.00075283        0.00202328
     7.0000000       -0.00129022        0.00183530
     7.1000000       -0.00089208        0.00155693
     7.2000000       -0.00057444        0.00174077
     7.3000000        0.00033308        0.00133426
     7.4000000       -0.00039775        0.00267684
     7.5000000       -0.00108294        0.00218950
     7.6000000       -0.00204857        0.00188097
     7.7000000       -0.00214679        0.00134508
     7.8000000       -0.00222226        0.00153157
     7.9000000       -0.00280358        0.00181426
     8.0000000       -0.00217503        0.00177665
     8.1000000       -0.00122433        0.00156599
     8.2000000       -0.00204224        0.00220514
     8.3000000       -0.00175990        0.00224340
     8.4000000       -0.00103917        0.00201838
     8.5000000       -0.00043386        0.00136725
     8.6000000        0.00011847        0.00078406
     8.7000000       -0.00002658        0.00142401
     8.8000000       -0.00051087        0.00047709
     8.9000000        0.00064029        0.00075462
     9.0000000        0.00087339        0.00146924
     9.1000000        0.00105184        0.00084677
     9.2000000        0.00112455        0.00090362
     9.3000000        0.00086331        0.00043493
     9.4000000        0.00060237        0.00068133
     9.5000000        0.00109647        0.00100919
     9.6000000       -0.00040184        0.00093576
     9.7000000       -0.00054305        0.00086028
     9.8000000       -0.00132576        0.00161735
     9.9000000       -0.00160765        0.00078776
    10.0000000       -0.00203120        0.00100755
    10.1000000       -0.00160316        0.00073357
    10.2000000       -0.00160571        0.00060309
    10.3000000       -0.00154987        0.00150645
    10.4000000       -0.00062835        0.00152509
    10.5000000        0.00068627        0.00100225
    10.6000000        0.00111538        0.00099737
    10.7000000        0.00082572        0.00124858
    10.8000000        0.00032018        0.00132424
    10.9000000       -0.00000132        0.00196514
    11.0000000        0.00193225        0.00176500
    11.1000000        0.00068738        0.00152420
    11.2000000        0.00099492        0.00142922
    11.3000000        0.00134311        0.00175458
    11.4000000        0.00061578        0.00153446
    11.5000000        0.00028907        0.00163681
    11.6000000        0.00029579        0.00155712
    11.7000000       -0.00007849        0.00086680
    11.8000000        0.00015030        0.00033086
    11.9000000       -0.00100436        0.00087498
    12.0000000        0.00031223        0.00086012
    12.1000000        0.00154798        0.00113795
    12.2000000        0.00111371        0.00070851
    12.3000000        0.00143881        0.00143206
    12.4000000        0.00014212        0.00082648
    12.5000000       -0.00037369        0.00084598
    12.6000000       -0.00083946        0.00086009
    12.7000000       -0.00197210        0.00137070
    12.8000000       -0.00130859        0.00141737
    12.9000000       -0.00063591        0.00009892
    13.0000000       -0.00001607        0.00056486
    13.1000000       -0.00090966        0.00056172
    13.2000000       -0.00066073        0.00086661
    13.3000000       -0.00123932        0.00164262
    13.4000000       -0.00123956        0.00154832
    13.5000000       -0.00145679        0.00179194
    13.6000000       -0.00177715        0.00235541
    13.7000000       -0.00147574        0.00133571
    13.8000000       -0.00091033        0.00152449
    13.9000000       -0.00068383        0.00115770
    14.0000000       -0.00060139        0.00064338
    14.1000000       -0.00041537        0.00068973
    14.2000000        0.00038164        0.00125082
    14.3000000       -0.00062717        0.00140389
    14.4000000       -0.00017210        0.00254707
    14.5000000       -0.00077521        0.00300035
    14.6000000       -0.00127400        0.00119395
    14.7000000       -0.00210881        0.00101062
    14.8000000       -0.00115301        0.00052666
    14.9000000       -0.00090290        0.00057641
    15.0000000       -0.00141598        0.00062053
    15.1000000       -0.00251722        0.00177982
    15.2000000       -0.00234573        0.00178167
    15.3000000       -0.00073270        0.00116832
    15.4000000       -0.00157392        0.00104235
    15.5000000       -0.00242652        0.00113635
    15.6000000       -0.00248711        0.00139178
    15.7000000       -0.00207901        0.00125761
    15.8000000       -0.00156442        0.00185090
    15.9000000       -0.00134744        0.00138176
    16.0000000       -0.00151161        0.00191374
    16.1000000       -0.00156396        0.00131557
    16.2000000       -0.00045165        0.00167109
    16.3000000       -0.00190383        0.00117242
    16.4000000       -0.00158791        0.00115104
    16.5000000       -0.00194845        0.00084777
    16.6000000       -0.00200651        0.00088640
    16.7000000       -0.00037924        0.00070094
    16.8000000       -0.00021688        0.00128826
    16.9000000        0.00083108        0.00187815
    17.0000000        0.00045481        0.00165581
    17.1000000        0.00009488        0.00208668
    17.2000000        0.00035715        0.00250570
    17.3000000        0.00035351        0.00266969
    17.4000000        0.00109698        0.00257418
    17.5000000        0.00049177        0.00144258
    17.6000000        0.00070074        0.00106059
    17.7000000        0.00103061        0.00095179
    17.8000000        0.00141793        0.00070271
    17.9000000        0.00157251        0.00087363
    18.0000000        0.00105082        0.00029984
    18.1000000       -0.00025331        0.00087902
    18.2000000        0.00026631        0.00104089
    18.3000000       -0.00083453        0.00152634
    18.4000000       -0.00147667        0.00112427
    18.5000000       -0.00037261        0.00165098
    18.6000000       -0.00060663        0.00062952
    18.7000000       -0.00052480        0.00074376
    18.8000000        0.00029218        0.00075170
    18.9000000       -0.00061757        0.00094915
    19.0000000        0.00048588        0.00091825
    19.1000000        0.00198116        0.00118544
    19.2000000        0.00247663        0.00131909
    19.3000000        0.00356102        0.00069559
    19.4000000        0.00396726        0.00103063
    19.5000000        0.00488707        0.00015048
    19.6000000        0.00617570        0.00091078
    19.7000000        0.00569163        0.00079157
    19.8000000        0.00670684        0.00106185
    19.9000000        0.00820303        0.00063533
    20.0000000        0.00902034        0.00091934
