         101         157   20.000000000000000                1
     0.0000000        0.17857143        0.00000000
     0.1000000        0.14606915        0.00000000
     0.2000000        0.11949846        0.00000000
     0.3000000        0.09777415        0.00000000
     0.4000000        0.08000998        0.00000000
     0.5000000        0.06548221        0.00000000
     0.6000000        0.05359967        0.00000000
     0.7000000        0.04387943        0.00000000
     0.8000000        0.03592696        0.00000000
     0.9000000        0.02941991        0.00000000
     1.0000000        0.02409483        0.00000000
     1.1000000        0.01973643        0.00000000
     1.2000000        0.01616874        0.00000000
     1.3000000        0.01324790        0.00000000
     1.4000000        0.01085630        0.00000000
     1.5000000        0.00889776        0.00000000
     1.6000000        0.00729364        0.00000000
     1.7000000        0.00597962        0.00000000
     1.8000000        0.00490307        0.00000000
     1.9000000        0.00402095        0.00000000
     2.0000000        0.00329804        0.00000000
     2.1000000        0.00270552        0.00000000
     2.2000000        0.00221979        0.00000000
     2.3000000        0.00182155        0.00000000
     2.4000000        0.00149499        0.00000000
     2.5000000        0.00122717        0.00000000
     2.6000000        0.00100749        0.00000000
     2.7000000        0.00082726        0.00000000
     2.8000000        0.00067939        0.00000000
     2.9000000        0.00055804        0.00000000
     3.0000000        0.00045843        0.00000000
     3.1000000        0.00037667        0.00000000
     3.2000000        0.00030954        0.00000000
     3.3000000        0.00025441        0.00000000
     3.4000000        0.00020914        0.00000000
     3.5000000        0.00017195        0.00000000
     3.6000000        0.00014140        0.00000000
     3.7000000        0.00011629        0.00000000
     3.8000000        0.00009566        0.00000000
     3.9000000        0.00007870        0.00000000
     4.0000000        0.00006476        0.00000000
     4.1000000        0.00005330        0.00000000
     4.2000000        0.00004387        0.00000000
     4.3000000        0.00003612        0.00000000
     4.4000000        0.00002974        0.00000000
     4.5000000        0.00002449        0.00000000
     4.6000000        0.00002017        0.00000000
     4.7000000        0.00001662        0.00000000
     4.8000000        0.00001369        0.00000000
     4.9000000        0.00001129        0.00000000
     5.0000000        0.00000930        0.00000000
     5.1000000        0.00000767        0.00000000
     5.2000000        0.00000632        0.00000000
     5.3000000        0.00000521        0.00000000
     5.4000000        0.00000430        0.00000000
     5.5000000        0.00000355        0.00000000
     5.6000000        0.00000293        0.00000000
     5.7000000        0.00000241        0.00000000
     5.8000000        0.00000199        0.00000000
     5.9000000        0.00000165        0.00000000
     6.0000000        0.00000136        0.00000000
     6.1000000        0.00000112        0.00000000
     6.2000000        0.00000093        0.00000000
     6.3000000        0.00000077        0.00000000
     6.4000000        0.00000063        0.00000000
     6.5000000        0.00000052        0.00000000
     6.6000000        0.00000043        0.00000000
     6.7000000        0.00000036        0.00000000
     6.8000000        0.00000029        0.00000000
     6.9000000        0.00000024        0.00000000
     7.0000000        0.00000020        0.00000000
     7.1000000        0.00000017        0.00000000
     7.2000000        0.00000014        0.00000000
     7.3000000        0.00000011        0.00000000
     7.4000000        0.00000009        0.00000000
     7.5000000        0.00000008        0.00000000
     7.6000000        0.00000006        0.00000000
     7.7000000        0.00000005        0.00000000
     7.8000000        0.00000004        0.00000000
     7.9000000        0.00000004        0.00000000
     8.0000000        0.00000003        0.00000000
     8.1000000        0.00000003        0.00000000
     8.2000000        0.00000002        0.00000000
     8.3000000        0.00000002        0.00000000
     8.4000000        0.00000001        0.00000000
     8.5000000        0.00000001        0.00000000
     8.6000000        0.00000001        0.00000000
     8.7000000        0.00000001        0.00000000
     8.8000000        0.00000001        0.00000000
     8.9000000        0.00000001        0.00000000
     9.0000000        0.00000000        0.00000000
     9.1000000        0.00000000        0.00000000
     9.2000000        0.00000000        0.00000000
     9.3000000        0.00000000        0.00000000
     9.4000000        0.00000000        0.00000000
     9.5000000        0.00000000        0.00000000
     9.6000000        0.00000000        0.00000000
     9.7000000        0.00000000        0.00000000
     9.8000000        0.00000000        0.00000000
     9.9000000        0.00000000        0.00000000
    10.0000000        0.00000000        0.00000000
