           2              (-13.271854541602487,0.0000000000000000)   1.0000000000000000     
           2              (-13.226041975253160,0.0000000000000000)   1.0000000000000000     
           2              (-13.306794900021595,0.0000000000000000)   1.0000000000000000     
           2              (-13.189873909702559,0.0000000000000000)   1.0000000000000000     
           2              (-13.272322001845209,0.0000000000000000)   1.0000000000000000     
           2              (-13.212710219773875,0.0000000000000000)   1.0000000000000000     
           2              (-13.184227415105770,0.0000000000000000)   1.0000000000000000     
           2              (-13.177094841706975,0.0000000000000000)   1.0000000000000000     
           2              (-14.440958165772585,0.0000000000000000)   1.0000000000000000     
           2              (-13.130539299017572,0.0000000000000000)   1.0000000000000000     
           2              (-13.236501428975817,0.0000000000000000)   1.0000000000000000     
           2              (-13.318743076431929,0.0000000000000000)   1.0000000000000000     
           2              (-13.170874925695296,0.0000000000000000)   1.0000000000000000     
           2              (-13.065753300520027,0.0000000000000000)   1.0000000000000000     
           2              (-13.288578764401223,0.0000000000000000)   1.0000000000000000     
           2              (-13.305225485614606,0.0000000000000000)   1.0000000000000000     
           2              (-13.239028811175411,0.0000000000000000)   1.0000000000000000     
           2              (-13.225536607099938,0.0000000000000000)   1.0000000000000000     
           2              (-13.238471345244971,0.0000000000000000)   1.0000000000000000     
