  -13.000000      0.000000
  1    1        0.00190966        0.00006791        0.00000000        0.00000000
  -12.000000      0.000000
  1    1       -0.00000100        0.00012483       -0.00000000        0.00000000
  -11.000000      0.000000
  1    1       -0.00585331        0.00011747        0.00000000        0.00000000
  -10.000000      0.000000
  1    1        0.00003364        0.00016703       -0.00000000        0.00000000
   -9.000000      0.000000
  1    1        0.01105556        0.00021268        0.00000000        0.00000000
   -8.000000      0.000000
  1    1       -0.00003126        0.00015627       -0.00000000        0.00000000
   -7.000000      0.000000
  1    1       -0.01870024        0.00026817        0.00000000        0.00000000
   -6.000000      0.000000
  1    1       -0.00007652        0.00016171       -0.00000000        0.00000000
   -5.000000      0.000000
  1    1        0.03257861        0.00028923        0.00000000        0.00000000
   -4.000000      0.000000
  1    1        0.00004378        0.00015287       -0.00000000        0.00000000
   -3.000000      0.000000
  1    1       -0.06846420        0.00041137        0.00000000        0.00000000
   -2.000000      0.000000
  1    1        0.00019953        0.00012331       -0.00000000        0.00000000
   -1.000000      0.000000
  1    1        0.28020457        0.00043264        0.00000000        0.00000000
    0.000000      0.000000
  1    1        0.50000000        0.00000000       -0.00000000        0.00000000
    1.000000      0.000000
  1    1        0.28020457        0.00043264        0.00000000        0.00000000
    2.000000      0.000000
  1    1       -0.00019953        0.00012331       -0.00000000        0.00000000
    3.000000      0.000000
  1    1       -0.06846420        0.00041137       -0.00000000        0.00000000
    4.000000      0.000000
  1    1       -0.00004378        0.00015287        0.00000000        0.00000000
    5.000000      0.000000
  1    1        0.03257861        0.00028923       -0.00000000        0.00000000
    6.000000      0.000000
  1    1        0.00007652        0.00016171        0.00000000        0.00000000
    7.000000      0.000000
  1    1       -0.01870024        0.00026817       -0.00000000        0.00000000
    8.000000      0.000000
  1    1        0.00003126        0.00015627        0.00000000        0.00000000
    9.000000      0.000000
  1    1        0.01105556        0.00021268       -0.00000000        0.00000000
   10.000000      0.000000
  1    1       -0.00003364        0.00016703        0.00000000        0.00000000
   11.000000      0.000000
  1    1       -0.00585331        0.00011747       -0.00000000        0.00000000
   12.000000      0.000000
  1    1        0.00000100        0.00012483        0.00000000        0.00000000
   13.000000      0.000000
  1    1        0.00190966        0.00006791       -0.00000000        0.00000000
   14.000000      0.000000
  1    1        0.00000000        0.00000000        0.00000000        0.00000000
