   1.0000000000000000                1          28
               (0.0000000000000000,0.0000000000000000)
  -2.9171931783333798        0.0000000000000000     
   (3.54109467858660723E-002,1.38741723901074409E-003)
  -2.6927937030769660        0.0000000000000000     
   (3.73012018062899089E-002,5.03913115797129303E-004)
  -2.4683942278205522        0.0000000000000000     
   (5.19390919444111462E-002,3.05968670066310506E-003)
  -2.2439947525641384        0.0000000000000000     
  (6.66087445108246301E-002,-2.03013208003267296E-004)
  -2.0195952773077246        0.0000000000000000     
  (9.76163052876529436E-002,-1.45987389429059295E-003)
  -1.7951958020513106        0.0000000000000000     
       (0.16202963713346580,-1.31209132424056629E-003)
  -1.5707963267948968        0.0000000000000000     
        (0.49999999993379779,1.99192898782594975E-010)
  -1.3463968515384830        0.0000000000000000     
        (0.83797036298855687,1.31209176346216397E-003)
  -1.1219973762820692        0.0000000000000000     
        (0.90238369481951153,1.45987355975067050E-003)
 -0.89759790102565529        0.0000000000000000     
        (0.93339125549323543,2.03012846506574852E-004)
 -0.67319842576924149        0.0000000000000000     
       (0.94806090862522530,-3.05968711646551665E-003)
 -0.44879895051282764        0.0000000000000000     
       (0.96269879807547853,-5.03913307843477528E-004)
 -0.22439947525641382        0.0000000000000000     
       (0.96458905314924437,-1.38741732772565255E-003)
   0.0000000000000000        0.0000000000000000     
              (0.96652356677468354,0.0000000000000000)
  0.22439947525641382        0.0000000000000000     
        (0.96458905314924437,1.38741732772565255E-003)
  0.44879895051282764        0.0000000000000000     
        (0.96269879807547853,5.03913307843477528E-004)
  0.67319842576924149        0.0000000000000000     
        (0.94806090862522530,3.05968711646551665E-003)
  0.89759790102565529        0.0000000000000000     
       (0.93339125549323543,-2.03012846506574852E-004)
   1.1219973762820692        0.0000000000000000     
       (0.90238369481951153,-1.45987355975067050E-003)
   1.3463968515384830        0.0000000000000000     
       (0.83797036298855687,-1.31209176346216397E-003)
   1.5707963267948968        0.0000000000000000     
       (0.49999999993379779,-1.99192898782594975E-010)
   1.7951958020513106        0.0000000000000000     
        (0.16202963713346580,1.31209132424056629E-003)
   2.0195952773077246        0.0000000000000000     
   (9.76163052876529436E-002,1.45987389429059295E-003)
   2.2439947525641384        0.0000000000000000     
   (6.66087445108246301E-002,2.03013208003267296E-004)
   2.4683942278205522        0.0000000000000000     
  (5.19390919444111462E-002,-3.05968670066310506E-003)
   2.6927937030769660        0.0000000000000000     
  (3.73012018062899089E-002,-5.03913115797129303E-004)
   2.9171931783333798        0.0000000000000000     
  (3.54109467858660723E-002,-1.38741723901074409E-003)
   3.1415926535897936        0.0000000000000000     
   (3.34764323609132858E-002,5.75978140396473644E-018)
   1.0000000000000000                1          28
               (0.0000000000000000,0.0000000000000000)
  -2.9171931783333798        0.0000000000000000     
   (3.55012646825999950E-002,1.85036206805723295E-003)
  -2.6927937030769660        0.0000000000000000     
   (4.01463776776262091E-002,2.39870670789758215E-003)
  -2.4683942278205522        0.0000000000000000     
  (5.28458226748342932E-002,-7.53490816053064639E-004)
  -2.2439947525641384        0.0000000000000000     
   (7.19053552214567737E-002,2.69263496236082987E-004)
  -2.0195952773077246        0.0000000000000000     
        (0.10426944895131744,2.67264801120233259E-003)
  -1.7951958020513106        0.0000000000000000     
        (0.16387352191465906,6.94133911257001791E-003)
  -1.5707963267948968        0.0000000000000000     
        (0.49999999997885031,5.26748059852849928E-011)
  -1.3463968515384830        0.0000000000000000     
       (0.83612647819190811,-6.94133901599380820E-003)
  -1.1219973762820692        0.0000000000000000     
       (0.89573055096007903,-2.67264801923208567E-003)
 -0.89759790102565529        0.0000000000000000     
       (0.92809464480895432,-2.69263339290456082E-004)
 -0.67319842576924149        0.0000000000000000     
        (0.94715417730843732,7.53490899755914520E-004)
 -0.44879895051282764        0.0000000000000000     
       (0.95985362223535553,-2.39870669761640650E-003)
 -0.22439947525641382        0.0000000000000000     
       (0.96449873532055030,-1.85036206436891139E-003)
   0.0000000000000000        0.0000000000000000     
              (0.96678921417718866,0.0000000000000000)
  0.22439947525641382        0.0000000000000000     
        (0.96449873532055030,1.85036206436891139E-003)
  0.44879895051282764        0.0000000000000000     
        (0.95985362223535553,2.39870669761640650E-003)
  0.67319842576924149        0.0000000000000000     
       (0.94715417730843732,-7.53490899755914520E-004)
  0.89759790102565529        0.0000000000000000     
        (0.92809464480895432,2.69263339290456082E-004)
   1.1219973762820692        0.0000000000000000     
        (0.89573055096007903,2.67264801923208567E-003)
   1.3463968515384830        0.0000000000000000     
        (0.83612647819190811,6.94133901599380820E-003)
   1.5707963267948968        0.0000000000000000     
       (0.49999999997885031,-5.26748059852849928E-011)
   1.7951958020513106        0.0000000000000000     
       (0.16387352191465906,-6.94133911257001791E-003)
   2.0195952773077246        0.0000000000000000     
       (0.10426944895131744,-2.67264801120233259E-003)
   2.2439947525641384        0.0000000000000000     
  (7.19053552214567737E-002,-2.69263496236082987E-004)
   2.4683942278205522        0.0000000000000000     
   (5.28458226748342932E-002,7.53490816053064639E-004)
   2.6927937030769660        0.0000000000000000     
  (4.01463776776262091E-002,-2.39870670789758215E-003)
   2.9171931783333798        0.0000000000000000     
  (3.55012646825999950E-002,-1.85036206805723295E-003)
   3.1415926535897936        0.0000000000000000     
   (3.32107859675301251E-002,1.94849629603922356E-018)
   1.0000000000000000                1          28
               (0.0000000000000000,0.0000000000000000)
  -2.9171931783333798        0.0000000000000000     
   (3.41284189883550790E-002,2.28711712228505098E-003)
  -2.6927937030769660        0.0000000000000000     
   (3.80713358730695797E-002,3.73249119150000086E-003)
  -2.4683942278205522        0.0000000000000000     
   (4.90552314063745706E-002,8.62690859023662447E-005)
  -2.2439947525641384        0.0000000000000000     
   (6.70803446477418464E-002,2.04574519513417083E-003)
  -2.0195952773077246        0.0000000000000000     
  (9.52092902247299311E-002,-1.21445973969428974E-003)
  -1.7951958020513106        0.0000000000000000     
        (0.15411981482784406,2.08907021508413773E-003)
  -1.5707963267948968        0.0000000000000000     
       (0.50000000032411962,-1.32282661015535343E-010)
  -1.3463968515384830        0.0000000000000000     
       (0.84588018495594586,-2.08907062738011027E-003)
  -1.1219973762820692        0.0000000000000000     
        (0.90479070972334552,1.21445952837066795E-003)
 -0.89759790102565529        0.0000000000000000     
       (0.93291965521429154,-2.04574498872255690E-003)
 -0.67319842576924149        0.0000000000000000     
       (0.95094476862074473,-8.62689807394672800E-005)
 -0.44879895051282764        0.0000000000000000     
       (0.96192866422412204,-3.73249106717015670E-003)
 -0.22439947525641382        0.0000000000000000     
       (0.96587158087802483,-2.28711712393636375E-003)
   0.0000000000000000        0.0000000000000000     
              (0.97007657947701642,0.0000000000000000)
  0.22439947525641382        0.0000000000000000     
        (0.96587158087802483,2.28711712393636375E-003)
  0.44879895051282764        0.0000000000000000     
        (0.96192866422412204,3.73249106717015670E-003)
  0.67319842576924149        0.0000000000000000     
        (0.95094476862074473,8.62689807394672800E-005)
  0.89759790102565529        0.0000000000000000     
        (0.93291965521429154,2.04574498872255690E-003)
   1.1219973762820692        0.0000000000000000     
       (0.90479070972334552,-1.21445952837066795E-003)
   1.3463968515384830        0.0000000000000000     
        (0.84588018495594586,2.08907062738011027E-003)
   1.5707963267948968        0.0000000000000000     
        (0.50000000032411962,1.32282661015535343E-010)
   1.7951958020513106        0.0000000000000000     
       (0.15411981482784406,-2.08907021508413773E-003)
   2.0195952773077246        0.0000000000000000     
   (9.52092902247299311E-002,1.21445973969428974E-003)
   2.2439947525641384        0.0000000000000000     
  (6.70803446477418464E-002,-2.04574519513417083E-003)
   2.4683942278205522        0.0000000000000000     
  (4.90552314063745706E-002,-8.62690859023662447E-005)
   2.6927937030769660        0.0000000000000000     
  (3.80713358730695797E-002,-3.73249119150000086E-003)
   2.9171931783333798        0.0000000000000000     
  (3.41284189883550790E-002,-2.28711712228505098E-003)
   3.1415926535897936        0.0000000000000000     
  (2.99234206996643569E-002,-2.63462567739478416E-018)
   1.0000000000000000                1          28
               (0.0000000000000000,0.0000000000000000)
  -2.9171931783333798        0.0000000000000000     
   (3.59618198723841639E-002,3.01342953244823533E-004)
  -2.6927937030769660        0.0000000000000000     
   (4.44593342443476494E-002,8.21390392549295229E-004)
  -2.4683942278205522        0.0000000000000000     
   (5.24668806612121480E-002,1.47099174739649566E-003)
  -2.2439947525641384        0.0000000000000000     
   (7.11444546349395829E-002,1.08404881611748175E-003)
  -2.0195952773077246        0.0000000000000000     
       (0.10351607595103916,-2.69466602344955704E-003)
  -1.7951958020513106        0.0000000000000000     
       (0.17117760116162223,-1.36555396216118735E-003)
  -1.5707963267948968        0.0000000000000000     
        (0.50000000004573708,3.74671666955594847E-010)
  -1.3463968515384830        0.0000000000000000     
        (0.82882239899831256,1.36555439010031528E-003)
  -1.1219973762820692        0.0000000000000000     
        (0.89648392387358522,2.69466618449097422E-003)
 -0.89759790102565529        0.0000000000000000     
       (0.92885554522256297,-1.08404869807097364E-003)
 -0.67319842576924149        0.0000000000000000     
       (0.94753311902602455,-1.47099183339081951E-003)
 -0.44879895051282764        0.0000000000000000     
       (0.95554066582790409,-8.21390529386628577E-004)
 -0.22439947525641382        0.0000000000000000     
       (0.96403818028912303,-3.01343234004315414E-004)
   0.0000000000000000        0.0000000000000000     
              (0.96378313130534565,0.0000000000000000)
  0.22439947525641382        0.0000000000000000     
        (0.96403818028912303,3.01343234004315414E-004)
  0.44879895051282764        0.0000000000000000     
        (0.95554066582790409,8.21390529386628577E-004)
  0.67319842576924149        0.0000000000000000     
        (0.94753311902602455,1.47099183339081951E-003)
  0.89759790102565529        0.0000000000000000     
        (0.92885554522256297,1.08404869807097364E-003)
   1.1219973762820692        0.0000000000000000     
       (0.89648392387358522,-2.69466618449097422E-003)
   1.3463968515384830        0.0000000000000000     
       (0.82882239899831256,-1.36555439010031528E-003)
   1.5707963267948968        0.0000000000000000     
       (0.50000000004573708,-3.74671666955594847E-010)
   1.7951958020513106        0.0000000000000000     
        (0.17117760116162223,1.36555396216118735E-003)
   2.0195952773077246        0.0000000000000000     
        (0.10351607595103916,2.69466602344955704E-003)
   2.2439947525641384        0.0000000000000000     
  (7.11444546349395829E-002,-1.08404881611748175E-003)
   2.4683942278205522        0.0000000000000000     
  (5.24668806612121480E-002,-1.47099174739649566E-003)
   2.6927937030769660        0.0000000000000000     
  (4.44593342443476494E-002,-8.21390392549295229E-004)
   2.9171931783333798        0.0000000000000000     
  (3.59618198723841639E-002,-3.01342953244823533E-004)
   3.1415926535897936        0.0000000000000000     
  (3.62168690975468860E-002,-2.59846489768998473E-018)
   1.0000000000000000                1          28
               (0.0000000000000000,0.0000000000000000)
  -2.9171931783333798        0.0000000000000000     
   (3.62086797260418591E-002,5.55991138711085949E-004)
  -2.6927937030769660        0.0000000000000000     
   (3.95695513133565366E-002,4.96732066616319720E-004)
  -2.4683942278205522        0.0000000000000000     
   (4.91822638720460018E-002,7.74131323203104205E-004)
  -2.2439947525641384        0.0000000000000000     
   (6.96041703840516168E-002,2.00425197491626303E-003)
  -2.0195952773077246        0.0000000000000000     
   (9.60361060049470805E-002,2.59642721441771720E-003)
  -1.7951958020513106        0.0000000000000000     
       (0.16626300359475912,-4.45226589117266296E-003)
  -1.5707963267948968        0.0000000000000000     
       (0.49999999999832090,-3.26858944176595765E-011)
  -1.3463968515384830        0.0000000000000000     
        (0.83373699634915688,4.45226611574099044E-003)
  -1.1219973762820692        0.0000000000000000     
       (0.90396389380922393,-2.59642704539779414E-003)
 -0.89759790102565529        0.0000000000000000     
       (0.93039582976950208,-2.00425152345379666E-003)
 -0.67319842576924149        0.0000000000000000     
       (0.95081773624044086,-7.74131270204239902E-004)
 -0.44879895051282764        0.0000000000000000     
       (0.96043044871691485,-4.96731900186123598E-004)
 -0.22439947525641382        0.0000000000000000     
       (0.96379132023747238,-5.55991262732992301E-004)
   0.0000000000000000        0.0000000000000000     
              (0.96703368146233615,0.0000000000000000)
  0.22439947525641382        0.0000000000000000     
        (0.96379132023747238,5.55991262732992301E-004)
  0.44879895051282764        0.0000000000000000     
        (0.96043044871691485,4.96731900186123598E-004)
  0.67319842576924149        0.0000000000000000     
        (0.95081773624044086,7.74131270204239902E-004)
  0.89759790102565529        0.0000000000000000     
        (0.93039582976950208,2.00425152345379666E-003)
   1.1219973762820692        0.0000000000000000     
        (0.90396389380922393,2.59642704539779414E-003)
   1.3463968515384830        0.0000000000000000     
       (0.83373699634915688,-4.45226611574099044E-003)
   1.5707963267948968        0.0000000000000000     
        (0.49999999999832090,3.26858944176595765E-011)
   1.7951958020513106        0.0000000000000000     
        (0.16626300359475912,4.45226589117266296E-003)
   2.0195952773077246        0.0000000000000000     
  (9.60361060049470805E-002,-2.59642721441771720E-003)
   2.2439947525641384        0.0000000000000000     
  (6.96041703840516168E-002,-2.00425197491626303E-003)
   2.4683942278205522        0.0000000000000000     
  (4.91822638720460018E-002,-7.74131323203104205E-004)
   2.6927937030769660        0.0000000000000000     
  (3.95695513133565366E-002,-4.96732066616319720E-004)
   2.9171931783333798        0.0000000000000000     
  (3.62086797260418591E-002,-5.55991138711085949E-004)
   3.1415926535897936        0.0000000000000000     
   (3.29663184738652679E-002,3.34281192037901116E-018)
   1.0000000000000000                1          28
               (0.0000000000000000,0.0000000000000000)
  -2.9171931783333798        0.0000000000000000     
   (3.83801059124860983E-002,9.94378892526746492E-004)
  -2.6927937030769660        0.0000000000000000     
  (4.54422094098131182E-002,-9.10377822272505810E-004)
  -2.4683942278205522        0.0000000000000000     
  (5.75424638706903829E-002,-2.32915983030106686E-004)
  -2.2439947525641384        0.0000000000000000     
  (7.66858363235068119E-002,-2.18783249760473895E-004)
  -2.0195952773077246        0.0000000000000000     
       (0.10870048310870568,-2.17250426277888417E-004)
  -1.7951958020513106        0.0000000000000000     
        (0.17386863632079996,3.67095908866508147E-003)
  -1.5707963267948968        0.0000000000000000     
       (0.49999999980672299,-2.12970422051674219E-010)
  -1.3463968515384830        0.0000000000000000     
       (0.82613136439458823,-3.67095849134482181E-003)
  -1.1219973762820692        0.0000000000000000     
        (0.89129951734715840,2.17250912043606486E-004)
 -0.89759790102565529        0.0000000000000000     
        (0.92331416389672538,2.18782666240769117E-004)
 -0.67319842576924149        0.0000000000000000     
        (0.94245753631916707,2.32915331154556727E-004)
 -0.44879895051282764        0.0000000000000000     
        (0.95455779037402411,9.10377589475927789E-004)
 -0.22439947525641382        0.0000000000000000     
       (0.96161989353358479,-9.94378688866965179E-004)
   0.0000000000000000        0.0000000000000000     
              (0.96439636443384291,0.0000000000000000)
  0.22439947525641382        0.0000000000000000     
        (0.96161989353358479,9.94378688866965179E-004)
  0.44879895051282764        0.0000000000000000     
       (0.95455779037402411,-9.10377589475927789E-004)
  0.67319842576924149        0.0000000000000000     
       (0.94245753631916707,-2.32915331154556727E-004)
  0.89759790102565529        0.0000000000000000     
       (0.92331416389672538,-2.18782666240769117E-004)
   1.1219973762820692        0.0000000000000000     
       (0.89129951734715840,-2.17250912043606486E-004)
   1.3463968515384830        0.0000000000000000     
        (0.82613136439458823,3.67095849134482181E-003)
   1.5707963267948968        0.0000000000000000     
        (0.49999999980672299,2.12970422051674219E-010)
   1.7951958020513106        0.0000000000000000     
       (0.17386863632079996,-3.67095908866508147E-003)
   2.0195952773077246        0.0000000000000000     
        (0.10870048310870568,2.17250426277888417E-004)
   2.2439947525641384        0.0000000000000000     
   (7.66858363235068119E-002,2.18783249760473895E-004)
   2.4683942278205522        0.0000000000000000     
   (5.75424638706903829E-002,2.32915983030106686E-004)
   2.6927937030769660        0.0000000000000000     
   (4.54422094098131182E-002,9.10377822272505810E-004)
   2.9171931783333798        0.0000000000000000     
  (3.83801059124860983E-002,-9.94378892526746492E-004)
   3.1415926535897936        0.0000000000000000     
   (3.56036343420437426E-002,2.97998361909061256E-018)
   1.0000000000000000                1          28
               (0.0000000000000000,0.0000000000000000)
  -2.9171931783333798        0.0000000000000000     
  (3.81977966782065387E-002,-3.14685750656924844E-004)
  -2.6927937030769660        0.0000000000000000     
  (4.21594707500184337E-002,-1.30914990619379504E-003)
  -2.4683942278205522        0.0000000000000000     
   (5.21273553838299333E-002,1.80155895273698369E-003)
  -2.2439947525641384        0.0000000000000000     
  (6.99413358283981768E-002,-6.33053593278049150E-004)
  -2.0195952773077246        0.0000000000000000     
        (0.10532517304322132,1.66561522799439251E-005)
  -1.7951958020513106        0.0000000000000000     
        (0.17099351433939475,3.80208243282126887E-003)
  -1.5707963267948968        0.0000000000000000     
        (0.49999999976172427,2.19306346396377551E-011)
  -1.3463968515384830        0.0000000000000000     
       (0.82900648538745547,-3.80208243920853199E-003)
  -1.1219973762820692        0.0000000000000000     
       (0.89467482685010413,-1.66559983791088933E-005)
 -0.89759790102565529        0.0000000000000000     
        (0.93005866425737804,6.33053350622743904E-004)
 -0.67319842576924149        0.0000000000000000     
       (0.94787264491429291,-1.80155941778851721E-003)
 -0.44879895051282764        0.0000000000000000     
        (0.95784052977899437,1.30915007815788492E-003)
 -0.22439947525641382        0.0000000000000000     
        (0.96180220314331788,3.14685763469061124E-004)
   0.0000000000000000        0.0000000000000000     
              (0.96565422330296979,0.0000000000000000)
  0.22439947525641382        0.0000000000000000     
       (0.96180220314331788,-3.14685763469061124E-004)
  0.44879895051282764        0.0000000000000000     
       (0.95784052977899437,-1.30915007815788492E-003)
  0.67319842576924149        0.0000000000000000     
        (0.94787264491429291,1.80155941778851721E-003)
  0.89759790102565529        0.0000000000000000     
       (0.93005866425737804,-6.33053350622743904E-004)
   1.1219973762820692        0.0000000000000000     
        (0.89467482685010413,1.66559983791088933E-005)
   1.3463968515384830        0.0000000000000000     
        (0.82900648538745547,3.80208243920853199E-003)
   1.5707963267948968        0.0000000000000000     
       (0.49999999976172427,-2.19306346396377551E-011)
   1.7951958020513106        0.0000000000000000     
       (0.17099351433939475,-3.80208243282126887E-003)
   2.0195952773077246        0.0000000000000000     
       (0.10532517304322132,-1.66561522799439251E-005)
   2.2439947525641384        0.0000000000000000     
   (6.99413358283981768E-002,6.33053593278049150E-004)
   2.4683942278205522        0.0000000000000000     
  (5.21273553838299333E-002,-1.80155895273698369E-003)
   2.6927937030769660        0.0000000000000000     
   (4.21594707500184337E-002,1.30914990619379504E-003)
   2.9171931783333798        0.0000000000000000     
   (3.81977966782065387E-002,3.14685750656924844E-004)
   3.1415926535897936        0.0000000000000000     
   (3.43457763683293338E-002,2.25914660964395614E-018)
   1.0000000000000000                1          28
               (0.0000000000000000,0.0000000000000000)
  -2.9171931783333798        0.0000000000000000     
  (3.64793510197181509E-002,-8.21126982070176413E-004)
  -2.6927937030769660        0.0000000000000000     
   (4.36933453433644911E-002,1.20910302874623976E-003)
  -2.4683942278205522        0.0000000000000000     
   (5.27100500450688805E-002,5.32730817134542678E-004)
  -2.2439947525641384        0.0000000000000000     
   (7.35772918671118992E-002,9.74545143070270665E-005)
  -2.0195952773077246        0.0000000000000000     
       (0.10639636374799735,-1.39296116031786365E-003)
  -1.7951958020513106        0.0000000000000000     
        (0.16169082589818062,5.07170648766528103E-003)
  -1.5707963267948968        0.0000000000000000     
        (0.49999999974575432,4.59831725276225732E-010)
  -1.3463968515384830        0.0000000000000000     
       (0.83830917385328008,-5.07170580625858434E-003)
  -1.1219973762820692        0.0000000000000000     
        (0.89360363605251458,1.39296114415591839E-003)
 -0.89759790102565529        0.0000000000000000     
       (0.92642270844043606,-9.74540612360871703E-005)
 -0.67319842576924149        0.0000000000000000     
       (0.94728994995414817,-5.32729540414455388E-004)
 -0.44879895051282764        0.0000000000000000     
       (0.95630665449150010,-1.20910257791139396E-003)
 -0.22439947525641382        0.0000000000000000     
        (0.96352064931887615,8.21126764090174201E-004)
   0.0000000000000000        0.0000000000000000     
              (0.96630456618673555,0.0000000000000000)
  0.22439947525641382        0.0000000000000000     
       (0.96352064931887615,-8.21126764090174201E-004)
  0.44879895051282764        0.0000000000000000     
        (0.95630665449150010,1.20910257791139396E-003)
  0.67319842576924149        0.0000000000000000     
        (0.94728994995414817,5.32729540414455388E-004)
  0.89759790102565529        0.0000000000000000     
        (0.92642270844043606,9.74540612360871703E-005)
   1.1219973762820692        0.0000000000000000     
       (0.89360363605251458,-1.39296114415591839E-003)
   1.3463968515384830        0.0000000000000000     
        (0.83830917385328008,5.07170580625858434E-003)
   1.5707963267948968        0.0000000000000000     
       (0.49999999974575432,-4.59831725276225732E-010)
   1.7951958020513106        0.0000000000000000     
       (0.16169082589818062,-5.07170648766528103E-003)
   2.0195952773077246        0.0000000000000000     
        (0.10639636374799735,1.39296116031786365E-003)
   2.2439947525641384        0.0000000000000000     
  (7.35772918671118992E-002,-9.74545143070270665E-005)
   2.4683942278205522        0.0000000000000000     
  (5.27100500450688805E-002,-5.32730817134542678E-004)
   2.6927937030769660        0.0000000000000000     
  (4.36933453433644911E-002,-1.20910302874623976E-003)
   2.9171931783333798        0.0000000000000000     
   (3.64793510197181509E-002,8.21126982070176413E-004)
   3.1415926535897936        0.0000000000000000     
  (3.36954342485340924E-002,-6.89222400915790708E-018)
   1.0000000000000000                1          28
               (0.0000000000000000,0.0000000000000000)
  -2.9171931783333798        0.0000000000000000     
   (3.57693782239416475E-002,1.52656492894356227E-003)
  -2.6927937030769660        0.0000000000000000     
  (3.98060048053573284E-002,-2.09858717054118042E-003)
  -2.4683942278205522        0.0000000000000000     
   (5.46497889817325472E-002,1.97246075993834976E-003)
  -2.2439947525641384        0.0000000000000000     
  (7.15143676239422404E-002,-4.20917942620550607E-004)
  -2.0195952773077246        0.0000000000000000     
       (0.10703627426493388,-1.61397876609206833E-003)
  -1.7951958020513106        0.0000000000000000     
        (0.17602410879923092,4.55413415691319646E-003)
  -1.5707963267948968        0.0000000000000000     
       (0.50000000023212243,-2.83065618811703315E-010)
  -1.3463968515384830        0.0000000000000000     
       (0.82397589146276295,-4.55413450866149361E-003)
  -1.1219973762820692        0.0000000000000000     
        (0.89296372583694106,1.61397838549369498E-003)
 -0.89759790102565529        0.0000000000000000     
        (0.92848563265343542,4.20917274622688721E-004)
 -0.67319842576924149        0.0000000000000000     
       (0.94535021098806038,-1.97246119278219516E-003)
 -0.44879895051282764        0.0000000000000000     
        (0.96019399497317048,2.09858674828725415E-003)
 -0.22439947525641382        0.0000000000000000     
       (0.96423062138910642,-1.52656520042912069E-003)
   0.0000000000000000        0.0000000000000000     
              (0.96418750625261285,0.0000000000000000)
  0.22439947525641382        0.0000000000000000     
        (0.96423062138910642,1.52656520042912069E-003)
  0.44879895051282764        0.0000000000000000     
       (0.96019399497317048,-2.09858674828725415E-003)
  0.67319842576924149        0.0000000000000000     
        (0.94535021098806038,1.97246119278219516E-003)
  0.89759790102565529        0.0000000000000000     
       (0.92848563265343542,-4.20917274622688721E-004)
   1.1219973762820692        0.0000000000000000     
       (0.89296372583694106,-1.61397838549369498E-003)
   1.3463968515384830        0.0000000000000000     
        (0.82397589146276295,4.55413450866149361E-003)
   1.5707963267948968        0.0000000000000000     
        (0.50000000023212243,2.83065618811703315E-010)
   1.7951958020513106        0.0000000000000000     
       (0.17602410879923092,-4.55413415691319646E-003)
   2.0195952773077246        0.0000000000000000     
        (0.10703627426493388,1.61397876609206833E-003)
   2.2439947525641384        0.0000000000000000     
   (7.15143676239422404E-002,4.20917942620550607E-004)
   2.4683942278205522        0.0000000000000000     
  (5.46497889817325472E-002,-1.97246075993834976E-003)
   2.6927937030769660        0.0000000000000000     
   (3.98060048053573284E-002,2.09858717054118042E-003)
   2.9171931783333798        0.0000000000000000     
  (3.57693782239416475E-002,-1.52656492894356227E-003)
   3.1415926535897936        0.0000000000000000     
   (3.58124932900202655E-002,6.94559519724278750E-018)
   1.0000000000000000                1          28
               (0.0000000000000000,0.0000000000000000)
  -2.9171931783333798        0.0000000000000000     
  (3.98981364014367665E-002,-8.81290112225481688E-004)
  -2.6927937030769660        0.0000000000000000     
   (4.58805399820295737E-002,1.99322906635337294E-004)
  -2.4683942278205522        0.0000000000000000     
  (5.72416089802799538E-002,-7.71576736651797125E-004)
  -2.2439947525641384        0.0000000000000000     
   (7.52510518557142349E-002,1.88954032523329677E-003)
  -2.0195952773077246        0.0000000000000000     
        (0.10945650516010622,3.54546918193556241E-003)
  -1.7951958020513106        0.0000000000000000     
       (0.17307178586717639,-3.09234802902796306E-004)
  -1.5707963267948968        0.0000000000000000     
       (0.50000000165822722,-4.94042735640116411E-009)
  -1.3463968515384830        0.0000000000000000     
        (0.82692821671988848,3.09237215141474481E-004)
  -1.1219973762820692        0.0000000000000000     
       (0.89054349619487672,-3.54545898326150436E-003)
 -0.89759790102565529        0.0000000000000000     
       (0.92474894894911164,-1.88953660099990786E-003)
 -0.67319842576924149        0.0000000000000000     
        (0.94275838979006032,7.71575577658499307E-004)
 -0.44879895051282764        0.0000000000000000     
       (0.95411945583510482,-1.99323100082455482E-004)
 -0.22439947525641382        0.0000000000000000     
        (0.96010186189198421,8.81293012657365289E-004)
   0.0000000000000000        0.0000000000000000     
              (0.96365718014658552,0.0000000000000000)
  0.22439947525641382        0.0000000000000000     
       (0.96010186189198421,-8.81293012657365289E-004)
  0.44879895051282764        0.0000000000000000     
        (0.95411945583510482,1.99323100082455482E-004)
  0.67319842576924149        0.0000000000000000     
       (0.94275838979006032,-7.71575577658499307E-004)
  0.89759790102565529        0.0000000000000000     
        (0.92474894894911164,1.88953660099990786E-003)
   1.1219973762820692        0.0000000000000000     
        (0.89054349619487672,3.54545898326150436E-003)
   1.3463968515384830        0.0000000000000000     
       (0.82692821671988848,-3.09237215141474481E-004)
   1.5707963267948968        0.0000000000000000     
        (0.50000000165822722,4.94042735640116411E-009)
   1.7951958020513106        0.0000000000000000     
        (0.17307178586717639,3.09234802902796306E-004)
   2.0195952773077246        0.0000000000000000     
       (0.10945650516010622,-3.54546918193556241E-003)
   2.2439947525641384        0.0000000000000000     
  (7.52510518557142349E-002,-1.88954032523329677E-003)
   2.4683942278205522        0.0000000000000000     
   (5.72416089802799538E-002,7.71576736651797125E-004)
   2.6927937030769660        0.0000000000000000     
  (4.58805399820295737E-002,-1.99322906635337294E-004)
   2.9171931783333798        0.0000000000000000     
   (3.98981364014367665E-002,8.81290112225481688E-004)
   3.1415926535897936        0.0000000000000000     
  (3.63428211613934099E-002,-2.37729037156620474E-018)
   1.0000000000000000                1          28
               (0.0000000000000000,0.0000000000000000)
  -2.9171931783333798        0.0000000000000000     
  (3.77292487132825718E-002,-3.68033843746721990E-004)
  -2.6927937030769660        0.0000000000000000     
   (4.52824731949802578E-002,2.83407966403744545E-003)
  -2.4683942278205522        0.0000000000000000     
   (5.31212281258627850E-002,3.06503697201176593E-003)
  -2.2439947525641384        0.0000000000000000     
   (7.32619182743526054E-002,3.45030698831931472E-004)
  -2.0195952773077246        0.0000000000000000     
        (0.11133830025503451,1.94358489841394018E-003)
  -1.7951958020513106        0.0000000000000000     
       (0.16987151724045593,-2.00015890053810864E-003)
  -1.5707963267948968        0.0000000000000000     
        (0.49999999994416477,1.76441733247744101E-011)
  -1.3463968515384830        0.0000000000000000     
        (0.83012848263879169,2.00015906151732514E-003)
  -1.1219973762820692        0.0000000000000000     
       (0.88866169985683396,-1.94358483580193606E-003)
 -0.89759790102565529        0.0000000000000000     
       (0.92673808193651630,-3.45030649038959860E-004)
 -0.67319842576924149        0.0000000000000000     
       (0.94687877177392543,-3.06503641312858097E-003)
 -0.44879895051282764        0.0000000000000000     
       (0.95471752665903764,-2.83407958111459414E-003)
 -0.22439947525641382        0.0000000000000000     
        (0.96227075144487284,3.68033849225326269E-004)
   0.0000000000000000        0.0000000000000000     
              (0.96469400032665831,0.0000000000000000)
  0.22439947525641382        0.0000000000000000     
       (0.96227075144487284,-3.68033849225326269E-004)
  0.44879895051282764        0.0000000000000000     
        (0.95471752665903764,2.83407958111459414E-003)
  0.67319842576924149        0.0000000000000000     
        (0.94687877177392543,3.06503641312858097E-003)
  0.89759790102565529        0.0000000000000000     
        (0.92673808193651630,3.45030649038959860E-004)
   1.1219973762820692        0.0000000000000000     
        (0.88866169985683396,1.94358483580193606E-003)
   1.3463968515384830        0.0000000000000000     
       (0.83012848263879169,-2.00015906151732514E-003)
   1.5707963267948968        0.0000000000000000     
       (0.49999999994416477,-1.76441733247744101E-011)
   1.7951958020513106        0.0000000000000000     
        (0.16987151724045593,2.00015890053810864E-003)
   2.0195952773077246        0.0000000000000000     
       (0.11133830025503451,-1.94358489841394018E-003)
   2.2439947525641384        0.0000000000000000     
  (7.32619182743526054E-002,-3.45030698831931472E-004)
   2.4683942278205522        0.0000000000000000     
  (5.31212281258627850E-002,-3.06503697201176593E-003)
   2.6927937030769660        0.0000000000000000     
  (4.52824731949802578E-002,-2.83407966403744545E-003)
   2.9171931783333798        0.0000000000000000     
   (3.77292487132825718E-002,3.68033843746721990E-004)
   3.1415926535897936        0.0000000000000000     
   (3.53059995398797080E-002,2.60179992823588343E-019)
   1.0000000000000000                1          28
               (0.0000000000000000,0.0000000000000000)
  -2.9171931783333798        0.0000000000000000     
  (3.50022910057234612E-002,-2.28818014523483277E-005)
  -2.6927937030769660        0.0000000000000000     
  (3.94227460910020894E-002,-1.16627444687910612E-003)
  -2.4683942278205522        0.0000000000000000     
   (4.52231080422765275E-002,9.48598610245968599E-004)
  -2.2439947525641384        0.0000000000000000     
  (6.51808784565475058E-002,-3.83660319161816248E-004)
  -2.0195952773077246        0.0000000000000000     
   (9.46950560909081418E-002,3.75252789502547287E-003)
  -1.7951958020513106        0.0000000000000000     
       (0.15274884349933576,-8.74578070233076980E-003)
  -1.5707963267948968        0.0000000000000000     
       (0.50000000018298241,-1.33300933039775351E-010)
  -1.3463968515384830        0.0000000000000000     
        (0.84725115673585705,8.74578066813977775E-003)
  -1.1219973762820692        0.0000000000000000     
       (0.90530494376866844,-3.75252816082138939E-003)
 -0.89759790102565529        0.0000000000000000     
        (0.93481912137250112,3.83660286688912162E-004)
 -0.67319842576924149        0.0000000000000000     
       (0.95477689239020058,-9.48599557546209236E-004)
 -0.44879895051282764        0.0000000000000000     
        (0.96057725427554652,1.16627397121736760E-003)
 -0.22439947525641382        0.0000000000000000     
        (0.96499770835542442,2.28808308724462277E-005)
   0.0000000000000000        0.0000000000000000     
              (0.96707778559594371,0.0000000000000000)
  0.22439947525641382        0.0000000000000000     
       (0.96499770835542442,-2.28808308724462277E-005)
  0.44879895051282764        0.0000000000000000     
       (0.96057725427554652,-1.16627397121736760E-003)
  0.67319842576924149        0.0000000000000000     
        (0.95477689239020058,9.48599557546209236E-004)
  0.89759790102565529        0.0000000000000000     
       (0.93481912137250112,-3.83660286688912162E-004)
   1.1219973762820692        0.0000000000000000     
        (0.90530494376866844,3.75252816082138939E-003)
   1.3463968515384830        0.0000000000000000     
       (0.84725115673585705,-8.74578066813977775E-003)
   1.5707963267948968        0.0000000000000000     
        (0.50000000018298241,1.33300933039775351E-010)
   1.7951958020513106        0.0000000000000000     
        (0.15274884349933576,8.74578070233076980E-003)
   2.0195952773077246        0.0000000000000000     
  (9.46950560909081418E-002,-3.75252789502547287E-003)
   2.2439947525641384        0.0000000000000000     
   (6.51808784565475058E-002,3.83660319161816248E-004)
   2.4683942278205522        0.0000000000000000     
  (4.52231080422765275E-002,-9.48598610245968599E-004)
   2.6927937030769660        0.0000000000000000     
   (3.94227460910020894E-002,1.16627444687910612E-003)
   2.9171931783333798        0.0000000000000000     
   (3.50022910057234612E-002,2.28818014523483277E-005)
   3.1415926535897936        0.0000000000000000     
   (3.29222138413148985E-002,9.75426102057275858E-018)
   1.0000000000000000                1          28
               (0.0000000000000000,0.0000000000000000)
  -2.9171931783333798        0.0000000000000000     
  (3.79695941933379105E-002,-1.20751334190840123E-003)
  -2.6927937030769660        0.0000000000000000     
   (4.12670586695040240E-002,2.08771043392929267E-003)
  -2.4683942278205522        0.0000000000000000     
   (5.21033614599173273E-002,5.48230232493798547E-004)
  -2.2439947525641384        0.0000000000000000     
  (7.57585486537100394E-002,-7.89420999235465083E-004)
  -2.0195952773077246        0.0000000000000000     
       (0.10419300949578626,-3.46637594858592146E-003)
  -1.7951958020513106        0.0000000000000000     
       (0.16014132641598633,-3.37161504983951588E-003)
  -1.5707963267948968        0.0000000000000000     
        (0.49999999968930858,5.87327101140130421E-010)
  -1.3463968515384830        0.0000000000000000     
        (0.83985867218395371,3.37161608113352136E-003)
  -1.1219973762820692        0.0000000000000000     
        (0.89580699107613881,3.46637567155245237E-003)
 -0.89759790102565529        0.0000000000000000     
        (0.92424145153342885,7.89422195094111674E-004)
 -0.67319842576924149        0.0000000000000000     
       (0.94789663840798666,-5.48230178264136878E-004)
 -0.44879895051282764        0.0000000000000000     
       (0.95873294285065769,-2.08771106703749222E-003)
 -0.22439947525641382        0.0000000000000000     
        (0.96203040531607986,1.20751375279511868E-003)
   0.0000000000000000        0.0000000000000000     
              (0.96386474076479201,0.0000000000000000)
  0.22439947525641382        0.0000000000000000     
       (0.96203040531607986,-1.20751375279511868E-003)
  0.44879895051282764        0.0000000000000000     
        (0.95873294285065769,2.08771106703749222E-003)
  0.67319842576924149        0.0000000000000000     
        (0.94789663840798666,5.48230178264136878E-004)
  0.89759790102565529        0.0000000000000000     
       (0.92424145153342885,-7.89422195094111674E-004)
   1.1219973762820692        0.0000000000000000     
       (0.89580699107613881,-3.46637567155245237E-003)
   1.3463968515384830        0.0000000000000000     
       (0.83985867218395371,-3.37161608113352136E-003)
   1.5707963267948968        0.0000000000000000     
       (0.49999999968930858,-5.87327101140130421E-010)
   1.7951958020513106        0.0000000000000000     
        (0.16014132641598633,3.37161504983951588E-003)
   2.0195952773077246        0.0000000000000000     
        (0.10419300949578626,3.46637594858592146E-003)
   2.2439947525641384        0.0000000000000000     
   (7.57585486537100394E-002,7.89420999235465083E-004)
   2.4683942278205522        0.0000000000000000     
  (5.21033614599173273E-002,-5.48230232493798547E-004)
   2.6927937030769660        0.0000000000000000     
  (4.12670586695040240E-002,-2.08771043392929267E-003)
   2.9171931783333798        0.0000000000000000     
   (3.79695941933379105E-002,1.20751334190840123E-003)
   3.1415926535897936        0.0000000000000000     
  (3.61352590665841647E-002,-7.63160234243259290E-018)
   1.0000000000000000                1          28
               (0.0000000000000000,0.0000000000000000)
  -2.9171931783333798        0.0000000000000000     
   (3.84305173165487776E-002,1.45830964376829656E-003)
  -2.6927937030769660        0.0000000000000000     
  (4.55292632852681359E-002,-4.01047073316438394E-004)
  -2.4683942278205522        0.0000000000000000     
   (5.84062688216828232E-002,2.92389413337771579E-003)
  -2.2439947525641384        0.0000000000000000     
   (7.55441807221324396E-002,1.60040316939064452E-006)
  -2.0195952773077246        0.0000000000000000     
       (0.10801296682536383,-5.67105109618489455E-004)
  -1.7951958020513106        0.0000000000000000     
       (0.17643797883933729,-3.09620450720533575E-004)
  -1.5707963267948968        0.0000000000000000     
       (0.50000000023251201,-2.93802648380714891E-011)
  -1.3463968515384830        0.0000000000000000     
        (0.82356202125172717,3.09620228729169048E-004)
  -1.1219973762820692        0.0000000000000000     
        (0.89198703313091254,5.67105083534497176E-004)
 -0.89759790102565529        0.0000000000000000     
       (0.92445581914025499,-1.60062303215628698E-006)
 -0.67319842576924149        0.0000000000000000     
       (0.94159373108861355,-2.92389439586567988E-003)
 -0.44879895051282764        0.0000000000000000     
        (0.95447073669691973,4.01046724090112423E-004)
 -0.22439947525641382        0.0000000000000000     
       (0.96156948285318278,-1.45830975213030495E-003)
   0.0000000000000000        0.0000000000000000     
              (0.96385286998405395,0.0000000000000000)
  0.22439947525641382        0.0000000000000000     
        (0.96156948285318278,1.45830975213030495E-003)
  0.44879895051282764        0.0000000000000000     
       (0.95447073669691973,-4.01046724090112423E-004)
  0.67319842576924149        0.0000000000000000     
        (0.94159373108861355,2.92389439586567988E-003)
  0.89759790102565529        0.0000000000000000     
        (0.92445581914025499,1.60062303215628698E-006)
   1.1219973762820692        0.0000000000000000     
       (0.89198703313091254,-5.67105083534497176E-004)
   1.3463968515384830        0.0000000000000000     
       (0.82356202125172717,-3.09620228729169048E-004)
   1.5707963267948968        0.0000000000000000     
        (0.50000000023251201,2.93802648380714891E-011)
   1.7951958020513106        0.0000000000000000     
        (0.17643797883933729,3.09620450720533575E-004)
   2.0195952773077246        0.0000000000000000     
        (0.10801296682536383,5.67105109618489455E-004)
   2.2439947525641384        0.0000000000000000     
  (7.55441807221324396E-002,-1.60040316939064452E-006)
   2.4683942278205522        0.0000000000000000     
  (5.84062688216828232E-002,-2.92389413337771579E-003)
   2.6927937030769660        0.0000000000000000     
   (4.55292632852681359E-002,4.01047073316438394E-004)
   2.9171931783333798        0.0000000000000000     
  (3.84305173165487776E-002,-1.45830964376829656E-003)
   3.1415926535897936        0.0000000000000000     
   (3.61471296083036644E-002,7.45000372836937440E-018)
   1.0000000000000000                1          28
               (0.0000000000000000,0.0000000000000000)
  -2.9171931783333798        0.0000000000000000     
  (3.49823716775443175E-002,-8.38668138400758397E-004)
  -2.6927937030769660        0.0000000000000000     
  (3.90098007709091532E-002,-1.53716176269724043E-003)
  -2.4683942278205522        0.0000000000000000     
  (5.44457720969445738E-002,-1.63605392688450876E-003)
  -2.2439947525641384        0.0000000000000000     
  (7.03392740391287213E-002,-3.06534943311281361E-003)
  -2.0195952773077246        0.0000000000000000     
   (9.37589547723001182E-002,2.05798015941921974E-004)
  -1.7951958020513106        0.0000000000000000     
        (0.15464821567002079,1.51381585759331793E-003)
  -1.5707963267948968        0.0000000000000000     
       (0.50000000023420355,-1.08938623499017113E-010)
  -1.3463968515384830        0.0000000000000000     
       (0.84535178438444880,-1.51381603270731501E-003)
  -1.1219973762820692        0.0000000000000000     
       (0.90624104527137539,-2.05798348167922400E-004)
 -0.89759790102565529        0.0000000000000000     
        (0.92966072600273109,3.06534939993993076E-003)
 -0.67319842576924149        0.0000000000000000     
        (0.94555422819484769,1.63605392653304012E-003)
 -0.44879895051282764        0.0000000000000000     
        (0.96099019911088845,1.53716165709700072E-003)
 -0.22439947525641382        0.0000000000000000     
        (0.96501762793565427,8.38668102916712141E-004)
   0.0000000000000000        0.0000000000000000     
              (0.96419924016862824,0.0000000000000000)
  0.22439947525641382        0.0000000000000000     
       (0.96501762793565427,-8.38668102916712141E-004)
  0.44879895051282764        0.0000000000000000     
       (0.96099019911088845,-1.53716165709700072E-003)
  0.67319842576924149        0.0000000000000000     
       (0.94555422819484769,-1.63605392653304012E-003)
  0.89759790102565529        0.0000000000000000     
       (0.92966072600273109,-3.06534939993993076E-003)
   1.1219973762820692        0.0000000000000000     
        (0.90624104527137539,2.05798348167922400E-004)
   1.3463968515384830        0.0000000000000000     
        (0.84535178438444880,1.51381603270731501E-003)
   1.5707963267948968        0.0000000000000000     
        (0.50000000023420355,1.08938623499017113E-010)
   1.7951958020513106        0.0000000000000000     
       (0.15464821567002079,-1.51381585759331793E-003)
   2.0195952773077246        0.0000000000000000     
  (9.37589547723001182E-002,-2.05798015941921974E-004)
   2.2439947525641384        0.0000000000000000     
   (7.03392740391287213E-002,3.06534943311281361E-003)
   2.4683942278205522        0.0000000000000000     
   (5.44457720969445738E-002,1.63605392688450876E-003)
   2.6927937030769660        0.0000000000000000     
   (3.90098007709091532E-002,1.53716176269724043E-003)
   2.9171931783333798        0.0000000000000000     
   (3.49823716775443175E-002,8.38668138400758397E-004)
   3.1415926535897936        0.0000000000000000     
   (3.58007595112092777E-002,1.67224044115609994E-018)
   1.0000000000000000                1          28
               (0.0000000000000000,0.0000000000000000)
  -2.9171931783333798        0.0000000000000000     
   (3.92277228412654250E-002,5.22627685116878169E-004)
  -2.6927937030769660        0.0000000000000000     
   (4.02888903316528380E-002,1.89812972650621123E-003)
  -2.4683942278205522        0.0000000000000000     
  (5.17662212854352877E-002,-1.48076135695458799E-003)
  -2.2439947525641384        0.0000000000000000     
   (6.79353341047964632E-002,1.03012752185283767E-003)
  -2.0195952773077246        0.0000000000000000     
   (9.90488641300281414E-002,6.10137252352567299E-004)
  -1.7951958020513106        0.0000000000000000     
       (0.16793507224403648,-2.55819197789678354E-003)
  -1.5707963267948968        0.0000000000000000     
       (0.49999999989389426,-6.50046147862173712E-011)
  -1.3463968515384830        0.0000000000000000     
        (0.83206492760446449,2.55819187326029656E-003)
  -1.1219973762820692        0.0000000000000000     
       (0.90095113598951060,-6.10137119587124887E-004)
 -0.89759790102565529        0.0000000000000000     
       (0.93206466585385961,-1.03012747324567923E-003)
 -0.67319842576924149        0.0000000000000000     
        (0.94823377873051673,1.48076125777087944E-003)
 -0.44879895051282764        0.0000000000000000     
       (0.95971110970159390,-1.89812962818163510E-003)
 -0.22439947525641382        0.0000000000000000     
       (0.96077227726628567,-5.22627637626021978E-004)
   0.0000000000000000        0.0000000000000000     
              (0.96412003474044672,0.0000000000000000)
  0.22439947525641382        0.0000000000000000     
        (0.96077227726628567,5.22627637626021978E-004)
  0.44879895051282764        0.0000000000000000     
        (0.95971110970159390,1.89812962818163510E-003)
  0.67319842576924149        0.0000000000000000     
       (0.94823377873051673,-1.48076125777087944E-003)
  0.89759790102565529        0.0000000000000000     
        (0.93206466585385961,1.03012747324567923E-003)
   1.1219973762820692        0.0000000000000000     
        (0.90095113598951060,6.10137119587124887E-004)
   1.3463968515384830        0.0000000000000000     
       (0.83206492760446449,-2.55819187326029656E-003)
   1.5707963267948968        0.0000000000000000     
        (0.49999999989389426,6.50046147862173712E-011)
   1.7951958020513106        0.0000000000000000     
        (0.16793507224403648,2.55819197789678354E-003)
   2.0195952773077246        0.0000000000000000     
  (9.90488641300281414E-002,-6.10137252352567299E-004)
   2.2439947525641384        0.0000000000000000     
  (6.79353341047964632E-002,-1.03012752185283767E-003)
   2.4683942278205522        0.0000000000000000     
   (5.17662212854352877E-002,1.48076135695458799E-003)
   2.6927937030769660        0.0000000000000000     
  (4.02888903316528380E-002,-1.89812972650621123E-003)
   2.9171931783333798        0.0000000000000000     
  (3.92277228412654250E-002,-5.22627685116878169E-004)
   3.1415926535897936        0.0000000000000000     
  (3.58799653041351613E-002,-2.35975804033171098E-018)
   1.0000000000000000                1          28
               (0.0000000000000000,0.0000000000000000)
  -2.9171931783333798        0.0000000000000000     
  (3.46404841259650847E-002,-1.09816851376748023E-003)
  -2.6927937030769660        0.0000000000000000     
  (4.04386831242492598E-002,-7.53639103746732626E-004)
  -2.4683942278205522        0.0000000000000000     
  (4.88148436203223943E-002,-3.39537311831011662E-003)
  -2.2439947525641384        0.0000000000000000     
   (6.83135435126232676E-002,4.07007435441890527E-004)
  -2.0195952773077246        0.0000000000000000     
  (9.79748361583606259E-002,-4.49696369740110245E-004)
  -1.7951958020513106        0.0000000000000000     
       (0.15648413127057217,-7.62508338871489963E-004)
  -1.5707963267948968        0.0000000000000000     
        (0.50000000017426560,2.67837601551833003E-010)
  -1.3463968515384830        0.0000000000000000     
        (0.84351586885674579,7.62508471675258379E-004)
  -1.1219973762820692        0.0000000000000000     
        (0.90202516368751073,4.49696160170516524E-004)
 -0.89759790102565529        0.0000000000000000     
       (0.93168645637157788,-4.07007205885948184E-004)
 -0.67319842576924149        0.0000000000000000     
        (0.95118515644001922,3.39537334670355273E-003)
 -0.44879895051282764        0.0000000000000000     
        (0.95956131691039004,7.53639285356304408E-004)
 -0.22439947525641382        0.0000000000000000     
        (0.96535951569053680,1.09816843858373666E-003)
   0.0000000000000000        0.0000000000000000     
              (0.96603941271198324,0.0000000000000000)
  0.22439947525641382        0.0000000000000000     
       (0.96535951569053680,-1.09816843858373666E-003)
  0.44879895051282764        0.0000000000000000     
       (0.95956131691039004,-7.53639285356304408E-004)
  0.67319842576924149        0.0000000000000000     
       (0.95118515644001922,-3.39537334670355273E-003)
  0.89759790102565529        0.0000000000000000     
        (0.93168645637157788,4.07007205885948184E-004)
   1.1219973762820692        0.0000000000000000     
       (0.90202516368751073,-4.49696160170516524E-004)
   1.3463968515384830        0.0000000000000000     
       (0.84351586885674579,-7.62508471675258379E-004)
   1.5707963267948968        0.0000000000000000     
       (0.50000000017426560,-2.67837601551833003E-010)
   1.7951958020513106        0.0000000000000000     
        (0.15648413127057217,7.62508338871489963E-004)
   2.0195952773077246        0.0000000000000000     
   (9.79748361583606259E-002,4.49696369740110245E-004)
   2.2439947525641384        0.0000000000000000     
  (6.83135435126232676E-002,-4.07007435441890527E-004)
   2.4683942278205522        0.0000000000000000     
   (4.88148436203223943E-002,3.39537311831011662E-003)
   2.6927937030769660        0.0000000000000000     
   (4.04386831242492598E-002,7.53639103746732626E-004)
   2.9171931783333798        0.0000000000000000     
   (3.46404841259650847E-002,1.09816851376748023E-003)
   3.1415926535897936        0.0000000000000000     
  (3.39605873721885651E-002,-6.49734396123725423E-018)
   1.0000000000000000                1          28
               (0.0000000000000000,0.0000000000000000)
  -2.9171931783333798        0.0000000000000000     
  (3.45925686819498271E-002,-3.64175127385458683E-004)
  -2.6927937030769660        0.0000000000000000     
  (3.97113682297671328E-002,-6.18307192455461304E-004)
  -2.4683942278205522        0.0000000000000000     
  (5.21030118393089534E-002,-8.36631471710794022E-004)
  -2.2439947525641384        0.0000000000000000     
   (6.75542709782680911E-002,1.05408824150851946E-003)
  -2.0195952773077246        0.0000000000000000     
        (0.10296771220978877,2.09355691734699990E-003)
  -1.7951958020513106        0.0000000000000000     
        (0.16453332182130889,6.40486233115879471E-003)
  -1.5707963267948968        0.0000000000000000     
        (0.50000000024899893,4.46140029681480458E-011)
  -1.3463968515384830        0.0000000000000000     
       (0.83546667885838455,-6.40486231720171530E-003)
  -1.1219973762820692        0.0000000000000000     
       (0.89703228808848434,-2.09355732375295740E-003)
 -0.89759790102565529        0.0000000000000000     
       (0.93244572898363398,-1.05408824946797461E-003)
 -0.67319842576924149        0.0000000000000000     
        (0.94789698803136913,8.36630803654307047E-004)
 -0.44879895051282764        0.0000000000000000     
        (0.96028863076347670,6.18306350097714490E-004)
 -0.22439947525641382        0.0000000000000000     
        (0.96540743124702577,3.64174510458334280E-004)
   0.0000000000000000        0.0000000000000000     
              (0.96553217863601282,0.0000000000000000)
  0.22439947525641382        0.0000000000000000     
       (0.96540743124702577,-3.64174510458334280E-004)
  0.44879895051282764        0.0000000000000000     
       (0.96028863076347670,-6.18306350097714490E-004)
  0.67319842576924149        0.0000000000000000     
       (0.94789698803136913,-8.36630803654307047E-004)
  0.89759790102565529        0.0000000000000000     
        (0.93244572898363398,1.05408824946797461E-003)
   1.1219973762820692        0.0000000000000000     
        (0.89703228808848434,2.09355732375295740E-003)
   1.3463968515384830        0.0000000000000000     
        (0.83546667885838455,6.40486231720171530E-003)
   1.5707963267948968        0.0000000000000000     
       (0.50000000024899893,-4.46140029681480458E-011)
   1.7951958020513106        0.0000000000000000     
       (0.16453332182130889,-6.40486233115879471E-003)
   2.0195952773077246        0.0000000000000000     
       (0.10296771220978877,-2.09355691734699990E-003)
   2.2439947525641384        0.0000000000000000     
  (6.75542709782680911E-002,-1.05408824150851946E-003)
   2.4683942278205522        0.0000000000000000     
   (5.21030118393089534E-002,8.36631471710794022E-004)
   2.6927937030769660        0.0000000000000000     
   (3.97113682297671328E-002,6.18307192455461304E-004)
   2.9171931783333798        0.0000000000000000     
   (3.45925686819498271E-002,3.64175127385458683E-004)
   3.1415926535897936        0.0000000000000000     
  (3.44678213890444660E-002,-2.30156672839846641E-018)
   1.0000000000000000                1          28
               (0.0000000000000000,0.0000000000000000)
  -2.9171931783333798        0.0000000000000000     
  (3.44377370868979502E-002,-3.15704038179403525E-004)
  -2.6927937030769660        0.0000000000000000     
   (3.94216282278399416E-002,5.14499256130234394E-004)
  -2.4683942278205522        0.0000000000000000     
   (5.11272811398830809E-002,4.81729875157672731E-003)
  -2.2439947525641384        0.0000000000000000     
   (7.02391045422117305E-002,3.25341744161658205E-003)
  -2.0195952773077246        0.0000000000000000     
       (0.10338556343385642,-2.02644239258060370E-003)
  -1.7951958020513106        0.0000000000000000     
       (0.16771329729246603,-2.04318315803451089E-003)
  -1.5707963267948968        0.0000000000000000     
       (0.49999999988946531,-3.29819889157859444E-010)
  -1.3463968515384830        0.0000000000000000     
        (0.83228670252597714,2.04318320059648827E-003)
  -1.1219973762820692        0.0000000000000000     
        (0.89661443641346239,2.02644248801471917E-003)
 -0.89759790102565529        0.0000000000000000     
       (0.92976089543619878,-3.25341742315886232E-003)
 -0.67319842576924149        0.0000000000000000     
       (0.94887271896440328,-4.81729848368422486E-003)
 -0.44879895051282764        0.0000000000000000     
       (0.96057837176018734,-5.14499043433558042E-004)
 -0.22439947525641382        0.0000000000000000     
        (0.96556226315712157,3.15704431137697901E-004)
   0.0000000000000000        0.0000000000000000     
              (0.96836866008080535,0.0000000000000000)
  0.22439947525641382        0.0000000000000000     
       (0.96556226315712157,-3.15704431137697901E-004)
  0.44879895051282764        0.0000000000000000     
        (0.96057837176018734,5.14499043433558042E-004)
  0.67319842576924149        0.0000000000000000     
        (0.94887271896440328,4.81729848368422486E-003)
  0.89759790102565529        0.0000000000000000     
        (0.92976089543619878,3.25341742315886232E-003)
   1.1219973762820692        0.0000000000000000     
       (0.89661443641346239,-2.02644248801471917E-003)
   1.3463968515384830        0.0000000000000000     
       (0.83228670252597714,-2.04318320059648827E-003)
   1.5707963267948968        0.0000000000000000     
        (0.49999999988946531,3.29819889157859444E-010)
   1.7951958020513106        0.0000000000000000     
        (0.16771329729246603,2.04318315803451089E-003)
   2.0195952773077246        0.0000000000000000     
        (0.10338556343385642,2.02644239258060370E-003)
   2.2439947525641384        0.0000000000000000     
  (7.02391045422117305E-002,-3.25341744161658205E-003)
   2.4683942278205522        0.0000000000000000     
  (5.11272811398830809E-002,-4.81729875157672731E-003)
   2.6927937030769660        0.0000000000000000     
  (3.94216282278399416E-002,-5.14499256130234394E-004)
   2.9171931783333798        0.0000000000000000     
   (3.44377370868979502E-002,3.15704038179403525E-004)
   3.1415926535897936        0.0000000000000000     
  (3.16313401772518460E-002,-2.68798269014423686E-018)
