           2              (-15.787169653199372,0.0000000000000000)   1.0000000000000000     
           2              (-15.708554194813832,0.0000000000000000)   1.0000000000000000     
           2              (-15.843954709054222,0.0000000000000000)   1.0000000000000000     
           2              (-15.657629067389477,0.0000000000000000)   1.0000000000000000     
           2              (-15.766889494966582,0.0000000000000000)   1.0000000000000000     
           2              (-15.551964548826360,0.0000000000000000)   1.0000000000000000     
           2              (-15.666423826800033,0.0000000000000000)   1.0000000000000000     
           2              (-15.662434056065697,0.0000000000000000)   1.0000000000000000     
           2              (-15.657942664634716,0.0000000000000000)   1.0000000000000000     
           2              (-15.541841300440094,0.0000000000000000)   1.0000000000000000     
           2              (-15.602073748527680,0.0000000000000000)   1.0000000000000000     
           2              (-15.853071690512877,0.0000000000000000)   1.0000000000000000     
           2              (-15.661860850985979,0.0000000000000000)   1.0000000000000000     
           2              (-15.546874170074446,0.0000000000000000)   1.0000000000000000     
           2              (-15.761143137465162,0.0000000000000000)   1.0000000000000000     
           2              (-15.705231505259706,0.0000000000000000)   1.0000000000000000     
           2              (-15.788293143979521,0.0000000000000000)   1.0000000000000000     
           2              (-15.743441535760686,0.0000000000000000)   1.0000000000000000     
           2              (-15.743683281384946,0.0000000000000000)   1.0000000000000000     
