         -0.04230315        0.00324887        0.00000000        0.00000000
          0.04238045        0.00324213       -0.00000000        0.00000000
         -0.04486639        0.00426909        0.00000000        0.00000000
          0.04431146        0.00344727       -0.00000000        0.00000000
         -0.04431517        0.00239529        0.00000000        0.00000000
          0.04597808        0.00311009       -0.00000000        0.00000000
         -0.04938294        0.00307677        0.00000000        0.00000000
          0.05176809        0.00314668       -0.00000000        0.00000000
         -0.05808555        0.00339339        0.00000000        0.00000000
          0.06274469        0.00510704       -0.00000000        0.00000000
         -0.07627483        0.00400312        0.00000000        0.00000000
          0.08680554        0.00331983       -0.00000000        0.00000000
         -0.16438757        0.00276659        0.00000000        0.00000000
          0.25000000        0.00000000       -0.00000000        0.00000000
         -0.16438757        0.00276659        0.00000000        0.00000000
          0.08680554        0.00331983       -0.00000000        0.00000000
         -0.07627483        0.00400312       -0.00000000        0.00000000
          0.06274469        0.00510704        0.00000000        0.00000000
         -0.05808555        0.00339339       -0.00000000        0.00000000
          0.05176809        0.00314668        0.00000000        0.00000000
         -0.04938294        0.00307677       -0.00000000        0.00000000
          0.04597808        0.00311009        0.00000000        0.00000000
         -0.04431517        0.00239529       -0.00000000        0.00000000
          0.04431146        0.00344727        0.00000000        0.00000000
         -0.04486639        0.00426909       -0.00000000        0.00000000
          0.04238045        0.00324213        0.00000000        0.00000000
         -0.04230315        0.00324887       -0.00000000        0.00000000
          0.04136103        0.00315164        0.00000000        0.00000000
