     0.0000000        0.24794475        0.00134038
     0.1000000        0.18413726        0.00178621
     0.2000000        0.13547126        0.00158784
     0.3000000        0.09995280        0.00131147
     0.4000000        0.07444549        0.00111375
     0.5000000        0.05514452        0.00105667
     0.6000000        0.04107987        0.00098395
     0.7000000        0.03203766        0.00113978
     0.8000000        0.02349244        0.00081781
     0.9000000        0.01731481        0.00074265
     1.0000000        0.01307190        0.00069804
     1.1000000        0.01051234        0.00080819
     1.2000000        0.00786696        0.00077540
     1.3000000        0.00564345        0.00078752
     1.4000000        0.00492905        0.00090392
     1.5000000        0.00348549        0.00095969
     1.6000000        0.00217581        0.00076833
     1.7000000        0.00084473        0.00055014
     1.8000000        0.00060658        0.00063668
     1.9000000        0.00091845        0.00051553
     2.0000000        0.00039139        0.00047820
     2.1000000        0.00019785        0.00047480
     2.2000000        0.00067979        0.00056196
     2.3000000        0.00106323        0.00061260
     2.4000000        0.00084217        0.00068754
     2.5000000        0.00008133        0.00064695
     2.6000000        0.00033345        0.00056769
     2.7000000        0.00049639        0.00029398
     2.8000000        0.00041532        0.00043235
     2.9000000        0.00068221        0.00063707
     3.0000000        0.00145062        0.00078404
     3.1000000        0.00085471        0.00078684
     3.2000000        0.00031683        0.00049823
     3.3000000        0.00035897        0.00054090
     3.4000000        0.00043340        0.00050041
     3.5000000        0.00021784        0.00030051
     3.6000000       -0.00001555        0.00033675
     3.7000000       -0.00048841        0.00040989
     3.8000000        0.00046199        0.00035411
     3.9000000        0.00004285        0.00043018
     4.0000000        0.00064630        0.00063971
     4.1000000        0.00120614        0.00064547
     4.2000000        0.00080800        0.00055130
     4.3000000        0.00080850        0.00093459
     4.4000000        0.00041075        0.00082317
     4.5000000        0.00008499        0.00076549
     4.6000000       -0.00016784        0.00074314
     4.7000000       -0.00040196        0.00065901
     4.8000000       -0.00026478        0.00050634
     4.9000000       -0.00010333        0.00035581
     5.0000000       -0.00004706        0.00025628
     5.1000000        0.00018947        0.00044184
     5.2000000       -0.00063975        0.00050356
     5.3000000       -0.00055272        0.00054656
     5.4000000        0.00001905        0.00049611
     5.5000000        0.00021312        0.00053395
     5.6000000        0.00005425        0.00073389
     5.7000000        0.00063460        0.00058025
     5.8000000        0.00101794        0.00079299
     5.9000000        0.00040493        0.00052597
     6.0000000       -0.00009624        0.00055722
     6.1000000        0.00005626        0.00048344
     6.2000000        0.00009295        0.00057533
     6.3000000       -0.00009474        0.00050792
     6.4000000       -0.00004756        0.00045546
     6.5000000       -0.00020721        0.00059399
     6.6000000       -0.00033987        0.00044659
     6.7000000       -0.00020472        0.00040568
     6.8000000        0.00003850        0.00045559
     6.9000000        0.00003034        0.00041118
     7.0000000       -0.00027037        0.00040855
     7.1000000        0.00026278        0.00054842
     7.2000000       -0.00031084        0.00040703
     7.3000000       -0.00067593        0.00048003
     7.4000000       -0.00032096        0.00078353
     7.5000000       -0.00073161        0.00054382
     7.6000000       -0.00028986        0.00046755
     7.7000000       -0.00044905        0.00052604
     7.8000000       -0.00080937        0.00048783
     7.9000000       -0.00144083        0.00074244
     8.0000000       -0.00158762        0.00109134
     8.1000000       -0.00166710        0.00073084
     8.2000000       -0.00050330        0.00032944
     8.3000000       -0.00103889        0.00049536
     8.4000000       -0.00066095        0.00027980
     8.5000000        0.00010241        0.00041077
     8.6000000        0.00016110        0.00050150
     8.7000000        0.00018206        0.00035509
     8.8000000        0.00026851        0.00038690
     8.9000000        0.00017851        0.00041522
     9.0000000        0.00014238        0.00023714
     9.1000000       -0.00005497        0.00017769
     9.2000000        0.00045505        0.00027912
     9.3000000        0.00066267        0.00038425
     9.4000000        0.00084327        0.00068735
     9.5000000        0.00091022        0.00056268
     9.6000000        0.00066115        0.00045333
     9.7000000        0.00063734        0.00051774
     9.8000000        0.00009706        0.00045032
     9.9000000        0.00002330        0.00038491
    10.0000000       -0.00044932        0.00052129
    10.1000000       -0.00011979        0.00062075
    10.2000000       -0.00122144        0.00069971
    10.3000000       -0.00228385        0.00128984
    10.4000000       -0.00097888        0.00042076
    10.5000000       -0.00227768        0.00128794
    10.6000000       -0.00077575        0.00052780
    10.7000000       -0.00161363        0.00070375
    10.8000000       -0.00084265        0.00038996
    10.9000000       -0.00055706        0.00030621
    11.0000000       -0.00017182        0.00022349
    11.1000000       -0.00030322        0.00032576
    11.2000000        0.00034175        0.00038039
    11.3000000        0.00015683        0.00033487
    11.4000000        0.00033757        0.00035534
    11.5000000        0.00019040        0.00058366
    11.6000000        0.00078846        0.00050380
    11.7000000        0.00096005        0.00059477
    11.8000000        0.00139619        0.00083118
    11.9000000        0.00136002        0.00068230
    12.0000000        0.00060329        0.00030487
    12.1000000        0.00079760        0.00042044
    12.2000000        0.00086198        0.00068003
    12.3000000        0.00055426        0.00089457
    12.4000000        0.00029870        0.00065695
    12.5000000        0.00089501        0.00048740
    12.6000000        0.00063850        0.00033630
    12.7000000        0.00051871        0.00064194
    12.8000000        0.00044899        0.00039198
    12.9000000        0.00007410        0.00031238
    13.0000000        0.00019803        0.00032522
    13.1000000        0.00016827        0.00041088
    13.2000000        0.00010491        0.00027178
    13.3000000        0.00064693        0.00030218
    13.4000000        0.00042213        0.00035875
    13.5000000        0.00052122        0.00036558
    13.6000000        0.00041790        0.00032713
    13.7000000       -0.00003798        0.00071723
    13.8000000       -0.00064633        0.00070444
    13.9000000       -0.00029512        0.00042542
    14.0000000       -0.00012666        0.00029389
    14.1000000        0.00004693        0.00032521
    14.2000000       -0.00006666        0.00042692
    14.3000000       -0.00024973        0.00046715
    14.4000000       -0.00046049        0.00065932
    14.5000000       -0.00027167        0.00037265
    14.6000000       -0.00026619        0.00034793
    14.7000000       -0.00059855        0.00072046
    14.8000000       -0.00049884        0.00070020
    14.9000000        0.00023882        0.00039857
    15.0000000       -0.00024877        0.00035553
    15.1000000       -0.00056666        0.00046412
    15.2000000       -0.00042960        0.00035807
    15.3000000       -0.00065384        0.00038012
    15.4000000       -0.00051618        0.00046232
    15.5000000       -0.00084416        0.00052878
    15.6000000       -0.00078502        0.00054109
    15.7000000       -0.00036483        0.00056272
    15.8000000       -0.00044158        0.00051742
    15.9000000       -0.00061005        0.00048617
    16.0000000       -0.00109035        0.00119441
    16.1000000       -0.00045384        0.00078236
    16.2000000       -0.00031472        0.00084123
    16.3000000       -0.00058650        0.00088646
    16.4000000       -0.00011787        0.00057222
    16.5000000       -0.00092016        0.00106487
    16.6000000       -0.00047018        0.00088379
    16.7000000       -0.00044795        0.00077421
    16.8000000        0.00017773        0.00032218
    16.9000000        0.00101299        0.00067288
    17.0000000        0.00074457        0.00078617
    17.1000000        0.00066840        0.00078266
    17.2000000        0.00029929        0.00048935
    17.3000000        0.00000994        0.00050823
    17.4000000        0.00051627        0.00042100
    17.5000000        0.00065043        0.00059679
    17.6000000        0.00061737        0.00064789
    17.7000000        0.00026729        0.00053470
    17.8000000       -0.00001829        0.00060322
    17.9000000       -0.00011652        0.00042568
    18.0000000        0.00052480        0.00036419
    18.1000000        0.00049470        0.00049532
    18.2000000        0.00164432        0.00061061
    18.3000000        0.00218140        0.00080604
    18.4000000        0.00311812        0.00104949
    18.5000000        0.00339309        0.00100247
    18.6000000        0.00336491        0.00047082
    18.7000000        0.00504390        0.00055049
    18.8000000        0.00660401        0.00054812
    18.9000000        0.00893905        0.00051136
    19.0000000        0.01160982        0.00046474
    19.1000000        0.01728000        0.00103478
    19.2000000        0.02293725        0.00102053
    19.3000000        0.02972858        0.00071559
    19.4000000        0.04047317        0.00109336
    19.5000000        0.05415843        0.00102937
    19.6000000        0.07230260        0.00097636
    19.7000000        0.09817417        0.00136405
    19.8000000        0.13351442        0.00135556
    19.9000000        0.18190907        0.00154566
    20.0000000        0.24794475        0.00134038
