     0.0000000        0.62685034        0.00334913
     0.0500000        0.58897068        0.00334842
     0.1000000        0.55432808        0.00334656
     0.1500000        0.52256940        0.00333728
     0.2000000        0.49320604        0.00330438
     0.2500000        0.46591886        0.00325792
     0.3000000        0.44060266        0.00320819
     0.3500000        0.41714049        0.00315665
     0.4000000        0.39525862        0.00309776
     0.4500000        0.37479200        0.00304117
     0.5000000        0.35554169        0.00298841
     0.5500000        0.33770906        0.00295837
     0.6000000        0.32102085        0.00291487
     0.6500000        0.30557335        0.00289091
     0.7000000        0.29107822        0.00287292
     0.7500000        0.27729905        0.00285703
     0.8000000        0.26443558        0.00283766
     0.8500000        0.25249465        0.00282375
     0.9000000        0.24124176        0.00281181
     0.9500000        0.23071671        0.00280028
     1.0000000        0.22102646        0.00278453
     1.0500000        0.21195615        0.00276437
     1.1000000        0.20358637        0.00273830
     1.1500000        0.19578436        0.00271188
     1.2000000        0.18866308        0.00269200
     1.2500000        0.18198679        0.00268216
     1.3000000        0.17585853        0.00267156
     1.3500000        0.17009735        0.00266515
     1.4000000        0.16486683        0.00265966
     1.4500000        0.16016080        0.00265893
     1.5000000        0.15599817        0.00266212
     1.5500000        0.15232029        0.00266462
     1.6000000        0.14902830        0.00266203
     1.6500000        0.14615815        0.00266887
     1.7000000        0.14377704        0.00267036
     1.7500000        0.14162041        0.00266798
     1.8000000        0.13976570        0.00266917
     1.8500000        0.13822227        0.00266581
     1.9000000        0.13726573        0.00267084
     1.9500000        0.13655782        0.00267424
     2.0000000        0.13625822        0.00266718
     2.0500000        0.13641832        0.00266278
     2.1000000        0.13695325        0.00266411
     2.1500000        0.13794734        0.00266825
     2.2000000        0.13920252        0.00266908
     2.2500000        0.14078693        0.00266918
     2.3000000        0.14274989        0.00267813
     2.3500000        0.14518603        0.00270095
     2.4000000        0.14796087        0.00272185
     2.4500000        0.15109928        0.00273982
     2.5000000        0.15460312        0.00276117
     2.5500000        0.15860426        0.00279230
     2.6000000        0.16304685        0.00282359
     2.6500000        0.16794404        0.00285195
     2.7000000        0.17344676        0.00288054
     2.7500000        0.17942372        0.00290472
     2.8000000        0.18589244        0.00292803
     2.8500000        0.19287458        0.00295156
     2.9000000        0.20045982        0.00296651
     2.9500000        0.20871259        0.00297944
     3.0000000        0.21770287        0.00298578
     3.0500000        0.22739274        0.00299749
     3.1000000        0.23774047        0.00301145
     3.1500000        0.24869961        0.00302219
     3.2000000        0.26056554        0.00302759
     3.2500000        0.27340426        0.00304408
     3.3000000        0.28704897        0.00307055
     3.3500000        0.30176065        0.00309490
     3.4000000        0.31758902        0.00312064
     3.4500000        0.33464524        0.00314848
     3.5000000        0.35300546        0.00317474
     3.5500000        0.37251320        0.00321688
     3.6000000        0.39310861        0.00326047
     3.6500000        0.41528773        0.00329564
     3.7000000        0.43913477        0.00332312
     3.7500000        0.46470970        0.00334663
     3.8000000        0.49231173        0.00337896
     3.8500000        0.52206348        0.00339053
     3.9000000        0.55406659        0.00338734
     3.9500000        0.58892123        0.00338058
     4.0000000        0.62685034        0.00334913
