     0.0000000        0.02587093        0.00159708
     0.1000000        0.01435509        0.00110600
     0.2000000        0.00860029        0.00072408
     0.3000000        0.00525738        0.00049400
     0.4000000        0.00353388        0.00037265
     0.5000000        0.00234068        0.00023401
     0.6000000        0.00167114        0.00023289
     0.7000000        0.00118325        0.00022928
     0.8000000        0.00091968        0.00013244
     0.9000000        0.00057642        0.00007976
     1.0000000        0.00036242        0.00005226
     1.1000000        0.00031012        0.00006571
     1.2000000        0.00034143        0.00012070
     1.3000000        0.00032852        0.00015210
     1.4000000        0.00027893        0.00016450
     1.5000000        0.00022508        0.00016872
     1.6000000        0.00016124        0.00014027
     1.7000000        0.00006990        0.00009160
     1.8000000        0.00004540        0.00008419
     1.9000000        0.00002275        0.00005147
     2.0000000        0.00000009        0.00004506
     2.1000000       -0.00001204        0.00003515
     2.2000000       -0.00001742        0.00002018
     2.3000000       -0.00002082        0.00001277
     2.4000000       -0.00001991        0.00001167
     2.5000000       -0.00002175        0.00001124
     2.6000000       -0.00001597        0.00000610
     2.7000000       -0.00001244        0.00000672
     2.8000000       -0.00001092        0.00000675
     2.9000000       -0.00000856        0.00000666
     3.0000000       -0.00000663        0.00000663
     3.1000000       -0.00000506        0.00000538
     3.2000000       -0.00000597        0.00000425
     3.3000000       -0.00000178        0.00000137
     3.4000000       -0.00000163        0.00000189
     3.5000000       -0.00000172        0.00000239
     3.6000000       -0.00000508        0.00000482
     3.7000000       -0.00000576        0.00000520
     3.8000000       -0.00000749        0.00000471
     3.9000000       -0.00000684        0.00000315
     4.0000000       -0.00001074        0.00000469
     4.1000000       -0.00001213        0.00000587
     4.2000000       -0.00001097        0.00000545
     4.3000000       -0.00001188        0.00000524
     4.4000000       -0.00000789        0.00000459
     4.5000000       -0.00000623        0.00000386
     4.6000000       -0.00000453        0.00000352
     4.7000000       -0.00000469        0.00000385
     4.8000000       -0.00000491        0.00000356
     4.9000000       -0.00000602        0.00000385
     5.0000000       -0.00000610        0.00000373
     5.1000000       -0.00000619        0.00000410
     5.2000000       -0.00000662        0.00000334
     5.3000000       -0.00000574        0.00000304
     5.4000000       -0.00000508        0.00000268
     5.5000000       -0.00000492        0.00000288
     5.6000000       -0.00000399        0.00000248
     5.7000000       -0.00000444        0.00000298
     5.8000000       -0.00000383        0.00000325
     5.9000000       -0.00000223        0.00000337
     6.0000000       -0.00000136        0.00000417
     6.1000000       -0.00000147        0.00000391
     6.2000000        0.00000005        0.00000398
     6.3000000        0.00000152        0.00000441
     6.4000000        0.00000242        0.00000476
     6.5000000        0.00000233        0.00000409
     6.6000000       -0.00000052        0.00000347
     6.7000000       -0.00000127        0.00000241
     6.8000000       -0.00000213        0.00000259
     6.9000000       -0.00000246        0.00000287
     7.0000000       -0.00000328        0.00000441
     7.1000000       -0.00000731        0.00001036
     7.2000000       -0.00000938        0.00001177
     7.3000000       -0.00001126        0.00001430
     7.4000000       -0.00003050        0.00003411
     7.5000000       -0.00002179        0.00002830
     7.6000000       -0.00000948        0.00001875
     7.7000000        0.00000335        0.00000912
     7.8000000        0.00001451        0.00001389
     7.9000000        0.00003404        0.00002744
     8.0000000        0.00005697        0.00004372
     8.1000000        0.00002852        0.00001827
     8.2000000       -0.00000405        0.00002495
     8.3000000        0.00002199        0.00005248
     8.4000000        0.00004492        0.00009039
     8.5000000        0.00018016        0.00019828
     8.6000000        0.00021763        0.00018931
     8.7000000        0.00021669        0.00018074
     8.8000000        0.00025347        0.00017421
     8.9000000        0.00023961        0.00013131
     9.0000000        0.00000889        0.00018052
     9.1000000       -0.00002785        0.00024575
     9.2000000        0.00006378        0.00020181
     9.3000000        0.00011914        0.00021459
     9.4000000        0.00035709        0.00027644
     9.5000000        0.00096580        0.00037550
     9.6000000        0.00206636        0.00043165
     9.7000000        0.00377668        0.00062744
     9.8000000        0.00712095        0.00096364
     9.9000000        0.01341382        0.00122259
    10.0000000        0.02587093        0.00159708
