     0.0000000        0.15089861        0.00023547
     0.1250000        0.08118496        0.00016406
     0.2500000        0.04472285        0.00012410
     0.3750000        0.02531060        0.00010845
     0.5000000        0.01487503        0.00011573
     0.6250000        0.00913210        0.00011732
     0.7500000        0.00590003        0.00011109
     0.8750000        0.00417060        0.00006029
     1.0000000        0.00314597        0.00004376
     1.1250000        0.00256177        0.00002707
     1.2500000        0.00221403        0.00001799
     1.3750000        0.00200272        0.00001672
     1.5000000        0.00185659        0.00001552
     1.6250000        0.00175709        0.00001421
     1.7500000        0.00169333        0.00001343
     1.8750000        0.00166101        0.00001339
     2.0000000        0.00165101        0.00001362
     2.1250000        0.00166869        0.00001309
     2.2500000        0.00170634        0.00001234
     2.3750000        0.00175721        0.00001197
     2.5000000        0.00184786        0.00001206
     2.6250000        0.00201136        0.00001341
     2.7500000        0.00226564        0.00001444
     2.8750000        0.00265770        0.00001579
     3.0000000        0.00328879        0.00001846
     3.1250000        0.00434450        0.00002296
     3.2500000        0.00617169        0.00002889
     3.3750000        0.00939987        0.00003856
     3.5000000        0.01509703        0.00005618
     3.6250000        0.02552640        0.00007826
     3.7500000        0.04476303        0.00012140
     3.8750000        0.08115950        0.00016893
     4.0000000        0.15089861        0.00023547
