     0.0000000        0.10942498        0.00680469
     0.1000000        0.08206664        0.00606354
     0.2000000        0.06351462        0.00461604
     0.3000000        0.04840282        0.00383137
     0.4000000        0.03113163        0.00441955
     0.5000000        0.02364695        0.00504362
     0.6000000        0.01605727        0.00593735
     0.7000000        0.01095636        0.00875774
     0.8000000        0.00676110        0.01051271
     0.9000000        0.00754386        0.00806898
     1.0000000        0.00325809        0.00886230
     1.1000000        0.00535741        0.00605503
     1.2000000        0.00032156        0.00500033
     1.3000000       -0.00114544        0.00569639
     1.4000000        0.00036535        0.00521452
     1.5000000        0.00065813        0.00608896
     1.6000000        0.00095515        0.00552669
     1.7000000        0.00271361        0.00335617
     1.8000000        0.00137871        0.00359263
     1.9000000        0.00179883        0.00472218
     2.0000000        0.00169263        0.00427277
     2.1000000       -0.00032766        0.00375758
     2.2000000       -0.00454689        0.00312253
     2.3000000       -0.00616437        0.00312525
     2.4000000       -0.00533586        0.00426499
     2.5000000       -0.00419403        0.00378582
     2.6000000       -0.00804356        0.00450360
     2.7000000       -0.00309331        0.00369017
     2.8000000       -0.00121818        0.00395881
     2.9000000       -0.00092984        0.00369968
     3.0000000       -0.00089279        0.00425225
     3.1000000       -0.00119652        0.00442664
     3.2000000        0.00204485        0.00414117
     3.3000000        0.00253421        0.00393292
     3.4000000        0.00143378        0.00310205
     3.5000000        0.00171001        0.00353451
     3.6000000        0.00439165        0.00367769
     3.7000000        0.00302059        0.00388023
     3.8000000        0.00103711        0.00361147
     3.9000000        0.00320691        0.00384416
     4.0000000        0.00198754        0.00356949
     4.1000000        0.00047294        0.00228947
     4.2000000       -0.00017797        0.00207611
     4.3000000        0.00129390        0.00287034
     4.4000000        0.00356381        0.00259560
     4.5000000        0.00247864        0.00251638
     4.6000000       -0.00066639        0.00213670
     4.7000000       -0.00129485        0.00239090
     4.8000000       -0.00072083        0.00269965
     4.9000000       -0.00191916        0.00271665
     5.0000000        0.00350915        0.00256791
     5.1000000        0.00289142        0.00324300
     5.2000000        0.00062932        0.00346018
     5.3000000        0.00230808        0.00289040
     5.4000000        0.00351677        0.00265085
     5.5000000        0.00377212        0.00238282
     5.6000000        0.00372521        0.00211938
     5.7000000        0.00393904        0.00176326
     5.8000000        0.00029139        0.00201626
     5.9000000       -0.00110092        0.00251417
     6.0000000       -0.00408311        0.00236552
     6.1000000       -0.00317709        0.00295431
     6.2000000       -0.00280038        0.00267521
     6.3000000       -0.00264578        0.00274175
     6.4000000       -0.00217804        0.00322025
     6.5000000        0.00101573        0.00292478
     6.6000000        0.00064107        0.00244148
     6.7000000       -0.00063376        0.00202208
     6.8000000       -0.00200269        0.00187228
     6.9000000        0.00037305        0.00243882
     7.0000000        0.00128045        0.00188825
     7.1000000        0.00147119        0.00125439
     7.2000000        0.00041348        0.00159684
     7.3000000        0.00201018        0.00234677
     7.4000000        0.00289664        0.00238626
     7.5000000        0.00454420        0.00307606
     7.6000000        0.00190529        0.00322642
     7.7000000        0.00249690        0.00374220
     7.8000000        0.00346415        0.00342780
     7.9000000        0.00240412        0.00352578
     8.0000000        0.00285370        0.00385566
     8.1000000        0.00252623        0.00284935
     8.2000000        0.00096328        0.00395562
     8.3000000        0.00083088        0.00323482
     8.4000000        0.00186496        0.00329753
     8.5000000       -0.00009619        0.00165378
     8.6000000       -0.00144161        0.00167745
     8.7000000       -0.00027680        0.00160190
     8.8000000        0.00095624        0.00163397
     8.9000000        0.00080917        0.00160591
     9.0000000        0.00220518        0.00189729
     9.1000000       -0.00066048        0.00153370
     9.2000000        0.00099862        0.00143347
     9.3000000        0.00037283        0.00105919
     9.4000000        0.00060186        0.00132330
     9.5000000       -0.00083647        0.00195295
     9.6000000        0.00051619        0.00244962
     9.7000000       -0.00233815        0.00237452
     9.8000000       -0.00312473        0.00223226
     9.9000000       -0.00254067        0.00167338
    10.0000000       -0.00385251        0.00232388
    10.1000000       -0.00221927        0.00171282
    10.2000000       -0.00329021        0.00185494
    10.3000000        0.00053599        0.00338349
    10.4000000        0.00151938        0.00377918
    10.5000000        0.00289502        0.00375303
    10.6000000        0.00015483        0.00288466
    10.7000000        0.00002105        0.00142743
    10.8000000       -0.00068858        0.00166094
    10.9000000       -0.00230716        0.00171492
    11.0000000       -0.00271380        0.00213431
    11.1000000        0.00073312        0.00203599
    11.2000000        0.00150371        0.00200814
    11.3000000        0.00051678        0.00222391
    11.4000000        0.00197550        0.00204028
    11.5000000        0.00206480        0.00209499
    11.6000000       -0.00031740        0.00194697
    11.7000000        0.00019763        0.00235222
    11.8000000       -0.00017210        0.00173333
    11.9000000        0.00144657        0.00213067
    12.0000000        0.00069559        0.00252497
    12.1000000       -0.00098786        0.00233400
    12.2000000       -0.00146797        0.00248840
    12.3000000       -0.00125521        0.00233508
    12.4000000       -0.00306461        0.00216139
    12.5000000       -0.00376499        0.00201976
    12.6000000       -0.00347078        0.00149041
    12.7000000       -0.00431337        0.00171624
    12.8000000       -0.00220421        0.00133482
    12.9000000       -0.00186725        0.00171267
    13.0000000       -0.00428092        0.00252813
    13.1000000       -0.00476433        0.00245468
    13.2000000       -0.00454599        0.00192286
    13.3000000       -0.00229589        0.00157441
    13.4000000       -0.00011718        0.00124098
    13.5000000        0.00336718        0.00250665
    13.6000000        0.00416918        0.00347631
    13.7000000        0.00484060        0.00466969
    13.8000000        0.00785787        0.00563278
    13.9000000        0.00474111        0.00257539
    14.0000000        0.00507576        0.00229795
    14.1000000        0.00350289        0.00269725
    14.2000000        0.00227510        0.00247747
    14.3000000        0.00100585        0.00268177
    14.4000000        0.00178618        0.00304596
    14.5000000        0.00168775        0.00329366
    14.6000000        0.00135785        0.00241629
    14.7000000        0.00363092        0.00273985
    14.8000000        0.00314578        0.00227546
    14.9000000        0.00112328        0.00263364
    15.0000000       -0.00111695        0.00373460
    15.1000000       -0.00224349        0.00279585
    15.2000000       -0.00938729        0.00500320
    15.3000000       -0.00946691        0.00699145
    15.4000000       -0.00706038        0.00702845
    15.5000000       -0.00067996        0.00467339
    15.6000000        0.00324689        0.00263557
    15.7000000        0.00671860        0.00434957
    15.8000000        0.00906747        0.00460931
    15.9000000        0.00487958        0.00325834
    16.0000000        0.00732835        0.00377026
    16.1000000        0.00835130        0.00400003
    16.2000000        0.00403807        0.00388233
    16.3000000        0.00438652        0.00350041
    16.4000000        0.00128857        0.00392231
    16.5000000       -0.00057645        0.00416586
    16.6000000        0.00027143        0.00333415
    16.7000000        0.00601158        0.00320381
    16.8000000        0.00740130        0.00269430
    16.9000000        0.00613209        0.00278823
    17.0000000        0.00330706        0.00291050
    17.1000000        0.00267375        0.00280296
    17.2000000        0.00676868        0.00374615
    17.3000000        0.00636170        0.00385875
    17.4000000        0.00941915        0.00333313
    17.5000000        0.01049782        0.00316459
    17.6000000        0.01375716        0.00333657
    17.7000000        0.01833307        0.00331562
    17.8000000        0.02148138        0.00378446
    17.9000000        0.02652307        0.00429709
    18.0000000        0.03072902        0.00423619
    18.1000000        0.04057834        0.00427926
    18.2000000        0.04781519        0.00398801
    18.3000000        0.05493688        0.00382704
    18.4000000        0.06111658        0.00373533
    18.5000000        0.07242826        0.00418688
    18.6000000        0.08347416        0.00531430
    18.7000000        0.09668248        0.00429939
    18.8000000        0.11826363        0.00412820
    18.9000000        0.13612838        0.00461125
    19.0000000        0.16203021        0.00599787
    19.1000000        0.18638010        0.00587687
    19.2000000        0.21830173        0.00650578
    19.3000000        0.25923624        0.00751936
    19.4000000        0.30705845        0.00644109
    19.5000000        0.35718406        0.00614730
    19.6000000        0.42280058        0.00813181
    19.7000000        0.50416464        0.00613849
    19.8000000        0.60413771        0.00628399
    19.9000000        0.72526910        0.00567267
    20.0000000        0.89057502        0.00680469
