     0.0000000        0.26862288        0.00049909
     0.0500000        0.20050523        0.00040968
     0.1000000        0.14987518        0.00033650
     0.1500000        0.11217733        0.00027192
     0.2000000        0.08416840        0.00022812
     0.2500000        0.06329591        0.00019602
     0.3000000        0.04773544        0.00016860
     0.3500000        0.03613764        0.00014516
     0.4000000        0.02747926        0.00012915
     0.4500000        0.02100204        0.00012115
     0.5000000        0.01615338        0.00011048
     0.5500000        0.01253902        0.00009986
     0.6000000        0.00980969        0.00009133
     0.6500000        0.00777052        0.00008391
     0.7000000        0.00625561        0.00007735
     0.7500000        0.00509591        0.00007331
     0.8000000        0.00419973        0.00006823
     0.8500000        0.00354712        0.00006180
     0.9000000        0.00304201        0.00005770
     0.9500000        0.00265528        0.00005338
     1.0000000        0.00236156        0.00004960
     1.0500000        0.00213476        0.00004669
     1.1000000        0.00196579        0.00004274
     1.1500000        0.00183821        0.00004001
     1.2000000        0.00174131        0.00003709
     1.2500000        0.00165887        0.00003495
     1.3000000        0.00159770        0.00003359
     1.3500000        0.00154812        0.00003172
     1.4000000        0.00151278        0.00003094
     1.4500000        0.00148651        0.00003054
     1.5000000        0.00146365        0.00003009
     1.5500000        0.00143797        0.00002952
     1.6000000        0.00141808        0.00002906
     1.6500000        0.00139836        0.00002863
     1.7000000        0.00138382        0.00002832
     1.7500000        0.00136875        0.00002777
     1.8000000        0.00135974        0.00002788
     1.8500000        0.00135401        0.00002788
     1.9000000        0.00134856        0.00002843
     1.9500000        0.00134352        0.00002923
     2.0000000        0.00134048        0.00002959
     2.0500000        0.00133973        0.00003011
     2.1000000        0.00134187        0.00003080
     2.1500000        0.00134545        0.00003098
     2.2000000        0.00134946        0.00003105
     2.2500000        0.00135661        0.00003063
     2.3000000        0.00136857        0.00003160
     2.3500000        0.00137522        0.00003427
     2.4000000        0.00138987        0.00003586
     2.4500000        0.00141040        0.00003708
     2.5000000        0.00143376        0.00003881
     2.5500000        0.00146794        0.00003950
     2.6000000        0.00150694        0.00004071
     2.6500000        0.00155276        0.00004211
     2.7000000        0.00161780        0.00004406
     2.7500000        0.00168971        0.00004573
     2.8000000        0.00177991        0.00004592
     2.8500000        0.00189839        0.00004696
     2.9000000        0.00204320        0.00004863
     2.9500000        0.00222628        0.00004982
     3.0000000        0.00246320        0.00005112
     3.0500000        0.00276871        0.00005292
     3.1000000        0.00316202        0.00005523
     3.1500000        0.00367372        0.00005981
     3.2000000        0.00432915        0.00006450
     3.2500000        0.00519207        0.00007019
     3.3000000        0.00633820        0.00007347
     3.3500000        0.00786828        0.00007664
     3.4000000        0.00991428        0.00008185
     3.4500000        0.01264391        0.00009018
     3.5000000        0.01624773        0.00010070
     3.5500000        0.02105975        0.00011371
     3.6000000        0.02752320        0.00012816
     3.6500000        0.03620203        0.00014500
     3.7000000        0.04782389        0.00016279
     3.7500000        0.06337941        0.00018852
     3.8000000        0.08419658        0.00022008
     3.8500000        0.11215505        0.00026261
     3.9000000        0.14977924        0.00032005
     3.9500000        0.20045557        0.00040070
     4.0000000        0.26862288        0.00049909
