         201           4   20.000000000000000                1
     0.0000000        0.98298353        0.00626834
     0.1000000        0.87146454        0.00904572
     0.2000000        0.76709152        0.01025014
     0.3000000        0.68577976        0.00906043
     0.4000000        0.61058467        0.00826437
     0.5000000        0.53988233        0.00813246
     0.6000000        0.48240101        0.00715070
     0.7000000        0.43006702        0.00717170
     0.8000000        0.38702749        0.00648025
     0.9000000        0.34504734        0.00506945
     1.0000000        0.30485249        0.00420276
     1.1000000        0.27243672        0.00377812
     1.2000000        0.24419679        0.00334806
     1.3000000        0.22157283        0.00330532
     1.4000000        0.19813107        0.00297899
     1.5000000        0.17641863        0.00322421
     1.6000000        0.15858270        0.00324439
     1.7000000        0.14112056        0.00412366
     1.8000000        0.12696774        0.00400729
     1.9000000        0.11419787        0.00384231
     2.0000000        0.10183322        0.00230230
     2.1000000        0.09426181        0.00295902
     2.2000000        0.08385012        0.00169822
     2.3000000        0.07488089        0.00139506
     2.4000000        0.06716777        0.00257955
     2.5000000        0.06082088        0.00195239
     2.6000000        0.05391526        0.00154119
     2.7000000        0.04990461        0.00129718
     2.8000000        0.04360630        0.00193863
     2.9000000        0.03969403        0.00138024
     3.0000000        0.03585368        0.00136264
     3.1000000        0.03454259        0.00071848
     3.2000000        0.02931276        0.00088515
     3.3000000        0.02512392        0.00103388
     3.4000000        0.02206957        0.00114041
     3.5000000        0.02182477        0.00138985
     3.6000000        0.01876996        0.00167541
     3.7000000        0.01652154        0.00185782
     3.8000000        0.01570074        0.00292803
     3.9000000        0.01363552        0.00359141
     4.0000000        0.01038172        0.00339208
     4.1000000        0.00947980        0.00413664
     4.2000000        0.01003160        0.00369337
     4.3000000        0.00838429        0.00313839
     4.4000000        0.00816127        0.00260328
     4.5000000        0.00807205        0.00262504
     4.6000000        0.00710739        0.00274876
     4.7000000        0.00610647        0.00289220
     4.8000000        0.00324278        0.00181415
     4.9000000        0.00187454        0.00154823
     5.0000000        0.00230381        0.00071763
     5.1000000        0.00055818        0.00116961
     5.2000000        0.00039980        0.00117505
     5.3000000        0.00077475        0.00196546
     5.4000000       -0.00091886        0.00216551
     5.5000000        0.00082813        0.00297453
     5.6000000        0.00216685        0.00167331
     5.7000000        0.00122807        0.00194650
     5.8000000        0.00248307        0.00163127
     5.9000000        0.00222514        0.00197353
     6.0000000        0.00243606        0.00162508
     6.1000000        0.00047048        0.00138620
     6.2000000       -0.00030453        0.00206289
     6.3000000        0.00123690        0.00087035
     6.4000000        0.00052761        0.00096950
     6.5000000        0.00000841        0.00143495
     6.6000000        0.00038222        0.00148626
     6.7000000        0.00105734        0.00182395
     6.8000000        0.00115482        0.00295008
     6.9000000        0.00356813        0.00396985
     7.0000000        0.00263579        0.00395426
     7.1000000        0.00182989        0.00493623
     7.2000000        0.00235004        0.00519692
     7.3000000        0.00265009        0.00575043
     7.4000000        0.00280594        0.00387620
     7.5000000        0.00329572        0.00450065
     7.6000000        0.00155389        0.00340701
     7.7000000        0.00104830        0.00369277
     7.8000000        0.00027813        0.00364468
     7.9000000        0.00042619        0.00337409
     8.0000000       -0.00129066        0.00300476
     8.1000000        0.00029126        0.00200414
     8.2000000        0.00049079        0.00204785
     8.3000000        0.00169191        0.00286710
     8.4000000        0.00326434        0.00327138
     8.5000000        0.00216508        0.00353498
     8.6000000        0.00215012        0.00349296
     8.7000000        0.00303288        0.00443447
     8.8000000        0.00306000        0.00355270
     8.9000000        0.00116200        0.00224578
     9.0000000       -0.00067087        0.00107832
     9.1000000       -0.00029123        0.00147521
     9.2000000        0.00074933        0.00210101
     9.3000000        0.00071434        0.00185005
     9.4000000       -0.00219918        0.00177488
     9.5000000       -0.00051140        0.00094269
     9.6000000       -0.00116257        0.00155083
     9.7000000       -0.00076601        0.00137135
     9.8000000        0.00035087        0.00090543
     9.9000000        0.00002912        0.00091411
    10.0000000        0.00121118        0.00174175
    10.1000000        0.00114587        0.00222115
    10.2000000       -0.00098077        0.00126934
    10.3000000       -0.00005024        0.00120185
    10.4000000       -0.00182205        0.00200279
    10.5000000       -0.00112799        0.00144624
    10.6000000        0.00045697        0.00178635
    10.7000000       -0.00017865        0.00260416
    10.8000000        0.00083146        0.00264917
    10.9000000        0.00182598        0.00297039
    11.0000000        0.00074363        0.00228603
    11.1000000       -0.00015885        0.00087259
    11.2000000       -0.00065587        0.00219398
    11.3000000       -0.00043034        0.00127594
    11.4000000       -0.00061326        0.00205973
    11.5000000       -0.00122794        0.00212758
    11.6000000        0.00016408        0.00283466
    11.7000000        0.00010992        0.00276251
    11.8000000       -0.00086573        0.00290298
    11.9000000       -0.00056917        0.00303311
    12.0000000       -0.00050563        0.00266279
    12.1000000        0.00021065        0.00285288
    12.2000000       -0.00033095        0.00189277
    12.3000000       -0.00199352        0.00176273
    12.4000000       -0.00234814        0.00192940
    12.5000000       -0.00293137        0.00138014
    12.6000000       -0.00218528        0.00095060
    12.7000000       -0.00285083        0.00136859
    12.8000000       -0.00306010        0.00166697
    12.9000000       -0.00316688        0.00249766
    13.0000000       -0.00242780        0.00288876
    13.1000000       -0.00183615        0.00269408
    13.2000000       -0.00093662        0.00286777
    13.3000000        0.00110387        0.00099403
    13.4000000        0.00252831        0.00176561
    13.5000000        0.00116820        0.00223473
    13.6000000        0.00165742        0.00225726
    13.7000000        0.00266293        0.00245668
    13.8000000        0.00306380        0.00153815
    13.9000000        0.00390713        0.00180147
    14.0000000        0.00446739        0.00071357
    14.1000000        0.00353310        0.00185574
    14.2000000        0.00465452        0.00194601
    14.3000000        0.00568204        0.00085866
    14.4000000        0.00499613        0.00175422
    14.5000000        0.00306342        0.00123557
    14.6000000        0.00447285        0.00118512
    14.7000000        0.00365357        0.00170905
    14.8000000        0.00292400        0.00207029
    14.9000000        0.00376388        0.00264372
    15.0000000        0.00287704        0.00383679
    15.1000000        0.00264585        0.00266425
    15.2000000        0.00267686        0.00115755
    15.3000000        0.00404779        0.00110324
    15.4000000        0.00264128        0.00145694
    15.5000000        0.00230474        0.00125792
    15.6000000        0.00189128        0.00149009
    15.7000000        0.00137161        0.00194230
    15.8000000        0.00264774        0.00099974
    15.9000000        0.00252769        0.00063505
    16.0000000        0.00397771        0.00131643
    16.1000000        0.00496416        0.00194588
    16.2000000        0.00363393        0.00209737
    16.3000000        0.00394535        0.00276742
    16.4000000        0.00198226        0.00201893
    16.5000000        0.00137439        0.00194506
    16.6000000        0.00118698        0.00201178
    16.7000000        0.00119602        0.00304734
    16.8000000        0.00222068        0.00314017
    16.9000000       -0.00001129        0.00271091
    17.0000000       -0.00115713        0.00317199
    17.1000000       -0.00197081        0.00285860
    17.2000000       -0.00261449        0.00303790
    17.3000000       -0.00120335        0.00333072
    17.4000000       -0.00081388        0.00276641
    17.5000000       -0.00088872        0.00329311
    17.6000000        0.00009687        0.00353307
    17.7000000       -0.00162484        0.00356388
    17.8000000       -0.00211720        0.00260865
    17.9000000       -0.00031720        0.00225091
    18.0000000       -0.00116353        0.00249548
    18.1000000       -0.00014132        0.00272658
    18.2000000        0.00223528        0.00133434
    18.3000000        0.00253220        0.00159747
    18.4000000        0.00249677        0.00090066
    18.5000000        0.00235809        0.00182418
    18.6000000        0.00385242        0.00137719
    18.7000000        0.00475791        0.00072969
    18.8000000        0.00510596        0.00156967
    18.9000000        0.00527937        0.00294307
    19.0000000        0.00594927        0.00286140
    19.1000000        0.00718381        0.00195907
    19.2000000        0.00759074        0.00274866
    19.3000000        0.00742985        0.00351994
    19.4000000        0.00724121        0.00280272
    19.5000000        0.00674736        0.00294198
    19.6000000        0.01028243        0.00314031
    19.7000000        0.01207506        0.00408225
    19.8000000        0.01508441        0.00377399
    19.9000000        0.01574344        0.00688074
    20.0000000        0.01701647        0.00626834
