     0.0000000        0.50000000        0.00000002
     0.1000000        0.46263197        0.00396698
     0.2000000        0.43201101        0.00513081
     0.3000000        0.40524026        0.00472780
     0.4000000        0.38671299        0.00556991
     0.5000000        0.37326257        0.00610819
     0.6000000        0.35757995        0.00838036
     0.7000000        0.34357639        0.00922885
     0.8000000        0.32390785        0.00848488
     0.9000000        0.31733275        0.00991750
     1.0000000        0.30931639        0.01169694
     1.1000000        0.29797740        0.01139552
     1.2000000        0.28783101        0.01107300
     1.3000000        0.27879943        0.01134569
     1.4000000        0.28009742        0.01095673
     1.5000000        0.27203944        0.01068612
     1.6000000        0.26953251        0.00998598
     1.7000000        0.26054454        0.01030650
     1.8000000        0.24883916        0.00961485
     1.9000000        0.24170539        0.00959112
     2.0000000        0.24308911        0.01074767
     2.1000000        0.23532294        0.01010481
     2.2000000        0.23252203        0.00992817
     2.3000000        0.22282919        0.00925875
     2.4000000        0.21698830        0.00979561
     2.5000000        0.21263816        0.01093400
     2.6000000        0.20982430        0.01018898
     2.7000000        0.20499313        0.00892534
     2.8000000        0.20193195        0.00971978
     2.9000000        0.19962573        0.01011872
     3.0000000        0.19609428        0.01144278
     3.1000000        0.18766340        0.00991918
     3.2000000        0.18715658        0.00995079
     3.3000000        0.18039587        0.01026110
     3.4000000        0.17196606        0.01003804
     3.5000000        0.17195713        0.00852175
     3.6000000        0.16769754        0.00856296
     3.7000000        0.16521391        0.00926727
     3.8000000        0.16331508        0.00834464
     3.9000000        0.16362735        0.00820906
     4.0000000        0.16007191        0.00814235
     4.1000000        0.15916274        0.00812170
     4.2000000        0.15620962        0.00732321
     4.3000000        0.15909666        0.00722438
     4.4000000        0.15926765        0.00643393
     4.5000000        0.15302320        0.00669945
     4.6000000        0.14774215        0.00636896
     4.7000000        0.14410927        0.00710836
     4.8000000        0.14582464        0.00733600
     4.9000000        0.13708195        0.00775878
     5.0000000        0.13458292        0.00793610
     5.1000000        0.12937847        0.00815206
     5.2000000        0.13375338        0.00787058
     5.3000000        0.13327000        0.00787381
     5.4000000        0.12791380        0.00688791
     5.5000000        0.12415421        0.00765243
     5.6000000        0.12457432        0.00768277
     5.7000000        0.11925508        0.00707248
     5.8000000        0.11727593        0.00666751
     5.9000000        0.11668362        0.00725720
     6.0000000        0.11432486        0.00675908
     6.1000000        0.11271538        0.00646779
     6.2000000        0.10953663        0.00632172
     6.3000000        0.11146910        0.00717534
     6.4000000        0.10890145        0.00849305
     6.5000000        0.10280846        0.00807591
     6.6000000        0.10234049        0.00694235
     6.7000000        0.10124437        0.00658836
     6.8000000        0.10281196        0.00699089
     6.9000000        0.09721836        0.00699473
     7.0000000        0.09722553        0.00782517
     7.1000000        0.09787722        0.00753189
     7.2000000        0.09417971        0.00859345
     7.3000000        0.09061900        0.00922992
     7.4000000        0.09211554        0.00951682
     7.5000000        0.08729084        0.00961918
     7.6000000        0.08750393        0.01005033
     7.7000000        0.08242336        0.00993006
     7.8000000        0.07950852        0.00846166
     7.9000000        0.07874283        0.00868889
     8.0000000        0.08494708        0.00973262
     8.1000000        0.08680088        0.00954293
     8.2000000        0.08609564        0.00939953
     8.3000000        0.08746169        0.00890132
     8.4000000        0.08772155        0.00974173
     8.5000000        0.09131755        0.00934403
     8.6000000        0.09173685        0.01212498
     8.7000000        0.08194091        0.00822361
     8.8000000        0.08775745        0.01109670
     8.9000000        0.09510197        0.01227614
     9.0000000        0.09892536        0.01777401
     9.1000000        0.10407397        0.01828019
     9.2000000        0.09624138        0.01289203
     9.3000000        0.09779857        0.01451622
     9.4000000        0.10301548        0.01684492
     9.5000000        0.10165156        0.01569258
     9.6000000        0.09677497        0.01676449
     9.7000000        0.10592104        0.02203173
     9.8000000        0.10821858        0.02624559
     9.9000000        0.10148322        0.01808647
    10.0000000        0.10119750        0.01663070
    10.1000000        0.10523171        0.02157560
    10.2000000        0.10159727        0.01941691
    10.3000000        0.09968429        0.01885540
    10.4000000        0.09618531        0.01673457
    10.5000000        0.09148771        0.01398723
    10.6000000        0.08674640        0.01512714
    10.7000000        0.09202856        0.01604505
    10.8000000        0.09099399        0.01434745
    10.9000000        0.09182813        0.01384043
    11.0000000        0.09418320        0.01272361
    11.1000000        0.09421007        0.01162953
    11.2000000        0.09198364        0.01182931
    11.3000000        0.09081326        0.01190201
    11.4000000        0.08999455        0.01280991
    11.5000000        0.09273245        0.01211981
    11.6000000        0.09364324        0.01277050
    11.7000000        0.09329457        0.01034725
    11.8000000        0.09280265        0.01153245
    11.9000000        0.08709778        0.01182924
    12.0000000        0.08422072        0.01098843
    12.1000000        0.08667365        0.01064478
    12.2000000        0.09018276        0.01027287
    12.3000000        0.09531275        0.01100857
    12.4000000        0.09190324        0.00912000
    12.5000000        0.09333773        0.00856311
    12.6000000        0.09644161        0.00876933
    12.7000000        0.10251836        0.00873660
    12.8000000        0.10293830        0.00820608
    12.9000000        0.10110215        0.00791039
    13.0000000        0.10437236        0.00890404
    13.1000000        0.10705975        0.00971846
    13.2000000        0.10806203        0.01054669
    13.3000000        0.10990946        0.01068002
    13.4000000        0.11568507        0.01122501
    13.5000000        0.11710971        0.01112354
    13.6000000        0.12153010        0.01105665
    13.7000000        0.12091407        0.01068819
    13.8000000        0.12412665        0.01092202
    13.9000000        0.12163182        0.01129690
    14.0000000        0.12672480        0.00986321
    14.1000000        0.13146763        0.01037648
    14.2000000        0.13083478        0.01038967
    14.3000000        0.13148627        0.01132854
    14.4000000        0.12810869        0.01167445
    14.5000000        0.12877653        0.01066214
    14.6000000        0.13416304        0.00950370
    14.7000000        0.13899317        0.01116428
    14.8000000        0.14326664        0.01277510
    14.9000000        0.14006786        0.01018788
    15.0000000        0.14164376        0.00967585
    15.1000000        0.14500224        0.01034133
    15.2000000        0.14795926        0.01019820
    15.3000000        0.15332581        0.01003101
    15.4000000        0.15341901        0.01119199
    15.5000000        0.15750276        0.01009217
    15.6000000        0.15919016        0.01051350
    15.7000000        0.16257978        0.01024769
    15.8000000        0.16435589        0.01009106
    15.9000000        0.17099274        0.00958773
    16.0000000        0.17551893        0.00972644
    16.1000000        0.18018616        0.01055593
    16.2000000        0.18578877        0.01070144
    16.3000000        0.18059288        0.01110287
    16.4000000        0.18325192        0.01266590
    16.5000000        0.18898555        0.01090701
    16.6000000        0.19178844        0.00962198
    16.7000000        0.20307260        0.01005331
    16.8000000        0.20575308        0.01040464
    16.9000000        0.21736319        0.01155803
    17.0000000        0.21821046        0.01169285
    17.1000000        0.21776455        0.00995024
    17.2000000        0.22279482        0.00821408
    17.3000000        0.22455073        0.00905765
    17.4000000        0.22907753        0.01023867
    17.5000000        0.23597976        0.00930419
    17.6000000        0.23336454        0.00819959
    17.7000000        0.23539529        0.00818371
    17.8000000        0.23914475        0.00796579
    17.9000000        0.24417596        0.00834048
    18.0000000        0.25221342        0.00898663
    18.1000000        0.25728195        0.00916156
    18.2000000        0.25796129        0.00924757
    18.3000000        0.26001285        0.00924734
    18.4000000        0.26432265        0.00797166
    18.5000000        0.27227989        0.00846262
    18.6000000        0.27770356        0.00910595
    18.7000000        0.28244797        0.00967052
    18.8000000        0.29016049        0.00877742
    18.9000000        0.29919573        0.00728340
    19.0000000        0.31125177        0.00834862
    19.1000000        0.31910125        0.00705107
    19.2000000        0.32812821        0.00588440
    19.3000000        0.33852654        0.00534533
    19.4000000        0.35659082        0.00549693
    19.5000000        0.37206762        0.00621757
    19.6000000        0.38608084        0.00568903
    19.7000000        0.40638269        0.00356306
    19.8000000        0.43009622        0.00441557
    19.9000000        0.45854945        0.00302208
    20.0000000        0.50000000        0.00000003
