     0.0000000        1.00000000        0.00000000
     0.1250000        0.82500887        0.00052206
     0.2500000        0.68987936        0.00074797
     0.3750000        0.58249678        0.00085559
     0.5000000        0.49727522        0.00085325
     0.6250000        0.42995994        0.00094592
     0.7500000        0.37217055        0.00090843
     0.8750000        0.32527325        0.00098180
     1.0000000        0.28600237        0.00101447
     1.1250000        0.25347020        0.00099444
     1.2500000        0.22678048        0.00099502
     1.3750000        0.20438866        0.00098712
     1.5000000        0.18748893        0.00088859
     1.6250000        0.17447737        0.00089436
     1.7500000        0.16636707        0.00094818
     1.8750000        0.16231744        0.00094076
     2.0000000        0.15960186        0.00098390
     2.1250000        0.16289576        0.00141187
     2.2500000        0.16848076        0.00113068
     2.3750000        0.17721577        0.00107354
     2.5000000        0.19074805        0.00111870
     2.6250000        0.20590445        0.00114482
     2.7500000        0.22541777        0.00102927
     2.8750000        0.25174143        0.00104047
     3.0000000        0.28231133        0.00102913
     3.1250000        0.32223612        0.00097793
     3.2500000        0.37120819        0.00101440
     3.3750000        0.42807817        0.00116665
     3.5000000        0.49938978        0.00107477
     3.6250000        0.58458148        0.00098566
     3.7500000        0.68965338        0.00078709
     3.8750000        0.82495459        0.00060206
     4.0000000        1.00000000        0.00000020
