         101           4   20.000000000000000                1
     0.0000000        0.29376953        0.00234056
     0.1000000        0.21871405        0.00183953
     0.2000000        0.16012297        0.00232163
     0.3000000        0.11990850        0.00264035
     0.4000000        0.08997793        0.00287975
     0.5000000        0.06650317        0.00163286
     0.6000000        0.05013607        0.00377307
     0.7000000        0.03722989        0.00369111
     0.8000000        0.02789846        0.00187485
     0.9000000        0.02061051        0.00158590
     1.0000000        0.01481007        0.00078527
     1.1000000        0.01111393        0.00154183
     1.2000000        0.00802149        0.00122790
     1.3000000        0.00528505        0.00070827
     1.4000000        0.00315253        0.00100972
     1.5000000        0.00157964        0.00037563
     1.6000000       -0.00083479        0.00215180
     1.7000000        0.00011516        0.00096439
     1.8000000       -0.00007923        0.00047237
     1.9000000       -0.00051415        0.00069852
     2.0000000        0.00106159        0.00068150
     2.1000000        0.00175676        0.00203252
     2.2000000        0.00159702        0.00156827
     2.3000000        0.00073761        0.00196896
     2.4000000       -0.00096662        0.00178760
     2.5000000       -0.00032096        0.00182019
     2.6000000       -0.00007314        0.00102168
     2.7000000        0.00004636        0.00074447
     2.8000000        0.00022283        0.00044466
     2.9000000        0.00086757        0.00053748
     3.0000000        0.00068011        0.00085479
     3.1000000        0.00047734        0.00026424
     3.2000000        0.00031554        0.00050624
     3.3000000        0.00069674        0.00098104
     3.4000000       -0.00044240        0.00165324
     3.5000000        0.00054346        0.00133285
     3.6000000        0.00071390        0.00063427
     3.7000000        0.00071088        0.00062934
     3.8000000        0.00044031        0.00051561
     3.9000000        0.00080273        0.00070044
     4.0000000        0.00020710        0.00026464
     4.1000000       -0.00125250        0.00067262
     4.2000000       -0.00135737        0.00036338
     4.3000000       -0.00131087        0.00058403
     4.4000000       -0.00153167        0.00073457
     4.5000000       -0.00072846        0.00057118
     4.6000000        0.00024692        0.00047869
     4.7000000        0.00078809        0.00086773
     4.8000000        0.00130681        0.00116231
     4.9000000        0.00107843        0.00057146
     5.0000000        0.00124202        0.00113201
     5.1000000        0.00241414        0.00165430
     5.2000000        0.00225936        0.00148027
     5.3000000        0.01388476        0.01675585
     5.4000000       -0.00000968        0.00155438
     5.5000000       -0.00183807        0.00205485
     5.6000000       -0.00069866        0.00164609
     5.7000000       -0.00021096        0.00147098
     5.8000000       -0.00106625        0.00271688
     5.9000000       -0.00085395        0.00325146
     6.0000000        0.00041929        0.00197351
     6.1000000       -0.00070698        0.00230101
     6.2000000       -0.00225478        0.00370754
     6.3000000        0.00002875        0.00224504
     6.4000000        0.00185413        0.00168511
     6.5000000        0.00116680        0.00174745
     6.6000000        0.00136138        0.00143442
     6.7000000       -0.00016840        0.00258880
     6.8000000        0.00141803        0.00157977
     6.9000000        0.00259259        0.00286733
     7.0000000        0.00291226        0.00342159
     7.1000000        0.00162024        0.00264646
     7.2000000        0.00220765        0.00275679
     7.3000000        0.00139808        0.00293916
     7.4000000       -0.00075541        0.00428758
     7.5000000        0.00070237        0.00239327
     7.6000000       -0.00548188        0.00799120
     7.7000000       -0.00838323        0.00984599
     7.8000000       -0.00029249        0.00077500
     7.9000000        0.00180734        0.00076375
     8.0000000        0.00214373        0.00091929
     8.1000000        0.00215467        0.00069125
     8.2000000        0.00123268        0.00071091
     8.3000000       -0.00071865        0.00173661
     8.4000000        0.00009882        0.00051876
     8.5000000       -0.00083129        0.00184302
     8.6000000       -0.00121466        0.00127954
     8.7000000       -0.00058363        0.00070282
     8.8000000       -0.00095464        0.00087009
     8.9000000       -0.00069553        0.00101873
     9.0000000       -0.00075723        0.00071059
     9.1000000       -0.00047747        0.00130362
     9.2000000       -0.00097419        0.00103758
     9.3000000       -0.00093182        0.00102817
     9.4000000       -0.00014974        0.00048509
     9.5000000       -0.00052476        0.00065658
     9.6000000        0.00057200        0.00059758
     9.7000000        0.00144614        0.00174673
     9.8000000        0.00159015        0.00201763
     9.9000000        0.00226575        0.00280857
    10.0000000        0.00172168        0.00203808
