     0.0000000        0.19628864        0.00278225
     0.1000000        0.12162754        0.00174619
     0.2000000        0.07603950        0.00105643
     0.3000000        0.04857021        0.00070143
     0.4000000        0.03150717        0.00054555
     0.5000000        0.02054704        0.00046072
     0.6000000        0.01344054        0.00037904
     0.7000000        0.00895585        0.00029604
     0.8000000        0.00606966        0.00023013
     0.9000000        0.00410645        0.00016206
     1.0000000        0.00283569        0.00014004
     1.1000000        0.00198161        0.00011807
     1.2000000        0.00140742        0.00009091
     1.3000000        0.00099818        0.00007278
     1.4000000        0.00072737        0.00005899
     1.5000000        0.00054750        0.00004631
     1.6000000        0.00042576        0.00003787
     1.7000000        0.00033289        0.00003184
     1.8000000        0.00026034        0.00002530
     1.9000000        0.00019601        0.00001780
     2.0000000        0.00015235        0.00001376
     2.1000000        0.00011952        0.00001207
     2.2000000        0.00009706        0.00001037
     2.3000000        0.00007468        0.00000955
     2.4000000        0.00005846        0.00000897
     2.5000000        0.00004828        0.00000861
     2.6000000        0.00003917        0.00000831
     2.7000000        0.00003151        0.00000724
     2.8000000        0.00002576        0.00000657
     2.9000000        0.00002149        0.00000577
     3.0000000        0.00001806        0.00000483
     3.1000000        0.00001790        0.00000548
     3.2000000        0.00001737        0.00000619
     3.3000000        0.00001761        0.00000680
     3.4000000        0.00001820        0.00000785
     3.5000000        0.00001947        0.00000897
     3.6000000        0.00001795        0.00000817
     3.7000000        0.00001524        0.00000723
     3.8000000        0.00001321        0.00000632
     3.9000000        0.00001164        0.00000563
     4.0000000        0.00001097        0.00000498
     4.1000000        0.00001022        0.00000462
     4.2000000        0.00000946        0.00000399
     4.3000000        0.00000938        0.00000393
     4.4000000        0.00000966        0.00000424
     4.5000000        0.00000986        0.00000454
     4.6000000        0.00000991        0.00000485
     4.7000000        0.00001004        0.00000487
     4.8000000        0.00001028        0.00000502
     4.9000000        0.00001185        0.00000647
     5.0000000        0.00001356        0.00000807
     5.1000000        0.00001274        0.00000731
     5.2000000        0.00001186        0.00000641
     5.3000000        0.00001228        0.00000648
     5.4000000        0.00001209        0.00000594
     5.5000000        0.00001131        0.00000511
     5.6000000        0.00001185        0.00000487
     5.7000000        0.00001040        0.00000385
     5.8000000        0.00001031        0.00000382
     5.9000000        0.00001054        0.00000389
     6.0000000        0.00001061        0.00000394
     6.1000000        0.00001106        0.00000423
     6.2000000        0.00001120        0.00000447
     6.3000000        0.00001110        0.00000437
     6.4000000        0.00001176        0.00000486
     6.5000000        0.00001330        0.00000500
     6.6000000        0.00001548        0.00000500
     6.7000000        0.00001751        0.00000536
     6.8000000        0.00002101        0.00000594
     6.9000000        0.00002480        0.00000639
     7.0000000        0.00002797        0.00000678
     7.1000000        0.00002984        0.00000685
     7.2000000        0.00002984        0.00000596
     7.3000000        0.00003298        0.00000625
     7.4000000        0.00003626        0.00000724
     7.5000000        0.00004175        0.00000689
     7.6000000        0.00005232        0.00000641
     7.7000000        0.00006390        0.00000559
     7.8000000        0.00008024        0.00000646
     7.9000000        0.00010240        0.00000723
     8.0000000        0.00013259        0.00000964
     8.1000000        0.00017276        0.00001301
     8.2000000        0.00022387        0.00001809
     8.3000000        0.00029528        0.00002136
     8.4000000        0.00039517        0.00002632
     8.5000000        0.00054326        0.00003038
     8.6000000        0.00074775        0.00003739
     8.7000000        0.00101320        0.00004360
     8.8000000        0.00137729        0.00005598
     8.9000000        0.00194013        0.00007264
     9.0000000        0.00276560        0.00010575
     9.1000000        0.00398822        0.00015203
     9.2000000        0.00587913        0.00020246
     9.3000000        0.00873260        0.00031031
     9.4000000        0.01307344        0.00044351
     9.5000000        0.01991238        0.00062905
     9.6000000        0.03035307        0.00088544
     9.7000000        0.04752726        0.00128635
     9.8000000        0.07540781        0.00173848
     9.9000000        0.12138798        0.00228155
    10.0000000        0.19628864        0.00278225
