     0.0000000        0.33293578        0.00217810
     0.1000000        0.18652434        0.00144490
     0.2000000        0.10660210        0.00102551
     0.3000000        0.06190231        0.00098926
     0.4000000        0.03682418        0.00096064
     0.5000000        0.02225646        0.00091987
     0.6000000        0.01395932        0.00094152
     0.7000000        0.00914989        0.00062458
     0.8000000        0.00608707        0.00040949
     0.9000000        0.00426437        0.00031561
     1.0000000        0.00303229        0.00024501
     1.1000000        0.00212081        0.00021684
     1.2000000        0.00156351        0.00020293
     1.3000000        0.00110272        0.00014011
     1.4000000        0.00083839        0.00011918
     1.5000000        0.00061705        0.00010863
     1.6000000        0.00044940        0.00009870
     1.7000000        0.00027920        0.00009965
     1.8000000        0.00021727        0.00011349
     1.9000000        0.00018587        0.00012297
     2.0000000        0.00014679        0.00010013
     2.1000000        0.00013710        0.00007937
     2.2000000        0.00010696        0.00004342
     2.3000000        0.00008127        0.00004001
     2.4000000        0.00006920        0.00005418
     2.5000000        0.00006089        0.00005006
     2.6000000        0.00005160        0.00006062
     2.7000000        0.00004040        0.00007350
     2.8000000        0.00004229        0.00005721
     2.9000000        0.00005844        0.00005145
     3.0000000        0.00004323        0.00006357
     3.1000000        0.00004623        0.00005701
     3.2000000        0.00001314        0.00004568
     3.3000000        0.00000568        0.00004096
     3.4000000       -0.00000826        0.00003754
     3.5000000       -0.00002762        0.00003103
     3.6000000       -0.00002387        0.00002325
     3.7000000       -0.00003041        0.00003442
     3.8000000       -0.00004643        0.00005061
     3.9000000       -0.00006929        0.00009737
     4.0000000       -0.00004093        0.00007827
     4.1000000       -0.00003467        0.00007846
     4.2000000        0.00000207        0.00004359
     4.3000000        0.00005723        0.00004908
     4.4000000        0.00006769        0.00006067
     4.5000000        0.00004162        0.00004816
     4.6000000        0.00009896        0.00009810
     4.7000000        0.00012725        0.00012349
     4.8000000        0.00013545        0.00012690
     4.9000000        0.00013906        0.00011415
     5.0000000        0.00016710        0.00013627
     5.1000000        0.00015299        0.00012758
     5.2000000        0.00014068        0.00011801
     5.3000000        0.00013522        0.00011992
     5.4000000        0.00014191        0.00012162
     5.5000000        0.00014622        0.00013306
     5.6000000        0.00017149        0.00015446
     5.7000000        0.00017458        0.00018478
     5.8000000        0.00015914        0.00018247
     5.9000000        0.00011451        0.00016441
     6.0000000        0.00006446        0.00011904
     6.1000000        0.00006419        0.00010672
     6.2000000        0.00008479        0.00010134
     6.3000000        0.00006980        0.00008068
     6.4000000        0.00006480        0.00006960
     6.5000000        0.00003722        0.00004372
     6.6000000        0.00001389        0.00004045
     6.7000000        0.00000460        0.00004836
     6.8000000        0.00001625        0.00005343
     6.9000000        0.00001937        0.00005706
     7.0000000        0.00001695        0.00004856
     7.1000000        0.00004001        0.00004798
     7.2000000        0.00005361        0.00004606
     7.3000000        0.00005153        0.00005074
     7.4000000        0.00003943        0.00006170
     7.5000000        0.00006180        0.00007320
     7.6000000        0.00011398        0.00008160
     7.7000000        0.00011015        0.00008702
     7.8000000        0.00011950        0.00007368
     7.9000000        0.00010858        0.00007384
     8.0000000        0.00013334        0.00009278
     8.1000000        0.00024727        0.00010684
     8.2000000        0.00034445        0.00011629
     8.3000000        0.00039350        0.00008054
     8.4000000        0.00050472        0.00009167
     8.5000000        0.00069718        0.00010060
     8.6000000        0.00074348        0.00013205
     8.7000000        0.00101460        0.00012552
     8.8000000        0.00140932        0.00012927
     8.9000000        0.00205106        0.00015018
     9.0000000        0.00297267        0.00019117
     9.1000000        0.00436928        0.00019567
     9.2000000        0.00653387        0.00016601
     9.3000000        0.00988575        0.00026736
     9.4000000        0.01478131        0.00033212
     9.5000000        0.02311311        0.00035664
     9.6000000        0.03750973        0.00049586
     9.7000000        0.06261757        0.00065164
     9.8000000        0.10704921        0.00099304
     9.9000000        0.18684385        0.00122672
    10.0000000        0.33293578        0.00217810
