     0.0000000        0.40964283        0.01678939
     0.1000000        0.30723055        0.02426535
     0.2000000        0.25725733        0.01809773
     0.3000000        0.18386611        0.01989514
     0.4000000        0.14318301        0.01806655
     0.5000000        0.09949704        0.02383969
     0.6000000        0.12696489        0.01285030
     0.7000000        0.07890124        0.01586999
     0.8000000        0.07500328        0.02288018
     0.9000000        0.11054827        0.04823160
     1.0000000        0.07641844        0.02424926
     1.1000000        0.05805347        0.01568177
     1.2000000        0.04875912        0.01246151
     1.3000000        0.05192968        0.00990947
     1.4000000        0.02559294        0.00606083
     1.5000000        0.02762903        0.00948851
     1.6000000        0.00789076        0.01646923
     1.7000000        0.02648284        0.01412615
     1.8000000        0.04283786        0.01932930
     1.9000000        0.04449074        0.02485161
     2.0000000        0.01841392        0.01678773
     2.1000000        0.00807759        0.00699455
     2.2000000        0.00576140        0.01019848
     2.3000000        0.02363187        0.01055887
     2.4000000        0.01422725        0.00611210
     2.5000000        0.03786881        0.01598879
     2.6000000        0.02617398        0.01793104
     2.7000000        0.02131580        0.04172380
     2.8000000        0.00378013        0.01551269
     2.9000000       -0.01637479        0.02604956
     3.0000000        0.00572791        0.01146064
     3.1000000       -0.01637852        0.01390630
     3.2000000        0.00201340        0.01128463
     3.3000000       -0.00713795        0.01091664
     3.4000000       -0.00179100        0.00790296
     3.5000000        0.00070151        0.01268583
     3.6000000        0.01021741        0.01803929
     3.7000000        0.02802749        0.02543994
     3.8000000        0.00421312        0.01375058
     3.9000000        0.00507963        0.01268560
     4.0000000       -0.00722491        0.01333598
     4.1000000       -0.02081866        0.02055662
     4.2000000       -0.01032753        0.00912836
     4.3000000       -0.00978595        0.00859368
     4.4000000       -0.00719936        0.00599563
     4.5000000       -0.00580123        0.00547956
     4.6000000        0.01251497        0.00959027
     4.7000000        0.01857066        0.01642229
     4.8000000        0.00202931        0.00720187
     4.9000000       -0.00721228        0.00892533
     5.0000000       -0.00453717        0.01222575
     5.1000000       -0.00179396        0.00586691
     5.2000000       -0.00080605        0.00615643
     5.3000000        0.01094298        0.01024495
     5.4000000        0.00277393        0.01190480
     5.5000000       -0.00176079        0.00662240
     5.6000000        0.00015228        0.01137699
     5.7000000       -0.00020425        0.01210276
     5.8000000       -0.00095867        0.00887101
     5.9000000       -0.00525334        0.01112926
     6.0000000        0.00356963        0.00831373
     6.1000000       -0.00260616        0.00865064
     6.2000000        0.02347663        0.01649444
     6.3000000        0.01402464        0.01674415
     6.4000000       -0.01664158        0.02182979
     6.5000000       -0.01286564        0.01405528
     6.6000000       -0.01772359        0.01277532
     6.7000000       -0.03135133        0.02104491
     6.8000000       -0.06666600        0.05214445
     6.9000000       -0.07560894        0.06353105
     7.0000000       -0.04971497        0.04021477
     7.1000000       -0.04650122        0.03822255
     7.2000000       -0.08245555        0.07769970
     7.3000000       -0.04895981        0.02762523
     7.4000000       -0.03770494        0.02118096
     7.5000000       -0.06658721        0.03961673
     7.6000000       -0.10645718        0.08801500
     7.7000000       -0.10691493        0.09399757
     7.8000000       -0.08777867        0.07104552
     7.9000000       -0.04575137        0.03908048
     8.0000000       -0.11447454        0.10610631
     8.1000000       -0.09980718        0.09631080
     8.2000000       -0.17335381        0.17109272
     8.3000000       -0.11796586        0.13332200
     8.4000000       -0.02770984        0.04132794
     8.5000000       -0.05993713        0.07562125
     8.6000000       -0.15760602        0.17138375
     8.7000000       -0.12302447        0.12877199
     8.8000000       -0.12657323        0.13327758
     8.9000000       -0.06202456        0.09770147
     9.0000000       -0.24982425        0.30716670
     9.1000000       -0.20043820        0.29679422
     9.2000000       -0.03442985        0.06538200
     9.3000000       -0.01351692        0.02794669
     9.4000000       -0.06491499        0.05460129
     9.5000000       -0.05299264        0.03603871
     9.6000000       -0.07404012        0.09222894
     9.7000000       -0.14845158        0.17280612
     9.8000000        0.17411920        0.16898527
     9.9000000       -0.15394387        0.18475849
    10.0000000       -0.03381374        0.06696907
    10.1000000       -0.14730955        0.11514327
    10.2000000       -0.00535273        0.03339481
    10.3000000       -0.02585701        0.05611687
    10.4000000       -0.03530475        0.07136887
    10.5000000       -0.00417749        0.04744686
    10.6000000        0.02521720        0.04556184
    10.7000000        0.01106386        0.03546026
    10.8000000        0.02276730        0.01805010
    10.9000000        0.03183567        0.01926657
    11.0000000        0.01644585        0.01019751
    11.1000000        0.00174486        0.01697157
    11.2000000        0.07321580        0.06226104
    11.3000000        0.04231328        0.02327316
    11.4000000        0.02433490        0.01819455
    11.5000000        0.04560083        0.04002065
    11.6000000        0.03263238        0.02899547
    11.7000000        0.00607836        0.02537960
    11.8000000       -0.03729668        0.03568567
    11.9000000       -0.02824678        0.02969842
    12.0000000       -0.03336946        0.02623074
    12.1000000       -0.01238386        0.01698714
    12.2000000       -0.00007724        0.02004281
    12.3000000        0.00590308        0.02194290
    12.4000000        0.01137859        0.02658574
    12.5000000        0.01214374        0.02444543
    12.6000000        0.02126978        0.02693161
    12.7000000        0.02091972        0.01863066
    12.8000000        0.03084743        0.02537702
    12.9000000        0.03000318        0.02069326
    13.0000000        0.01581116        0.01185814
    13.1000000        0.02747475        0.01679733
    13.2000000        0.02457504        0.01291077
    13.3000000        0.01267141        0.01505527
    13.4000000        0.02759659        0.02107092
    13.5000000        0.00680472        0.02827133
    13.6000000        0.00932392        0.01601533
    13.7000000       -0.00933353        0.01435918
    13.8000000        0.00828025        0.01203014
    13.9000000       -0.02107307        0.01873806
    14.0000000       -0.00599283        0.01385285
    14.1000000       -0.00694668        0.02642576
    14.2000000        0.01592839        0.01667801
    14.3000000        0.05865996        0.05602499
    14.4000000        0.08639287        0.06602355
    14.5000000        0.04479232        0.02860223
    14.6000000        0.03793836        0.02440167
    14.7000000        0.00120981        0.01774990
    14.8000000       -0.00915896        0.02579935
    14.9000000        0.02162122        0.01342582
    15.0000000        0.01845979        0.01335033
    15.1000000        0.03043442        0.01703477
    15.2000000        0.01418615        0.01099372
    15.3000000        0.00246434        0.00773719
    15.4000000       -0.00307695        0.01640916
    15.5000000       -0.00922790        0.01275229
    15.6000000        0.02038168        0.01701079
    15.7000000       -0.00336848        0.01644136
    15.8000000        0.02493773        0.01324730
    15.9000000        0.01727699        0.01288038
    16.0000000        0.01500474        0.01208628
    16.1000000        0.02292875        0.01048802
    16.2000000        0.00193867        0.01845873
    16.3000000       -0.03360260        0.05814591
    16.4000000       -0.08276471        0.10651668
    16.5000000        0.10484743        0.18551464
    16.6000000        0.01043019        0.08275678
    16.7000000        0.01287829        0.02599493
    16.8000000       -0.01975001        0.02260027
    16.9000000       -0.02968281        0.03878605
    17.0000000       -0.04355687        0.03665084
    17.1000000       -0.02796695        0.02799858
    17.2000000       -0.04940761        0.06184860
    17.3000000        0.02014617        0.04364524
    17.4000000       -0.03846387        0.03113196
    17.5000000       -0.02595851        0.02892483
    17.6000000       -0.08151850        0.06860006
    17.7000000       -0.02653433        0.03958893
    17.8000000       -0.10310593        0.07878074
    17.9000000       -0.03306049        0.03077084
    18.0000000       -0.01746437        0.02678086
    18.1000000       -0.03523420        0.04060852
    18.2000000       -0.03322866        0.04727810
    18.3000000       -0.05160286        0.05092255
    18.4000000       -0.03099612        0.05213706
    18.5000000        0.00454106        0.02559807
    18.6000000       -0.04029975        0.04721310
    18.7000000       -0.00602219        0.02628860
    18.8000000        0.02138560        0.02652801
    18.9000000        0.05502729        0.02303625
    19.0000000        0.04864992        0.01229287
    19.1000000        0.07928033        0.02005920
    19.2000000        0.11793246        0.03207261
    19.3000000        0.13582916        0.02856343
    19.4000000        0.10804647        0.01912547
    19.5000000        0.11152561        0.03198590
    19.6000000        0.17067193        0.01730623
    19.7000000        0.21363728        0.01277021
    19.8000000        0.25589889        0.01658617
    19.9000000        0.33608752        0.01886508
    20.0000000        0.40964283        0.01678939
