     0.0000000        0.04929202        0.00507617
     0.1000000        0.03590806        0.00437580
     0.2000000        0.02728561        0.00403698
     0.3000000        0.02088706        0.00356378
     0.4000000        0.01579548        0.00302317
     0.5000000        0.01230731        0.00264109
     0.6000000        0.00970534        0.00248957
     0.7000000        0.00787752        0.00238352
     0.8000000        0.00688843        0.00221338
     0.9000000        0.00521877        0.00180959
     1.0000000        0.00407049        0.00136377
     1.1000000        0.00284256        0.00075844
     1.2000000        0.00219949        0.00053808
     1.3000000        0.00148309        0.00047547
     1.4000000        0.00092779        0.00039268
     1.5000000        0.00052328        0.00025168
     1.6000000        0.00031773        0.00027644
     1.7000000        0.00038207        0.00037004
     1.8000000        0.00027504        0.00035318
     1.9000000        0.00024497        0.00027231
     2.0000000       -0.00003471        0.00028652
     2.1000000       -0.00025851        0.00029129
     2.2000000       -0.00013242        0.00034124
     2.3000000        0.00012155        0.00050503
     2.4000000        0.00027692        0.00045498
     2.5000000       -0.00015355        0.00045213
     2.6000000       -0.00053772        0.00060394
     2.7000000       -0.00083157        0.00057324
     2.8000000       -0.00072889        0.00041753
     2.9000000       -0.00067995        0.00030316
     3.0000000       -0.00067350        0.00034216
     3.1000000       -0.00083669        0.00041247
     3.2000000       -0.00081583        0.00041761
     3.3000000       -0.00077224        0.00048388
     3.4000000       -0.00047618        0.00051476
     3.5000000       -0.00035644        0.00064192
     3.6000000       -0.00041216        0.00075924
     3.7000000       -0.00037490        0.00070673
     3.8000000       -0.00070085        0.00068968
     3.9000000       -0.00087104        0.00081911
     4.0000000       -0.00092633        0.00079398
     4.1000000       -0.00043463        0.00055910
     4.2000000       -0.00016593        0.00057025
     4.3000000       -0.00038880        0.00061660
     4.4000000       -0.00039140        0.00060951
     4.5000000       -0.00038315        0.00063209
     4.6000000       -0.00032346        0.00052975
     4.7000000       -0.00032793        0.00054748
     4.8000000       -0.00050021        0.00067364
     4.9000000       -0.00056092        0.00076542
     5.0000000       -0.00062472        0.00067588
     5.1000000       -0.00092735        0.00056174
     5.2000000       -0.00114626        0.00070949
     5.3000000       -0.00132048        0.00082111
     5.4000000       -0.00136009        0.00091309
     5.5000000       -0.00142403        0.00095314
     5.6000000       -0.00135838        0.00095186
     5.7000000       -0.00123618        0.00093970
     5.8000000       -0.00081422        0.00087318
     5.9000000       -0.00073776        0.00087237
     6.0000000       -0.00059609        0.00088480
     6.1000000       -0.00025850        0.00077915
     6.2000000        0.00036372        0.00048910
     6.3000000        0.00031975        0.00047311
     6.4000000        0.00022356        0.00043525
     6.5000000        0.00004620        0.00041971
     6.6000000        0.00014956        0.00028535
     6.7000000        0.00001784        0.00016936
     6.8000000        0.00000794        0.00023694
     6.9000000        0.00001870        0.00048718
     7.0000000       -0.00030803        0.00065688
     7.1000000       -0.00026548        0.00061550
     7.2000000        0.00006293        0.00052676
     7.3000000        0.00051118        0.00052950
     7.4000000        0.00038167        0.00066707
     7.5000000        0.00031620        0.00060559
     7.6000000        0.00051500        0.00050408
     7.7000000        0.00094092        0.00052043
     7.8000000        0.00089805        0.00064282
     7.9000000        0.00111839        0.00062818
     8.0000000        0.00135060        0.00074458
     8.1000000        0.00137068        0.00079869
     8.2000000        0.00177276        0.00091915
     8.3000000        0.00202932        0.00097802
     8.4000000        0.00183969        0.00093442
     8.5000000        0.00183739        0.00091856
     8.6000000        0.00234664        0.00113408
     8.7000000        0.00321651        0.00138341
     8.8000000        0.00388923        0.00156167
     8.9000000        0.00455753        0.00161626
     9.0000000        0.00514611        0.00182771
     9.1000000        0.00567751        0.00218143
     9.2000000        0.00663529        0.00222095
     9.3000000        0.00836692        0.00258945
     9.4000000        0.01080623        0.00334956
     9.5000000        0.01326819        0.00412763
     9.6000000        0.01595201        0.00468606
     9.7000000        0.01956495        0.00505490
     9.8000000        0.02566353        0.00536186
     9.9000000        0.03488708        0.00528147
    10.0000000        0.04929202        0.00507617
