         201           5   20.000000000000000                1
     0.0000000        0.89148635        0.00665371
     0.1000000        0.79925789        0.00460410
     0.2000000        0.71857827        0.00736792
     0.3000000        0.65410780        0.00751333
     0.4000000        0.59022313        0.01258069
     0.5000000        0.53379050        0.01476081
     0.6000000        0.48863205        0.01169329
     0.7000000        0.44876430        0.01146431
     0.8000000        0.41723558        0.01201703
     0.9000000        0.39408762        0.01402133
     1.0000000        0.35877156        0.01518039
     1.1000000        0.33577063        0.01280513
     1.2000000        0.31452591        0.01181204
     1.3000000        0.28479711        0.01438664
     1.4000000        0.26415009        0.01443023
     1.5000000        0.23844663        0.01214125
     1.6000000        0.22597273        0.01160044
     1.7000000        0.21190989        0.00871079
     1.8000000        0.19469100        0.00925318
     1.9000000        0.18188888        0.01148218
     2.0000000        0.16764169        0.01282067
     2.1000000        0.15504784        0.01119628
     2.2000000        0.14791127        0.00957084
     2.3000000        0.13962261        0.00890370
     2.4000000        0.12808842        0.00883768
     2.5000000        0.11927064        0.00481610
     2.6000000        0.10796965        0.00530772
     2.7000000        0.10052185        0.00503883
     2.8000000        0.09323635        0.00653984
     2.9000000        0.08900980        0.01061541
     3.0000000        0.08210983        0.01124001
     3.1000000        0.07793832        0.01199804
     3.2000000        0.06980331        0.00972234
     3.3000000        0.07131351        0.00748447
     3.4000000        0.06840332        0.01015620
     3.5000000        0.05883261        0.00893792
     3.6000000        0.05451852        0.00895563
     3.7000000        0.05384572        0.00606771
     3.8000000        0.05429950        0.00699894
     3.9000000        0.04848309        0.00793798
     4.0000000        0.04198390        0.00876226
     4.1000000        0.04190600        0.00644405
     4.2000000        0.04184289        0.00645465
     4.3000000        0.03976683        0.00765274
     4.4000000        0.03879905        0.00635872
     4.5000000        0.04257770        0.00837879
     4.6000000        0.03643274        0.00743260
     4.7000000        0.03536098        0.00613916
     4.8000000        0.03030363        0.00463902
     4.9000000        0.02828956        0.00510019
     5.0000000        0.02556671        0.00479154
     5.1000000        0.02539058        0.00786412
     5.2000000        0.02785163        0.00903563
     5.3000000        0.02668865        0.01009359
     5.4000000        0.02509919        0.01003649
     5.5000000        0.01851720        0.00909584
     5.6000000        0.01168575        0.00660469
     5.7000000        0.00629886        0.00622569
     5.8000000        0.00794029        0.00615077
     5.9000000        0.00681929        0.00589402
     6.0000000        0.00980038        0.00747172
     6.1000000        0.00858489        0.00523003
     6.2000000        0.00955013        0.00458272
     6.3000000        0.00674529        0.00395929
     6.4000000        0.00768249        0.00429329
     6.5000000        0.00583980        0.00465748
     6.6000000        0.00696402        0.00426363
     6.7000000        0.00359684        0.00482926
     6.8000000        0.00297441        0.00468416
     6.9000000        0.00525670        0.00581457
     7.0000000        0.00360326        0.00690586
     7.1000000        0.00561332        0.00740259
     7.2000000        0.00270819        0.00544927
     7.3000000        0.00178795        0.00461612
     7.4000000        0.00053296        0.00659481
     7.5000000        0.00024116        0.00986840
     7.6000000       -0.00022540        0.01031525
     7.7000000       -0.00018552        0.00927684
     7.8000000        0.00110881        0.01093328
     7.9000000        0.00259881        0.01059531
     8.0000000       -0.00549147        0.01384889
     8.1000000       -0.00661141        0.01304300
     8.2000000        0.00285580        0.00907019
     8.3000000        0.00162629        0.00768193
     8.4000000        0.00383164        0.00614371
     8.5000000        0.00643799        0.00479428
     8.6000000        0.00495375        0.00325130
     8.7000000        0.00358885        0.00503163
     8.8000000       -0.00066333        0.00509970
     8.9000000        0.00272448        0.00576266
     9.0000000        0.00613346        0.00480826
     9.1000000        0.00526757        0.00443428
     9.2000000        0.00640128        0.00350965
     9.3000000        0.00456660        0.00360345
     9.4000000        0.00657050        0.00347923
     9.5000000        0.00572861        0.00160354
     9.6000000        0.00712106        0.00323473
     9.7000000        0.00979314        0.00420024
     9.8000000        0.00649788        0.00307086
     9.9000000        0.00517877        0.00345859
    10.0000000        0.00348965        0.00438914
    10.1000000        0.00201480        0.00533478
    10.2000000       -0.00135051        0.00409129
    10.3000000        0.00098781        0.00402750
    10.4000000       -0.00192045        0.00233346
    10.5000000       -0.00314595        0.00330008
    10.6000000       -0.00581783        0.00406980
    10.7000000       -0.00509632        0.00316153
    10.8000000       -0.00607115        0.00295250
    10.9000000       -0.00295443        0.00314642
    11.0000000       -0.00318573        0.00253767
    11.1000000       -0.00523400        0.00201914
    11.2000000       -0.00321843        0.00281810
    11.3000000       -0.00378232        0.00224747
    11.4000000       -0.00721592        0.00281574
    11.5000000       -0.00544576        0.00245707
    11.6000000       -0.00611197        0.00111062
    11.7000000       -0.00680508        0.00198267
    11.8000000       -0.00861863        0.00345044
    11.9000000       -0.00961144        0.00362802
    12.0000000       -0.01097262        0.00514872
    12.1000000       -0.00906152        0.00254495
    12.2000000       -0.01230048        0.00323074
    12.3000000       -0.01227367        0.00332217
    12.4000000       -0.01067131        0.00274664
    12.5000000       -0.00864637        0.00267154
    12.6000000       -0.00684046        0.00222946
    12.7000000       -0.00865469        0.00336979
    12.8000000       -0.00829507        0.00556333
    12.9000000       -0.00675457        0.00666449
    13.0000000       -0.00743158        0.00313993
    13.1000000       -0.00909266        0.00291742
    13.2000000       -0.00755745        0.00208407
    13.3000000       -0.00933818        0.00279846
    13.4000000       -0.00790737        0.00447182
    13.5000000       -0.00996263        0.00481360
    13.6000000       -0.00815543        0.00642704
    13.7000000       -0.01077822        0.01121083
    13.8000000       -0.00492447        0.00570986
    13.9000000        0.00004929        0.00186159
    14.0000000        0.00204141        0.00419756
    14.1000000       -0.00114368        0.00288762
    14.2000000        0.00124881        0.00530060
    14.3000000        0.00321850        0.00371453
    14.4000000        0.00346334        0.00227581
    14.5000000       -0.00377453        0.00532511
    14.6000000       -0.00355894        0.00370982
    14.7000000       -0.00704057        0.00831996
    14.8000000       -0.00821284        0.00375555
    14.9000000       -0.00382676        0.00216600
    15.0000000       -0.00361850        0.00349663
    15.1000000       -0.00083170        0.00253379
    15.2000000        0.00294469        0.00505543
    15.3000000        0.00275116        0.01005472
    15.4000000        0.00961680        0.01070358
    15.5000000       -0.00188375        0.00202847
    15.6000000        0.00132088        0.00526621
    15.7000000       -0.01214473        0.00539273
    15.8000000       -0.01802755        0.00827337
    15.9000000       -0.01165065        0.00773707
    16.0000000       -0.01161918        0.00617146
    16.1000000       -0.00775581        0.00790072
    16.2000000       -0.00696561        0.00772146
    16.3000000       -0.00708259        0.00613376
    16.4000000       -0.00002869        0.00422650
    16.5000000       -0.00823779        0.01444484
    16.6000000       -0.01219352        0.02202524
    16.7000000       -0.01999701        0.03505339
    16.8000000       -0.01888778        0.02734645
    16.9000000       -0.03301150        0.03318182
    17.0000000       -0.02048665        0.02515741
    17.1000000       -0.02110048        0.02215826
    17.2000000       -0.01248943        0.01469550
    17.3000000       -0.00627929        0.00782354
    17.4000000       -0.00761698        0.00907997
    17.5000000       -0.00715095        0.00637580
    17.6000000       -0.00724451        0.00620257
    17.7000000       -0.00122772        0.00668869
    17.8000000       -0.00243836        0.00485312
    17.9000000       -0.00205234        0.00496616
    18.0000000       -0.00301954        0.00593756
    18.1000000       -0.00396727        0.01048405
    18.2000000        0.00386326        0.00381658
    18.3000000        0.00862764        0.00310524
    18.4000000        0.00797122        0.00348450
    18.5000000       -0.00227607        0.00726988
    18.6000000        0.00011414        0.00751763
    18.7000000        0.00248914        0.00854392
    18.8000000        0.00549495        0.00934719
    18.9000000       -0.00840431        0.01120993
    19.0000000       -0.00307704        0.00990390
    19.1000000       -0.00097872        0.00897135
    19.2000000        0.00253743        0.00547402
    19.3000000        0.00652167        0.00711373
    19.4000000        0.02134886        0.00568821
    19.5000000        0.02764296        0.00850233
    19.6000000        0.03578478        0.00973671
    19.7000000        0.04492954        0.00596832
    19.8000000        0.05744333        0.00607640
    19.9000000        0.08114642        0.00911641
    20.0000000        0.10851365        0.00665371
