         101           5   20.000000000000000                1
     0.0000000        0.04365857        0.00083055
     0.1000000        0.03715228        0.00152565
     0.2000000        0.03185053        0.00102257
     0.3000000        0.02768960        0.00075339
     0.4000000        0.02304528        0.00057081
     0.5000000        0.02038229        0.00035687
     0.6000000        0.01739506        0.00082860
     0.7000000        0.01552717        0.00066289
     0.8000000        0.01310601        0.00099492
     0.9000000        0.01022971        0.00230045
     1.0000000        0.00978095        0.00213161
     1.1000000        0.00971938        0.00113810
     1.2000000        0.00776608        0.00178217
     1.3000000        0.00828184        0.00254203
     1.4000000        0.00991052        0.00491645
     1.5000000        0.00727375        0.00309339
     1.6000000        0.00761063        0.00318575
     1.7000000        0.01014326        0.00667491
     1.8000000        0.00978875        0.00746957
     1.9000000        0.02023577        0.01864347
     2.0000000        0.00704150        0.00586904
     2.1000000        0.01180575        0.00962712
     2.2000000        0.01016789        0.00713039
     2.3000000        0.00918002        0.00621338
     2.4000000        0.00417194        0.00234295
     2.5000000        0.00076058        0.00468843
     2.6000000        0.00084923        0.00261908
     2.7000000        0.00080017        0.00204777
     2.8000000       -0.00383591        0.00632037
     2.9000000       -0.00512961        0.00901873
     3.0000000       -0.00640201        0.00935082
     3.1000000        0.00036512        0.01032369
     3.2000000       -0.00018613        0.00604689
     3.3000000        0.00415211        0.00944755
     3.4000000       -0.00365543        0.00370884
     3.5000000       -0.00409565        0.00465880
     3.6000000       -0.00660356        0.00648488
     3.7000000       -0.00910750        0.00967336
     3.8000000       -0.00841934        0.00987885
     3.9000000       -0.00823801        0.00882751
     4.0000000       -0.00783237        0.00865362
     4.1000000       -0.00617570        0.00737815
     4.2000000       -0.00310281        0.00399578
     4.3000000       -0.00278279        0.00311798
     4.4000000       -0.00635182        0.00638743
     4.5000000       -0.00366746        0.00611519
     4.6000000       -0.00261178        0.00455353
     4.7000000       -0.00111499        0.00229776
     4.8000000       -0.00035789        0.00309268
     4.9000000       -0.00339055        0.00488326
     5.0000000       -0.00072995        0.00191079
     5.1000000       -0.00154574        0.00225445
     5.2000000       -0.00148313        0.00287956
     5.3000000        0.00002039        0.00198589
     5.4000000        0.00051834        0.00183279
     5.5000000        0.00012683        0.00206523
     5.6000000        0.00134792        0.00204457
     5.7000000        0.00023227        0.00196161
     5.8000000       -0.00070551        0.00217538
     5.9000000       -0.00136222        0.00232234
     6.0000000       -0.00028973        0.00167177
     6.1000000        0.00033841        0.00201915
     6.2000000       -0.00022174        0.00262565
     6.3000000        0.00066996        0.00202610
     6.4000000        0.00099402        0.00228099
     6.5000000        0.00257137        0.00093236
     6.6000000        0.00144710        0.00119495
     6.7000000        0.00092152        0.00091877
     6.8000000       -0.00059603        0.00153642
     6.9000000       -0.00079654        0.00206717
     7.0000000       -0.00357257        0.00286299
     7.1000000       -0.00173658        0.00156548
     7.2000000       -0.00088539        0.00114852
     7.3000000       -0.00082872        0.00096807
     7.4000000       -0.00118773        0.00107815
     7.5000000       -0.00147666        0.00083774
     7.6000000       -0.00157378        0.00122438
     7.7000000       -0.00172262        0.00161563
     7.8000000       -0.00265103        0.00254242
     7.9000000       -0.00305193        0.00300200
     8.0000000       -0.00151788        0.00276556
     8.1000000        0.00028385        0.00119349
     8.2000000       -0.00157478        0.00164485
     8.3000000       -0.00153399        0.00189760
     8.4000000       -0.00138355        0.00181821
     8.5000000       -0.00186076        0.00189956
     8.6000000       -0.00221264        0.00195654
     8.7000000       -0.00142852        0.00146159
     8.8000000       -0.00271915        0.00209581
     8.9000000       -0.00156162        0.00193795
     9.0000000       -0.00090204        0.00086126
     9.1000000       -0.00184486        0.00082234
     9.2000000       -0.00115033        0.00122360
     9.3000000       -0.00281687        0.00102547
     9.4000000       -0.00308076        0.00100214
     9.5000000       -0.00180810        0.00083625
     9.6000000       -0.00118261        0.00071983
     9.7000000       -0.00035572        0.00150140
     9.8000000       -0.00144011        0.00085519
     9.9000000       -0.00146180        0.00116281
    10.0000000       -0.00117667        0.00113976
