     0.0000000        0.30069598        0.00404274
     0.1000000        0.18037602        0.00245973
     0.2000000        0.10846804        0.00144299
     0.3000000        0.06620561        0.00085059
     0.4000000        0.04081059        0.00065722
     0.5000000        0.02507410        0.00055450
     0.6000000        0.01533831        0.00043031
     0.7000000        0.00948181        0.00029159
     0.8000000        0.00592327        0.00020932
     0.9000000        0.00366669        0.00013946
     1.0000000        0.00229408        0.00011243
     1.1000000        0.00143426        0.00009746
     1.2000000        0.00093171        0.00007896
     1.3000000        0.00059203        0.00006526
     1.4000000        0.00040769        0.00005171
     1.5000000        0.00029869        0.00004212
     1.6000000        0.00023157        0.00004209
     1.7000000        0.00017113        0.00003616
     1.8000000        0.00013013        0.00002982
     1.9000000        0.00009733        0.00002421
     2.0000000        0.00008186        0.00002325
     2.1000000        0.00006003        0.00002023
     2.2000000        0.00004234        0.00001522
     2.3000000        0.00002568        0.00001165
     2.4000000        0.00001349        0.00000762
     2.5000000        0.00000713        0.00000504
     2.6000000        0.00000321        0.00000375
     2.7000000       -0.00000224        0.00000503
     2.8000000       -0.00000294        0.00000689
     2.9000000       -0.00000355        0.00000794
     3.0000000       -0.00000238        0.00000758
     3.1000000       -0.00000066        0.00000543
     3.2000000       -0.00000124        0.00000376
     3.3000000       -0.00000036        0.00000265
     3.4000000       -0.00000054        0.00000237
     3.5000000        0.00000139        0.00000328
     3.6000000        0.00000130        0.00000404
     3.7000000        0.00000031        0.00000362
     3.8000000       -0.00000011        0.00000318
     3.9000000        0.00000002        0.00000284
     4.0000000        0.00000182        0.00000312
     4.1000000        0.00000225        0.00000305
     4.2000000        0.00000289        0.00000238
     4.3000000        0.00000286        0.00000171
     4.4000000        0.00000193        0.00000167
     4.5000000        0.00000131        0.00000147
     4.6000000        0.00000020        0.00000129
     4.7000000        0.00000025        0.00000147
     4.8000000        0.00000124        0.00000135
     4.9000000        0.00000402        0.00000315
     5.0000000        0.00000688        0.00000588
     5.1000000        0.00000555        0.00000544
     5.2000000        0.00000359        0.00000380
     5.3000000        0.00000540        0.00000420
     5.4000000        0.00000582        0.00000376
     5.5000000        0.00000610        0.00000420
     5.6000000        0.00000625        0.00000418
     5.7000000        0.00000492        0.00000430
     5.8000000        0.00000425        0.00000565
     5.9000000        0.00000487        0.00000634
     6.0000000        0.00000516        0.00000655
     6.1000000        0.00000336        0.00000596
     6.2000000        0.00000128        0.00000538
     6.3000000        0.00000083        0.00000584
     6.4000000       -0.00000179        0.00000470
     6.5000000       -0.00000252        0.00000458
     6.6000000       -0.00000093        0.00000382
     6.7000000       -0.00000208        0.00000367
     6.8000000        0.00000038        0.00000331
     6.9000000       -0.00000179        0.00000469
     7.0000000       -0.00000590        0.00000636
     7.1000000       -0.00000532        0.00000801
     7.2000000       -0.00000836        0.00000790
     7.3000000       -0.00000862        0.00000859
     7.4000000       -0.00001181        0.00000908
     7.5000000       -0.00000786        0.00000882
     7.6000000       -0.00000317        0.00000787
     7.7000000        0.00000013        0.00000926
     7.8000000        0.00000276        0.00001037
     7.9000000        0.00000440        0.00001132
     8.0000000        0.00001038        0.00001518
     8.1000000        0.00002250        0.00001669
     8.2000000        0.00006406        0.00001223
     8.3000000        0.00011812        0.00001735
     8.4000000        0.00017680        0.00001459
     8.5000000        0.00026796        0.00001353
     8.6000000        0.00040718        0.00002655
     8.7000000        0.00060404        0.00003547
     8.8000000        0.00088861        0.00004675
     8.9000000        0.00136685        0.00007299
     9.0000000        0.00214753        0.00013000
     9.1000000        0.00345568        0.00018085
     9.2000000        0.00564897        0.00023393
     9.3000000        0.00919285        0.00037382
     9.4000000        0.01489048        0.00054318
     9.5000000        0.02427926        0.00079885
     9.6000000        0.03926074        0.00116165
     9.7000000        0.06482374        0.00173759
     9.8000000        0.10766971        0.00240111
     9.9000000        0.18018756        0.00325892
    10.0000000        0.30069598        0.00404274
