     0.0000000        0.10812814        0.00533938
     0.1000000        0.09159557        0.00588397
     0.2000000        0.07021864        0.00564921
     0.3000000        0.05916744        0.00696151
     0.4000000        0.04958724        0.00602754
     0.5000000        0.04289968        0.00585825
     0.6000000        0.03560216        0.00537005
     0.7000000        0.02631357        0.00663878
     0.8000000        0.02251561        0.00595544
     0.9000000        0.02116375        0.00566958
     1.0000000        0.02127717        0.00506359
     1.1000000        0.02024590        0.00526945
     1.2000000        0.01829081        0.00494893
     1.3000000        0.01635233        0.00412510
     1.4000000        0.01275766        0.00325020
     1.5000000        0.01402665        0.00377930
     1.6000000        0.01019828        0.00312004
     1.7000000        0.00994541        0.00355288
     1.8000000        0.01329007        0.00417056
     1.9000000        0.01207478        0.00389202
     2.0000000        0.01030211        0.00405239
     2.1000000        0.00876989        0.00370724
     2.2000000        0.01038313        0.00496733
     2.3000000        0.01068717        0.00521930
     2.4000000        0.01123546        0.00537628
     2.5000000        0.00777585        0.00366890
     2.6000000        0.00434655        0.00349443
     2.7000000        0.00434743        0.00415194
     2.8000000        0.00362308        0.00353675
     2.9000000        0.00387934        0.00444745
     3.0000000        0.00386511        0.00374210
     3.1000000        0.00329835        0.00332848
     3.2000000        0.00178727        0.00304485
     3.3000000        0.00324992        0.00384652
     3.4000000        0.00121019        0.00368671
     3.5000000        0.00129944        0.00323398
     3.6000000       -0.00036731        0.00333891
     3.7000000       -0.00037057        0.00264925
     3.8000000        0.00222467        0.00272214
     3.9000000        0.00423144        0.00352839
     4.0000000        0.00246214        0.00325325
     4.1000000        0.00594991        0.00297288
     4.2000000        0.00299869        0.00237346
     4.3000000        0.00187509        0.00211576
     4.4000000        0.00025576        0.00209636
     4.5000000       -0.00007865        0.00225095
     4.6000000       -0.00126934        0.00241188
     4.7000000       -0.00248513        0.00254281
     4.8000000       -0.00008887        0.00306479
     4.9000000       -0.00109244        0.00369956
     5.0000000       -0.00074231        0.00368809
     5.1000000        0.00062031        0.00364583
     5.2000000        0.00127233        0.00325941
     5.3000000        0.00238667        0.00245923
     5.4000000        0.00366039        0.00246007
     5.5000000        0.00332178        0.00279056
     5.6000000        0.00505755        0.00250537
     5.7000000        0.00444267        0.00222238
     5.8000000        0.00496813        0.00248558
     5.9000000        0.00741953        0.00272150
     6.0000000        0.00616046        0.00293147
     6.1000000        0.00857330        0.00277308
     6.2000000        0.01006001        0.00432812
     6.3000000        0.01047163        0.00363568
     6.4000000        0.01022459        0.00459674
     6.5000000        0.01041100        0.00420946
     6.6000000        0.01003508        0.00361757
     6.7000000        0.00823042        0.00380523
     6.8000000        0.00642774        0.00377652
     6.9000000        0.00426103        0.00277660
     7.0000000        0.00319384        0.00273806
     7.1000000        0.00203432        0.00326562
     7.2000000       -0.00192258        0.00339045
     7.3000000        0.00113612        0.00338166
     7.4000000        0.00068450        0.00329010
     7.5000000       -0.00005260        0.00290784
     7.6000000       -0.00155645        0.00325009
     7.7000000       -0.00124368        0.00232386
     7.8000000        0.00123821        0.00324170
     7.9000000        0.00249085        0.00360418
     8.0000000        0.00374666        0.00471375
     8.1000000        0.00336879        0.00280890
     8.2000000        0.00107495        0.00338589
     8.3000000        0.00625555        0.00694668
     8.4000000        0.00639359        0.00597985
     8.5000000        0.00570897        0.00366569
     8.6000000        0.00165220        0.00243670
     8.7000000        0.00509063        0.00968044
     8.8000000       -0.00363778        0.00420691
     8.9000000       -0.00182999        0.00395061
     9.0000000       -0.00843286        0.00720466
     9.1000000       -0.00699094        0.00698868
     9.2000000       -0.00524987        0.00399883
     9.3000000       -0.00636218        0.00477739
     9.4000000       -0.00616496        0.00445416
     9.5000000       -0.00317713        0.00383988
     9.6000000       -0.00608949        0.00735794
     9.7000000       -0.00884704        0.01000578
     9.8000000       -0.01925375        0.02163831
     9.9000000       -0.01128529        0.01542289
    10.0000000       -0.00788176        0.01228226
    10.1000000       -0.01083342        0.01541897
    10.2000000       -0.00929105        0.01294837
    10.3000000       -0.01125710        0.01053359
    10.4000000       -0.00733090        0.00889486
    10.5000000       -0.00743759        0.00836348
    10.6000000       -0.00457381        0.00615948
    10.7000000       -0.00248919        0.00663051
    10.8000000       -0.00020802        0.00535986
    10.9000000        0.00080674        0.00459303
    11.0000000       -0.00061985        0.00322800
    11.1000000        0.00088391        0.00309784
    11.2000000        0.00029768        0.00323797
    11.3000000       -0.00023144        0.00371898
    11.4000000        0.00040688        0.00268131
    11.5000000        0.00112768        0.00408228
    11.6000000        0.00364216        0.00642695
    11.7000000        0.00447715        0.00583380
    11.8000000        0.00399378        0.00631452
    11.9000000        0.00558022        0.00663085
    12.0000000        0.00099586        0.00404970
    12.1000000        0.00655731        0.00540546
    12.2000000        0.01043248        0.00852386
    12.3000000        0.00938260        0.00579331
    12.4000000        0.01183394        0.00603657
    12.5000000        0.00970879        0.00375919
    12.6000000        0.00798536        0.00300176
    12.7000000        0.00548408        0.00284564
    12.8000000        0.00596229        0.00284736
    12.9000000        0.00679754        0.00224675
    13.0000000        0.00653492        0.00236720
    13.1000000        0.00813067        0.00236008
    13.2000000        0.01024108        0.00345579
    13.3000000        0.00740505        0.00283647
    13.4000000        0.00751512        0.00245174
    13.5000000        0.00643955        0.00223809
    13.6000000        0.00853780        0.00238934
    13.7000000        0.00895320        0.00213868
    13.8000000        0.01008311        0.00207983
    13.9000000        0.01047866        0.00302139
    14.0000000        0.01047210        0.00272691
    14.1000000        0.01581246        0.00282201
    14.2000000        0.01946341        0.00348097
    14.3000000        0.01617771        0.00344083
    14.4000000        0.01923791        0.00354477
    14.5000000        0.02227414        0.00375951
    14.6000000        0.02401037        0.00462408
    14.7000000        0.02276578        0.00406130
    14.8000000        0.01835585        0.00351748
    14.9000000        0.02163412        0.00428388
    15.0000000        0.02300258        0.00515929
    15.1000000        0.02329593        0.00617400
    15.2000000        0.02503313        0.00528866
    15.3000000        0.02886375        0.00625015
    15.4000000        0.03252620        0.00497030
    15.5000000        0.03648214        0.00596931
    15.6000000        0.03325389        0.00513319
    15.7000000        0.03754538        0.00548270
    15.8000000        0.03868881        0.00485597
    15.9000000        0.04321931        0.00469100
    16.0000000        0.04550214        0.00433511
    16.1000000        0.05024168        0.00466778
    16.2000000        0.05596705        0.00435453
    16.3000000        0.05907369        0.00431905
    16.4000000        0.06270168        0.00582467
    16.5000000        0.06381295        0.00424092
    16.6000000        0.06624526        0.00382063
    16.7000000        0.06928439        0.00411982
    16.8000000        0.07571042        0.00354922
    16.9000000        0.08135596        0.00344253
    17.0000000        0.08775182        0.00276698
    17.1000000        0.09537220        0.00453691
    17.2000000        0.09978567        0.00568313
    17.3000000        0.10662337        0.00471815
    17.4000000        0.11352703        0.00509054
    17.5000000        0.12550393        0.00457059
    17.6000000        0.13274953        0.00447617
    17.7000000        0.14414957        0.00500952
    17.8000000        0.14777312        0.00598225
    17.9000000        0.16043537        0.00608877
    18.0000000        0.17313381        0.00548686
    18.1000000        0.18849743        0.00480942
    18.2000000        0.20537429        0.00381682
    18.3000000        0.21856737        0.00399125
    18.4000000        0.23581076        0.00423624
    18.5000000        0.25612650        0.00480159
    18.6000000        0.27693028        0.00514902
    18.7000000        0.29583330        0.00571278
    18.8000000        0.31961397        0.00564706
    18.9000000        0.34537049        0.00736236
    19.0000000        0.37321376        0.00761949
    19.1000000        0.40158100        0.00736890
    19.2000000        0.43755928        0.00658564
    19.3000000        0.47294977        0.00698503
    19.4000000        0.51361429        0.00591840
    19.5000000        0.55961916        0.00733814
    19.6000000        0.60681636        0.00597383
    19.7000000        0.66119045        0.00478019
    19.8000000        0.72503583        0.00620211
    19.9000000        0.79950362        0.00656662
    20.0000000        0.89187186        0.00533938
